trace,method,tick,phase,req_cpu,req_mem,req_duration,req_type,action,s1_cpu,s1_mem,s1_conn,s1_cpu_brk_low,s1_cpu_brk_mid,s1_cpu_brk_high,s1_mem_brk_low,s1_mem_brk_mid,s1_mem_brk_high,s1_cnt_brk_low,s1_cnt_brk_mid,s1_cnt_brk_high,s1_cnt_dlt_low,s1_cnt_dlt_mid,s1_cnt_dlt_high,s1_cpu_dlt_low,s1_cpu_dlt_mid,s1_cpu_dlt_high,s1_mem_dlt_low,s1_mem_dlt_mid,s1_mem_dlt_high,s2_cpu,s2_mem,s2_conn,s2_cpu_brk_low,s2_cpu_brk_mid,s2_cpu_brk_high,s2_mem_brk_low,s2_mem_brk_mid,s2_mem_brk_high,s2_cnt_brk_low,s2_cnt_brk_mid,s2_cnt_brk_high,s2_cnt_dlt_low,s2_cnt_dlt_mid,s2_cnt_dlt_high,s2_cpu_dlt_low,s2_cpu_dlt_mid,s2_cpu_dlt_high,s2_mem_dlt_low,s2_mem_dlt_mid,s2_mem_dlt_high,s3_cpu,s3_mem,s3_conn,s3_cpu_brk_low,s3_cpu_brk_mid,s3_cpu_brk_high,s3_mem_brk_low,s3_mem_brk_mid,s3_mem_brk_high,s3_cnt_brk_low,s3_cnt_brk_mid,s3_cnt_brk_high,s3_cnt_dlt_low,s3_cnt_dlt_mid,s3_cnt_dlt_high,s3_cpu_dlt_low,s3_cpu_dlt_mid,s3_cpu_dlt_high,s3_mem_dlt_low,s3_mem_dlt_mid,s3_mem_dlt_high
92,least_connections,1,warmup,183,121,4,light,0,12.2,6.05,1,183.0,0.0,0.0,121.0,0.0,0.0,1,0,0,0.04308390022675737,0.0,0.0,0.11038095238095239,0.0,0.0,0.05473809523809524,0.0,0.0,0.0,0.0,0,0.0,0.0,0.0,0.0,0.0,0.0,0,0,0,0.0,0.0,0.0,0.0,0.0,0.0,0.0,0.0,0.0,0.0,0.0,0,0.0,0.0,0.0,0.0,0.0,0.0,0,0,0,0.0,0.0,0.0,0.0,0.0,0.0,0.0,0.0,0.0
92,least_connections,2,warmup,198,101,5,light,1,12.2,6.05,1,183.0,0.0,0.0,121.0,0.0,0.0,1,0,0,0.03898067163373285,0.0,0.0,0.09986848072562358,0.0,0.0,0.0495249433106576,0.0,0.0,5.66,3.16,1,198.0,0.0,0.0,101.0,0.0,0.0,1,0,0,0.04308390022675737,0.0,0.0,0.05118367346938776,0.0,0.0,0.02855654761904762,0.0,0.0,0.0,0.0,0,0.0,0.0,0.0,0.0,0.0,0.0,0,0,0,0.0,0.0,0.0,0.0,0.0,0.0,0.0,0.0,0.0
92,least_connections,3,warmup,485,410,16,heavy,2,12.2,6.05,1,183.0,0.0,0.0,121.0,0.0,0.0,1,0,0,0.03526822671623449,0.0,0.0,0.09035719684699277,0.0,0.0,0.04480828204297592,0.0,0.0,5.66,3.16,1,198.0,0.0,0.0,101.0,0.0,0.0,1,0,0,0.03898067163373285,0.0,0.0,0.046309037900874636,0.0,0.0,0.025836876417233562,0.0,0.0,9.7,13.67,1,0.0,0.0,485.0,0.0,0.0,410.0,0,0,1,0.0,0.0,0.04308390022675737,0.0,0.0,0.08776190476190476,0.0,0.0,0.12365079365079365
92,least_connections,4,warmup,360,308,9,medium,0,36.2,21.45,2,183.0,360.0,0.0,121.0,308.0,0.0,1,1,0,0.031909347981355016,0.04308390022675737,0.0,0.08175174952823155,0.21714285714285714,0.0,0.040540826610311546,0.13933333333333334,0.0,5.66,3.16,1,198.0,0.0,0.0,101.0,0.0,0.0,1,0,0,0.03526822671623449,0.0,0.0,0.04189865333888658,0.0,0.0,0.023376221520354172,0.0,0.0,9.7,13.67,1,0.0,0.0,485.0,0.0,0.0,410.0,0,0,1,0.0,0.0,0.03898067163373285,0.0,0.0,0.07940362811791384,0.0,0.0,0.1118745275888133
92,least_connections,5,warmup,462,446,16,heavy,1,24.0,15.4,1,0.0,360.0,0.0,0.0,308.0,0.0,0,1,0,-0.014213537767436163,0.03898067163373285,0.0,-0.03641508376017145,0.1964625850340136,0.0,-0.018058299733527648,0.12606349206349207,0.0,18.86,17.09,2,198.0,0.0,462.0,101.0,0.0,446.0,1,0,1,0.031909347981355016,0.0,0.04308390022675737,0.03790830540184976,0.0,0.11942857142857144,0.02114991470889187,0.0,0.12610119047619048,9.7,13.67,1,0.0,485.0,0.0,0.0,410.0,0.0,0,1,0,0.0,0.04308390022675737,-0.007815673510522878,0.0,0.08776190476190476,-0.015920526940935105,0.0,0.12365079365079365,-0.02243098297520066
92,least_connections,6,warmup,184,124,3,light,0,36.27,21.6,2,544.0,0.0,0.0,432.0,0.0,0.0,2,0,0,0.07330793294964393,-0.007815673510522878,0.0,0.29518000358206714,-0.0393909944930353,0.0,0.17909010976490355,-0.02527588813303099,0.0,18.86,17.09,2,198.0,0.0,462.0,101.0,0.0,446.0,1,0,1,0.028870362459321203,0.0,0.03898067163373285,0.03429799060167359,0.0,0.10805442176870748,0.019135637117568837,0.0,0.11409155328798186,9.7,13.67,1,0.0,485.0,0.0,0.0,410.0,0.0,0,1,0,0.0,0.03898067163373285,-0.007071323652377842,0.0,0.07940362811791384,-0.014404286279893666,0.0,0.1118745275888133,-0.020294698882324404
92,least_connections,7,warmup,185,104,2,light,2,36.27,21.6,2,544.0,0.0,0.0,432.0,0.0,0.0,2,0,0,0.06632622504967783,-0.007071323652377842,0.0,0.267067622288537,-0.035639471207984316,0.0,0.16203390883491275,-0.022868660691789944,0.0,13.2,13.94,1,0.0,462.0,0.0,0.0,446.0,0.0,0,1,0,-0.016963096096895326,0.04308390022675737,-0.007815673510522878,-0.020152158163111646,0.11942857142857144,-0.021665046971169423,-0.011243352131723434,0.12610119047619048,-0.022875499406111652,13.4,17.13,2,185.0,485.0,0.0,104.0,410.0,0.0,1,1,0,0.04308390022675737,0.03526822671623449,-0.006397864256913285,0.03347619047619047,0.07184137782096967,-0.013032449491332365,0.03136507936507937,0.10121981067559299,-0.01836187041734113
92,least_connections,8,warmup,487,441,17,heavy,1,36.27,21.6,2,544.0,0.0,0.0,432.0,0.0,0.0,2,0,0,0.06000944171161328,-0.006397864256913285,0.0,0.24163261064200964,-0.03224523585484295,0.0,0.1466021079934925,-0.02069069300685757,0.0,27.11,27.72,2,0.0,462.0,487.0,0.0,446.0,441.0,0,1,1,-0.015347563135286247,0.03898067163373285,0.03601257657437953,-0.018232905004720062,0.10805442176870748,0.10628944729819366,-0.010172556690606916,0.11409155328798186,0.1039906195849466,13.4,17.13,2,185.0,485.0,0.0,104.0,410.0,0.0,1,1,0,0.03898067163373285,0.031909347981355016,-0.005788543851492973,0.03028798185941043,0.06499934183802017,-0.011791263825491187,0.02837792894935752,0.0915798287064889,-0.016613120853784833
92,least_connections,9,warmup,453,447,13,heavy,0,54.2,37.75,2,360.0,453.0,0.0,308.0,447.0,0.0,1,1,0,0.011210356559940363,0.03729535637526439,0.0,0.1076358540729293,0.24406383422657066,0.0,0.07654476437506463,0.18349413489855743,0.0,27.11,27.72,2,0.0,462.0,487.0,0.0,446.0,441.0,0,1,1,-0.013885890455735177,0.03526822671623449,0.032582807376819574,-0.016496437861413388,0.09776352445740201,0.09616664279360379,-0.009203741767691972,0.10322569107007883,0.09408675105304692,9.7,13.67,1,0.0,485.0,0.0,0.0,410.0,0.0,0,1,0,-0.007815673510522878,0.028870362459321203,-0.005237253960874594,-0.006072778317676276,0.05880892832963729,-0.01066828631830155,-0.005689810315660656,0.08285794025825186,-0.015030918867710087
92,least_connections,10,warmup,353,340,11,medium,2,54.2,37.75,2,360.0,453.0,0.0,308.0,447.0,0.0,1,1,0,0.01014270355423176,0.03374341767285826,0.0,0.09738482035169793,0.22081965953832583,0.0,0.06925478681553467,0.16601850300345672,0.0,27.11,27.72,2,0.0,462.0,487.0,0.0,446.0,441.0,0,1,1,-0.012563424698046112,0.031909347981355016,0.029479682864741518,-0.01492534854127878,0.08845271260431611,0.08700791490849867,-0.00832719493267369,0.09339467287292846,0.08512610809561388,16.76,25.0,2,0.0,838.0,0.0,0.0,750.0,0.0,0,2,0,-0.007071323652377842,0.0692047043566194,-0.004738467869362728,-0.005494418477897583,0.11708426848871945,-0.009652259049891879,-0.005147923618931069,0.1775063903923866,-0.01359940278507103
92,least_connections,11,warmup,162,111,6,light,0,65.0,43.3,3,522.0,453.0,0.0,419.0,447.0,0.0,2,1,0,0.052260632013919436,0.03052975884687176,0.0,0.18582436127058383,0.19978921577277098,0.0,0.11287337854738849,0.1502072170031275,0.0,27.11,27.72,2,0.0,949.0,0.0,0.0,887.0,0.0,0,2,0,-0.011366908060136958,0.07195426268607857,-0.016411806206276948,-0.013503886775442706,0.2059198011998234,-0.047169709640610055,-0.007534128748609529,0.20918744212312573,-0.04766864029444458,16.76,25.0,2,0.0,838.0,0.0,0.0,750.0,0.0,0,2,0,-0.006397864256913285,0.06261378013217947,-0.004287185215137707,-0.004971140527621622,0.10593338577550808,-0.00873299628323551,-0.004657645179032872,0.16060101987882597,-0.012304221567445218
92,least_connections,12,warmup,360,309,9,medium,1,65.0,43.3,3,522.0,453.0,0.0,419.0,447.0,0.0,2,1,0,0.04728342896497473,0.027622162766217307,0.0,0.16812680305433775,0.18076167141345945,0.0,0.10212353297144672,0.13590176776473442,0.0,37.4,37.38,3,0.0,1309.0,0.0,0.0,1196.0,0.0,0,3,0,-0.010284345387742963,0.10818537599035227,-0.014848777043774382,-0.012217802320638639,0.27936961605154087,-0.04267735634150434,-0.006816592677313383,0.2766309000161614,-0.04312876979021176,16.76,25.0,2,485.0,353.0,0.0,410.0,340.0,0.0,1,1,0,0.03729535637526439,0.013566662749976435,-0.003878881861315068,0.08326420618929473,0.008082587130221586,-0.007901282351498794,0.11943673372690676,0.02165489100147748,-0.011132390941974246
92,least_connections,13,warmup,402,448,17,heavy,2,41.0,27.9,2,162.0,453.0,0.0,111.0,447.0,0.0,1,1,0,-0.0003036549727326171,0.024991480598006134,0.0,-0.06502813056988486,0.16354627413598713,0.0,-0.04693585112107201,0.12295874226333114,0.0,37.4,37.38,3,0.0,1309.0,0.0,0.0,1196.0,0.0,0,3,0,-0.009304883922243634,0.09788200684841396,-0.013434607801510155,-0.011054202099625435,0.2527629859513941,-0.03861284621374202,-0.006167393374712109,0.25028510001462223,-0.03902126790542969,24.8,39.93,3,485.0,353.0,402.0,410.0,340.0,448.0,1,1,1,0.03374341767285826,0.012274599630931061,0.039574435685567545,0.07533428179031428,0.007312816927343341,0.06559407787245347,0.1080618067052966,0.01959252042990821,0.12503894787789632
92,least_connections,14,warmup,432,410,17,heavy,0,69.8,48.4,3,162.0,453.0,432.0,111.0,447.0,410.0,1,1,1,-0.00027473545151998624,0.022611339588672216,0.04308390022675737,-0.05883497527751487,0.14797043850398836,0.26057142857142856,-0.042465770061922294,0.11124838585729961,0.18547619047619046,37.4,37.38,3,822.0,487.0,0.0,755.0,441.0,0.0,2,1,0,0.07774909595243716,0.00239211050457408,-0.012155121344223474,0.20248837497108718,0.016200524704322594,-0.03493543228862374,0.20788723932764142,0.012981161917991521,-0.03530495667634115,24.8,39.93,3,838.0,0.0,402.0,750.0,0.0,448.0,2,0,1,0.07361365907362913,-0.03197831008448641,0.035805441810751584,0.1320357787626653,-0.05725983230383221,0.05934702283698171,0.20030988860637947,-0.08481311643643225,0.11313047665143001
92,least_connections,15,warmup,430,445,17,heavy,0,98.47,70.65,4,615.0,0.0,862.0,558.0,0.0,855.0,2,0,2,0.042835330056334525,-0.02262602155129203,0.08206457186049022,0.22000645093939128,-0.13936007944877243,0.4951201814058957,0.16379287470587986,-0.10156098422434798,0.36912131519274377,37.4,37.38,3,822.0,487.0,0.0,755.0,441.0,0.0,2,1,0,0.07034442014744315,0.002164290456519405,-0.010997490740011715,0.18320376783098363,0.014657617589625208,-0.031608248261135764,0.1880884546297708,0.011744860782944705,-0.03194257985002295,24.8,39.93,3,838.0,0.0,402.0,750.0,0.0,448.0,2,0,1,0.06660283439995017,-0.02893275674310675,0.03239539973353715,0.11946094269003052,-0.05180651494156248,0.053694925423935835,0.18123275635815284,-0.07673567677581965,0.10235614554177001
92,least_connections,16,warmup,154,108,4,light,1,98.47,70.65,4,615.0,0.0,862.0,558.0,0.0,855.0,2,0,2,0.038755774812874094,-0.020471162355930883,0.07424889834996734,0.1990534556118302,-0.12608769092984173,0.447965878414858,0.1481935533053199,-0.09188850953631483,0.33396690422200626,41.8,40.75,4,976.0,487.0,0.0,863.0,441.0,0.0,3,1,0,0.10672885178872973,0.0019581675558985046,-0.009950110669534409,0.20556531375184234,0.013261654009660895,-0.028597938902932357,0.20071098276026886,0.010626302613140431,-0.028900429388116,24.8,39.93,3,838.0,402.0,0.0,750.0,448.0,0.0,2,1,0,0.06025970731424063,0.016906644125851262,-0.013773776658318993,0.10808371005288475,0.025870296005252993,-0.02416173414024853,0.16397249384785256,0.06568359402822668,-0.04250316990665254
92,least_connections,17,warmup,460,405,13,heavy,2,87.67,65.1,3,453.0,432.0,430.0,447.0,410.0,445.0,1,1,1,-0.008019151586537945,0.02456237238091514,0.02409367447083214,0.08238169793451303,0.14649208915871462,0.14473103285153824,0.08386559584767034,0.1023389675623818,0.11668434191514852,41.8,40.75,4,976.0,487.0,0.0,863.0,441.0,0.0,3,1,0,0.09656419923742214,0.0017716754077176933,-0.009002481081959703,0.18598766482309548,0.011998639342074124,-0.025874325674081655,0.18159565106881467,0.009614273792841327,-0.02614800754162876,34.0,53.43,4,838.0,862.0,0.0,750.0,853.0,0.0,2,2,0,0.05452068757002724,0.05838038776919423,-0.012461988405145756,0.09779002338118145,0.10664455352856222,-0.021860616603082004,0.1483560658623428,0.18157087078744316,-0.03845524896316182
92,least_connections,18,warmup,400,441,17,heavy,0,100.0,87.15,4,453.0,862.0,400.0,447.0,855.0,441.0,1,2,1,-0.007255422864010527,0.06530699904758536,0.021799038806943366,0.07453582194074987,0.3919055409848688,0.11285188686567743,0.07587839624313028,0.2939019230326312,0.10376202363751533,41.8,40.75,4,1463.0,0.0,0.0,1304.0,0.0,0.0,4,0,0,0.1304515090606155,-0.04148095581025088,-0.008145101931296873,0.2941657103501476,-0.11503524467689893,-0.023410104181311973,0.28898832715749895,-0.11598887133028642,-0.02365772110909269,34.0,53.43,4,838.0,862.0,0.0,750.0,853.0,0.0,2,2,0,0.04932824113478655,0.05282035083879478,-0.011275132366560445,0.08847668782106893,0.09648792938298487,-0.019778653117074194,0.13422691673259587,0.16427840690292478,-0.03479284430000355
92,least_connections,19,warmup,406,439,17,heavy,0,100.0,100.0,5,453.0,862.0,806.0,447.0,855.0,880.0,1,2,2,-0.006564430210295236,0.05908728485257722,0.06280684009970613,0.06743717223210702,0.3545812037482146,0.3469929770054542,0.0686518823152131,0.2659112636961901,0.29247516424346626,41.8,40.75,4,1463.0,0.0,0.0,1304.0,0.0,0.0,4,0,0,0.11802755581674736,-0.03753038859022699,-0.007369377937840028,0.2661499284120383,-0.10407950708862285,-0.021180570449758452,0.26146562933297524,-0.10494231215597342,-0.021404604812988625,24.3,39.77,3,353.0,862.0,0.0,340.0,853.0,0.0,1,2,0,0.0015464131809066611,0.047789841235100036,-0.010201310236411831,-0.007711568161890017,0.08729860277508156,-0.017894971867829033,-0.002207392797492616,0.14863284434074148,-0.031479240080955595
92,least_connections,20,warmup,394,327,14,medium,2,100.0,100.0,5,453.0,862.0,806.0,447.0,855.0,880.0,1,2,2,-0.005939246380743307,0.05345992439042701,0.056825236280686496,0.06101458440047777,0.3208115652960037,0.31394602681445855,0.062113607809002325,0.24058638143941008,0.2646203866964695,37.4,37.38,3,1309.0,0.0,0.0,1196.0,0.0,0.0,3,0,0,0.063702935988395,-0.03395606586734823,-0.006667532419950501,0.20099279237279655,-0.09416717308018258,-0.019163373264067172,0.2060284265393586,-0.0949478062363569,-0.019366071021275424,32.18,50.67,4,353.0,1256.0,0.0,340.0,1180.0,0.0,1,3,0,0.0013991357351060274,0.0863223280108955,-0.009229756880563085,-0.006977133098852867,0.15027968822507376,-0.016190688832797697,-0.001997164912017138,0.23309638297495655,-0.02848121721610268
92,least_connections,21,warmup,488,436,16,heavy,1,100.0,100.0,5,453.0,1262.0,406.0,447.0,1296.0,439.0,1,3,1,-0.005373603868291568,0.09145240324666752,0.00832940878910185,0.05520367160043227,0.5315279241567018,0.04277656394324025,0.05619802611290686,0.4171733927308948,0.039918445106329525,27.86,27.41,2,487.0,0.0,488.0,441.0,0.0,436.0,1,0,1,-0.02853181074972877,-0.030722154832362684,0.037051370894421204,-0.0306391742477419,-0.08519887088206995,0.1088113697678848,-0.027060590273913665,-0.08590515802337054,0.10575212621884605,25.12,39.33,3,0.0,1256.0,0.0,0.0,1180.0,0.0,0,3,0,-0.04181801551404239,0.07810115391461973,-0.008350732415747552,-0.07018883470848593,0.13596733696554292,-0.014648718467769346,-0.1043466412696028,0.2108967274535321,-0.025768720338378615
92,least_connections,22,warmup,193,105,6,light,1,100.0,86.75,4,0.0,1668.0,0.0,0.0,1735.0,0.0,0,4,0,-0.04794573229806879,0.12582655078326607,-0.03554776846518903,-0.22329191617103747,0.6244617726497144,-0.2061862834164334,-0.15136845256451284,0.5760378315184287,-0.16247854966570185,33.37,30.69,3,680.0,0.0,488.0,546.0,0.0,436.0,2,0,1,0.017269404786526582,-0.02779623532451862,0.033522668904476326,0.02216999880986617,-0.0770846927028252,0.0984483821709434,0.005204108799792412,-0.07772371440209715,0.09568049515038453,25.12,39.33,3,0.0,1256.0,0.0,0.0,1180.0,0.0,0,3,0,-0.03783534736984788,0.07066294877989404,-0.007555424566628738,-0.06350418378386823,0.12301806677834837,-0.013253602423219884,-0.09440886591059301,0.19081132483891,-0.02331455649662827
92,least_connections,23,warmup,378,326,12,medium,1,100.0,86.75,4,0.0,1668.0,0.0,0.0,1735.0,0.0,0,4,0,-0.043379472079205096,0.11384306975628836,-0.03216226670659959,-0.20202601939284343,0.564989222873551,-0.18654949451963024,-0.13695240946313067,0.5211770856595307,-0.14700440207849216,44.17,40.88,4,680.0,866.0,0.0,546.0,762.0,0.0,2,2,0,0.01562469956876214,0.06101882563609313,-0.012753866456040694,0.020058570351783683,0.15412065218043708,-0.03707731409023488,0.004708479390288373,0.14512497268381686,-0.036705742482985436,25.12,39.33,3,862.0,394.0,0.0,853.0,327.0,0.0,2,1,0,0.05193581949984284,-0.022234656319324878,-0.006835860322187906,0.09852478610030971,-0.044678891962446704,-0.011991354573389418,0.17183642290628887,-0.08461515054257347,-0.021094122544568435
92,least_connections,24,warmup,351,320,8,medium,2,100.0,86.75,4,432.0,1236.0,0.0,410.0,1325.0,0.0,1,3,0,0.0038358064408098996,0.05991697240988447,-0.02909919368692344,0.07778598245409404,0.3519426302189271,-0.16878287599395117,0.06156686762859606,0.28606498226338484,-0.13300398283292147,44.17,40.88,4,680.0,866.0,0.0,546.0,762.0,0.0,2,2,0,0.01413663294316575,0.05520750890884617,-0.011539212507846341,0.018148230318280473,0.13944249482991927,-0.03354614131973632,0.004260052781689477,0.13130354671392955,-0.03320995748460587,32.14,50.0,4,862.0,745.0,0.0,853.0,647.0,0.0,2,2,0,0.04698955097604829,0.022966830223558665,-0.006184826005789058,0.08914147313837545,0.02309052631969108,-0.010849320804495188,0.15547104929616612,0.019951371731322443,-0.019085158492704774
92,least_connections,25,warmup,181,124,3,light,0,100.0,92.95,5,1043.0,806.0,0.0,979.0,880.0,0.0,3,2,0,0.08963829199519989,0.011126693858376197,-0.026327841907216445,0.4389174761886248,0.05905920511871188,-0.15270831637547963,0.31310811833063457,0.05751117442877679,-0.12033693684883372,30.26,27.09,3,193.0,866.0,0.0,105.0,762.0,0.0,1,2,0,-0.030293613278178824,0.04994965091752748,-0.010440239888051452,-0.10947132903175984,0.1261622572270698,-0.030351270717856673,-0.12083316653085238,0.11879844702688865,-0.03004710439083388,32.14,50.0,4,1213.0,394.0,0.0,1173.0,327.0,0.0,3,1,0,0.08559825587175345,-0.022304387167347145,-0.005595794957618671,0.14416609474424447,-0.04262285713932712,-0.009816052156448027,0.2371722192044678,-0.07845669541769239,-0.017267524350542414
92,least_connections,26,warmup,403,408,14,heavy,1,100.0,92.95,5,1043.0,806.0,0.0,979.0,880.0,0.0,3,2,0,0.08110131180518085,0.010067008729007038,-0.02382042839224345,0.3971158117897082,0.053434518916929796,-0.13816466719686252,0.2832882975372408,0.05203391972127425,-0.10887627619656384,41.77,39.84,4,193.0,1269.0,0.0,105.0,1170.0,0.0,1,3,0,-0.0274085072516856,0.08827644153309176,-0.009445931327284647,-0.09904548817159224,0.21832367490612437,-0.027460673506632227,-0.10932524590886644,0.22284145207194686,-0.027185475401230653,32.14,50.0,4,1213.0,394.0,0.0,1173.0,327.0,0.0,3,1,0,0.07744604102682455,-0.020180159818075985,-0.005062862104512131,0.13043599048288784,-0.03856353741177215,-0.00888119004631012,0.2145843888040423,-0.07098462918743596,-0.015622998221919327
92,least_connections,27,warmup,152,114,2,light,1,100.0,92.95,5,1043.0,806.0,0.0,979.0,880.0,0.0,3,2,0,0.07337737734754458,0.00910824599291113,-0.02155181616441074,0.3592952582859264,0.04834551711531748,-0.125006127463828,0.25630845967655114,0.04707830831924814,-0.09850710703498633,46.11,43.41,5,345.0,1269.0,0.0,219.0,1170.0,0.0,2,3,0,0.018285726999041824,0.07986916138708303,-0.008546318819924204,-0.050320067529399784,0.19753094396268395,-0.02484537126790535,-0.06668117486992677,0.20161845663652336,-0.024596382505875352,32.14,50.0,4,1607.0,0.0,0.0,1500.0,0.0,0.0,4,0,0,0.11315412782245576,-0.06134214006215945,-0.0045806847612252614,0.1893087532940414,-0.10618605765827004,-0.008035362422852013,0.2927668279655621,-0.1628432359314897,-0.014135093629355583
92,least_connections,28,warmup,484,414,15,heavy,2,100.0,86.75,4,1262.0,406.0,0.0,1296.0,439.0,0.0,3,1,0,0.06638905569539748,-0.034843106233171106,-0.01949926224399067,0.4571719003539334,-0.19752865911788736,-0.11310078199108248,0.37530289208830825,-0.15690534009210885,-0.08912547779355906,40.6,40.12,4,530.0,891.0,0.0,440.0,844.0,0.0,2,2,0,0.016544229189609266,0.029178674361555856,-0.007732383694217137,0.0022954491060532545,0.0810041873948093,-0.022479145432866745,0.0021545322605424633,0.09024407981399732,-0.022253869886268176,41.82,63.8,5,1607.0,0.0,484.0,1500.0,0.0,414.0,4,0,1,0.10237754422031713,-0.055500031484810926,0.03893947115707737,0.1712793482184184,-0.09607309978605384,0.08031086256980055,0.26488427292122285,-0.14733435631896688,0.11206824862105924
92,least_connections,29,warmup,151,118,5,light,0,100.0,92.65,5,1819.0,0.0,0.0,1853.0,0.0,0.0,5,0,0,0.14623408893982676,-0.07460861539010265,-0.01764218964932489,0.5571872749234,-0.4236052947574536,-0.10232927894431272,0.5915359499846599,-0.34055721246428894,-0.08063733705131534,36.26,36.56,3,378.0,891.0,0.0,326.0,844.0,0.0,1,2,0,-0.028115311912348978,0.026399752993788633,-0.00699596619952979,-0.03721568210132599,0.07328950288101796,-0.02033827443926039,-0.030282804145223496,0.08164940554599756,-0.02013445370662359,41.82,63.8,5,1607.0,484.0,0.0,1500.0,414.0,0.0,4,1,0,0.09262730191362026,-0.007130413973785846,-0.007852950132258797,0.1549670293404738,0.0006576716221417672,-0.014918743389228065,0.23965719930967777,-0.008445370002874791,-0.0234620607714226
92,least_connections,30,warmup,412,448,16,heavy,1,100.0,92.65,5,1819.0,0.0,0.0,1853.0,0.0,0.0,5,0,0,0.13230703285031944,-0.06750303297199764,-0.01596198111129395,0.5041218201687905,-0.38326193335198183,-0.09258363333056865,0.5351991928432637,-0.3081231922295948,-0.07295759066547579,48.03,50.56,4,866.0,403.0,412.0,762.0,408.0,448.0,2,1,1,0.017646237067965448,-0.019198409422853363,0.03675421652242089,0.09247832843893636,-0.059840109638262654,0.08810210543930863,0.09587508196384542,-0.04940053783933554,0.10844977997972152,24.58,35.37,3,745.0,484.0,0.0,647.0,414.0,0.0,2,1,0,-0.00236214634119164,-0.0064513269286633895,-0.007105050119662721,-0.015772687739571356,0.000595036229556839,-0.013497910685492059,-0.040421264116640765,-0.007641049050220061,-0.021227578793191877
92,least_connections,31,warmup,158,116,9,light,2,92.47,72.15,4,1387.0,0.0,0.0,1443.0,0.0,0.0,4,0,0,0.07662246282829356,-0.06107417268895025,-0.014441792434027859,0.3879514880892232,-0.3467607968422693,-0.08376614444194307,0.29875165066771475,-0.2787781263029667,-0.06600924869733524,48.03,50.56,4,866.0,403.0,412.0,762.0,408.0,448.0,2,1,1,0.015965643061492535,-0.017369989477819703,0.033253814948857,0.08367086858760908,-0.054141051577475716,0.07971142873080304,0.08674412177681251,-0.044695724711779794,0.09812122950546234,27.74,39.23,4,745.0,642.0,0.0,647.0,530.0,0.0,2,2,0,-0.0021371800229829097,0.03724698538653811,-0.006428378679694842,-0.014270527002469335,0.029128842302932376,-0.012212395382111864,-0.03657161991505592,0.028070796891070726,-0.019205904622411698
92,least_connections,32,warmup,397,343,13,medium,0,90.27,67.05,4,957.0,397.0,0.0,998.0,343.0,0.0,3,1,0,0.026241185189317756,-0.012173684587054756,-0.013066383630787111,0.09163864795374166,-0.07427564158744998,-0.07578841639985325,0.06898958869936095,-0.09706116189316036,-0.05972265358330331,48.03,50.56,4,866.0,815.0,0.0,762.0,856.0,0.0,2,2,0,0.014445105627064664,0.027368195461110967,-0.01299711527302961,0.0757022144364082,0.05751864040949475,-0.03438353727077004,0.0784827768456875,0.08622767764172304,-0.037890316161724565,20.72,28.57,3,394.0,642.0,0.0,327.0,530.0,0.0,1,2,0,-0.04501753929517047,0.033699653444963056,-0.0058161521387715244,-0.07642571490699605,0.026354666845510244,-0.01104931010762502,-0.12959654500251094,0.025397387663349702,-0.01737677084884868
92,least_connections,33,warmup,469,428,12,heavy,2,90.27,67.05,4,957.0,397.0,0.0,998.0,343.0,0.0,3,1,0,0.023742024695097008,-0.011014286054954303,-0.011821966142140719,0.08291115767243296,-0.06720177096007379,-0.0685704719808196,0.06241915168037421,-0.08781724171285935,-0.0540347818134649,48.03,50.56,4,1269.0,412.0,0.0,1170.0,448.0,0.0,3,1,0,0.056153281508387304,-0.018322199571466496,-0.011759294770836313,0.17266935047647813,-0.05213619609208975,-0.031108914673553843,0.18636536952705057,-0.037341624990822025,-0.0342817146225127,30.1,42.83,4,552.0,953.0,0.0,443.0,842.0,0.0,2,2,0,0.0023537456263650336,0.030490162640680857,-0.0052622328874599505,-0.04055659920156787,0.08012088905069975,-0.00999699485927978,-0.08226988992290671,0.11707382693350687,-0.015721840291815472
92,least_connections,34,warmup,181,103,5,light,0,92.27,66.3,4,987.0,397.0,0.0,983.0,343.0,0.0,3,1,0,0.021480879486040147,-0.009965306430672935,-0.010696064604793984,0.09311009503696321,-0.0608016022972096,-0.062039950839789165,0.04968875628224334,-0.07945369488306323,-0.04888861211694443,48.03,50.56,4,1269.0,412.0,0.0,1170.0,448.0,0.0,3,1,0,0.05080534993615994,-0.016577228183707785,-0.010639361935518569,0.15622465043109926,-0.047170844083319285,-0.028146160895120145,0.16861628671495052,-0.03378527975360088,-0.031016789420368632,22.22,31.93,3,158.0,953.0,0.0,116.0,842.0,0.0,1,2,0,-0.040954320850522336,0.027586337627282687,-0.0047610678505590025,-0.1079893040395138,0.07249032818872835,-0.009044900110776943,-0.17305370993024893,0.10592393865412525,-0.014224522168785426
92,least_connections,35,warmup,367,342,12,medium,2,65.6,44.25,3,587.0,397.0,0.0,542.0,343.0,0.0,2,1,0,-0.023648818787006753,-0.009016229627751698,-0.009677391785289795,-0.1570273743316365,-0.05501097350699918,-0.056131384093142576,-0.15454350622082746,-0.07188667632277149,-0.04423255382009258,37.23,40.38,3,891.0,412.0,0.0,844.0,448.0,0.0,2,1,0,0.0028828449535778233,-0.014998444547164189,-0.009626089370231086,0.043631826580518396,-0.04267838274205077,-0.02546557414320394,0.06038497369447904,-0.030567634062781762,-0.028062809475571618,29.56,43.33,4,158.0,1320.0,0.0,116.0,1184.0,0.0,1,3,0,-0.03705390934094878,0.06804296760382265,-0.004307632817172431,-0.09770460841670299,0.1319960112183733,-0.008183481052607711,-0.15657240422260615,0.19897880163944665,-0.012869805771758244
92,least_connections,36,warmup,374,330,11,medium,0,63.47,38.8,3,181.0,771.0,0.0,103.0,673.0,0.0,1,2,0,-0.06448045055785871,0.03492635913498202,-0.008755735424786006,-0.38696127518894086,0.17581546841430234,-0.05078553798903376,-0.33842031515217724,0.08424538808892101,-0.04001992964675043,37.23,40.38,3,891.0,412.0,0.0,844.0,448.0,0.0,2,1,0,0.0026082882913323058,-0.013570021256958081,-0.008709318954018603,0.03947641452523093,-0.03861377486185544,-0.023040281367660707,0.05463402381881435,-0.027656430818707306,-0.025390160954088605,29.56,43.33,4,642.0,836.0,0.0,530.0,770.0,0.0,2,2,0,0.009558934632565602,0.018478784748129806,-0.0038973820726798183,-0.0008184552341598539,0.031844010149956775,-0.00740410190474031,-0.016803603820453206,0.05517129672140411,-0.011644109983971744
92,least_connections,37,warmup,391,343,10,medium,0,89.53,55.95,4,181.0,1162.0,0.0,103.0,1016.0,0.0,1,3,0,-0.058339455266634074,0.07468393944412205,-0.007921855860520672,-0.35010782040904176,0.39491240793040044,-0.04594882008531626,-0.306189808947208,0.2313886844614047,-0.03620850777563134,23.29,26.75,2,403.0,412.0,0.0,408.0,448.0,0.0,1,1,0,-0.04072402034412337,-0.012277638280104933,-0.007879860006016832,-0.0904329038649271,-0.03493627249405967,-0.020845968856454924,-0.07384302606869178,-0.025022485026449465,-0.02297205038703255,29.56,43.33,4,642.0,836.0,0.0,530.0,770.0,0.0,2,2,0,0.00864855990565458,0.01671890048640315,-0.0035262028276626927,-0.0007405071166208255,0.02881124727853232,-0.00669894934238409,-0.015203260599457674,0.04991688750984183,-0.010535147128355387
92,least_connections,38,warmup,172,101,6,light,1,89.53,55.95,4,578.0,765.0,0.0,446.0,673.0,0.0,2,2,0,-0.009699416443054415,0.024487283079829253,-0.007167393397613942,-0.077303901005006,0.11784138495290208,-0.04157274198195281,-0.12186220809509293,0.05418500022698525,-0.03276007846366645,28.2,29.91,3,575.0,412.0,0.0,509.0,448.0,0.0,2,1,0,0.0062383580106457615,-0.011108339396285416,-0.007129397148300943,-0.037357661319968066,-0.03160900844700637,-0.018860638489173503,-0.03825380930024497,-0.022639391214406668,-0.02078423606445802,29.56,43.33,4,1111.0,367.0,0.0,958.0,342.0,0.0,3,1,0,0.05090878776044484,-0.027957275977154514,-0.0031903739869329124,0.0841966840373431,-0.058799347700375496,-0.006060954166918938,0.11532403406080816,-0.08391646685617486,-0.009531799782797732
92,least_connections,39,warmup,375,314,10,medium,1,77.47,50.8,3,397.0,765.0,0.0,343.0,673.0,0.0,1,2,0,-0.05185956272285422,0.022155160881750263,-0.006484784502603091,-0.17911622789341813,0.10661839590976852,-0.03761343322176683,-0.15685152160984597,0.049024524014891435,-0.029640070990936313,38.91,39.72,4,987.0,375.0,0.0,957.0,314.0,0.0,3,1,0,0.04872812890305592,-0.010050402310924897,-0.006450406943700853,0.07270361254723975,-0.03816325254048879,-0.017064387204490314,0.09205607729977838,-0.058370163479701295,-0.018804785010700112,29.56,43.33,4,1111.0,367.0,0.0,958.0,342.0,0.0,3,1,0,0.04606033178325962,-0.025294678265044557,-0.002886528845320254,0.0761779522242628,-0.053199409824149266,-0.005483720436736182,0.10434079272168356,-0.07592442239368201,-0.008624009327293186
92,least_connections,40,warmup,198,111,8,light,0,90.67,56.35,4,1162.0,198.0,0.0,1016.0,111.0,0.0,3,1,0,0.039247243704265675,-0.023038754667078554,-0.005867185978545654,0.299371031905955,-0.24553573703401899,-0.03403120148636046,0.16253909949585366,-0.20988257351033635,-0.026817207087037616,27.4,26.97,3,584.0,375.0,0.0,549.0,314.0,0.0,2,1,0,0.0010034544950551227,-0.009093221138455856,-0.005836082472872201,-0.038397411776987134,-0.03452865706044224,-0.015439207470729332,-0.032068311014486234,-0.05281110029115833,-0.01701385310491915,26.4,39.47,3,1320.0,0.0,0.0,1184.0,0.0,0.0,3,0,0,0.04167363351818727,-0.06596956151417864,-0.0026116213362421346,0.10674195677433301,-0.1145423231742303,-0.004961461347523212,0.16256230452596765,-0.1718363821657123,-0.007802675105646216
92,least_connections,41,warmup,430,400,19,heavy,1,90.67,56.35,4,1360.0,0.0,0.0,1127.0,0.0,0.0,4,0,0,0.07859331119728345,-0.06392848778268559,-0.0053084063615413055,0.39028807648634023,-0.3415799525545886,-0.030790134678135656,0.19727347097243902,-0.2401080426998281,-0.024263187364462604,39.69,39.47,4,584.0,375.0,430.0,549.0,314.0,400.0,2,1,1,0.0009078874002879656,-0.008227200077650543,0.037803635132253946,-0.034740515417274076,-0.031240213530876318,0.09718765582580272,-0.02901418615596374,-0.04778147169200041,0.0977017519526922,26.4,39.47,3,1320.0,0.0,0.0,1184.0,0.0,0.0,3,0,0,0.037704716040264666,-0.05968674613187591,-0.0023628954946952646,0.09657605612915846,-0.10363353049097027,-0.004488941219187668,0.1470801802853993,-0.15547101243564446,-0.007059563190822767
92,least_connections,42,warmup,154,105,6,light,2,90.67,56.35,4,1360.0,0.0,0.0,1127.0,0.0,0.0,4,0,0,0.07110823394039932,-0.05784006037481077,-0.004802843850918324,0.3531177834876412,-0.30904852850177067,-0.027857740899265595,0.1784855213560163,-0.21724061006174925,-0.021952407615466168,39.69,39.47,4,959.0,0.0,430.0,863.0,0.0,400.0,3,0,1,0.04390532216035124,-0.050527557439869766,0.034203288929182146,0.0655068806088609,-0.12520373060956835,0.0879316886042977,0.06252883157317568,-0.13201061724514324,0.08839682319529295,29.48,42.97,4,1474.0,0.0,0.0,1289.0,0.0,0.0,4,0,0,0.07719769092985397,-0.0540022941193163,-0.002137857828533811,0.1152450031644767,-0.09376367044421119,-0.004061423007836461,0.1647392107344089,-0.14066424934653546,-0.0063872238393158365
92,least_connections,43,warmup,486,435,16,heavy,0,100.0,78.1,5,1360.0,0.0,486.0,1127.0,0.0,435.0,4,0,1,0.06433602118417081,-0.05233148319625736,0.038738470075926505,0.31948751839358025,-0.27961533531112587,0.267938234424474,0.16148690027449097,-0.19655102815110645,0.17692401215743536,39.69,39.47,4,959.0,0.0,430.0,863.0,0.0,400.0,3,0,1,0.03972386290698446,-0.04571540911226312,0.030945832840688605,0.05926813007468368,-0.11327956578960946,0.07955724207055506,0.056573704756682774,-0.11943817750751055,0.07997807812907456,19.8,29.17,3,990.0,0.0,0.0,875.0,0.0,0.0,3,0,0,0.02676162966215813,-0.048859218488905225,-0.0019342523210544003,0.016688336196431314,-0.08483379706857203,-0.0036746208166139414,0.024192619235893775,-0.12726765417067493,-0.005778916807000043
92,least_connections,44,warmup,192,115,2,light,2,100.0,78.1,5,1360.0,0.0,486.0,1127.0,0.0,435.0,4,0,1,0.05820878107139266,-0.04734753241566143,0.03504909197345731,0.2890601356894297,-0.2529853033767329,0.24242030733642886,0.14610719548644424,-0.17783188261290583,0.16007410623767962,34.77,36.31,3,787.0,0.0,430.0,762.0,0.0,400.0,2,0,1,-0.0071432623585333255,-0.04136156062538092,0.027998610665384928,0.00916096122403351,-0.10249103571440855,0.07198036187335934,0.02262918525604629,-0.10806311298298574,0.07236111830725794,23.64,33.0,4,1182.0,0.0,0.0,990.0,0.0,0.0,4,0,0,0.06729680325442425,-0.04420595958519997,-0.0017500378142873145,0.04984182798724737,-0.07675438782394611,-0.0033246569293173757,0.056571099943586445,-0.11514692520203922,-0.005228543777761943
92,least_connections,45,warmup,354,339,7,medium,1,96.6,60.95,4,963.0,486.0,0.0,784.0,435.0,0.0,3,1,0,0.009581187409264558,0.0002456566125875054,-0.011372817012676941,0.022070281496785582,0.06425139218295595,-0.07381019812418342,-0.02297444217893141,0.03589020144546615,-0.051956761023051766,44.89,46.91,4,1141.0,0.0,430.0,1101.0,0.0,400.0,3,0,1,0.036620948569036735,-0.037422364375344644,0.02533207631630065,0.09979869280813916,-0.09272998469398869,0.06512508931399177,0.11632223904118472,-0.0977713879369871,0.06546958323037624,14.26,18.73,3,713.0,0.0,0.0,562.0,0.0,0.0,3,0,0,0.017803683670102682,-0.03999586819613331,-0.0015833675462599511,-0.039771679440109536,-0.06944444612642743,-0.003008022936049054,-0.07789598893992974,-0.10418055137327357,-0.0047305872274989
92,least_connections,46,warmup,371,318,5,medium,2,96.6,60.95,4,963.0,486.0,0.0,784.0,435.0,0.0,3,1,0,0.008668693370286973,0.00022226074472202206,-0.010289691582898185,0.019968349925663098,0.058132211975055414,-0.06678065544568976,-0.020786400066652222,0.032472087022088425,-0.04700849806847541,33.11,32.91,3,729.0,430.0,0.0,653.0,400.0,0.0,2,1,0,-0.009950661045247944,0.009225570553826501,-0.020164402607247254,-0.01620934596270404,0.02725790500475854,-0.05223376272951765,-0.02142273610559478,0.024635410914154526,-0.05386085326775483,17.84,25.5,3,892.0,0.0,0.0,765.0,0.0,0.0,3,0,0,0.016108094749140517,-0.03618673789173966,-0.0014325706370923368,-0.0035934242553372076,-0.06283068935248196,-0.0027215445611872397,-0.00925510110438088,-0.09425859409962847,-0.0042800551105942435
92,least_connections,47,warmup,166,109,6,light,1,45.6,27.3,2,198.0,486.0,0.0,111.0,435.0,0.0,1,1,0,-0.078324696928017,0.0002010930547484968,-0.009309720955955501,-0.44336196911487624,0.05259581083457393,-0.06042059302229073,-0.32325912386982825,0.02937950730569905,-0.04253149825243013,37.86,36.31,4,895.0,430.0,0.0,762.0,400.0,0.0,3,1,0,0.03408092118581875,0.008346944786795402,-0.018243983311318945,0.028245965897689546,0.024661914051924402,-0.04725911866003978,0.011435976856842806,0.022289181303282668,-0.04873124819463533,10.5,14.1,2,525.0,0.0,0.0,423.0,0.0,0.0,2,0,0,-0.02850990973943976,-0.03274038190205017,-0.001296135338321638,-0.06966071718340035,-0.056846814176055104,-0.0024623498410741695,-0.1115165200468208,-0.08528158513775909,-0.0038724308143471727
92,least_connections,48,warmup,177,115,6,light,0,44.2,27.5,2,177.0,486.0,0.0,115.0,435.0,0.0,1,1,0,-0.07086520198249156,0.0001819413352486393,-0.00842308086491212,-0.4138036863420309,0.04758668599318594,-0.054666250829691614,-0.2906630168346065,0.026581458990870555,-0.038480879371246314,37.86,36.31,4,895.0,430.0,0.0,762.0,400.0,0.0,3,1,0,0.03083511916812172,0.007551997664243457,-0.01650646109119333,0.025555873907433413,0.02231316033269351,-0.04275825021622647,0.010346836203810161,0.020166402131541458,-0.04409017693800339,7.42,10.6,1,371.0,0.0,0.0,318.0,0.0,0.0,1,0,0,-0.06887858046720285,-0.029622250292331107,-0.001172693877529101,-0.09089302983260032,-0.05143283187357366,-0.0022278403324004392,-0.13256256575664738,-0.07715952941035346,-0.0035036278796474417
92,least_connections,49,warmup,386,318,8,medium,2,44.2,27.5,2,177.0,486.0,0.0,115.0,435.0,0.0,1,1,0,-0.06411613512701617,0.00016461358903448187,-0.007620882687301442,-0.37439381145231365,0.043054620660501586,-0.04945994122686384,-0.26298082475512014,0.02404989146793049,-0.0348160337168419,27.14,26.5,3,520.0,430.0,0.0,448.0,400.0,0.0,2,1,0,-0.015185459074647245,0.006832759791458365,-0.014934417177746347,-0.07381679435585958,0.020188097443865557,-0.03868603590991919,-0.07941833867274317,0.018245792404727984,-0.03989111246771736,15.14,21.2,2,371.0,386.0,0.0,318.0,318.0,0.0,1,1,0,-0.062318715660802576,0.016282816628933987,-0.0010610087463358534,-0.08223655080092411,0.02331315211438574,-0.0020156650626480164,-0.11993755949410954,0.026093759104918304,-0.003169949033966733
92,least_connections,50,warmup,415,404,13,heavy,0,71.87,47.7,3,177.0,901.0,0.0,115.0,839.0,0.0,1,2,0,-0.05800983654349082,0.0432328363311219,-0.006895084336129877,-0.33873725798066473,0.28927164091505697,-0.04474947063382919,-0.23793503192129917,0.2045213303757466,-0.03150022098190458,27.14,26.5,3,520.0,430.0,0.0,448.0,400.0,0.0,2,1,0,-0.013739224877061806,0.006182020763700419,-0.013512091732246696,-0.06678662346482536,0.018265421496830747,-0.03500165153754593,-0.07185468737057715,0.016508097889991982,-0.03609195889936332,15.14,21.2,2,757.0,0.0,0.0,636.0,0.0,0.0,2,0,0,-0.013299699656825925,-0.028351828038674236,-0.0009599602943038673,-0.004556879296074179,-0.04875476713460338,-0.0018236969614434434,-0.01261017287562291,-0.07229612271459772,-0.0028680491259699013
92,least_connections,51,warmup,187,111,3,light,2,71.87,47.7,3,177.0,901.0,0.0,115.0,839.0,0.0,1,2,0,-0.052485090206015494,0.039115423347205525,-0.006238409637450841,-0.3064765667444109,0.26172196082790866,-0.04048761628775022,-0.21527455269069923,0.18504310843519933,-0.028500199936008906,27.14,26.5,3,520.0,430.0,0.0,448.0,400.0,0.0,2,1,0,-0.01243072726972258,0.005593256881443243,-0.012225225852985105,-0.060425992658651534,0.016525857544751638,-0.031668160914922514,-0.06501138381147456,0.01493589809094513,-0.03265462948037634,11.46,14.3,2,573.0,0.0,0.0,429.0,0.0,0.0,2,0,0,-0.012033061594271088,-0.02565165393975288,-0.0008685355043701657,-0.037418128886924265,-0.04411145597892687,-0.001650011536544068,-0.07383777545889691,-0.06541077769415984,-0.002594901590163244
92,least_connections,52,warmup,199,109,4,light,2,71.87,47.7,3,663.0,415.0,0.0,550.0,404.0,0.0,2,1,0,-0.004402609959637593,-0.007693755293571414,-0.005644275386265047,0.01585453485029492,-0.05634679734617787,-0.036631652831774004,0.0020134999465102332,-0.02936575903481964,-0.025785895180198533,17.03,15.91,2,166.0,430.0,0.0,109.0,400.0,0.0,1,1,0,-0.05433074870888732,0.005060565749877219,-0.011060918628891286,-0.14618134029660307,0.01495196635001339,-0.0286521455896918,-0.1546680377341913,0.01351343160609321,-0.029544664767959545,15.44,17.93,3,772.0,0.0,0.0,538.0,0.0,0.0,3,0,0,0.03219684449860734,-0.023208639278824033,-0.0007858178372872927,0.0021550262451637547,-0.03991036493331479,-0.0014928675806827282,-0.03393259049455752,-0.059181179818525574,-0.002347768105385792
92,least_connections,53,warmup,492,426,13,heavy,1,71.87,47.7,3,663.0,415.0,0.0,550.0,404.0,0.0,2,1,0,-0.0039833137730054535,-0.006961016694183655,-0.005106725349477899,0.014344579150266878,-0.05098043569416094,-0.03314292399065267,0.0018217380468426025,-0.02656902007912254,-0.023330095639227243,26.34,25.81,2,430.0,492.0,0.0,400.0,426.0,0.0,1,1,0,-0.04915639168899329,0.004578607107031771,-0.010007497807092116,-0.06401440992821911,0.02955518043912775,-0.02592336981924496,-0.057660962711887365,0.01957762859598909,-0.026730887171011016,15.44,17.93,3,772.0,0.0,0.0,538.0,0.0,0.0,3,0,0,0.029130478355882825,-0.02099829268084079,-0.0007109780432599316,0.0019497856503862543,-0.03610937779680862,-0.0013506897158558017,-0.03070091520936158,-0.053544876978665994,-0.0021241711429680976
92,least_connections,54,warmup,431,441,16,heavy,1,60.07,41.95,2,486.0,415.0,0.0,435.0,404.0,0.0,1,1,0,-0.046687850783286106,-0.006298062723309017,-0.004620370554289528,-0.0937834760069014,-0.04612515610424084,-0.02998645503916194,-0.05037557033857101,-0.024038637214444214,-0.02110818176882465,38.66,39.59,3,430.0,492.0,431.0,400.0,426.0,441.0,1,1,1,-0.044474830575755825,0.004142549287314459,0.03402949744891212,-0.05791779945886491,0.026740401349687,0.08796048853088721,-0.05216944245361238,0.01771309253922823,0.10050241160718051,11.7,14.23,2,585.0,0.0,0.0,427.0,0.0,0.0,2,0,0,-0.016727753142863372,-0.01899845528266548,-0.0006432658486637476,-0.03207400345917434,-0.032670389435207794,-0.001222052600060011,-0.06125320899894618,-0.04844536488545971,-0.0019218691293520884
92,least_connections,55,warmup,405,412,17,heavy,0,87.07,62.55,3,486.0,415.0,405.0,435.0,404.0,412.0,1,1,1,-0.042241388803925514,-0.005698247225851022,0.03890356496335255,-0.08485171638719652,-0.04173228409431312,0.21715511210742494,-0.04557789697299283,-0.021749243194020967,0.16728307363773007,38.66,39.59,3,430.0,492.0,431.0,400.0,426.0,441.0,1,1,1,-0.04023913242568383,0.0037480207837607,0.03078859292996811,-0.052401818558020646,0.02419369645924062,0.07958329914699319,-0.0472009241246969,0.016026131345016015,0.09093075335887761,11.7,14.23,2,585.0,0.0,0.0,427.0,0.0,0.0,2,0,0,-0.015134633795924002,-0.01718907858907829,-0.0005820024345052954,-0.029019336463062498,-0.029558923774711813,-0.0011056666381495338,-0.05541957004666559,-0.043831520610654026,-0.001738833974175699
92,least_connections,56,warmup,420,407,17,heavy,2,87.07,62.55,3,901.0,0.0,405.0,839.0,0.0,412.0,2,0,1,0.004865500832729519,-0.04823945724062258,0.03519846353827136,0.17354685977666345,-0.288075241164696,0.19647367285909875,0.14152475988157792,-0.20243979146125707,0.15135135233889863,38.66,39.59,3,430.0,923.0,0.0,400.0,867.0,0.0,1,2,0,-0.03640683409942823,0.046474966650159905,-0.015227554242500507,-0.047411169171542505,0.13330450087808848,-0.03941102866292452,-0.04270559801758289,0.13918733312168116,-0.04241681838958693,16.12,24.17,2,386.0,0.0,420.0,318.0,0.0,407.0,1,0,1,-0.05677714032783146,-0.015552023485356548,0.04255732659553829,-0.06226511394277083,-0.026743788177120212,0.07499963494643613,-0.08301453162952284,-0.03965709007630602,0.12117280100749182
92,least_connections,57,warmup,167,112,1,light,2,87.07,62.55,3,901.0,0.0,405.0,839.0,0.0,412.0,2,0,1,0.004402119801040993,-0.04364522321770614,0.03184622891557885,0.15701858741698121,-0.26063950391091545,0.17776189449156554,0.12804621132142763,-0.18315981132208972,0.1369369378304321,38.66,39.59,3,430.0,923.0,0.0,400.0,867.0,0.0,1,2,0,-0.03293951656614935,0.04204877935014468,-0.013777310981309982,-0.0428958197266337,0.12060883412779436,-0.03565759736169361,-0.03863839820638454,0.12593139663390202,-0.03837712140010246,11.74,17.3,2,167.0,0.0,420.0,112.0,0.0,407.0,1,0,1,-0.05136979362994275,-0.014070878391513067,0.03850424787215369,-0.09596367451964978,-0.024196760731680193,0.06785681257058508,-0.1372353698870286,-0.03588022435475307,0.10963253424487356
92,least_connections,58,warmup,403,449,17,heavy,2,87.07,62.55,3,901.0,405.0,0.0,839.0,412.0,0.0,2,1,0,0.003982870296179941,0.0035953649345470545,-0.014270645493614596,0.14206443623441156,0.008469020271076544,-0.08345352403144071,0.11585133405272025,0.02066493261334737,-0.06248562767722808,38.66,39.59,3,430.0,923.0,0.0,400.0,867.0,0.0,1,2,0,-0.029802419750325604,0.03804413369774995,-0.012465186125947127,-0.0388105035621924,0.10912227849657585,-0.03226163570819898,-0.03495855075815746,0.1139379302878161,-0.03472215745723556,16.46,28.53,2,0.0,0.0,823.0,0.0,0.0,856.0,0,0,2,-0.08956133255861033,-0.01273079473517849,0.07792107687299166,-0.11704332456539741,-0.02189230732866303,0.13431806851624364,-0.15794311243747033,-0.03246306013049087,0.23460403891996495
92,least_connections,59,warmup,175,106,5,light,2,54.67,40.8,2,415.0,405.0,0.0,404.0,412.0,0.0,1,1,0,-0.03948035091116599,0.0032529492264949528,-0.012911536398984635,-0.1646083672164848,0.007662446911926413,-0.0755055693617797,-0.09196784061896734,0.018696843793028578,-0.05653461551749207,38.66,39.59,3,922.0,431.0,0.0,826.0,441.0,0.0,2,1,0,0.016119806166938977,-0.00866301735736455,-0.01127802554252359,0.09206940834168986,-0.028453992924866778,-0.029189098974084792,0.08881726359976228,-0.01735972973959496,-0.03141528531845122,19.96,32.07,3,175.0,420.0,403.0,106.0,407.0,449.0,1,1,1,-0.03794778161198531,0.03156556213302445,0.027416121705949374,-0.07422967460678813,0.056192674321685836,0.04552587151469663,-0.1109326572846954,0.09337469162796858,0.0895147653720318
92,least_connections,60,warmup,400,317,9,medium,0,81.33,56.65,3,415.0,805.0,0.0,404.0,729.0,0.0,1,2,0,-0.035720317491054934,0.04602704476501471,-0.011681866265748003,-0.14893137986253385,0.24820253133301273,-0.06831456275589592,-0.08320899865525616,0.16032095390797824,-0.05115036642058807,26.37,27.09,2,492.0,431.0,0.0,426.0,441.0,0.0,1,1,0,-0.028499313694764952,-0.007837968085234598,-0.010203927871807059,-0.02785556932350508,-0.025744088836784224,-0.026409184786076716,-0.03273676150497698,-0.015706422145347815,-0.028423353383360626,19.96,32.07,3,175.0,420.0,403.0,106.0,407.0,449.0,1,1,1,-0.03433370717274861,0.028559318120355455,0.024805062495858957,-0.06716018178709401,0.05084099105295385,0.04119007422758266,-0.10036764230520062,0.08448186385387632,0.08098954962231449
92,least_connections,61,warmup,387,315,5,medium,1,81.33,56.65,3,415.0,805.0,0.0,404.0,729.0,0.0,1,2,0,-0.03231838249190684,0.041643516692156164,-0.010569307573772002,-0.13474743892324492,0.22456419501558295,-0.06180841392200107,-0.0752843321166603,0.14505229163102795,-0.04627890295196063,37.43,36.94,3,879.0,431.0,0.0,741.0,441.0,0.0,2,1,0,0.01729880688387478,-0.007091494934259868,-0.009232125217349244,0.0748381583671689,-0.023292270852328573,-0.023894024330259885,0.05944352530502084,-0.014210572417219458,-0.02571636734685009,19.96,32.07,3,175.0,823.0,0.0,106.0,856.0,0.0,1,2,0,-0.031063830299153508,0.06892328328803135,-0.02064122463526593,-0.06076397399784696,0.118922801428863,-0.035656599508377594,-0.09080881922851486,0.21184867047096745,-0.06213643923060436
92,least_connections,62,warmup,394,348,10,medium,0,100.0,74.05,4,815.0,799.0,0.0,721.0,760.0,0.0,2,2,0,0.013843458924555935,0.037677467483379384,-0.009562706852460382,0.11935549176785776,0.19955808120457502,-0.055921898310381926,0.07529036618016449,0.1452615971899777,-0.04187138838510724,37.43,36.94,3,879.0,431.0,0.0,741.0,441.0,0.0,2,1,0,0.0156513014663629,-0.0064161144643303525,-0.008352875196649316,0.06771071471315282,-0.021073959342582993,-0.02161840296547323,0.05378223718073313,-0.01285718456796045,-0.023267189504292938,19.96,32.07,3,175.0,823.0,0.0,106.0,856.0,0.0,1,2,0,-0.02810537027066269,0.062359161070123605,-0.018675393717621554,-0.054976928855194854,0.10759682034039986,-0.03226073288853211,-0.08216036025437057,0.1916726066165896,-0.056218683113403944
92,least_connections,63,warmup,185,108,6,light,1,79.93,53.85,3,400.0,799.0,0.0,317.0,760.0,0.0,1,2,0,-0.030558865961682946,0.03408913724686706,-0.008651972866511775,-0.1423291582417795,0.18055254966128215,-0.050596003233202694,-0.11464204964651784,0.13142715936236077,-0.03788363711033512,42.71,40.31,4,1495.0,0.0,0.0,1290.0,0.0,0.0,4,0,0,0.10032850178022402,-0.048888956170675305,-0.0075573632731589045,0.2205001704547573,-0.1304818815820649,-0.01955950744495197,0.20388333363971092,-0.13632019079958327,-0.021051266694360277,19.96,32.07,3,175.0,823.0,0.0,106.0,856.0,0.0,1,2,0,-0.02542866834012339,0.05642019334915945,-0.016896784792133787,-0.04974103086898582,0.09734950411750463,-0.029188282137243338,-0.07433556403966862,0.17341807265310488,-0.05086452281688928
92,least_connections,64,warmup,200,101,8,light,0,93.27,58.9,4,400.0,999.0,0.0,317.0,861.0,0.0,1,3,0,-0.027648497774855993,0.07392645297392281,-0.00782797545065351,-0.128774000313991,0.2839919893760807,-0.04577733625861196,-0.10372375920399232,0.16460076323261214,-0.034275671671255586,42.71,40.31,4,1495.0,0.0,0.0,1290.0,0.0,0.0,4,0,0,0.09077340637258365,-0.04423286510680147,-0.006837614390000913,0.1995001542209709,-0.11805503571710634,-0.0176966972120994,0.1844658732930718,-0.12333731548533725,-0.01904638415204025,16.46,28.53,2,0.0,823.0,0.0,0.0,856.0,0.0,0,2,0,-0.06609079062972614,0.05104684160162046,-0.015287567192882951,-0.07667045650051098,0.08807812277298038,-0.02640844574322016,-0.0992242404803351,0.15690206573376156,-0.04602028254861411
92,least_connections,65,warmup,412,402,19,heavy,2,93.27,58.9,4,1399.0,0.0,0.0,1178.0,0.0,0.0,4,0,0,0.10423639316968811,-0.06236586227529432,-0.0070824539791626995,0.48606161876353193,-0.3456262953264032,-0.04141758994826796,0.29565469405353073,-0.24057549993239855,-0.031011321988278863,42.71,40.31,4,1495.0,0.0,0.0,1290.0,0.0,0.0,4,0,0,0.0821283200513852,-0.04002021128710609,-0.006186413019524635,0.18050013953325938,-0.10681169898214382,-0.016011297477613744,0.1668976948842078,-0.1115909044867337,-0.017232442804226894,24.7,41.93,3,0.0,823.0,412.0,0.0,856.0,402.0,0,2,1,-0.05979642961737127,0.046185237639561366,0.029252291814148984,-0.06936850826236708,0.07968973012793462,0.05065902527994366,-0.08977431281554128,0.1419590118543557,0.0796006967417301
92,least_connections,66,warmup,407,400,18,heavy,2,93.27,58.9,4,1399.0,0.0,0.0,1178.0,0.0,0.0,4,0,0,0.09430911762971782,-0.05642625634431391,-0.006407934552575776,0.43977003602414794,-0.3127095052953172,-0.037473057572242445,0.26749710414367067,-0.2176635475578844,-0.028057862751299924,17.6,17.16,2,616.0,0.0,0.0,549.0,0.0,0.0,2,0,0,-0.011861225168928125,-0.03620876259309599,-0.005597230827188956,-0.06391483974201703,-0.09663915622193965,-0.014486412003555292,-0.058506252247621515,-0.10096319929752097,-0.015591257775252904,32.84,55.27,4,420.0,403.0,819.0,407.0,449.0,802.0,1,1,2,-0.011017631331816644,-0.0012972566481066067,0.06955025948717788,0.013238016334048822,-0.0038997679794877116,0.11948197525328236,0.04152165348435154,0.005693074217432953,0.1926545986393431
92,least_connections,67,warmup,374,326,9,medium,1,93.27,58.9,4,1399.0,0.0,0.0,1178.0,0.0,0.0,4,0,0,0.08532729690307803,-0.051052327168664965,-0.005797655071378083,0.3978871754504195,-0.28292764764814415,-0.033904194946314595,0.24202118946332107,-0.19693368588570492,-0.02538568534641422,28.29,27.34,3,616.0,374.0,0.0,549.0,326.0,0.0,2,1,0,-0.010731584676649253,0.010323591213956235,-0.005064161224599532,-0.057827712147539206,0.009244845050898148,-0.013106753717502407,-0.05293422822403851,0.0008249625403381616,-0.014106376082371676,32.84,55.27,4,420.0,403.0,819.0,407.0,449.0,802.0,1,1,2,-0.009968333109738867,-0.001173708395905984,0.0629264252503038,0.011977252873663233,-0.0035283615052507794,0.10810273951487452,0.03756721029536568,0.0051508766729155275,0.17430654162607231
92,least_connections,68,warmup,150,118,4,light,1,93.27,58.9,4,1399.0,0.0,0.0,1178.0,0.0,0.0,4,0,0,0.07720088767421346,-0.04619020077164925,-0.005245497445532551,0.3599931587408557,-0.25598215739593994,-0.030675223999046538,0.21897155237157623,-0.17817809675373303,-0.0229680010277081,32.57,31.03,4,766.0,374.0,0.0,667.0,326.0,0.0,3,1,0,0.033374371233598515,0.009340392050722304,-0.004581860155590053,-0.013544800786549044,0.008364383617479279,-0.011858491458692654,-0.01452977791698723,0.0007463946793535708,-0.012762911693574373,32.84,55.27,4,823.0,0.0,819.0,856.0,0.0,802.0,2,0,2,0.034064932175088866,-0.044145826870672304,0.05693343236932248,0.08376037164760006,-0.07611613659998881,0.0978072405134579,0.1694020791561245,-0.1307523814229177,0.1577059186140654
92,least_connections,69,warmup,363,338,9,medium,0,90.8,59.95,4,999.0,363.0,0.0,861.0,338.0,0.0,3,1,0,0.026764521954673853,0.0012927661952651937,-0.004745926260243736,0.08443825473379019,-0.012650523358231358,-0.02775377409437544,0.05471235690761661,-0.008303992300996543,-0.02078057235840257,27.29,27.66,3,955.0,0.0,0.0,885.0,0.0,0.0,3,0,0,0.030195859687541515,-0.034633069323722905,-0.004145492521724334,0.03660232309788419,-0.08911249645493372,-0.010729111319769544,0.04849091521796395,-0.09149730957582296,-0.011547396294186338,32.84,55.27,4,823.0,0.0,819.0,856.0,0.0,802.0,2,0,2,0.030820652920318492,-0.03994146240679875,0.05151120071510129,0.07578319339544767,-0.06886698073332322,0.08849226522646192,0.15326854780792218,-0.1182997736683541,0.14268630731748777
92,least_connections,70,warmup,182,120,3,light,1,90.8,59.95,4,999.0,363.0,0.0,861.0,338.0,0.0,3,1,0,0.024215519863752533,0.0011696456052399384,-0.004293933283077666,0.07639651618771492,-0.01144571160982838,-0.025110557513958732,0.049501656249748394,-0.007513135891377837,-0.018801470229030896,20.17,17.62,3,706.0,0.0,0.0,564.0,0.0,0.0,3,0,0,0.02732006352682327,-0.03133468176908263,-0.00375068371013154,-0.03125095937402314,-0.08062559203065431,-0.009707291194077206,-0.0468861957551755,-0.08278328009241125,-0.010447644266168591,32.84,55.27,4,823.0,819.0,0.0,856.0,802.0,0.0,2,2,0,0.027885352642192912,0.050030286847363485,-0.0395624283779469,0.06856574640540503,0.0858917793365171,-0.06813556955701065,0.13867154325478673,0.13483988731593358,-0.11277588068100312
92,least_connections,71,warmup,162,119,7,light,1,90.8,59.95,4,1362.0,0.0,0.0,1199.0,0.0,0.0,4,0,0,0.06499318010348587,-0.04202564944106409,-0.0038849872561178885,0.28807303845555154,-0.22930802478984472,-0.022719075845962663,0.19769197470215333,-0.15970236104457997,-0.01701085401674224,24.8,21.34,4,868.0,0.0,0.0,683.0,0.0,0.0,4,0,0,0.06780205294150224,-0.02835042636250333,-0.00339347573773806,0.013602873491530082,-0.07294696421821104,-0.008782787270831758,-0.00877501044515877,-0.07489915817884828,-0.009452630526533487,32.84,55.27,4,823.0,819.0,0.0,856.0,802.0,0.0,2,2,0,0.025229604771507874,0.04526549762380506,-0.035794578056237675,0.062035675319175976,0.07771160987589641,-0.06164646769443821,0.1254647296114737,0.12199799328584468,-0.10203532061614569
92,least_connections,72,warmup,467,412,18,heavy,0,55.33,37.5,2,363.0,0.0,467.0,338.0,0.0,412.0,1,0,1,-0.07044834725330869,-0.03802320663715323,0.03956891175693642,-0.3419339175878344,-0.20746916528604997,0.26112718534571633,-0.2106358324123375,-0.1444926123736676,0.17099017969913796,20.51,17.66,3,718.0,0.0,0.0,565.0,0.0,0.0,3,0,0,0.018260814339363704,-0.025650385756550632,-0.003070287572239197,-0.026468148473649644,-0.06599963429266713,-0.007946331340276353,-0.04130239040276268,-0.06776590501895796,-0.008552380000196964,32.84,55.27,4,823.0,819.0,0.0,856.0,802.0,0.0,2,2,0,0.0228267852694595,0.040954497850109337,-0.032385570622310275,0.056127515764968744,0.07031050417343009,-0.055775375533063144,0.11351570774371428,0.11037913678243089,-0.09231767103365562
92,least_connections,73,warmup,180,111,1,light,0,67.33,43.05,3,543.0,0.0,467.0,449.0,0.0,412.0,2,0,1,-0.02065508062147431,-0.034401948862186255,0.03580044397056152,-0.20079735400804066,-0.18771019716356901,0.23625792959850528,-0.14036099123021015,-0.13073141119522305,0.15470540068017247,15.31,13.91,2,536.0,0.0,0.0,445.0,0.0,0.0,2,0,0,-0.026562211062571145,-0.02320749187497438,-0.00277787923202594,-0.07099499147615923,-0.05971395483622264,-0.007189537879297653,-0.07129740084059483,-0.061312009302866725,-0.007737867619225825,24.44,41.7,3,403.0,819.0,0.0,449.0,802.0,0.0,1,2,0,-0.022431094506770194,0.037054069483432255,-0.02930123056304263,-0.025217961926933027,0.06361426568072245,-0.05046343500610475,-0.02004134378743308,0.09986683804124699,-0.08352551188759319
92,least_connections,74,warmup,441,423,13,heavy,1,55.33,37.5,2,363.0,0.0,467.0,338.0,0.0,412.0,1,0,1,-0.061771830312853174,-0.031125572780073277,0.0323908778781271,-0.29024522505489403,-0.16983303552894338,0.2137571743986476,-0.17720756349399966,-0.11828080060520181,0.1399715529963465,27.91,27.12,3,536.0,441.0,0.0,445.0,423.0,0.0,2,1,0,-0.02403247667565961,0.02208664567320912,-0.0025133193051663266,-0.06423356371652503,0.05997308848151285,-0.00650481998603121,-0.06450717218910962,0.06412544396407298,-0.007000927845966223,24.44,41.7,3,403.0,819.0,0.0,449.0,802.0,0.0,1,2,0,-0.020294799791839693,0.03352511048501013,-0.02651063717608619,-0.022816251267225113,0.05755576418732031,-0.045657393576951914,-0.01813264437910611,0.09035571060874728,-0.07557070123163194
92,least_connections,75,warmup,491,420,13,heavy,0,88.07,58.5,3,363.0,491.0,467.0,338.0,420.0,412.0,1,1,1,-0.05588879885448621,0.014922667711452973,0.029306032365924516,-0.2626028226687137,0.1425002694420671,0.19339934826544308,-0.16033065268504734,0.08298403754767456,0.12664092890145637,27.91,27.12,3,536.0,441.0,0.0,445.0,423.0,0.0,2,1,0,-0.02174366937321584,0.019983155609093965,-0.0022739555618171525,-0.05811608145780836,0.054261365768987824,-0.005885313320694904,-0.058363631980623,0.05801825882463746,-0.006334172813017059,16.38,26.73,2,0.0,819.0,0.0,0.0,802.0,0.0,0,2,0,-0.06144586194318376,0.030332242819771066,-0.023985814587887507,-0.09356708447987035,0.05207426283614694,-0.04130907037914697,-0.1518184242795087,0.08175040483648563,-0.06837349159052414
92,least_connections,76,warmup,491,429,14,heavy,2,88.07,58.5,3,363.0,958.0,0.0,338.0,832.0,0.0,1,2,0,-0.0505660561064399,0.05658536148950054,-0.01656891856234947,-0.2375930300335981,0.41061135489202905,-0.10670217696618643,-0.14506106671504285,0.26146174825741986,-0.07180106432725375,17.23,16.94,2,162.0,441.0,0.0,119.0,423.0,0.0,1,1,0,-0.06275674394538122,0.0180799979320374,-0.0020573883654536143,-0.14926148866590824,0.049093616648131846,-0.005324807290152532,-0.14497780988723036,0.052492710365148174,-0.005730918259396387,26.2,41.03,3,0.0,1310.0,0.0,0.0,1231.0,0.0,0,3,0,-0.05559387509145197,0.07052735801607404,-0.021701451293802982,-0.08465593357702555,0.13596242828032343,-0.03737487320018059,-0.1373595267290793,0.20334560437586796,-0.0618617304866647
92,least_connections,77,warmup,425,433,16,heavy,1,88.07,58.5,3,363.0,958.0,0.0,338.0,832.0,0.0,1,2,0,-0.0457502412391599,0.05119627944288144,-0.014990926318316188,-0.21496512241135068,0.37150551156897865,-0.09654006487416868,-0.13124572702789591,0.2365606293757608,-0.06496286772465816,29.37,30.47,3,162.0,441.0,425.0,119.0,423.0,433.0,1,1,1,-0.05677991118867824,0.016358093367081453,0.041222453610394574,-0.1350461087929646,0.04441803411021453,0.10504626279190281,-0.13117039942177983,0.047493404616086435,0.11724047871768899,26.2,41.03,3,819.0,491.0,0.0,802.0,429.0,0.0,2,1,0,0.035868580132677234,-0.022357333677066785,-0.019634646408678888,0.07160653628745307,-0.02518637441304071,-0.033815361466830056,0.11759534883242029,-0.05789365953294487,-0.05597013710698235
92,least_connections,78,warmup,373,334,7,medium,0,88.73,58.3,3,373.0,958.0,0.0,334.0,832.0,0.0,1,2,0,-0.04139307540685895,0.04632044330546416,-0.013563219049905121,-0.18846050757852364,0.33612403427669496,-0.0873457729813907,-0.12055565778714392,0.21403104562568837,-0.058775927941357387,24.74,26.75,2,0.0,441.0,425.0,0.0,423.0,433.0,0,1,1,-0.09445620082603769,0.014800179713073694,0.03729650564749985,-0.16406212564261424,0.04018774514733696,0.09504185681172159,-0.1523238137625627,0.0429702232240782,0.10607471883981384,26.2,41.03,3,819.0,491.0,0.0,802.0,429.0,0.0,2,1,0,0.03245252488194607,-0.020228063803060414,-0.017764680084042802,0.06478686616483849,-0.022787672087989222,-0.03059485085094148,0.1063957918007612,-0.05237997767266439,-0.05063964785869832
92,least_connections,79,warmup,353,315,13,medium,1,88.73,58.3,3,373.0,958.0,0.0,334.0,832.0,0.0,1,2,0,-0.03745087774906286,0.04190897251446757,-0.01227148390229511,-0.17051188780914048,0.3041122214884383,-0.07902712793554398,-0.1090741665693207,0.19364713651847995,-0.05317822051837097,34.83,36.59,3,0.0,1219.0,0.0,0.0,1171.0,0.0,0,3,0,-0.08546037217593885,0.09955843924153379,-0.009339442736162263,-0.1484371612956986,0.23747598710609402,-0.023873694177149855,-0.13781678388041388,0.2503659162503565,-0.026453230573501758,26.2,41.03,3,819.0,491.0,0.0,802.0,429.0,0.0,2,1,0,0.029361808226522637,-0.018301581536102285,-0.01607280579032444,0.05861668843485386,-0.020617417603418828,-0.027681055531804197,0.09626285924830774,-0.04739140837050587,-0.045816824253108
92,least_connections,80,warmup,151,106,1,light,0,98.8,63.6,4,524.0,958.0,0.0,440.0,832.0,0.0,2,2,0,0.009199772739510004,0.03791764179880399,-0.011102771149695576,-0.06319329531938112,0.2751491527752537,-0.0715007347988255,-0.05073376975319496,0.17520455208814853,-0.04811362808804993,34.83,36.59,3,441.0,778.0,0.0,423.0,748.0,0.0,1,2,0,-0.03423738888480636,0.046992782896535114,-0.008449971999384905,-0.02030028879134635,0.10085922642932311,-0.021600009017421297,-0.00509316160608872,0.10692332898841778,-0.023933875280787303,26.2,41.03,3,819.0,491.0,0.0,802.0,429.0,0.0,2,1,0,0.026565445538282384,-0.016558573770759213,-0.014542062381722112,0.05303414667915349,-0.018653854022140856,-0.025044764528775226,0.08709496789132604,-0.042877940906648176,-0.041453317181383426
92,least_connections,81,warmup,397,334,8,medium,1,88.73,58.3,3,864.0,467.0,0.0,754.0,412.0,0.0,2,1,0,0.008323603907175708,-0.008777462408791847,-0.010045364373534094,0.14790447883802027,-0.047214258600167314,-0.06469114100846117,0.09614563688996647,-0.031481595729770384,-0.04353137779394994,46.17,47.03,4,441.0,1175.0,0.0,423.0,1082.0,0.0,1,3,0,-0.030976685181491465,0.08560117999028914,-0.007645212761348248,-0.01836692795407527,0.19387943615714268,-0.019542865301476413,-0.004608098595985016,0.19117467860856846,-0.02165445858737899,26.2,41.03,3,819.0,491.0,0.0,802.0,429.0,0.0,2,1,0,0.024035403106065015,-0.014981566744972627,-0.013157104059653339,0.047983275566853154,-0.016877296496222674,-0.02265954885936806,0.07880020904453308,-0.0387943274869674,-0.03750538221172786
92,least_connections,82,warmup,495,448,15,heavy,0,100.0,80.7,4,864.0,467.0,495.0,754.0,412.0,448.0,2,1,1,0.007530879725539924,-0.007941513607954531,0.03399523722213128,0.1338183379963041,-0.04271766254300852,0.24004134861139229,0.08698890956711253,-0.0284833485174113,0.16328113437690245,46.17,47.03,4,838.0,778.0,0.0,757.0,748.0,0.0,2,2,0,0.015057375538741286,0.034364786431123284,-0.006917097260267463,0.08600815361978226,0.07278887761156447,-0.017681640034669134,0.09026529174648973,0.07853304255060956,-0.0195921291981048,26.2,41.03,3,819.0,491.0,0.0,802.0,429.0,0.0,2,1,0,0.021746317095963585,-0.013554750864499046,-0.011904046530162546,0.04341343979858142,-0.015269934925153841,-0.020501496587047294,0.07129542723076801,-0.03509962963106575,-0.03393344104870616
92,least_connections,83,warmup,418,415,20,heavy,2,100.0,80.7,4,1331.0,495.0,0.0,1166.0,448.0,0.0,3,1,0,0.04989755331176968,-0.007185178978625528,-0.012326304644829063,0.40275627406014813,-0.02176042484049978,-0.0813911607801689,0.26508520389405416,-0.009484934372895937,-0.054936116516135884,46.17,47.03,4,838.0,778.0,0.0,757.0,748.0,0.0,2,2,0,0.013623339773146864,0.03109194962815917,-0.006258326092622942,0.07781690089408871,0.06585660355332024,-0.015997674317081597,0.08166859729444309,0.07105370516483722,-0.017726212131618627,34.56,54.87,4,1310.0,0.0,418.0,1231.0,0.0,415.0,3,0,1,0.06275913950405775,-0.0553477224374946,0.032313572413753155,0.12812644553204985,-0.10266327445609157,0.057089122135528636,0.19388633892307583,-0.1611377601423928,0.09445704540037697
92,least_connections,84,warmup,421,428,17,heavy,0,100.0,100.0,5,1331.0,495.0,421.0,1166.0,448.0,428.0,3,1,1,0.045145405377315415,-0.006500876218756432,0.03193152935762631,0.3643985336734673,-0.01968800342711885,0.1802968862782599,0.2398389939993823,-0.00858160728976301,0.1439149421996866,46.17,47.03,4,838.0,778.0,0.0,757.0,748.0,0.0,2,2,0,0.012325878842370963,0.028130811568334496,-0.005662295036182662,0.07040576747560409,0.05958454607205163,-0.01447408628688335,0.07389063564735326,0.06428668562532891,-0.016038001452416854,18.18,28.13,2,491.0,0.0,418.0,429.0,0.0,415.0,1,0,1,-0.02938572185460535,-0.050076510776780825,0.029236089326729046,-0.032276073090050136,-0.09288581974598761,0.05165206288452591,-0.06645204256166157,-0.14579130679549826,0.08546113631462679
92,least_connections,85,warmup,461,412,15,heavy,2,100.0,85.4,4,958.0,495.0,421.0,832.0,448.0,428.0,2,1,1,-0.002238057266329141,-0.005881745150303444,0.02889043132356666,0.10470978443472445,-0.017812955481678938,0.16312575425175896,0.06590194695182211,-0.00776431135740463,0.13020875722828784,46.17,47.03,4,1191.0,425.0,0.0,1072.0,433.0,0.0,3,1,0,0.054235885846045384,-0.01763221356969283,-0.005123028842260504,0.15495215696772344,-0.03734187328174919,-0.013095601878608745,0.15591593225236725,-0.030898355862797655,-0.014510572742662868,27.4,41.87,3,491.0,0.0,879.0,429.0,0.0,827.0,1,0,2,-0.02658708167797627,-0.04530731927423027,0.06953560009379793,-0.029202161367188215,-0.0840395511987507,0.130151866419333,-0.06012327660340808,-0.13190642043402223,0.20157594872910678
92,least_connections,86,warmup,377,347,13,medium,2,100.0,85.4,4,958.0,495.0,421.0,832.0,448.0,428.0,2,1,1,-0.0020249089552501764,-0.005321578945512634,0.02613896167370317,0.09473742401236973,-0.016116483531042836,0.14758996813254383,0.05962557105164856,-0.007024853132889919,0.11780792320654616,46.17,47.03,4,1616.0,0.0,0.0,1505.0,0.0,0.0,4,0,0,0.09215446361127462,-0.059036855361241355,-0.00463512133347379,0.25005875426331436,-0.14364944997600437,-0.011848401699693626,0.2634923910854751,-0.1503812505425312,-0.013128613433837833,34.94,53.43,4,491.0,838.0,418.0,429.0,759.0,415.0,1,2,1,-0.02405497866102614,0.045175463967306394,0.019829261762869334,-0.026421003141741714,0.07560231082017793,0.03433740295082507,-0.05439725026022635,0.1095608577025513,0.05812427107236645
92,least_connections,87,warmup,471,437,15,heavy,0,100.0,100.0,5,958.0,916.0,471.0,832.0,876.0,437.0,2,2,1,-0.0018320604833216014,0.03826913832367451,0.023649536752398104,0.08571481220166788,0.23935492759889776,0.16369251085007933,0.053946945237205834,0.1872632281178615,0.11065954956782749,33.57,33.81,3,1175.0,0.0,0.0,1082.0,0.0,0.0,3,0,0,0.0402939478024911,-0.0534142977077898,-0.004193681206476286,0.1122436348096654,-0.12996854997828966,-0.010719982490198995,0.1187996633630489,-0.13605922668133777,-0.011878269297281849,34.94,53.43,4,491.0,838.0,418.0,429.0,759.0,415.0,1,2,1,-0.02176402831235698,0.04087303882756293,0.017940760642596063,-0.023904717128242506,0.06840209074206575,0.03106717409836554,-0.049216559759252404,0.09912649030230833,0.05258862620833156
92,least_connections,88,warmup,192,114,3,light,1,100.0,86.25,4,467.0,1387.0,0.0,412.0,1313.0,0.0,1,3,0,-0.04474147875928643,0.07770835871008193,-0.021686700307920987,-0.21860723340484023,0.5006544583037646,-0.13599249018326157,-0.14119085907109943,0.3671191111542556,-0.09756993134339417,39.06,37.38,4,1367.0,0.0,0.0,1196.0,0.0,0.0,4,0,0,0.07954032919091598,-0.04832722173561934,-0.0037942829963356875,0.15118641788901702,-0.11759059283750017,-0.00969903177684671,0.13971755256656807,-0.12310120509263893,-0.010747005554683577,34.94,53.43,4,491.0,838.0,418.0,429.0,759.0,415.0,1,2,1,-0.019691263711180115,0.036980368463033125,0.016232116771872626,-0.02162807740174323,0.061887605909488067,0.028108395612806918,-0.04452926835360932,0.08968587217827897,0.047580185617061885
92,least_connections,89,warmup,190,119,1,light,0,100.0,92.2,5,657.0,1387.0,0.0,531.0,1313.0,0.0,2,3,0,0.0026035146826410838,0.07030756264245508,-0.01962130027859518,-0.08318432228691902,0.4529730813224537,-0.12304082445152237,-0.07391077725480422,0.3321553862824217,-0.08827755692973759,27.71,26.94,3,970.0,0.0,0.0,862.0,0.0,0.0,3,0,0,0.028881159517404706,-0.04372462918936988,-0.003432922710970384,0.0341618610832603,-0.10639148875773825,-0.008775314464766072,0.03197659517927581,-0.11137728079810189,-0.009723481216142284,34.94,53.43,4,491.0,1256.0,0.0,429.0,1174.0,0.0,1,3,0,-0.017815905262496295,0.0765423288361683,-0.02839769933792023,-0.019568260506339127,0.13163164344191775,-0.05020668968365088,-0.04028838565326556,0.20630309070098254,-0.08210999079091226
92,least_connections,90,warmup,393,328,9,medium,1,92.47,65.65,3,495.0,892.0,0.0,448.0,865.0,0.0,1,2,0,-0.040728339323415436,0.020527704068797226,-0.017752605013967068,-0.17297629159292677,0.1112613592917438,-0.11132265069423453,-0.10441927465910858,0.09785487330314346,-0.07987017055547686,38.94,37.19,4,970.0,393.0,0.0,862.0,328.0,0.0,3,1,0,0.026130572896699497,0.0035235214363750905,-0.003105977690877966,0.03090835050390217,0.005332870715787821,-0.007939570230026446,0.028931205162201934,-0.008031825483996946,-0.008797435386033494,25.12,39.13,3,0.0,1256.0,0.0,0.0,1174.0,0.0,0,3,0,-0.05920305260711116,0.0692525832327237,-0.02569315654383259,-0.10655223569621158,0.1190952964474494,-0.04542510018996984,-0.16583234892438312,0.18665517730088899,-0.07428999166796824
92,least_connections,91,warmup,471,434,14,heavy,0,100.0,87.35,4,495.0,1363.0,0.0,448.0,1299.0,0.0,1,3,0,-0.03684944986404254,0.061656584860431046,-0.016061880726922585,-0.15650235906026705,0.38476027745443486,-0.10072049348525981,-0.09447458183443155,0.2848686948933203,-0.07226348764543145,33.46,33.62,3,778.0,393.0,0.0,748.0,328.0,0.0,2,1,0,-0.019441953320219724,0.003187947966244123,-0.0028101702917467312,-0.021667954986265392,0.004824978266665184,-0.007183420684309641,-0.0060562905675315415,-0.0072668897236162905,-0.007959584396887447,25.12,39.13,3,0.0,1256.0,0.0,0.0,1174.0,0.0,0,3,0,-0.05356466664452914,0.06265709911532144,-0.02324618925394377,-0.09640440372514382,0.10775288726197804,-0.04109890017187748,-0.15003879188396568,0.16887849374842337,-0.06721475436625697
92,least_connections,92,warmup,469,448,18,heavy,1,100.0,87.35,4,495.0,1363.0,0.0,448.0,1299.0,0.0,1,3,0,-0.03333997844841943,0.055784529159437615,-0.014532177800549006,-0.14159737248309873,0.3481164415063934,-0.09112806553428268,-0.0854770026121047,0.2577383429987184,-0.06538125072681893,36.77,37.78,3,818.0,0.0,469.0,761.0,0.0,448.0,2,0,1,-0.017590338718294046,-0.04019956635253649,0.04054136520089128,-0.009264204171246931,-0.09722638020771109,0.11473880985705319,-0.001803905751576157,-0.09931290022612901,0.11946513792662566,25.12,39.13,3,377.0,879.0,0.0,347.0,827.0,0.0,1,2,0,-0.005379369594483291,0.013605856115676329,-0.021032266467853885,-0.019003984322749176,0.029271659903694458,-0.03718471920312724,-0.03109858948231814,0.04814403402635134,-0.06081334918851821
92,least_connections,93,warmup,410,436,17,heavy,1,100.0,87.35,4,495.0,1363.0,0.0,448.0,1299.0,0.0,1,3,0,-0.03016474240571282,0.050471716858538795,-0.013148160867163387,-0.1281119084370893,0.3149624946962607,-0.08244920215006528,-0.07733633569666612,0.23319183414169764,-0.05915446494331236,36.34,37.88,3,393.0,0.0,879.0,328.0,0.0,884.0,1,0,2,-0.058998968590928166,-0.036371036223723494,0.07976418302756376,-0.11824584459031186,-0.08796672494983385,0.20979769871420462,-0.12405770044190224,-0.08985452877602149,0.231361315266947,25.12,39.13,3,838.0,418.0,0.0,759.0,415.0,0.0,2,1,0,0.03821685154603439,-0.030773839931621638,-0.01902919347091542,0.0662249665651317,-0.056935164849038364,-0.033643317374257985,0.09611714919853756,-0.08069508032536465,-0.05502160164675457
92,least_connections,94,warmup,361,332,9,medium,1,100.0,87.35,4,916.0,942.0,0.0,876.0,871.0,0.0,2,2,0,0.01579199043111243,0.002580986454777723,-0.011895955070290683,0.13802573363628423,0.03102955869344226,-0.0745968971833924,0.12364807722682591,0.017364040413916926,-0.053520706377282616,46.66,48.25,4,393.0,361.0,879.0,328.0,332.0,884.0,1,1,2,-0.05338001920131595,0.010176772214817068,0.07216759416779578,-0.10698433558171073,0.013730786269878226,0.189816965503328,-0.11224268135219727,0.012572093012171034,0.20932690428914252,25.12,39.13,3,838.0,418.0,0.0,759.0,415.0,0.0,2,1,0,0.03457715139879302,-0.027842998033371952,-0.01721688933082824,0.05991782689226202,-0.05151276819674898,-0.030439191910042938,0.08696313498915303,-0.07300983458009183,-0.04978144910896842
92,least_connections,95,warmup,385,316,10,medium,2,100.0,87.35,4,1387.0,471.0,0.0,1313.0,434.0,0.0,3,1,0,0.057371891569192424,-0.040748722005768,-0.010763006968358238,0.4089756637661619,-0.25602087546783797,-0.06749243078497408,0.3095625460623663,-0.181980153911218,-0.04842349624611284,46.66,48.25,4,393.0,361.0,879.0,328.0,332.0,884.0,1,1,2,-0.04829620784880967,0.009207555813405918,0.06529448996133905,-0.09679535124059545,0.012423092339413633,0.17173915926491579,-0.10155290217579753,0.011374750820535698,0.18939100864255753,32.82,49.67,4,838.0,803.0,0.0,759.0,731.0,0.0,2,2,0,0.03128408936081273,0.017892616291801805,-0.015577185585035073,0.05421136718823706,0.023059876393417583,-0.027540221251943612,0.07868093165685275,0.029245070300551845,-0.0450403587176381
92,least_connections,96,warmup,487,449,19,heavy,0,100.0,100.0,5,1387.0,471.0,487.0,1313.0,434.0,449.0,3,1,1,0.051907901895936,-0.03686789133855199,0.03334594154109992,0.37002560055033695,-0.23163793494709145,0.2326814515120076,0.28008039881833136,-0.1646487106815782,0.15930731292018363,46.66,48.25,4,754.0,879.0,0.0,660.0,884.0,0.0,2,2,0,-0.0006126687793085173,0.051414545962696054,-0.027091833345636553,0.005742981530617752,0.14514470259280282,-0.07184144093718504,0.001987850412373676,0.16636286979000847,-0.07858670646625748,32.82,49.67,4,1256.0,385.0,0.0,1174.0,316.0,0.0,3,1,0,0.07138855250558793,-0.02689534262941287,-0.014093644100746018,0.1246864750750716,-0.05477439754881265,-0.02491734303747279,0.19634623975302548,-0.09869890464870706,-0.040750800744529705
92,least_connections,97,warmup,360,320,10,medium,1,100.0,87.4,4,892.0,471.0,487.0,865.0,434.0,449.0,2,1,1,0.0038803919648037755,-0.03335666359202323,0.030170137584804683,0.03621363859316207,-0.20957717923784464,0.21052131327276874,0.05073940845468078,-0.14896788109285644,0.14413518788016616,56.94,58.25,5,754.0,1239.0,0.0,660.0,1204.0,0.0,2,3,0,-0.0005543193717553185,0.08960182276443475,-0.024511658741290215,0.00519603090865417,0.22438262207376033,-0.06499939894316742,0.0017985313254809676,0.2409949774290553,-0.07110225823137582,32.82,49.67,4,1256.0,385.0,0.0,1174.0,316.0,0.0,3,1,0,0.06458964274315097,-0.024333881426611637,-0.01275139228162735,0.11281157268696954,-0.049557788258449545,-0.02254426274818967,0.17764659787178497,-0.08929900896787782,-0.03686977210219354
92,least_connections,98,warmup,393,334,11,medium,0,100.0,100.0,5,1363.0,393.0,487.0,1299.0,334.0,449.0,3,1,1,0.04659473105205601,-0.030179838488021013,0.02729679114815662,0.3168599587271467,-0.23666506692947847,0.1904716643896479,0.2422404171732826,-0.18001855908401296,0.13040802712967414,56.94,58.25,5,754.0,1239.0,0.0,660.0,1204.0,0.0,2,3,0,-0.000501527050635775,0.08106831583448858,-0.02217721505164353,0.004701170822115686,0.203012848542926,-0.05880897999619909,0.0016272426278161334,0.21804307481676433,-0.0643306145902924,32.82,49.67,4,1641.0,0.0,0.0,1490.0,0.0,0.0,4,0,0,0.10152214842294158,-0.06510026913654884,-0.011536973969091412,0.17173428005011532,-0.11450466556716864,-0.020397190105504937,0.2560294615665356,-0.17609592874871485,-0.03335836523531797
92,least_connections,99,warmup,192,102,2,light,2,100.0,100.0,5,1363.0,393.0,487.0,1299.0,334.0,449.0,3,1,1,0.042157137618526866,-0.027305568155828533,0.024697096753094085,0.2866828198007517,-0.2141255367457186,0.1723315058763481,0.21916990125201763,-0.16287393440934508,0.11798821502208613,45.71,48.0,4,361.0,1239.0,0.0,332.0,1204.0,0.0,1,3,0,-0.0435376627963802,0.07334752385025158,-0.020065099332439384,-0.09733839646706541,0.1836782915388378,-0.05320812475846585,-0.09126582809864255,0.1972770676913582,-0.05820388939121694,29.12,41.5,4,1456.0,0.0,0.0,1245.0,0.0,0.0,4,0,0,0.09185337238266143,-0.058900243504496574,-0.010438214543463659,0.12190244385486626,-0.10359945932267639,-0.018454600571647325,0.15775681443321476,-0.15932488791550392,-0.03018137807004959
92,least_connections,100,warmup,374,320,10,medium,1,100.0,100.0,5,1363.0,393.0,487.0,1299.0,334.0,449.0,3,1,1,0.03814217213104812,-0.024705037855273435,0.02234499230041846,0.2593796941054419,-0.19373262848422157,0.1559189815071721,0.19829657732325406,-0.14736213113226462,0.10675124216283984,56.4,58.0,5,721.0,1253.0,0.0,652.0,1204.0,0.0,2,3,0,0.0036926815062229,0.06636204538832285,-0.01815413749125468,0.0049931514957843315,0.16980416853513897,-0.048140684305278625,0.007902346005990074,0.17848877553027645,-0.05266066183014866,19.9,27.77,3,995.0,0.0,0.0,833.0,0.0,0.0,3,0,0,0.04002153192898393,-0.05329069650406833,-0.009444098872657597,0.026873639678212324,-0.09373284414908817,-0.01669701956482377,0.01847838766179749,-0.1441510890664083,-0.027306961110997247
92,least_connections,101,warmup,195,101,7,light,2,100.0,82.7,4,942.0,880.0,0.0,871.0,783.0,0.0,2,2,0,-0.00857431591771382,0.020731723119605222,-0.022867002431140666,-0.019259641841107955,0.11846412978411702,-0.1526764770490665,-0.0142078586122939,0.06979140516604626,-0.1065345904240973,56.4,58.0,5,721.0,1253.0,0.0,652.0,1204.0,0.0,2,3,0,0.003340997553249292,0.06004185058943497,-0.01642517201589709,0.00451761325809058,0.15363234296036382,-0.043555857228585425,0.007149741624467215,0.16148984452739298,-0.04764536070346784,19.96,27.73,3,998.0,0.0,0.0,832.0,0.0,0.0,3,0,0,0.036209957459556893,-0.04821539207510944,-0.008544660884785445,0.024857102566001626,-0.08480590661107977,-0.015106827225316746,0.016416953916229493,-0.13042241391722656,-0.02470629814804513
92,least_connections,102,warmup,196,123,5,light,2,90.07,60.85,3,864.0,487.0,0.0,768.0,449.0,0.0,2,1,0,-0.007757714401741084,-0.02432662692806692,-0.020689192675793937,-0.06447300928481203,-0.12986578733817983,-0.13813586018725066,-0.05944996731588498,-0.08795063342119627,-0.09638843895513564,56.4,58.0,5,721.0,1253.0,0.0,652.0,1204.0,0.0,2,3,0,0.003022807310082698,0.05432357910472688,-0.014860869919144986,0.004087364376367669,0.13900069124985298,-0.03940768034967253,0.006468813850708438,0.14610985933430795,-0.043107707303137566,23.88,31.83,4,1194.0,0.0,0.0,955.0,0.0,0.0,4,0,0,0.07584529030921361,-0.04362344997271807,-0.007730883657663022,0.05795642613114432,-0.07672915360050074,-0.01366808177528658,0.05194867259087432,-0.11800123163939547,-0.022353317372040833
92,least_connections,103,warmup,384,324,9,medium,0,100.0,77.05,4,864.0,871.0,0.0,768.0,773.0,0.0,2,2,0,-0.007018884458718122,0.021074094910887298,-0.018718793373337372,-0.05833272268625844,0.11412143050355161,-0.12498006397894107,-0.05378806566675309,0.06699704595225103,-0.08720858762607511,46.09,47.62,4,1613.0,0.0,0.0,1524.0,0.0,0.0,4,0,0,0.08890272135311336,-0.08010179577599541,-0.01344554897446451,0.2342831255922238,-0.19814223172632348,-0.035654567935418,0.25240035538873623,-0.2082220320308642,-0.039002211369505414,15.52,18.0,3,776.0,0.0,0.0,540.0,0.0,0.0,3,0,0,0.025538029100626372,-0.039468835689602064,-0.006994609023599877,-0.023201328738488458,-0.06942161516235781,-0.012366359701449763,-0.0781575501955582,-0.10676301910231019,-0.020224430003275038
92,least_connections,104,warmup,353,312,11,medium,2,100.0,77.05,4,864.0,871.0,0.0,768.0,773.0,0.0,2,2,0,-0.00635041927217353,0.019067038252707558,-0.01693605114730524,-0.05277722528756712,0.10325272283654668,-0.11307720074285145,-0.04866539274610998,0.06061637490917954,-0.0789030078521632,46.09,47.62,4,1613.0,0.0,0.0,1524.0,0.0,0.0,4,0,0,0.0804357955099597,-0.07247305332113871,-0.012165020500705986,0.21197044696439296,-0.17927154299048315,-0.032258894798711524,0.2283622263040947,-0.18839136231363904,-0.035287715048600135,22.58,28.4,4,776.0,353.0,0.0,540.0,312.0,0.0,3,1,0,0.023105835852947662,0.007374001269498359,-0.0063284557832570315,-0.020991678382441925,0.0010661577102476921,-0.011188611158454547,-0.0707139739864574,-0.0024998744258997035,-0.01829829381248694
92,least_connections,105,warmup,187,114,3,light,0,96.73,61.05,4,964.0,487.0,0.0,772.0,449.0,0.0,3,1,0,0.03733828279002893,-0.025832770379069572,-0.015323093895180932,0.012566637438232942,-0.1381999174336006,-0.10230794352924655,-0.04222106962743283,-0.09172804174883756,-0.0713884356757667,46.09,47.62,4,1613.0,0.0,0.0,1524.0,0.0,0.0,4,0,0,0.0727752435566302,-0.06557085776674455,-0.011006447119686368,0.1917827853487365,-0.16219806270567522,-0.02918661910359614,0.20661344284656186,-0.17044932780757818,-0.03192698028206679,14.88,17.87,3,391.0,353.0,0.0,224.0,312.0,0.0,2,1,0,-0.022178620169328533,0.006671715434308043,-0.005725745708661124,-0.0886591375841141,0.0009646188807002909,-0.010123029143363639,-0.1592808970988583,-0.0022617911472425922,-0.016555599163678658
92,least_connections,106,warmup,483,404,16,heavy,2,96.73,61.05,4,964.0,487.0,0.0,772.0,449.0,0.0,3,1,0,0.033782255857645216,-0.0233725065334439,-0.013863751619449414,0.011369814825067825,-0.12503802053516244,-0.0925643298597945,-0.038200015377201135,-0.08299203777275779,-0.0645895370399794,46.09,47.62,4,1613.0,0.0,0.0,1524.0,0.0,0.0,4,0,0,0.06584426797980827,-0.05932601416991174,-0.009958214060668618,0.17351775817266635,-0.14675062816227757,-0.02640694109372984,0.18693597209927026,-0.15421605849257075,-0.028886315493298523,24.54,31.33,4,391.0,353.0,483.0,224.0,312.0,404.0,2,1,1,-0.020066370629392483,0.006036313964373943,0.037903463633206826,-0.08021541019515084,0.0008727504158716898,0.07824106887029005,-0.14411128785134797,-0.0020463824665528235,0.10686239440746534
92,least_connections,107,warmup,198,114,2,light,0,100.0,66.75,5,1162.0,487.0,0.0,886.0,449.0,0.0,4,1,0,0.07364879838367447,-0.021146553530258766,-0.012543394322358993,0.12971554674648988,-0.1131296376270517,-0.08374867939695693,0.017009509896818042,-0.07508803417535229,-0.05843815255998136,35.8,37.62,3,1253.0,0.0,0.0,1204.0,0.0,0.0,3,0,0,0.016489485088307276,-0.0536759175823011,-0.009009812721557322,0.06393103290452129,-0.1327743778611083,-0.023891994322898426,0.07865635570886353,-0.13952881482661164,-0.02613523782727009,20.62,27.23,3,195.0,353.0,483.0,101.0,312.0,404.0,1,1,1,-0.061239187939064854,0.005461426920147852,0.0342936099538538,-0.10804251398608886,0.0007896313286458179,0.070789538501691,-0.16748164138931487,-0.0018514888983097028,0.09668502351151625
92,least_connections,108,warmup,162,119,8,light,1,97.47,61.05,4,1462.0,0.0,0.0,1221.0,0.0,0.0,4,0,0,0.06663462710903881,-0.06221649627794387,-0.011348785339277185,0.29831406610396716,-0.3961014181705071,-0.07577261469248485,0.16693717562093063,-0.27105584044436637,-0.05287261422093552,40.43,41.34,4,1253.0,162.0,0.0,1204.0,119.0,0.0,3,1,0,0.014919057937039931,-0.005480025204848388,-0.008151735319504243,0.05784236310409063,-0.07825164799678505,-0.021616566292146196,0.0711652742127813,-0.09259452293836291,-0.023646167558006272,16.72,23.87,2,353.0,483.0,0.0,312.0,404.0,0.0,1,1,0,-0.05540688432582058,0.004941291022990915,-0.01205634836374679,-0.0691622745588423,0.024238237868774798,-0.02335232230799387,-0.08789608824112614,0.02607087512375153,-0.03436434380704084
92,least_connections,109,warmup,407,447,21,heavy,2,58.07,38.65,2,871.0,0.0,0.0,773.0,0.0,0.0,2,0,0,-0.025879328307241517,-0.056291115680044454,-0.010267948640298405,-0.08657298781069644,-0.3583774735828398,-0.06855617519796248,-0.05162826967630085,-0.24524099849728387,-0.04783712715227499,40.43,41.34,4,1415.0,0.0,0.0,1323.0,0.0,0.0,4,0,0,0.05658209550312682,-0.04804201826923924,-0.007375379574789553,0.09421111763839496,-0.1126766611127375,-0.019557845692894177,0.09803346238299265,-0.11742183027756645,-0.021394151600100914,24.86,38.77,3,353.0,483.0,407.0,312.0,404.0,447.0,1,1,1,-0.050130038199551946,0.004470691877944161,0.03217577551670075,-0.06257539126752398,0.02192983426222482,0.052519327435624596,-0.07952503221816178,0.0235879346357752,0.10371797465077257
92,least_connections,110,warmup,421,426,16,heavy,0,86.13,59.95,3,871.0,0.0,421.0,773.0,0.0,426.0,2,0,1,-0.023414630373218503,-0.050930057043849744,0.03379385145696357,-0.07832794135253485,-0.32424628562256935,0.19190949228120857,-0.04671129161189125,-0.22188471292611398,0.14943307543365597,4.63,3.72,1,162.0,0.0,0.0,119.0,0.0,0.0,1,0,0,-0.07805837617744307,-0.04346658795788312,-0.006672962472428643,-0.2386661316604998,-0.10194555053057203,-0.01769519372214235,-0.25171972451062574,-0.10623879882256011,-0.019356613352472254,24.86,38.77,3,353.0,483.0,407.0,312.0,404.0,447.0,1,1,1,-0.04535574884721366,0.004044911699092338,0.029111415943681627,-0.05661583019442645,0.01984127861820341,0.047517486727469874,-0.0719512196259559,0.021341464670463273,0.09384007230307995
92,least_connections,111,warmup,415,433,17,heavy,1,86.13,59.95,3,871.0,0.0,421.0,773.0,0.0,426.0,2,0,1,-0.021184665575769118,-0.04607957542062596,0.030575389413443232,-0.07086813741419817,-0.29336568699184845,0.17363239777823633,-0.04226259717266351,-0.2007528355045793,0.13520135396378397,16.49,17.25,2,162.0,0.0,415.0,119.0,0.0,433.0,1,0,1,-0.07062424511292469,-0.0393269129142752,0.03704645798979812,-0.21593602388330937,-0.09223645048004135,0.09126897438744944,-0.22774641741437568,-0.0961208179823163,0.10491246887157273,24.86,38.77,3,353.0,483.0,407.0,312.0,404.0,447.0,1,1,1,-0.04103615371890759,0.003659682013464491,0.026338900139521473,-0.05122384636638584,0.017951633035517375,0.04299201180104417,-0.06509872251872202,0.01930894422565725,0.08490292255992947
92,least_connections,112,warmup,389,304,13,medium,1,60.53,43.75,2,487.0,421.0,0.0,449.0,426.0,0.0,1,1,0,-0.06225097860483418,0.0013928557985719708,-0.01542045266221349,-0.29573783861284597,-0.011489589818021617,-0.09684052899429413,-0.1848090164895527,0.011080767876809172,-0.07038925117562403,27.6,26.75,3,162.0,389.0,415.0,119.0,304.0,433.0,1,1,1,-0.06389812653074138,0.0075024075900321785,0.033518223895531635,-0.19537068827537515,0.017105796504452375,0.08257669111245425,-0.20605628242253038,-0.0010140734125718975,0.09492080516951817,24.86,38.77,3,353.0,483.0,407.0,312.0,404.0,447.0,1,1,1,-0.03712794860282115,0.003311140869325019,0.023830433459567046,-0.046345384807682424,0.016241953698801437,0.038897534486659016,-0.05889884418360565,0.01746999715654704,0.07681692993517428
92,least_connections,113,warmup,433,437,17,heavy,0,89.4,65.6,3,487.0,421.0,433.0,449.0,426.0,437.0,1,1,1,-0.056322313975802354,0.001260202865374635,0.029132062103802307,-0.26757233017352733,-0.010395343168686233,0.17355698170357517,-0.167208157776262,0.01002545665044638,0.13400496322205446,27.6,26.75,3,162.0,389.0,415.0,119.0,304.0,433.0,1,1,1,-0.057812590670670766,0.006787892581457691,0.030326012095957193,-0.17676395605867276,0.015476673027837867,0.07471224433983956,-0.18643187457276555,-0.0009174949923269615,0.08588072848670693,24.86,38.77,3,353.0,483.0,407.0,312.0,404.0,447.0,1,1,1,-0.03359195349779055,0.0029957941198654886,0.02156086836817971,-0.041931538635522195,0.014695100965582256,0.03519300739269149,-0.053289430451833694,0.01580618790354256,0.06950103184611006
92,least_connections,114,warmup,353,336,11,medium,0,100.0,82.4,4,487.0,774.0,433.0,449.0,762.0,437.0,1,2,1,-0.05095828407334499,0.04422408377162013,0.026357579998678278,-0.24208925110938184,0.20351532443468068,0.15702774535085373,-0.1512835713213799,0.1610706512551658,0.12124258577233499,27.6,26.75,3,162.0,804.0,0.0,119.0,737.0,0.0,1,2,0,-0.0523066296544164,0.049225326848076234,-0.015646079758986575,-0.15992929357689442,0.12128161573266963,-0.03968211906667578,-0.16867645794678787,0.12159548072122799,-0.044723983750122306,24.86,38.77,3,353.0,483.0,407.0,312.0,404.0,447.0,1,1,1,-0.030392719831334306,0.002710480394164008,0.019507452333114975,-0.03793805876547246,0.01329556754028871,0.03184129240291135,-0.04821424659927813,0.014300836674633749,0.06288188595600434
92,least_connections,115,warmup,425,440,19,heavy,1,80.47,59.95,3,0.0,774.0,433.0,0.0,762.0,437.0,0,2,1,-0.08918901438835522,0.04001226626956107,0.02384733428451844,-0.5127791637021392,0.1841329125837587,0.14207272198410575,-0.33999465976696275,0.1457305892308643,0.10969567284163642,39.74,40.5,4,162.0,804.0,425.0,119.0,737.0,440.0,1,2,1,-0.04732504587780531,0.044537200481592785,0.02892792330195999,-0.14469793228385686,0.10973098566289158,0.07396107594647702,-0.15261203338042711,0.11001495874777771,0.08394020517846078,17.8,28.37,2,483.0,0.0,407.0,404.0,0.0,447.0,1,0,1,-0.027498175085492946,-0.04063156082251374,0.017649599729961166,-0.01080110078780841,-0.07537067698735783,0.028808788364538845,-0.015876381843791337,-0.1089024176118393,0.05689313491257536
92,least_connections,116,warmup,356,329,13,medium,2,80.47,59.95,3,0.0,1207.0,0.0,0.0,1199.0,0.0,0,3,0,-0.0806948225418452,0.07928547447064596,-0.02150774063600259,-0.463943052873364,0.427771047893242,-0.13263261661755513,-0.30761421597963295,0.3295419616850677,-0.09844201028613847,35.11,36.78,3,0.0,804.0,425.0,0.0,737.0,440.0,0,2,1,-0.08590179887810503,0.040295562340488714,0.02617288298748761,-0.17279472784865962,0.09928041559975906,0.06691716395157445,-0.17172338734419598,0.09953734362894173,0.07594589992336928,24.92,39.33,3,483.0,763.0,0.0,404.0,776.0,0.0,1,2,0,-0.024879301267826948,0.049405912090288016,-0.027115214756792502,-0.009772424522302842,0.06987414939239055,-0.047582524813036285,-0.014364345477715978,0.1355009872400819,-0.08333478269814609
92,least_connections,117,warmup,168,122,6,light,0,91.67,66.05,4,168.0,1207.0,0.0,122.0,1199.0,0.0,1,3,0,-0.02992570112062637,0.07173447690201301,-0.019459384384954724,-0.3184246668854246,0.3870309480938856,-0.12000093884445463,-0.2231271477910965,0.2981570129531565,-0.08906658073507766,35.11,36.78,3,0.0,804.0,425.0,0.0,737.0,440.0,0,2,1,-0.07772067517542837,0.036457889736632644,0.02368022746486974,-0.15633808710116823,0.08982513792359154,0.060544100718091166,-0.15536877902570112,0.09005759661666157,0.06871295707352458,24.92,39.33,3,483.0,763.0,0.0,404.0,776.0,0.0,1,2,0,-0.022509844004224372,0.0447005871293082,-0.024532813351383694,-0.008841717424940665,0.06321946849787717,-0.043050855783223305,-0.012996312575076358,0.12259613131245506,-0.07539813672689409
92,least_connections,118,warmup,363,343,12,medium,1,91.67,66.05,4,521.0,854.0,0.0,458.0,863.0,0.0,2,2,0,0.016008265879523975,0.02181872173220678,-0.017606109681625702,-0.07517787321379688,0.13725022287859495,-0.10857227800212563,-0.049876943239563515,0.11776110695761777,-0.08058404923649884,45.49,47.5,4,389.0,778.0,425.0,304.0,776.0,440.0,1,2,1,-0.027234805884344487,0.03298570976171525,0.021424967706310718,-0.04089092234323384,0.07454927444787535,0.05477799588779676,-0.054619371499443875,0.09250746836745571,0.06216886592366509,24.92,39.33,3,483.0,763.0,0.0,404.0,776.0,0.0,1,2,0,-0.020366049337155384,0.04044338835508837,-0.0221963549369662,-0.007999649098755834,0.057198566736174586,-0.03895077428005918,-0.011758568520307183,0.11092030928269744,-0.06821736180052322
92,least_connections,119,warmup,191,106,8,light,2,91.67,66.05,4,942.0,433.0,0.0,884.0,437.0,0.0,3,1,0,0.05756756935585049,-0.023343151992855984,-0.01592933733099468,0.1859184321716441,-0.12975773485587444,-0.09823206104954224,0.14758752754515686,-0.08616852227644109,-0.0729093778806418,45.49,47.5,4,389.0,778.0,425.0,304.0,776.0,440.0,1,2,1,-0.024641014847740242,0.029844213593932842,0.019384494591423985,-0.036996548786735375,0.06744934354807769,0.04956104389848279,-0.049417526594734945,0.08369723328484088,0.05624802154998271,28.74,42.87,4,483.0,954.0,0.0,404.0,882.0,0.0,1,3,0,-0.018426425590759632,0.07967553730993256,-0.02008241637154085,-0.00723777775601718,0.08631298895177698,-0.03524117672957735,-0.01063870485170651,0.13232472427164688,-0.061720470200473394
92,least_connections,120,warmup,362,309,10,medium,0,100.0,81.5,5,942.0,795.0,0.0,884.0,746.0,0.0,3,2,0,0.05208494370291235,0.021963905566554337,-0.014412257585185663,0.16821191482196374,0.10094935100341523,-0.08887662666387156,0.13353157254085624,0.06182371794036284,-0.06596562760629497,45.49,47.5,4,389.0,1203.0,0.0,304.0,1216.0,0.0,1,3,0,-0.022294251528907835,0.07008580776412518,-0.025545547977373764,-0.03347306794990344,0.17088954212173013,-0.06502300109865163,-0.04471109549047447,0.20013083011485605,-0.0735136947881109,28.74,42.87,4,674.0,763.0,0.0,510.0,776.0,0.0,2,2,0,0.026412372311308177,0.029003490672705426,-0.01816980528853696,0.02801343917312732,0.043530799527798245,-0.03188487418390332,0.02234275910242428,0.08775411561085514,-0.05584233018138069
92,least_connections,121,warmup,358,345,16,medium,1,100.0,81.5,5,942.0,795.0,0.0,884.0,746.0,0.0,3,2,0,0.047124472874063544,0.019872105036406296,-0.01303966162469179,0.1521917324579672,0.09133512709832808,-0.08041218602921713,0.12081427991791754,0.055935744803185417,-0.059683186881885925,55.71,58.28,5,804.0,788.0,358.0,737.0,783.0,345.0,2,2,1,0.022912910748221715,0.020327068702689216,0.019971261580562057,0.07699375484804652,0.0473354360693205,0.03371388335972336,0.08197269931814213,0.05864515581820309,0.03103225233456633,28.74,42.87,4,674.0,763.0,0.0,510.0,776.0,0.0,2,2,0,0.023896908281659773,0.0262412534657811,-0.01643934764200963,0.025345492585210433,0.03938500909657937,-0.02884821949972205,0.020214877283145777,0.07939658079077372,-0.050524013021249196
92,least_connections,122,warmup,380,338,5,medium,2,100.0,81.5,5,942.0,795.0,0.0,884.0,746.0,0.0,3,2,0,0.04263642783843845,0.01797952360436761,-0.011797789089006859,0.13769728174768459,0.08263654356515399,-0.07275388259786311,0.10930815802097305,0.050608531012405866,-0.05399907384551584,55.71,58.28,5,804.0,788.0,358.0,737.0,783.0,345.0,2,2,1,0.020730728772200613,0.018391157397671193,0.018069236668127577,0.0696610162910897,0.042827299300813804,0.030503037325464,0.07416577557355716,0.05305990288313614,0.02807679973127429,26.68,40.67,4,927.0,407.0,0.0,773.0,447.0,0.0,3,1,0,0.0647049124815924,-0.01934181375771732,-0.01487369548562776,0.0687125885294761,-0.028784991769761542,-0.026100770023558047,0.09760711119268745,-0.027387220554379338,-0.0457122022573207
92,least_connections,123,warmup,400,340,10,medium,2,100.0,75.4,4,1569.0,0.0,0.0,1508.0,0.0,0.0,4,0,0,0.08165971589010644,-0.06990061243051547,-0.010674190128149063,0.4611546834860003,-0.40475741296486073,-0.06582494139806662,0.3811835715427851,-0.2916875195602042,-0.04885630490784766,55.71,58.28,5,1167.0,783.0,0.0,1080.0,785.0,0.0,3,2,0,0.06184027387779602,0.01663961859789298,-0.02673554324130861,0.15686336848105392,0.03745599188440979,-0.06494623153546454,0.16408153504274223,0.04857205498950412,-0.0721418240526566,34.68,52.0,5,1334.0,400.0,0.0,1220.0,340.0,0.0,4,1,0,0.10162644009105525,-0.01749973625698234,-0.013457153058425117,0.13581615152666884,-0.027310230648831868,-0.023614982402266803,0.22312071965052677,-0.05704875510475592,-0.04135865918519492
92,least_connections,124,warmup,407,418,17,heavy,0,100.0,96.3,5,1569.0,0.0,407.0,1508.0,0.0,418.0,4,0,1,0.07388260009104869,-0.06324341124665686,0.0334262996346225,0.417235189820667,-0.36620908792058826,0.18593616413190797,0.344880374252996,-0.2639077557925657,0.14489191460718542,55.71,58.28,5,1167.0,783.0,0.0,1080.0,785.0,0.0,3,2,0,0.05595072398467259,0.015054893017141274,-0.024189301027850645,0.14192400005428688,0.033888754562085066,-0.05876087615113459,0.1484547221815287,0.04394614499050373,-0.06527117414287978,34.68,52.0,5,1334.0,400.0,0.0,1220.0,340.0,0.0,4,1,0,0.09194773151095474,-0.015833094708698314,-0.012175519433813202,0.12288127995270037,-0.024709256301324076,-0.021365936459193775,0.20187112730285756,-0.051615540332874424,-0.037419739262795404
92,least_connections,125,warmup,151,108,5,light,0,100.0,84.9,5,1367.0,0.0,407.0,1280.0,0.0,418.0,4,0,1,0.06684616198713929,-0.05722022922316573,0.030242842526563216,0.2972762828536194,-0.3313320319281513,0.1682279580241072,0.2088917671812821,-0.23877368381232136,0.13109268464459634,44.6,48.78,4,778.0,783.0,0.0,776.0,785.0,0.0,2,2,0,0.007538183378422603,0.013621093682175428,-0.02188555807281725,0.02784960549129359,0.03066125412760079,-0.053164602231978914,0.048363796259478314,0.039760797848550994,-0.05905487184355789,34.68,52.0,5,1334.0,400.0,0.0,1220.0,340.0,0.0,4,1,0,0.08319080470038763,-0.014325180926917522,-0.01101594615440242,0.11117830090958605,-0.022355993796436074,-0.019331085367841987,0.18264530565496637,-0.046699774586886386,-0.033855954571100605
92,least_connections,126,warmup,426,402,17,heavy,1,90.2,63.6,4,946.0,0.0,407.0,854.0,0.0,418.0,3,0,1,0.017395960618749623,-0.051770683582864234,0.02736257180974767,0.015027747978671568,-0.29977660031594644,0.15220624773609698,-0.0037169725502685935,-0.21603333297305266,0.11860766705939671,56.77,61.34,5,778.0,783.0,426.0,776.0,785.0,402.0,2,2,1,0.006820261151906176,0.012323846664825389,0.023282681018017948,0.025197262111170377,0.027741134686876917,0.06202114219827759,0.043757720425242286,0.03597405519630803,0.06023011595106666,34.68,52.0,5,1734.0,0.0,0.0,1560.0,0.0,0.0,5,0,0,0.11835177114615571,-0.056044778208254174,-0.009966808425411713,0.17297084368010168,-0.09260780391106122,-0.0174900296185237,0.2677901971798902,-0.14479185954686546,-0.0306315779452815
92,least_connections,127,warmup,389,344,12,medium,0,100.0,80.8,5,946.0,796.0,0.0,854.0,762.0,0.0,3,2,0,0.01573920246458299,0.03932765816425662,-0.018327287636985667,0.013596533885464779,0.20890053622208016,-0.10778164887369002,-0.0033629751645287698,0.14925555588152378,-0.0817835393272125,56.77,61.34,5,1203.0,358.0,426.0,1216.0,345.0,402.0,3,1,1,0.04925461269752962,-0.0319337532442963,0.021065282825825763,0.13266146844071877,-0.084764823718676,0.056114366750822584,0.16399508038474303,-0.09185680720334033,0.05449391443191745,23.26,37.2,3,1163.0,0.0,0.0,1116.0,0.0,0.0,3,0,0,0.020912373440626145,-0.05070718028365854,-0.009017588575372503,0.053173620472472954,-0.08378801306238871,-0.015824312511997635,0.10838160697228161,-0.13100215863764017,-0.02771428480763564
92,least_connections,128,warmup,409,413,16,heavy,2,100.0,80.8,5,946.0,796.0,0.0,854.0,762.0,0.0,3,2,0,0.014240230801289389,0.03558216691051789,-0.01658183167155846,0.012301625896372959,0.18900524705807248,-0.09751672993333858,-0.0030426918155260774,0.13504074103566438,-0.07399463081985892,44.91,47.81,4,788.0,358.0,426.0,783.0,345.0,402.0,2,1,1,0.001479796975769443,-0.02889244341150618,0.019059065413842356,0.012748131310310218,-0.07669198336451638,0.05077014134598233,0.025950906062386564,-0.08310853985064123,0.049304017819353896,31.44,50.97,4,1163.0,0.0,409.0,1116.0,0.0,413.0,3,0,1,0.018920718827233174,-0.045877925018548205,0.03492512961094415,0.04810946614176123,-0.07580820229454217,0.05969228867962119,0.09805954916539766,-0.11852576257691254,0.0994807264438852
92,least_connections,129,warmup,414,421,18,heavy,1,100.0,80.8,5,946.0,796.0,0.0,854.0,762.0,0.0,3,2,0,0.012884018344023723,0.03219338910951619,-0.015002609607600512,0.011130042477670798,0.17100474733825605,-0.08822942232063967,-0.0027529116426188716,0.12217971807988681,-0.0669475231227295,56.74,60.97,5,788.0,784.0,414.0,783.0,747.0,421.0,2,2,1,0.0013388639304580674,0.016943118092537485,0.01724391632680975,0.011534023566471152,0.04073446403074368,0.04283284897289556,0.023479391199302146,0.03846727346846743,0.04998042088417734,24.32,40.0,3,807.0,0.0,409.0,787.0,0.0,413.0,2,0,1,-0.025965154621165443,-0.04150859882630552,0.03159892679085423,-0.020891435395549357,-0.06858837350458577,0.05400730880537155,-0.010501677739243431,-0.10723759471244468,0.09000637154446757
92,least_connections,130,warmup,361,322,14,medium,2,53.07,38.1,2,0.0,796.0,0.0,0.0,762.0,0.0,0,2,0,-0.11759473170234587,0.02912735205146702,-0.013573789644971891,-0.5605331361709963,0.15471858092508878,-0.07982662019486446,-0.3888240629147504,0.11054355445323094,-0.06057156853961241,46.37,50.25,4,783.0,426.0,414.0,785.0,402.0,421.0,2,1,1,0.0012113530799382488,-0.027754412428747252,0.015601638581399298,0.009143028124766445,-0.05568922642116389,0.03875353002309598,0.02180873489460669,-0.06274091924281519,0.04522038079996997,23.4,35.83,3,400.0,770.0,0.0,340.0,735.0,0.0,1,2,0,-0.06657618297924038,0.04861240151542879,-0.01449439503503211,-0.09254939392930654,0.07727718587680335,-0.02514576822371145,-0.14431104176407733,0.12464217621255005,-0.04312121939627537
92,least_connections,131,warmup,361,307,11,medium,0,77.13,53.45,3,0.0,1157.0,0.0,0.0,1069.0,0.0,0,3,0,-0.1063952334449796,0.06943721874951324,-0.012281047774022188,-0.5071490279642348,0.35772950972587403,-0.0722240849382107,-0.3517931997800123,0.23889654926720894,-0.05480284772631599,46.37,50.25,4,783.0,426.0,414.0,785.0,402.0,421.0,2,1,1,0.0010959861199441312,-0.025111135054580846,0.014115768240313652,0.008272263541455355,-0.050385490571529246,0.03506271763994398,0.01973171252369177,-0.05676559360064232,0.04091367786663949,23.4,35.83,3,400.0,770.0,0.0,340.0,735.0,0.0,1,2,0,-0.06023559412407463,0.04398264899014986,-0.013113976460267147,-0.08373516593603923,0.06991745388853637,-0.022750933154786553,-0.1305671330246414,0.11277149276373577,-0.0390144365966301
92,least_connections,132,warmup,356,329,13,medium,0,100.0,69.9,4,389.0,1124.0,0.0,344.0,1054.0,0.0,1,3,0,-0.05317845384250988,0.06282415029717864,-0.011111424176496265,-0.22421419990414893,0.3037552707043622,-0.0653456006583811,-0.1626700378962016,0.20935878267033198,-0.049583528895238274,46.37,50.25,4,783.0,426.0,414.0,785.0,402.0,421.0,2,1,1,0.0009916064894732735,-0.022719598382716005,0.01277140936028378,0.007484428918459601,-0.0455868724218598,0.031723411198044546,0.0178525018071497,-0.051359346591057314,0.03701713711743573,23.4,35.83,3,400.0,770.0,0.0,340.0,735.0,0.0,1,2,0,-0.05449887087416276,0.03979382527680225,-0.011865026321194086,-0.07576038822784502,0.06325864875629482,-0.020584177616235454,-0.11813216797467559,0.10203135059576093,-0.03529877596837962
92,least_connections,133,warmup,196,110,5,light,2,100.0,69.9,4,389.0,1124.0,0.0,344.0,1054.0,0.0,1,3,0,-0.048113839190842264,0.05684089788792353,-0.01005319330254424,-0.20286046657994428,0.27482619730394675,-0.059122210119487664,-0.1471776533346586,0.18941985098744324,-0.044861288048072726,46.37,50.25,4,783.0,840.0,0.0,785.0,823.0,0.0,2,2,0,0.0008971677761901165,0.022528073118585734,-0.031528815567452996,0.006771626164320588,0.06577514263872547,-0.07831827422217738,0.01615226353980212,0.07256475784618627,-0.08554104260803434,19.32,28.17,3,196.0,770.0,0.0,110.0,735.0,0.0,1,2,0,-0.04930850221948059,0.03600393715520204,-0.010735023814413698,-0.10545939887281218,0.0572340155414096,-0.018623779748022554,-0.17624656467550015,0.09231407911045036,-0.031936987780914895
92,least_connections,134,warmup,351,348,6,medium,2,100.0,69.9,4,796.0,717.0,0.0,762.0,636.0,0.0,2,2,0,-0.00044766856495706553,0.008343578814697244,-0.009095746321349551,0.061951641348304276,0.003160210259126439,-0.05349152344144122,0.055934504125785045,-0.017715372916122796,-0.04058878442444675,34.23,36.5,3,358.0,840.0,0.0,345.0,823.0,0.0,1,2,0,-0.04227217700068059,0.020382542345387084,-0.028526071227695567,-0.10373723619146508,0.059510843339799224,-0.07085939096292239,-0.10979080917827425,0.06565382852750187,-0.07739427664536441,26.34,39.77,4,547.0,770.0,0.0,458.0,735.0,0.0,2,2,0,-0.001528554162296497,0.032574990759468514,-0.009712640593993346,-0.03190136088492529,0.05178315691841821,-0.016850086438687073,-0.05450879661116678,0.08352226205231222,-0.028895369897018238
92,least_connections,135,warmup,415,405,20,heavy,1,100.0,69.9,4,1157.0,356.0,0.0,1069.0,329.0,0.0,3,1,0,0.042678866763224785,-0.03553494796584081,-0.008229484766935309,0.27379751677544995,-0.2148867938925364,-0.04839709263749444,0.18948836087571025,-0.1549091469241111,-0.03672318590783277,46.09,49.16,4,358.0,840.0,415.0,345.0,823.0,405.0,1,2,1,-0.038246255381568145,0.018441347836302607,0.01727459768741376,-0.09385749941132554,0.05384314397410406,0.043168034026743685,-0.0993345416374862,0.05940108295345409,0.044485535416098856,26.34,39.77,4,547.0,770.0,0.0,458.0,735.0,0.0,2,2,0,-0.001382977575411115,0.02947261068713819,-0.008787627204089217,-0.02886313603874191,0.04685142768809267,-0.015245316301669257,-0.04931748264819852,0.07556776090447298,-0.026143429906826027
92,least_connections,136,warmup,381,313,8,medium,0,100.0,85.55,5,1157.0,737.0,0.0,1069.0,642.0,0.0,3,2,0,0.0386142127857748,0.010933233019568056,-0.00744572431294147,0.24772156279683566,0.03538813885913378,-0.04378784571963783,0.1714418503161188,0.001439343259137582,-0.03322573963089632,46.09,49.16,4,784.0,414.0,415.0,747.0,421.0,405.0,2,1,1,0.008480145357719515,-0.02639887123200739,0.01562939790766007,0.025203759036011575,-0.06140722347921197,0.03905679269086333,0.02378660518513151,-0.05991687732782727,0.04024881775742277,26.34,39.77,4,547.0,770.0,0.0,458.0,735.0,0.0,2,2,0,-0.0012512654253719613,0.026665695383601223,-0.007950710327509292,-0.026114265939814085,0.042389386955893366,-0.013793381415795995,-0.044620579538846294,0.06837083129452315,-0.023653579439509263
92,least_connections,137,warmup,430,400,16,heavy,1,100.0,85.55,5,1538.0,356.0,0.0,1382.0,329.0,0.0,4,1,0,0.07802056893769647,-0.03319192749476722,-0.006736607711708949,0.43101792189554966,-0.1977916838893552,-0.03961757469871994,0.2967092931431551,-0.14029297514649455,-0.03006138347557286,48.14,50.88,4,426.0,414.0,845.0,402.0,421.0,805.0,1,1,2,-0.03541138776024923,-0.023884693019435257,0.05722478404797362,-0.06974081665449294,-0.05555891648119178,0.14649356073391034,-0.07602342864202388,-0.05421050805851038,0.1495108351138587,26.34,39.77,4,1317.0,0.0,0.0,1193.0,0.0,0.0,4,0,0,0.08503570316389249,-0.06204169510644696,-0.0071934998201274546,0.11570614034016824,-0.10098103084942982,-0.012479726042863043,0.18129566613152,-0.15980734311447906,-0.021400857588127428
92,least_connections,138,warmup,187,119,5,light,1,100.0,85.55,5,1894.0,0.0,0.0,1711.0,0.0,0.0,5,0,0,0.11367393878943513,-0.073114691769642,-0.0060950260248795254,0.3899685960007354,-0.3936845393919563,-0.0358444723464609,0.4172845985580928,-0.27576507275159035,-0.02719839457313735,53.49,54.59,5,613.0,414.0,845.0,521.0,421.0,805.0,2,1,2,0.011045025586531865,-0.021609960350917612,0.051774804614833275,-0.014758698061548031,-0.05026759110203065,0.1325417930449665,-0.035137268771354924,-0.04904760252912843,0.1352717079601579,22.42,36.1,3,1121.0,0.0,0.0,1083.0,0.0,0.0,3,0,0,0.033853164540573924,-0.0561329622391663,-0.006508404599162935,0.06921984126015221,-0.09136378981615079,-0.011291180705447516,0.1308548090396292,-0.14458759615119535,-0.019362680674972436
92,least_connections,139,warmup,384,323,8,medium,2,100.0,68.35,4,1505.0,0.0,0.0,1367.0,0.0,0.0,4,0,0,0.05976394915416014,-0.06615138779158086,-0.00551454735584338,0.35282872971495105,-0.3561907737355795,-0.032430713075369384,0.22192416060017917,-0.2495017324895341,-0.024608071280457604,53.49,54.59,5,613.0,844.0,415.0,521.0,821.0,405.0,2,2,1,0.009993118387814554,0.02353203133783191,0.0037599706152346424,-0.013353107769972034,0.06567626111176816,0.008762302550888057,-0.031790862221702076,0.06871883580697905,0.009293450059190439,30.1,46.87,4,1121.0,384.0,0.0,1083.0,323.0,0.0,3,1,0,0.03062905363194783,-0.007703065608678811,-0.005888556542099799,0.06262747542585201,-0.013176762214612628,-0.010215830162071561,0.11839244627395024,-0.03340465048600216,-0.017518615848784586
92,least_connections,140,warmup,187,123,5,light,0,100.0,74.5,5,1692.0,0.0,0.0,1490.0,0.0,0.0,5,0,0,0.09715604469956893,-0.059851255620954114,-0.004989352369572582,0.3192259935516224,-0.32226784290361954,-0.029342073734858014,0.25643138340016214,-0.2257396627286261,-0.022264445444223548,53.49,54.59,5,1027.0,430.0,415.0,942.0,400.0,405.0,3,1,1,0.05212529305382768,-0.021793014730623728,0.0034018781756884886,0.09493902494281442,-0.04759902906214172,0.007927797546041573,0.09026957703750765,-0.056858553317495175,0.008408359577362773,23.08,35.27,3,1154.0,0.0,0.0,1058.0,0.0,0.0,3,0,0,0.02771200090509565,-0.05005334053937153,-0.005327741633328389,0.06263438252815182,-0.0814075467656019,-0.009242893956159985,0.09957729266055815,-0.12763595361431943,-0.015850176244138436
92,least_connections,141,warmup,393,306,10,medium,2,85.67,53.6,4,1285.0,0.0,0.0,1072.0,0.0,0.0,4,0,0,0.04481918783475736,-0.0541511360380061,-0.004514175953422812,0.15914097829273777,-0.2915756673889891,-0.026547590522014393,0.04291410879062291,-0.2042406472306617,-0.02014402206858321,53.49,54.59,5,1027.0,845.0,0.0,942.0,805.0,0.0,3,2,0,0.04716097942965361,0.02336641070857398,-0.040006010448753494,0.08589721304349876,0.06421312336554527,-0.10010614235630252,0.08167247446250694,0.06306547556988534,-0.10690136514429081,30.94,45.47,4,1154.0,393.0,0.0,1058.0,306.0,0.0,3,1,0,0.025072762723657965,-0.002202455499340686,-0.004820337668249495,0.05666920323975641,-0.002540161359354101,-0.008362618341287605,0.09009374097860023,-0.02319443422247948,-0.014340635649458585
92,least_connections,142,warmup,390,317,11,medium,0,87.6,54.1,4,924.0,390.0,0.0,765.0,317.0,0.0,3,1,0,-0.0025332064715007097,-0.005909984760010062,-0.0040842544340492105,-0.07376133710022137,-0.02856846097099014,-0.024019248567536833,-0.10005390157038879,-0.041384395113455846,-0.01822554377633719,53.49,54.59,5,1027.0,845.0,0.0,942.0,805.0,0.0,3,2,0,0.04266945757921041,0.021141038260138356,-0.036195914215538874,0.07771652608697507,0.058097587806921924,-0.09057222403665467,0.07389414356131582,0.057059239801324824,-0.09672028274959645,30.94,45.47,4,1154.0,393.0,0.0,1058.0,306.0,0.0,3,1,0,0.022684880559500062,-0.0019926978327368117,-0.004361257890320972,0.051272136264541524,-0.0022982412298918065,-0.007566178499260214,0.08151338469492403,-0.02098544048700525,-0.012974860825700625
92,least_connections,143,warmup,442,447,16,heavy,0,100.0,76.45,5,924.0,390.0,442.0,765.0,317.0,447.0,3,1,1,-0.0022919487123101434,-0.005347129068580536,0.03938862240547475,-0.06673644785258126,-0.025847655164229155,0.24487147351826033,-0.09052495856368509,-0.037443024150269594,0.1857245080118854,35.97,38.31,3,414.0,845.0,0.0,421.0,805.0,0.0,1,2,0,-0.04756210073899103,0.019127606044887085,-0.03274868429024946,-0.08814763286008377,0.052564484206262696,-0.08194629793792566,-0.08044994153976187,0.051625026486912945,-0.08750882724963488,30.94,45.47,4,1154.0,393.0,0.0,1058.0,306.0,0.0,3,1,0,0.020524415744309576,-0.0018029170867618766,-0.0039458999960046886,0.04638907566791853,-0.002079361112759262,-0.006845590070759241,0.07375020520016934,-0.018986827107290466,-0.011739159794681518
92,least_connections,144,warmup,500,419,17,heavy,1,91.67,60.8,4,543.0,390.0,442.0,452.0,317.0,447.0,2,1,1,-0.04515756810932367,-0.004837878681096669,0.03563732503352478,-0.29019011948566875,-0.023385973720016884,0.22155038080223555,-0.22349877203381027,-0.03387702185024394,0.16803645962980107,50.26,51.41,4,414.0,845.0,500.0,421.0,805.0,419.0,1,2,1,-0.04303237685908712,0.01730592927870736,0.013454138249865001,-0.07975262020674244,0.04755834285328531,0.055109812069767936,-0.07278804234549885,0.046708357297683134,0.03929260867890179,15.54,20.97,2,777.0,0.0,0.0,629.0,0.0,0.0,2,0,0,-0.024514190743810615,-0.04471511092430383,-0.0035700999963851946,-0.026247979157597523,-0.07299561243535362,-0.006193629111639313,-0.06265457624746584,-0.10946427214469137,-0.01062114457614042
92,least_connections,145,warmup,197,121,5,light,2,55.47,38.2,2,0.0,832.0,0.0,0.0,764.0,0.0,0,2,0,-0.12702464779052186,0.03870677189624133,-0.010840606148806381,-0.5900767747727479,0.24544443647554026,-0.06615283006781865,-0.4066893651734474,0.17156364689739836,-0.050181298430179974,50.26,51.41,4,414.0,845.0,500.0,421.0,805.0,419.0,1,2,1,-0.038934055253459776,0.015657745537878076,0.012172791749877857,-0.07215713256800506,0.04302897686725815,0.04986125853931385,-0.06585584783640372,0.042259942316951404,0.03555045547138734,19.48,25.0,3,974.0,0.0,0.0,750.0,0.0,0.0,3,0,0,0.02090439431569062,-0.04045652893151299,-0.003230090472919938,0.011899447428840332,-0.06604364934627233,-0.005603759672435569,-0.020195410255643698,-0.09903910336900648,-0.009609606997460381
92,least_connections,146,warmup,162,114,1,light,0,66.27,43.9,3,552.0,442.0,0.0,431.0,447.0,0.0,2,1,0,-0.028759261833147892,-0.008063487558729501,-0.009808167467967678,-0.2009266057467719,-0.01316931937927307,-0.059852560537550205,-0.17298085420454765,0.011819490050027082,-0.04540212715111522,50.26,51.41,4,844.0,415.0,500.0,821.0,405.0,419.0,2,1,1,0.007857850235531844,-0.028917368549629577,0.011013478249889491,0.04587143788064846,-0.0722254835146576,0.04511256724985538,0.0535113757670633,-0.07486005218942496,0.0321646978074457,19.48,25.0,3,974.0,0.0,0.0,750.0,0.0,0.0,3,0,0,0.018913499618958177,-0.0366035261761308,-0.002922462808832325,0.01076616672133171,-0.059753777979960676,-0.0050700682750607524,-0.018272037850344258,-0.08960680781005348,-0.008694406331035583
92,least_connections,147,warmup,355,340,12,medium,0,79.13,55.2,3,390.0,797.0,0.0,317.0,787.0,0.0,1,2,0,-0.0691041847424626,0.035788363864097346,-0.008874056280542185,-0.27950502424707935,0.20221188564097514,-0.05415231667683114,-0.20807791570887643,0.16450334814050072,-0.041078115041485196,38.43,38.25,3,430.0,915.0,0.0,400.0,824.0,0.0,1,2,0,-0.03597441668032379,0.0169205667770925,-0.03311932466733354,-0.06551767865220243,0.06390483464320096,-0.08843556840659343,-0.07061768382979988,0.05073673849528218,-0.08936586865040629,11.8,14.23,2,590.0,0.0,0.0,427.0,0.0,0.0,2,0,0,-0.025971686285795215,-0.03311747606411834,-0.0026441330175149607,-0.059744896775938,-0.054062941981869186,-0.0045872046298168715,-0.11394454218205749,-0.08107282611385791,-0.007866367632841717
92,least_connections,148,warmup,400,318,16,medium,2,79.13,55.2,3,390.0,797.0,0.0,317.0,787.0,0.0,1,2,0,-0.06252283381460902,0.03237994825799284,-0.008028908063347691,-0.25288549812830996,0.18295361081802514,-0.0489949531837996,-0.1882609713556501,0.14883636260331018,-0.0371659136089628,38.43,38.25,3,845.0,500.0,0.0,805.0,419.0,0.0,2,1,0,0.010535618468369173,-0.027774815999864144,-0.029965103270444632,0.04800101183168082,-0.04946025164934881,-0.0800131333202512,0.05061673843970488,-0.0686042604090304,-0.08085483354084379,19.8,24.83,3,590.0,0.0,400.0,427.0,0.0,318.0,2,0,1,-0.02349819235381473,-0.0299634307246785,0.04069158940138669,-0.05405490660680104,-0.04891409036454831,0.06823062438254664,-0.10309268102186153,-0.07335160457920478,0.08878757214171464
92,least_connections,149,warmup,436,433,18,heavy,0,100.0,76.85,4,390.0,797.0,436.0,317.0,787.0,433.0,1,2,1,-0.05656827821321768,0.029296143661993526,0.03581965007420469,-0.22880116497323283,0.16552945740678465,0.21865535981783213,-0.17033135503606436,0.13466147092680442,0.1622546495918908,38.43,38.25,3,845.0,500.0,0.0,805.0,419.0,0.0,2,1,0,0.009532226233286395,-0.025129595428448503,-0.02711128391135467,0.04342948689533027,-0.04474975149226795,-0.0723928349087987,0.04579609668354251,-0.06207052132245605,-0.07315437320362057,19.8,24.83,3,590.0,0.0,400.0,427.0,0.0,318.0,2,0,1,-0.02126026927249905,-0.0271097706556615,0.036816199934587956,-0.04890682026329618,-0.04425560556792466,0.06173246967944696,-0.0932743304483509,-0.06636573747642338,0.08033161289012276
92,least_connections,150,warmup,464,408,17,heavy,1,100.0,76.85,4,390.0,797.0,436.0,317.0,787.0,433.0,1,2,1,-0.05118082314529218,0.026506034741803658,0.032408254829042346,-0.20701057783292492,0.14976474717756705,0.19783103983518147,-0.15410932122310586,0.12183656893377542,0.14680182582123452,51.69,51.0,4,845.0,500.0,464.0,805.0,419.0,408.0,2,1,1,0.008624395163449594,-0.022736300625739114,0.018554643354579334,0.0392933452862512,-0.040487870397766246,0.054447299028093685,0.04143456366606227,-0.05615904310126976,0.04916985281577185,15.86,20.8,2,393.0,400.0,0.0,306.0,318.0,0.0,1,1,0,-0.0623193819494946,0.01855601249068268,-0.009774005047844455,-0.07989664690488701,0.03234016639092531,-0.016527765528119416,-0.12088312437390479,0.035859570854664555,-0.02322377881369845
92,least_connections,151,measured,181,123,5,light,2,100.0,76.85,4,390.0,797.0,436.0,317.0,787.0,433.0,1,2,1,-0.04630645903621673,0.023981650480679503,0.02932175436913355,-0.18729528470597967,0.13550143792256064,0.178989988422307,-0.1394322430113815,0.11023308617817779,0.13282069955254552,51.69,51.0,4,845.0,500.0,464.0,805.0,419.0,408.0,2,1,1,0.007803024195502023,-0.020570938661383,0.016787534463667018,0.03555112192565585,-0.03663188274083612,0.04926184197779905,0.03748841474548492,-0.05081056280591073,0.04448700969046024,11.62,14.7,2,181.0,400.0,0.0,123.0,318.0,0.0,1,1,0,-0.05638420271620939,0.016788773205855756,-0.00884314742424022,-0.11064934719965969,0.029260150544170513,-0.014953692620679472,-0.16456092205258052,0.03244437363041079,-0.02101199035525098
92,least_connections,152,measured,181,106,5,light,2,100.0,76.85,4,1187.0,0.0,436.0,1104.0,0.0,433.0,3,0,1,0.04427148037312817,-0.0644701166852809,0.026529206333977973,0.3112725201866533,-0.3581336196573658,0.16194332285827778,0.22987082775160728,-0.2562891125054582,0.12017110911896976,51.69,51.0,4,845.0,500.0,464.0,805.0,419.0,408.0,2,1,1,0.0070598790340256345,-0.018611801646013185,0.015188721657603488,0.032165300789879114,-0.03314313200361363,0.04457023797991343,0.033918089531629225,-0.045971461586300166,0.04025015162470211,15.24,18.23,3,362.0,400.0,0.0,229.0,318.0,0.0,2,1,0,-0.007930378421241613,0.015189842424345686,-0.008000942907645914,-0.06735893318064447,0.026473469539963795,-0.013529531418709998,-0.11692019931741413,0.02935443328465738,-0.019010848416655648
92,least_connections,153,measured,193,100,5,light,2,82.2,61.0,3,797.0,436.0,0.0,787.0,433.0,0.0,2,1,0,-0.0030287513177366387,-0.015246205345639627,-0.01908128497220587,0.04638942302601967,-0.06104152889634684,-0.11646397773139948,0.06457360606097795,-0.035999673219224065,-0.0871547107971226,39.4,38.5,3,415.0,964.0,0.0,405.0,827.0,0.0,1,2,0,-0.03669639062454369,0.026244651118459722,-0.02934172348892564,-0.08205452377514338,0.0899589349899278,-0.07962012482089464,-0.08240744280471643,0.07376391570763316,-0.07894033900622191,19.1,21.57,4,555.0,400.0,0.0,329.0,318.0,0.0,3,1,0,0.035908795940872096,0.013743190764884193,-0.00723894834501297,-0.026019987163440242,0.023952186726633906,-0.012241004616928093,-0.075626212080835,0.02655877297183286,-0.017200291424593204
92,least_connections,154,measured,423,449,15,heavy,0,100.0,83.45,4,797.0,436.0,423.0,787.0,433.0,449.0,2,1,1,-0.002740298811285541,-0.013794185788912047,0.025819880489999676,0.0419713827378273,-0.05522804995383762,0.14977068681444808,0.058423738817075244,-0.032571132912631306,0.12426478546927004,39.4,38.5,3,915.0,464.0,0.0,824.0,408.0,0.0,2,1,0,0.009882403947408303,-0.01933873969100809,-0.026547273632837484,0.0550118934551424,-0.04786028330843267,-0.07203725579033325,0.04390814698620896,-0.05172848102642713,-0.07142221148181982,19.1,21.57,4,555.0,400.0,0.0,329.0,318.0,0.0,3,1,0,0.03248891061316998,0.012434315453942843,-0.006549524693106973,-0.023541893147874512,0.021671026086002104,-0.011075194653411133,-0.06842371569218406,0.0240293660221345,-0.015562168431774803
92,least_connections,155,measured,386,335,9,medium,1,100.0,83.45,4,797.0,859.0,0.0,787.0,882.0,0.0,2,2,0,-0.00247931797211548,0.03060344641774171,-0.01972305597390052,0.03797410819136754,0.20517462147033733,-0.11963604526311838,0.052859573215448985,0.17364992736476215,-0.0906890036230414,38.57,36.31,3,500.0,850.0,0.0,419.0,743.0,0.0,1,2,0,-0.03414267760767366,0.025586945268226247,-0.024018961858281535,-0.057506246057592275,0.05648015183658811,-0.06517656476268247,-0.07478250986962046,0.047915302880851635,-0.06462009610259889,19.1,21.57,4,555.0,400.0,0.0,329.0,318.0,0.0,3,1,0,0.02939472865001093,0.011250094934519714,-0.005925760436620594,-0.02129980808617217,0.019607118839716192,-0.01002041421022912,-0.06190717134054749,0.021740854972407395,-0.014080057152558155
92,least_connections,156,measured,468,449,18,heavy,1,100.0,83.45,4,797.0,859.0,0.0,787.0,882.0,0.0,2,2,0,-0.002243192450961634,0.027688832473194883,-0.0178446696906719,0.03435752645885637,0.18563418133030518,-0.10824213619044044,0.04782532814731094,0.1571118390443086,-0.08205195565894222,51.94,50.34,4,500.0,850.0,468.0,419.0,743.0,449.0,1,2,1,-0.03089099402599045,0.02315009333791898,0.021352458545455026,-0.05202946071877396,0.05110108975691305,0.06201031895621245,-0.06766036607251374,0.04335194070172291,0.06848360352622006,15.48,17.47,3,374.0,400.0,0.0,206.0,318.0,0.0,2,1,0,-0.01648866954341416,0.010178657321708307,-0.005361402299799586,-0.052023635887489095,0.017739774188314655,-0.009066089047350156,-0.09310648835573344,0.019670297355987645,-0.012739099328504998
92,least_connections,157,measured,476,450,17,heavy,2,100.0,83.45,4,797.0,859.0,0.0,787.0,882.0,0.0,2,2,0,-0.0020295550746795843,0.025051800809081093,-0.016145177339179338,0.03108538108182246,0.16795473548932371,-0.09793336131516041,0.04327053499042416,0.14214880675437447,-0.07423748369142391,51.94,50.34,4,886.0,464.0,468.0,754.0,408.0,449.0,2,1,1,0.015134905631813633,-0.022138577682925903,0.0193188910649355,0.05270803894151749,-0.053547993621296364,0.05610457429371603,0.0335007402201066,-0.05549407746034593,0.061961355571341956,21.38,28.93,3,593.0,0.0,476.0,418.0,0.0,450.0,2,0,1,-0.014918320063088991,-0.033874638840449854,0.03823310766979584,-0.007440432469632982,-0.05633068049628674,0.07793068133811176,-0.020302695813917554,-0.07810782620172546,0.12418843394087642
92,least_connections,158,measured,369,330,10,medium,2,100.0,83.45,4,797.0,859.0,0.0,787.0,882.0,0.0,2,2,0,-0.0018362641151862813,0.02266591501774004,-0.014607541402114638,0.02812486859783936,0.15195904639510238,-0.08860637452324037,0.03914953165800278,0.1286108251587198,-0.06716724714938353,51.94,50.34,4,886.0,464.0,468.0,754.0,408.0,449.0,2,1,1,0.013693486047831382,-0.020030141713123437,0.017478996677798786,0.047688225708992005,-0.04844818470498241,0.05076128150383831,0.03031019353247741,-0.05020892722602727,0.056060274088356996,24.9,36.6,3,400.0,369.0,476.0,318.0,330.0,450.0,1,1,1,-0.05658142790288549,0.012435417466350358,0.034591859320291476,-0.04165562937728698,0.015805574789073906,0.07050871168686303,-0.04852783589513178,0.028854823912724592,0.11236096404174534
92,least_connections,159,measured,180,108,4,light,2,57.27,44.1,2,0.0,859.0,0.0,0.0,882.0,0.0,0,2,0,-0.08782918227201661,0.020507256444621952,-0.013216346982865626,-0.4552838490463993,0.13748675626223544,-0.08016767218769366,-0.32060280469037844,0.11636217514360364,-0.060770366468489864,51.94,50.34,4,886.0,464.0,468.0,754.0,408.0,449.0,2,1,1,0.012389344519466494,-0.01812250916901645,0.01581433032753224,0.04314648992718326,-0.043834071875936464,0.045926873741567995,0.027423508434146232,-0.0454271246330723,0.05072120036565632,28.5,40.2,4,580.0,369.0,476.0,426.0,330.0,450.0,2,1,1,-0.008108820256805704,0.011251091993364604,0.03129739652788276,-0.005116998008021539,0.014300281952019253,0.06379359628811417,-0.01133470866702399,0.026106745444846063,0.1016599198472934
92,least_connections,160,measured,454,444,17,heavy,0,87.53,66.3,3,436.0,423.0,454.0,433.0,449.0,444.0,1,1,1,-0.036380598019352894,-0.024529715824480366,0.03112625295654561,-0.14893935548642473,-0.1385913475087711,0.20130861405240413,-0.09418825186272331,-0.0906008891557872,0.145874430338033,51.94,50.34,4,1350.0,468.0,0.0,1162.0,449.0,0.0,3,1,0,0.05429330717294134,-0.016396555914824404,-0.028775696597085343,0.15898287864160118,-0.03862538475850036,-0.07942670607055412,0.14016888858327514,-0.029508469906113027,-0.08105879490726334,28.5,40.2,4,580.0,845.0,0.0,426.0,780.0,0.0,2,2,0,-0.007336551660919455,0.05326345964932534,-0.014767208130101534,-0.004629664864400432,0.09907168367087457,-0.02841531764408719,-0.010255212603497904,0.15933467445009883,-0.04373626299530596
92,least_connections,161,measured,456,445,15,heavy,0,100.0,88.55,4,436.0,423.0,910.0,433.0,449.0,889.0,1,1,2,-0.032915779160366906,-0.022193552412625092,0.07124574813982244,-0.1347546549639081,-0.12539217155555482,0.4571839841426514,-0.08521794216151155,-0.08197223304571225,0.33329115125822034,37.66,37.25,3,850.0,468.0,0.0,743.0,449.0,0.0,2,1,0,0.006038615786856216,-0.014834979161031603,-0.026035154064029595,0.014589951424033687,-0.034946776686262226,-0.07186225787335848,0.008352208718201332,-0.02669813943886415,-0.07333890967800016,28.5,40.2,4,949.0,476.0,0.0,756.0,450.0,0.0,3,1,0,0.036446067771639765,0.0051068489797750916,-0.01336080735580615,0.06258268417030435,0.022864856654600793,-0.025709096916078884,0.0902452838349305,0.04463613402627989,-0.03957090461480063
92,least_connections,162,measured,152,120,4,light,1,100.0,88.55,4,859.0,456.0,454.0,882.0,445.0,444.0,2,1,1,0.013302957176901609,-0.02007988075427984,0.021376538566415318,0.13322197884217835,-0.09354529807407341,0.13859503327192266,0.12601709994910865,-0.0759748775175492,0.10023961304315172,42.0,41.0,4,1002.0,468.0,0.0,863.0,449.0,0.0,3,1,0,0.0485474097481987,-0.013422124002838112,-0.023555615581741064,0.05249294924759512,-0.031618512239951546,-0.06501823331399101,0.0414853316974203,-0.02415545949230566,-0.06635425161342871,28.5,40.2,4,949.0,476.0,0.0,756.0,450.0,0.0,3,1,0,0.03297501369815026,0.0046204824102727,-0.01208834951239604,0.05662242853503727,0.020687251258924524,-0.023260611495499944,0.08165049489827045,0.040385073642824676,-0.035802247032438665
92,least_connections,163,measured,352,306,10,medium,0,100.0,100.0,5,859.0,1262.0,0.0,882.0,1195.0,0.0,2,3,0,0.01203600887433956,0.0680002892948806,-0.023743222476191126,0.12053417133339944,0.4015225080917114,-0.1484457635476255,0.11401547138252688,0.27054653938888407,-0.11016415962762463,42.0,41.0,4,1002.0,468.0,0.0,863.0,449.0,0.0,3,1,0,0.04392384691503691,-0.012143826478758293,-0.021312223621575248,0.04749362074782415,-0.028607225359956162,-0.058826020617420434,0.03753434772623743,-0.02185493954065748,-0.06003479907881645,24.9,36.6,3,769.0,476.0,0.0,648.0,450.0,0.0,2,1,0,-0.013249364023669052,0.004180436466437204,-0.010937078130263084,0.018658387722176567,0.018717036853312663,-0.021045315162595186,0.04130282871748278,0.03653887615303186,-0.032392509219825456
92,least_connections,164,measured,427,410,16,heavy,2,100.0,100.0,5,859.0,1262.0,0.0,882.0,1195.0,0.0,2,3,0,0.010889722314878642,0.06152407126679672,-0.02148196319274435,0.10905472644450426,0.3632822692258342,-0.13430807178118498,0.10315685506038147,0.24478020230422842,-0.09967233490118418,30.97,30.53,3,616.0,468.0,0.0,528.0,449.0,0.0,2,1,0,-0.003343276827438263,-0.010987271576019406,-0.019282488038568083,-0.056811894153329184,-0.025882727706627,-0.053223542463380395,-0.06075761396197568,-0.01977351672726152,-0.05431719916654822,25.44,39.67,3,369.0,476.0,427.0,330.0,450.0,410.0,1,1,1,-0.055071420057696024,0.0037822996601098446,0.03318844858509077,-0.05549955396564976,0.01693446191490193,0.058225667233842454,-0.05853553592227749,0.033058983186076446,0.0943432853090468
92,least_connections,165,measured,391,332,10,medium,1,100.0,100.0,5,859.0,1262.0,0.0,882.0,1195.0,0.0,2,3,0,0.009852605903937828,0.05566463590805418,-0.01943606193629251,0.0986685620212181,0.3286839578709928,-0.12151682684964356,0.09333239267367849,0.22146780208477812,-0.09017973157726188,42.14,40.91,4,616.0,859.0,0.0,528.0,781.0,0.0,2,2,0,-0.003024869510539374,0.03314303546750171,-0.017446060606323505,-0.051401237567297836,0.07765712391169124,-0.04815463365734417,-0.0549711745370256,0.0759787229610491,-0.04914413257925792,25.44,39.67,3,369.0,476.0,427.0,330.0,450.0,410.0,1,1,1,-0.049826522909344015,0.0034220806448612834,0.03002764395793927,-0.0502138821593974,0.015321656018244603,0.05268036559252413,-0.05296072297729869,0.029910508596926316,0.085358210517709
92,least_connections,166,measured,154,114,5,light,2,100.0,100.0,5,1211.0,910.0,0.0,1188.0,889.0,0.0,3,2,0,0.05199816271127254,0.00727934178529166,-0.017585008418550367,0.30158901643189573,0.0850632634705808,-0.10994379572110607,0.22287216479999483,0.06194705902908493,-0.08159118571276075,37.8,37.16,3,464.0,859.0,0.0,408.0,781.0,0.0,1,2,0,-0.045820686926769175,0.02998655589916821,-0.015784531024768886,-0.08579839861531027,0.07026120734867303,-0.043568478070930436,-0.08366439600968983,0.06874265410761585,-0.04446373900028097,28.52,43.47,4,523.0,903.0,0.0,444.0,860.0,0.0,2,2,0,-0.0019972395483633942,0.04618006842925091,-0.015916031883859934,-0.017564941001359552,0.09112911734984036,-0.02960347874962103,-0.013535892217555967,0.15071268238134605,-0.046421936515723586
92,least_connections,167,measured,388,310,15,medium,1,100.0,82.2,4,775.0,910.0,0.0,755.0,889.0,0.0,2,2,0,0.003962056512013035,0.006586071139073418,-0.01591024571202176,0.009882125978064371,0.07696200028290645,-0.09947295803338169,0.005765291961900121,0.05604733912155302,-0.07382059659725973,35.63,34.09,3,468.0,391.0,388.0,449.0,332.0,310.0,1,1,1,-0.041456811981362585,-0.01595320679417661,0.02880265787101409,-0.07659310895126711,-0.05740992804507816,0.06088022052085886,-0.06410409638971937,-0.06475367009310946,0.04741971233307912,28.52,43.47,4,999.0,427.0,0.0,894.0,410.0,0.0,3,1,0,0.041276873968714295,-0.001301933552673204,-0.01440021932349232,0.0702412438559128,-0.0036831795406206402,-0.026784099821085695,0.12346752608887793,0.0006448078688368886,-0.042000799704702295
92,least_connections,168,measured,421,433,18,heavy,1,100.0,82.2,4,775.0,910.0,0.0,755.0,889.0,0.0,2,2,0,0.003584717796583231,0.005958826268685463,-0.014394984215638736,0.008940971123010621,0.06963228597024873,-0.08999934298258343,0.005216216536957252,0.05070949730045271,-0.0667900635879969,47.66,47.62,4,859.0,388.0,421.0,781.0,310.0,433.0,2,1,1,0.005575356053143604,-0.014433853766159785,0.026059547597584175,0.03177630278558827,-0.05271782605439042,0.06361271652567502,0.03587010326644438,-0.06480689198900379,0.07768033496802397,21.14,32.47,3,630.0,427.0,0.0,564.0,410.0,0.0,2,1,0,-0.005738157112206349,-0.0011779398809900476,-0.013028769864112099,-0.0032198269875074736,-0.003332400536752017,-0.024233233171458486,0.01218490455660387,0.0005833975956143211,-0.03800072354234969
92,least_connections,169,measured,389,344,10,medium,2,84.13,59.75,3,808.0,454.0,0.0,751.0,444.0,0.0,2,1,0,0.003243316101670529,-0.03769258122175623,-0.013024033337958856,0.0279942119684381,-0.2120469793602512,-0.08142797698424215,0.002909910200104171,-0.15542950244244755,-0.06042910515104481,47.66,47.62,4,859.0,388.0,421.0,781.0,310.0,433.0,2,1,1,0.005044369762368023,-0.013059201026525524,0.02357768592162378,0.02874998823457986,-0.04769708071587704,0.057554362570848824,0.03245390295535444,-0.058634807037670086,0.07028220782821216,28.92,43.93,4,630.0,816.0,0.0,564.0,754.0,0.0,2,2,0,-0.005191665958662883,0.0420181450963378,-0.011787934638958565,-0.002913176798221062,0.06737544713341484,-0.021925306202748154,0.01102443745597495,0.10427386766587332,-0.03438160701450686
92,least_connections,170,measured,366,343,8,medium,0,100.0,76.9,4,1262.0,366.0,0.0,1195.0,343.0,0.0,3,1,0,0.04601832908064975,-0.03410281158158897,-0.011783649210534203,0.2991693663841425,-0.2449313940243542,-0.07367293155717146,0.20348991875247524,-0.18631716887650016,-0.054673952279516734,47.66,47.62,4,859.0,388.0,421.0,781.0,310.0,433.0,2,1,1,0.00456395359452344,-0.011815467595427856,0.021332192024326277,0.026011894117000806,-0.043154501600079234,0.05207299470695846,0.02936305505484449,-0.05305053970074912,0.0635886642255253,28.92,43.93,4,630.0,816.0,0.0,564.0,754.0,0.0,2,2,0,-0.004697221581647371,0.03801641699192468,-0.010665274197152987,-0.002635731388866691,0.06095873788261344,-0.019837181802486423,0.009974491031596394,0.09434302312626636,-0.031107168251220493
92,least_connections,171,measured,463,446,16,heavy,0,100.0,99.2,5,1628.0,0.0,463.0,1538.0,0.0,446.0,4,0,1,0.08471953129972619,-0.07393882499105214,0.03242250332198833,0.4142326013316844,-0.4423664993553681,0.21261337938478136,0.3392765931570014,-0.32373934326921444,0.15229499555662773,47.66,47.62,4,859.0,388.0,421.0,781.0,310.0,433.0,2,1,1,0.004129291347425956,-0.010690184967291863,0.019300554688676155,0.023534570867762616,-0.039044549066738335,0.047113661877724325,0.026566573621049777,-0.047998107348296806,0.05753260096595145,25.84,40.13,3,476.0,816.0,0.0,450.0,754.0,0.0,1,2,0,-0.04733376737205737,0.03439580584983661,-0.009649533797424132,-0.03025137601849842,0.055153143798555015,-0.017947926392725813,-0.02535641287617471,0.08535797330471717,-0.028144580798723305
92,least_connections,172,measured,404,423,19,heavy,2,100.0,99.2,5,1628.0,0.0,463.0,1538.0,0.0,446.0,4,0,1,0.07665100450927607,-0.06689703213476146,0.029334645862751342,0.37478187739533353,-0.40023635655961876,0.19236448611004028,0.30696453666585843,-0.2929070248626226,0.1377907102655203,47.66,47.62,4,859.0,809.0,0.0,781.0,743.0,0.0,2,2,0,0.0037360255048139723,0.0334118281134933,-0.02562149360366942,0.021293183166070928,0.0735039113885973,-0.06620328551199092,0.024036423752378383,0.07899873620868383,-0.0703722896022344,33.92,54.23,4,865.0,427.0,404.0,794.0,410.0,423.0,2,1,1,0.0002581106996578375,-0.011963885410238531,0.03435336964813553,0.04302018360231094,-0.020490012753688336,0.056866161835152834,0.08080451533425462,-0.026517389232240035,0.10210728403925033
92,least_connections,173,measured,472,443,18,heavy,1,100.0,83.9,4,1276.0,463.0,0.0,1232.0,446.0,0.0,3,1,0,0.0262670086149686,-0.017441985990407763,-0.016543030160458536,0.2039772541513335,-0.0828487670460043,-0.10522578240837623,0.13930124745958622,-0.06324921297094424,-0.07709411928357686,61.14,61.47,5,859.0,809.0,472.0,781.0,743.0,443.0,2,2,1,0.0033802135519745424,0.03022974924554156,0.019902548871056466,0.019265260959778457,0.06650353887539756,0.06211539474085176,0.02174724053786617,0.07147504704595203,0.06158280940750219,33.92,54.23,4,1292.0,0.0,404.0,1204.0,0.0,423.0,3,0,1,0.04331742895501922,-0.05390836797887794,0.031081620157836914,0.1161896899259004,-0.09580524963428945,0.05145033689847161,0.1967596408579764,-0.14764271724186795,0.09238278079741696
92,least_connections,174,measured,421,411,18,heavy,0,100.0,100.0,5,1276.0,463.0,421.0,1232.0,446.0,411.0,3,1,1,0.02376538874687635,-0.01578084446751178,0.028116396748247265,0.1845508489940637,-0.07495840827971822,0.15873222861464376,0.12603446198724472,-0.0572254784022829,0.11617674921962093,47.77,47.44,4,391.0,809.0,472.0,332.0,743.0,443.0,1,2,1,-0.04002561177497087,0.027350725507870932,0.018007068026193944,-0.10354911763503039,0.06016986850631209,0.05619964286077064,-0.10727332998954965,0.06466789970824233,0.05571777994012102,24.4,39.23,3,816.0,0.0,404.0,754.0,0.0,423.0,2,0,1,-0.003891940696025692,-0.04877423769517528,0.028121465857090543,0.01899067183771941,-0.0866809401453095,0.046550304812902885,0.042306341728645336,-0.13358150607597577,0.08358442072147249
92,least_connections,175,measured,175,117,4,light,2,100.0,100.0,5,1276.0,463.0,421.0,1232.0,446.0,411.0,3,1,1,0.021502018390030977,-0.014277906899177323,0.02543864467698562,0.16697457766129575,-0.06781951225307836,0.1436148735084872,0.11403117989322142,-0.0517754328401607,0.10511229691299036,36.6,37.06,3,388.0,421.0,472.0,310.0,433.0,443.0,1,1,1,-0.03621364874878316,-0.01833800571963605,0.016292109166556427,-0.09446280711196627,-0.04585991488884687,0.05084729592164963,-0.10327706046673539,-0.029139757406828365,0.050411324707728536,27.9,43.13,4,991.0,0.0,404.0,871.0,0.0,423.0,3,0,1,0.03956262054940078,-0.044129072200396684,0.02544323101355811,0.04884870309126993,-0.07842561251242287,0.042116942449769275,0.07356288061163146,-0.1208594578782638,0.07562399970037988
92,least_connections,176,measured,154,116,5,light,1,100.0,82.2,4,820.0,463.0,421.0,787.0,446.0,411.0,2,1,1,-0.023629693111967442,-0.012918106242112815,0.0230159166125108,-0.12397538211597048,-0.06136051108611851,0.1299372665076789,-0.0981384562870854,-0.04684443923633588,0.09510160196889604,41.0,40.69,4,542.0,421.0,472.0,426.0,433.0,443.0,2,1,1,0.01031917040642974,-0.016591528984432613,0.01474047972212248,-0.04565682548225522,-0.04149230394705193,0.04600469631006396,-0.06064353089847488,-0.026364542415701853,0.04561024616413534,27.9,43.13,4,991.0,0.0,404.0,871.0,0.0,423.0,3,0,1,0.03579475192564832,-0.03992630341940653,0.023020066155124003,0.04419644565400613,-0.0709565065588588,0.03810580507360077,0.06655689198195228,-0.10934903331842916,0.06842171401462942
92,least_connections,177,measured,451,409,17,heavy,0,100.0,80.45,4,366.0,463.0,872.0,343.0,446.0,820.0,1,1,2,-0.06446314637568029,-0.011687810409530638,0.0639078247809338,-0.38600947270810027,-0.055516652887440565,0.3895940347767889,-0.28964907949783913,-0.04238306407097056,0.2710681160670964,41.0,40.69,4,542.0,893.0,0.0,426.0,876.0,0.0,2,2,0,0.009336392272484062,0.028072516859889762,-0.0297472757162656,-0.04130855638870712,0.08447294949008224,-0.08039030878069045,-0.054867956527191564,0.10139934257626973,-0.08398656299435374,27.9,43.13,4,991.0,404.0,0.0,871.0,423.0,0.0,3,1,0,0.032385727932729425,0.006960101894913362,-0.022256221324502317,0.0399872603536246,0.008906017875318237,-0.038628081123885015,0.0602181403646235,0.02863658890237361,-0.06566606827247813
92,least_connections,178,measured,407,432,18,heavy,0,100.0,84.9,4,0.0,884.0,858.0,0.0,857.0,841.0,0,2,2,-0.10140769932856335,0.03250921461813441,0.05782136527798773,-0.5700085705454241,0.20370715532406175,0.34404539654407873,-0.417230119545664,0.14758198965007424,0.2547521050130872,41.0,40.69,4,542.0,893.0,0.0,426.0,876.0,0.0,2,2,0,0.008447212056057002,0.025398943825614556,-0.026914201838526018,-0.03737440816121121,0.07642790668150298,-0.07273408889681517,-0.049642436857935235,0.0917422623309107,-0.07598784270917719,27.9,43.13,4,991.0,404.0,0.0,871.0,423.0,0.0,3,1,0,0.029301372891517102,0.006297235047778751,-0.02013658119835924,0.03617894984375561,0.008057825696716509,-0.034949216254943585,0.05448307937751651,0.025909294721195172,-0.059412157008432595
92,least_connections,179,measured,178,121,3,light,0,100.0,90.95,5,178.0,884.0,858.0,121.0,857.0,841.0,1,2,2,-0.04866592297527614,0.029413098940216847,0.05231456858484604,-0.40835696065220906,0.18430647386462728,0.31127916830178554,-0.322755822446077,0.13352656206435287,0.23048999977374557,41.0,40.69,4,963.0,472.0,0.0,859.0,443.0,0.0,3,1,0,0.05072661589652322,-0.020103903432153722,-0.02435094452057116,0.07501499125550276,-0.03968087354666733,-0.0658070328114042,0.07751100950948717,-0.039420691224414134,-0.06875090530830318,16.62,27.77,2,427.0,404.0,0.0,410.0,423.0,0.0,1,1,0,-0.05965703450404687,0.0056974983765617215,-0.018218811560420264,-0.0693238072842211,0.0072904137256006585,-0.03162071946875848,-0.08973753135685014,0.023441742842986113,-0.05375385634096282
92,least_connections,180,measured,169,106,5,light,2,100.0,90.95,5,641.0,872.0,407.0,567.0,820.0,432.0,2,2,1,-0.0009471729413496055,0.026611851422100957,0.004248328492865244,-0.09019598027263365,0.15951538111561514,0.00960178719367899,-0.09025526792740302,0.10407165139155733,0.02351476170005551,41.0,40.69,4,963.0,472.0,0.0,859.0,443.0,0.0,3,1,0,0.04589550962066387,-0.0181892459624248,-0.02203180694718343,0.06787070637402631,-0.03590174273269903,-0.05953969635317522,0.07012900860382171,-0.03566633967923183,-0.06220320004084573,11.46,17.63,2,169.0,404.0,0.0,106.0,423.0,0.0,1,1,0,-0.05397541217032811,0.005154879483555849,-0.016483686649904048,-0.1094072542095334,0.006596088608876796,-0.02860922237649577,-0.1728736394815946,0.021209195905558864,-0.048634441451347314
92,least_connections,181,measured,396,337,9,medium,2,100.0,90.95,5,641.0,872.0,407.0,567.0,820.0,432.0,2,2,1,-0.0008569659945543984,0.024077389381900877,0.0038437257792590246,-0.08160588691333526,0.14432344005698516,0.008687331270471443,-0.08165952812479316,0.09416006554474232,0.02127526058576451,36.6,37.06,3,809.0,472.0,0.0,743.0,443.0,0.0,2,1,0,-0.0015593915223471866,-0.01645693682314625,-0.019933539618880246,0.021597305766976216,-0.03248252913910865,-0.05386924908144425,0.03065243635583867,-0.0322695454240669,-0.056279085751241374,19.38,28.87,3,169.0,800.0,0.0,106.0,760.0,0.0,1,2,0,-0.048834896725534954,0.04774783880711742,-0.014913811730865567,-0.09898751571338738,0.07762503255088854,-0.02588453453111522,-0.15640948334049035,0.1208241931209025,-0.04400258988455233
92,least_connections,182,measured,192,120,1,light,1,100.0,84.9,4,463.0,1279.0,0.0,446.0,1252.0,0.0,1,3,0,-0.04385925041230658,0.06486820490562006,-0.03960624356933254,-0.18119897704857324,0.376070414019812,-0.23763209710449407,-0.1286205254462414,0.2806210116833383,-0.17617952613668925,31.0,31.13,3,613.0,472.0,0.0,553.0,443.0,0.0,2,1,0,-0.0014108780440283963,-0.014889609506656132,-0.018035107274224985,-0.031126247163211995,-0.029388954935384015,-0.04873884440702099,-0.02598708139233641,-0.029196255383679592,-0.05091917282255172,19.38,28.87,3,169.0,800.0,0.0,106.0,760.0,0.0,1,2,0,-0.04418395418024591,0.043200425587391955,-0.01349344870887837,-0.08956013326449334,0.07023217230794676,-0.023419340766247104,-0.14151334206996746,0.10931712710938798,-0.03981186703840449
92,least_connections,183,measured,401,418,14,heavy,1,100.0,84.9,4,463.0,1279.0,0.0,446.0,1252.0,0.0,1,3,0,-0.03968217894446785,0.05869028062889434,-0.03583422037225325,-0.16394193161537574,0.3402541841131632,-0.21500046880882798,-0.11637095159421837,0.2538952010468299,-0.15940052364748075,36.97,40.44,3,421.0,873.0,0.0,433.0,861.0,0.0,1,2,0,-0.04436040893325925,0.029612348768354196,-0.01631747801001308,-0.07779449573270202,0.07706985709927838,-0.04409704970159042,-0.05744069268830437,0.09176886417667082,-0.04606972779183251,19.38,28.87,3,565.0,404.0,0.0,443.0,423.0,0.0,2,1,0,0.0031079416827253514,-0.003997800885783692,-0.01220835835565186,-0.009373453905970164,-0.008113748864238643,-0.021188927359937857,-0.026400960285526104,-0.0027289484883315507,-0.03602026065379454
92,least_connections,184,measured,414,430,14,heavy,1,100.0,84.9,4,463.0,1279.0,0.0,446.0,1252.0,0.0,1,3,0,-0.03590292380689948,0.05310073009280916,-0.0324214374796577,-0.14832841431867327,0.3078490237214334,-0.1945242336841777,-0.10528800382334044,0.22971470570903657,-0.14421952139533972,48.8,53.87,4,893.0,815.0,0.0,876.0,848.0,0.0,2,2,0,0.0029482921442847143,0.02679212507612999,-0.01476343248524993,0.051628109303065495,0.05473667342995933,-0.03989733068239133,0.07328282566296268,0.07935337711222601,-0.04168213466880084,19.38,28.87,3,969.0,0.0,0.0,866.0,0.0,0.0,3,0,0,0.045895847463508874,-0.04670095817103785,-0.011045657559875492,0.06462401789459843,-0.0804457727819302,-0.019170934278039013,0.1036848454559526,-0.13004047720372852,-0.03258975963914744
92,least_connections,185,measured,457,425,18,heavy,2,100.0,84.9,4,884.0,858.0,0.0,857.0,841.0,0.0,2,2,0,0.01060030249670546,0.004959617476260447,-0.02933368152921411,0.11973460926723217,0.024593561144788834,-0.1759981161904465,0.09066799654078722,0.021908543260556856,-0.13048432888149786,48.8,53.87,4,893.0,815.0,0.0,876.0,848.0,0.0,2,2,0,0.0026675024162576,0.024240494116498562,-0.013357391296178509,0.04671114651229735,0.049523656912820346,-0.036097584903115966,0.0663035089331567,0.07179591262534735,-0.03771240755748647,25.14,39.5,3,800.0,0.0,457.0,760.0,0.0,425.0,2,0,1,-0.001559085855011244,-0.04225324786903425,0.033090210053536684,0.02788839714273192,-0.07278427061222256,0.06535010708177422,0.061841844301417426,-0.11765566985099248,0.09868863016775549
92,least_connections,186,measured,169,120,7,light,2,100.0,84.9,4,884.0,858.0,0.0,857.0,841.0,0.0,2,2,0,0.009590749877971594,0.004487272954711824,-0.02653999757405086,0.10833131314654337,0.02225131722623752,-0.1592363908389754,0.08203294925118843,0.019822015330979992,-0.11805724994040283,36.77,40.34,3,472.0,815.0,0.0,443.0,848.0,0.0,1,2,0,-0.040670445659667154,0.021931875629212977,-0.012085258791780556,-0.06656746608071054,0.044807118159218395,-0.03265971967424778,-0.06243670620333441,0.06495820666102856,-0.03412074969486871,28.52,43.5,4,969.0,0.0,457.0,880.0,0.0,425.0,3,0,1,0.041673298738890044,-0.03822912902436432,0.02993876147700938,0.05581331170056697,-0.06585243531582041,0.05912628735970049,0.09214262103461576,-0.10645036796042176,0.08928971300892163
92,least_connections,187,measured,486,404,15,heavy,1,85.27,62.6,3,872.0,407.0,0.0,820.0,432.0,0.0,2,1,0,0.008677345127688585,-0.03902398660106571,-0.02401237875747459,0.09077594998972971,-0.251899601874674,-0.1440710202828825,0.05748219217964662,-0.1670896051767324,-0.10681370232703113,50.66,52.97,4,472.0,815.0,486.0,443.0,848.0,404.0,1,2,1,-0.03679706988255599,0.01984312556928794,0.032149618462765435,-0.06022770740635716,0.04053977357262617,0.0960833828797622,-0.0564903532315883,0.05877171078854965,0.08335503599035689,28.52,43.5,4,969.0,0.0,457.0,880.0,0.0,425.0,3,0,1,0.03770441314471004,-0.034588259593472476,0.027087450860151345,0.050497758205274884,-0.059580774809551804,0.05349521237306235,0.08336713331703333,-0.09631223767847683,0.08078593081759576
92,least_connections,188,measured,455,404,17,heavy,0,100.0,82.8,4,872.0,407.0,455.0,820.0,432.0,404.0,2,1,1,0.00785093130600395,-0.03530741644858326,0.021358414684280357,0.08213062141927929,-0.22790916360089547,0.14409447371231268,0.05200769768634694,-0.15117630944561503,0.08612093598982899,50.66,52.97,4,472.0,1301.0,0.0,443.0,1252.0,0.0,1,3,0,-0.03329258703659828,0.061037204313255974,-0.01399615018901721,-0.05449173527241838,0.16231149581741008,-0.03870006855096344,-0.05111031959048465,0.1674005954753544,-0.03880972934205806,28.52,43.5,4,969.0,0.0,457.0,880.0,0.0,425.0,3,0,1,0.03411351665473765,-0.03129413963218938,0.024507693635375027,0.04568844790001059,-0.053906415303880205,0.04840043024229451,0.07542740633445874,-0.08713964361385998,0.0730920326444914
92,least_connections,189,measured,396,330,10,medium,0,100.0,99.3,5,1279.0,396.0,455.0,1252.0,330.0,404.0,3,1,1,0.050187123789332364,-0.031944805358242,0.019324279952444134,0.31980072096664947,-0.21283844960715936,0.13037119050161625,0.24248315504955203,-0.18292142283174692,0.07791894208603575,50.66,52.97,4,472.0,1301.0,0.0,443.0,1252.0,0.0,1,3,0,-0.030121864461684147,0.05522413723580302,-0.012663183504348904,-0.049302046198854726,0.1468532581205139,-0.03501434773658597,-0.04624267010567659,0.15145768162055873,-0.035113564642814434,28.52,43.5,4,969.0,457.0,0.0,880.0,425.0,0.0,3,1,0,0.0308646103066674,0.014770154845252688,-0.020910272651894247,0.04133716714762861,0.03392276710601314,-0.03890437263792401,0.06824384382641507,0.04933397323825367,-0.06204371649625381
92,least_connections,190,measured,163,103,5,light,1,100.0,99.3,5,1279.0,396.0,455.0,1252.0,330.0,404.0,3,1,1,0.045407397714157846,-0.028902442943171333,0.017483872337925647,0.28934350944601617,-0.1925681210731442,0.11795488664431947,0.21938952123530897,-0.16550033494300917,0.07049809045879424,55.31,56.19,5,1036.0,900.0,0.0,964.0,834.0,0.0,3,2,0,0.05891468498818146,0.006880795367540604,-0.011457166027744247,0.1011893051398117,0.029207369592029547,-0.03167964795214921,0.10546794133295931,0.018848616704315035,-0.03176941562921306,20.6,32.27,3,573.0,457.0,0.0,543.0,425.0,0.0,2,1,0,-0.015158776615963043,0.013363473431419096,-0.018918818113618605,-0.03425684877119316,0.03069202738163094,-0.03519919429145506,-0.039890490506259396,0.044635499596515235,-0.05613479111565821
92,least_connections,191,measured,373,302,8,medium,2,100.0,99.3,5,1279.0,851.0,0.0,1252.0,734.0,0.0,3,2,0,0.041082883646142807,0.016934070897221404,-0.027265158587681783,0.2617869847368718,0.10021614442588539,-0.16772335652815543,0.19849528111766046,0.033023506480134523,-0.11897791815632904,41.83,42.34,4,978.0,486.0,0.0,951.0,404.0,0.0,3,1,0,0.05330376260835465,-0.03685841870374444,-0.010366007358435271,0.07655903118091806,-0.0805946928180957,-0.028662538623373097,0.09174778025362984,-0.10452387060085783,-0.028743756997859433,19.98,28.23,3,169.0,830.0,0.0,120.0,727.0,0.0,1,2,0,-0.05679898383167631,0.05517466190280322,-0.017117025912321594,-0.10409905365012714,0.09526421525004705,-0.031846890073221244,-0.1636628247437585,0.13146386471430746,-0.05078862053321457
92,least_connections,192,measured,150,118,3,light,2,100.0,78.75,4,1254.0,455.0,0.0,1171.0,404.0,0.0,3,1,0,0.03717022806079587,-0.027762597986414186,-0.024668476817426375,0.22177552587304272,-0.14818539313848467,-0.15174970352547396,0.14294811148740705,-0.11940730366083063,-0.10764668785572627,41.83,42.34,4,978.0,486.0,0.0,951.0,404.0,0.0,3,1,0,0.048227213788511344,-0.033348093112911634,-0.009378768562393816,0.06926769487797346,-0.07291900778780086,-0.025932773040194708,0.0830098964199508,-0.09456921625791898,-0.02600625633139663,22.98,32.17,4,692.0,457.0,0.0,540.0,425.0,0.0,3,1,0,0.034778243653426646,0.0068360319710169815,-0.015486832968290965,0.0004532371736944707,0.018696194750042555,-0.02881385292339065,-0.021409222387210103,0.027864131566913086,-0.0459516090538608
92,least_connections,193,measured,193,121,6,light,0,100.0,84.8,5,1447.0,455.0,0.0,1292.0,404.0,0.0,4,1,0,0.07671410656747744,-0.025118541035327124,-0.022319098072909577,0.31706674563116566,-0.1340724985538671,-0.13729735080876215,0.18407210086955872,-0.10803517950265629,-0.0973946223456571,41.83,42.34,4,978.0,486.0,0.0,951.0,404.0,0.0,3,1,0,0.043634145808653116,-0.030172084245015288,-0.0084855525088325,0.06267077155626169,-0.06597434037943886,-0.023462985131604736,0.07510419199900309,-0.08556262423335526,-0.02352947001412076,19.6,28.17,3,523.0,457.0,0.0,420.0,425.0,0.0,2,1,0,-0.011617870254609447,0.006184981307110607,-0.014011896495120397,-0.030170880652371668,0.016915604773848014,-0.0260696764544963,-0.0555607250169996,0.025210404751016602,-0.041575265334445485
92,least_connections,194,measured,182,112,3,light,2,96.73,64.35,4,996.0,455.0,0.0,883.0,404.0,0.0,3,1,0,0.02632410095334127,-0.022726299031962632,-0.020193469685013427,0.014838166682165865,-0.12130368916778456,-0.12422141263649909,-0.018482384927542117,-0.09774611478811757,-0.0881189440270231,41.83,42.34,4,978.0,486.0,0.0,951.0,404.0,0.0,3,1,0,0.03947851287449568,-0.027298552412156687,-0.007677404650848453,0.05670212664614152,-0.05969106986711134,-0.02122841511907095,0.06795141180862185,-0.07741380287779762,-0.021288568108014022,23.24,31.9,4,705.0,457.0,0.0,532.0,425.0,0.0,3,1,0,0.03257249380592024,0.00559593546833817,-0.012677430162251788,0.0056358698859494405,0.01530459479538629,-0.023586850125496654,-0.0164914496185552,0.022809413822348357,-0.037615716254974486
92,least_connections,195,measured,371,343,10,medium,0,100.0,81.5,5,996.0,826.0,0.0,883.0,747.0,0.0,3,2,0,0.02381704371968972,0.02252201062641021,-0.01827028209596453,0.013425007950531032,0.11402682091168692,-0.11239080190921347,-0.016722157791585757,0.0667297056678936,-0.07972666364349709,37.17,39.12,3,1301.0,0.0,0.0,1252.0,0.0,0.0,3,0,0,0.03571865450549609,-0.06778259050442294,-0.006946223255529553,0.13479852274786955,-0.17963885913146807,-0.019206661298207053,0.14658401544589594,-0.18426725022276927,-0.019261085431060306,20.24,27.97,3,555.0,457.0,0.0,414.0,425.0,0.0,2,1,0,-0.013613548688067634,0.005062989233258347,-0.011470055861084951,-0.022043736769855257,0.013847014338682823,-0.021340483446877924,-0.05050813695647058,0.020637088696410427,-0.03403326708783406
92,least_connections,196,measured,366,330,12,medium,1,94.33,59.9,4,589.0,826.0,0.0,451.0,747.0,0.0,2,2,0,-0.021535146385133347,0.02037705723341876,-0.016530255229682194,-0.23334562772729744,0.10316712368200243,-0.1016869160130979,-0.2105581427638157,0.06037449560428465,-0.07213364805840213,47.63,49.44,4,1301.0,366.0,0.0,1252.0,330.0,0.0,3,1,0,0.032316877885925036,-0.018243205467720527,-0.006284678183574357,0.1219605682004534,-0.06791815145908334,-0.017377455460282572,0.13262363302247726,-0.07341441686821981,-0.017426696342387898,20.24,27.97,3,1012.0,0.0,0.0,839.0,0.0,0.0,3,0,0,0.030766879985172357,-0.03850310044428553,-0.01037766958860067,0.06275090482727383,-0.07016698702690602,-0.01930805645193717,0.08247676497589171,-0.1095029514968985,-0.030792003555659385
92,least_connections,197,measured,440,403,19,heavy,2,94.33,59.9,4,589.0,826.0,0.0,451.0,747.0,0.0,2,2,0,-0.019484180062739692,0.018436385115950304,-0.0149559452078077,-0.21112223461041196,0.09334168333133552,-0.09200244782137429,-0.190504986310119,0.054624543641971834,-0.06526377681474478,36.17,36.38,3,900.0,366.0,0.0,834.0,330.0,0.0,2,1,0,-0.013844820234729965,-0.016505757327937617,-0.005686137404186323,0.006685412045308148,-0.06144975608202777,-0.01572245970216042,0.0018082870203365853,-0.06642256764267507,-0.015767010976446193,25.4,37.67,3,830.0,0.0,440.0,727.0,0.0,403.0,2,0,1,-0.01524719928779189,-0.03483613849721072,0.03369458012278533,0.023841294843723965,-0.06348441683386735,0.06214985368634256,0.040844057200409956,-0.09907409897338436,0.09368025075122881
92,least_connections,198,measured,371,328,10,medium,1,94.33,59.9,4,1415.0,0.0,0.0,1198.0,0.0,0.0,4,0,0,0.06853925658722644,-0.06948726153908351,-0.013531569473730775,0.3072068670985162,-0.4137702230176805,-0.08324030993362436,0.16556691714798755,-0.2885063652763112,-0.05904817902286433,34.94,33.19,3,486.0,737.0,0.0,404.0,658.0,0.0,1,2,0,-0.05561016615341781,0.028150119787194755,-0.005144600508549531,-0.10097170202703412,0.040307363544832026,-0.014225082587668953,-0.11994131174350497,0.03264148641853207,-0.014265390883451317,25.4,37.67,3,830.0,0.0,440.0,727.0,0.0,403.0,2,0,1,-0.013795085069906954,-0.03151841102128589,0.030485572492043873,0.021570695334797885,-0.057438281897308555,0.05623082000192898,0.03695414699084709,-0.0896384704997287,0.08475832210825462
92,least_connections,199,measured,390,316,13,medium,1,55.07,37.35,2,826.0,0.0,0.0,747.0,0.0,0.0,2,0,0,-0.02415609211269082,-0.06286942710678985,-0.012242848571470701,-0.0773207710378504,-0.37436353511123477,-0.07531266136851728,-0.05422517019943984,-0.26102956858332915,-0.053424542925448675,46.09,43.06,4,486.0,1127.0,0.0,404.0,974.0,0.0,1,3,0,-0.0503139598530923,0.06855305622469549,-0.004654638555354337,-0.09135534945303087,0.13728489354736503,-0.012870312817414768,-0.10851832967269498,0.11887801152152902,-0.012906782227884524,17.94,27.6,2,457.0,0.0,440.0,425.0,0.0,403.0,1,0,1,-0.0555651676709589,-0.028516657590687236,0.027582184635658744,-0.047978894697087646,-0.05196796933566012,0.050875503811269075,-0.057644660659074864,-0.08110147330927835,0.07668610095508752
92,least_connections,200,measured,378,323,14,medium,0,80.27,53.5,3,826.0,378.0,0.0,747.0,323.0,0.0,2,1,0,-0.02185551191148216,-0.013797962393671537,-0.011076862993235397,-0.06995688808186462,-0.11070986510064101,-0.06814002695246801,-0.04906086827568368,-0.09005056205158349,-0.048336491218263083,46.09,43.06,4,486.0,1127.0,0.0,404.0,974.0,0.0,1,3,0,-0.045522154152797784,0.06202419372710544,-0.004211339645320591,-0.08265483998131365,0.1242101417809493,-0.011644568739565743,-0.09818325065624783,0.10755629613852627,-0.011677564872847903,17.94,27.6,2,457.0,0.0,440.0,425.0,0.0,403.0,1,0,1,-0.05027324694039138,-0.025800785439193213,0.024955309908453148,-0.04340947615450787,-0.04701863892274011,0.046030217734005355,-0.05215469297725822,-0.07337752347029945,0.06938266276888871
92,least_connections,201,measured,380,340,11,medium,2,80.27,53.5,3,826.0,378.0,0.0,747.0,323.0,0.0,2,1,0,-0.019774034586579087,-0.012483870737131392,-0.01002192366054631,-0.06329432731216322,-0.10016606842438952,-0.06165050057604249,-0.04438840463038046,-0.08147431804667077,-0.04373301586414279,46.09,43.06,4,1223.0,390.0,0.0,1062.0,316.0,0.0,3,1,0,0.044981089553364356,-0.03005067279565743,-0.0038102596790995824,0.11573405634343734,-0.07813640233424315,-0.010535562192940435,0.0972092017872043,-0.08872882730323814,-0.010565415837338579,25.54,38.93,3,457.0,380.0,440.0,425.0,340.0,403.0,1,1,1,-0.0454853186603541,0.019740332448439698,0.022578613726695704,-0.03927524033026901,0.026221231450854185,0.0416463874736239,-0.047187579360376486,0.03615049463798302,0.06277479012423265
92,least_connections,202,measured,351,307,10,medium,0,100.0,68.85,4,826.0,729.0,0.0,747.0,630.0,0.0,2,2,0,-0.017890793197381072,0.03178896955982896,-0.009067454740494281,-0.057266296139576234,0.12108784285412377,-0.055779024330705106,-0.040160937522725204,0.0651660931958693,-0.039567966734224434,32.2,30.44,3,737.0,390.0,0.0,658.0,316.0,0.0,2,1,0,-0.0023867239641896243,-0.027188703957975763,-0.0034473778048996224,-0.02092088779811449,-0.07069484020717237,-0.009532175317422297,-0.02627500790681514,-0.08027846279816786,-0.009559185757592048,25.54,38.93,3,457.0,820.0,0.0,425.0,743.0,0.0,1,2,0,-0.041153383549844186,0.060944201013440905,-0.022655630664508875,-0.03553474125119578,0.10334301893172522,-0.04193898276195933,-0.04269352418319777,0.1542472729264291,-0.064743443855853
92,least_connections,203,measured,408,403,16,heavy,1,100.0,68.85,4,826.0,729.0,0.0,747.0,630.0,0.0,2,2,0,-0.016186908130963823,0.028761448649369054,-0.008203887622351969,-0.051812363173902254,0.10955566734420724,-0.050466736299209385,-0.03633608633008473,0.05895979860578654,-0.03579958895001258,43.86,43.03,4,737.0,390.0,408.0,658.0,316.0,403.0,2,1,1,-0.0021594169199810886,-0.02459930358102569,0.03996484411756247,-0.018928422293532143,-0.06396199828267976,0.09684503865838663,-0.02377262620140419,-0.07263289491262809,0.10529466526694053,16.4,24.77,2,0.0,820.0,0.0,0.0,743.0,0.0,0,2,0,-0.08031791391471163,0.0551399913931132,-0.020497951553603268,-0.11484571827489141,0.09350082665251329,-0.037944793927487015,-0.16680207743559164,0.13955705645724537,-0.058577401583867
92,least_connections,204,measured,188,125,5,light,2,100.0,68.85,4,826.0,729.0,0.0,747.0,630.0,0.0,2,2,0,-0.014645297832776794,0.026022263063714857,-0.007422564991651781,-0.04687785239543529,0.09912179426380657,-0.04566038046118944,-0.032875506679600486,0.05334457969094969,-0.032390104288106625,43.86,43.03,4,737.0,390.0,408.0,658.0,316.0,403.0,2,1,1,-0.001953758165697178,-0.02225651276378514,0.03615866848731843,-0.017125715408433828,-0.057870379398615,0.08762170164330219,-0.021508566563175235,-0.06571547634952066,0.0952666019081843,20.16,28.93,3,188.0,820.0,0.0,125.0,743.0,0.0,1,2,0,-0.029584688553219815,0.049888563641388134,-0.018545765691355336,-0.06988898320109224,0.0845959860189406,-0.03433100402963111,-0.11321775260045594,0.12626590822322198,-0.05299860143302252
92,least_connections,205,measured,368,303,9,medium,2,48.6,31.5,2,351.0,378.0,0.0,307.0,323.0,0.0,1,1,0,-0.0563344077897459,-0.01953994793101535,-0.006715654040065897,-0.32892123153237796,-0.12203266233274646,-0.041311772798219015,-0.22879212509106714,-0.09061680885104553,-0.02930533245114409,43.86,43.03,4,1127.0,408.0,0.0,974.0,403.0,0.0,3,1,0,0.04131621426731706,-0.020136844881519886,-0.010368914452516887,0.08532163163726736,-0.04770585346949521,-0.026192610077828637,0.06988510644284146,-0.03485864526861393,-0.027749860178309455,27.52,39.03,4,568.0,808.0,0.0,465.0,706.0,0.0,2,2,0,0.01631680105955849,0.045137271866017833,-0.016779502292178637,0.005529015199011791,0.07436779687427958,-0.03106138459823767,0.00010457304403194145,0.10308185347180404,-0.04795111558225847
92,least_connections,206,measured,152,108,6,light,0,58.73,36.9,3,503.0,378.0,0.0,415.0,323.0,0.0,2,1,0,-0.007885325868727006,-0.017679000509013887,-0.006076067941012003,-0.20591286027532613,-0.11041050401534208,-0.03737731824600768,-0.15814525603477506,-0.08198663657951738,-0.026514348408177988,43.86,43.03,4,1127.0,408.0,0.0,974.0,403.0,0.0,3,1,0,0.03738133671804876,-0.018219050130898945,-0.009381398790372421,0.07719576195752761,-0.04316243885335283,-0.0236980757847021,0.0632293820197137,-0.03153877429065072,-0.025107016351803794,27.52,39.03,4,568.0,808.0,0.0,465.0,706.0,0.0,2,2,0,0.014762820006267191,0.04083848406925423,-0.01518145445482829,0.005002442322915426,0.06728514955291962,-0.028103157493643605,9.461370650509782e-05,0.093264534093537,-0.04338434266966243
92,least_connections,207,measured,400,419,21,heavy,0,85.4,57.85,4,881.0,0.0,400.0,738.0,0.0,419.0,3,0,1,0.0359495577740996,-0.059079186401579456,0.037586505422984605,0.04169788832232402,-0.32789521791864285,0.20745226761869145,0.0030352445399654537,-0.22029743309575384,0.16555844667831515,43.86,43.03,4,1127.0,408.0,0.0,974.0,403.0,0.0,3,1,0,0.033821209411567923,-0.016483902499384764,-0.008487932238908381,0.06984378462823926,-0.039051730391128775,-0.021441116186159043,0.0572075361130743,-0.02853508150106493,-0.02271587193734629,27.52,39.03,4,936.0,440.0,0.0,768.0,403.0,0.0,3,1,0,0.05644073737528482,-0.006134795592670203,-0.013735601649606547,0.07111649543501872,-0.00571343611878701,-0.025426666303772785,0.09146655525826652,-0.006998754867752255,-0.03925250051064696
92,least_connections,208,measured,413,401,18,heavy,0,100.0,77.9,5,881.0,0.0,813.0,738.0,0.0,820.0,3,0,2,0.03252579036704249,-0.05345259722047665,0.07709073846660058,0.037726660863055095,-0.2966671019263912,0.43680601990897483,0.002746173631397286,-0.19931672518187252,0.33119573747085657,22.8,22.47,2,390.0,408.0,0.0,316.0,403.0,0.0,1,1,0,-0.055567658604953274,-0.014914007023252879,-0.007679557739964726,-0.1273250111866951,-0.03533251797292605,-0.019399105120810563,-0.13428246732626611,-0.0258174546914397,-0.02055245556236093,27.52,39.03,4,936.0,440.0,0.0,768.0,403.0,0.0,3,1,0,0.05106542905382912,-0.005550529345749233,-0.01242744911154878,0.06434349586977883,-0.0051692993455692005,-0.023005079036746805,0.08275545475747922,-0.006332206785109179,-0.03551416712868058
92,least_connections,209,measured,386,324,9,medium,1,100.0,77.9,5,881.0,0.0,813.0,738.0,0.0,820.0,3,0,2,0.029428096046371782,-0.048361873675669347,0.06974876337454339,0.0341336455427641,-0.2684130922191158,0.39520544658431056,0.002484633285549931,-0.1803341799264561,0.2996532862831559,33.83,32.59,3,390.0,794.0,0.0,316.0,727.0,0.0,1,2,0,-0.05027550064257677,0.02959027482476667,-0.006948171288539514,-0.11519881964510506,0.06781479666395127,-0.017551571299780987,-0.12149366091424077,0.06824849337441169,-0.01859507884213608,23.76,34.87,3,1188.0,0.0,0.0,1046.0,0.0,0.0,3,0,0,0.046202054858226344,-0.048105807730054295,-0.011243882529496516,0.10381554388218087,-0.08429603274122928,-0.020814119128485204,0.1587152527170844,-0.1272688220119242,-0.03213186549737767
92,least_connections,210,measured,395,341,14,medium,1,100.0,77.9,5,881.0,0.0,813.0,738.0,0.0,820.0,3,0,2,0.026625420232431612,-0.04375598094465322,0.06310602400553925,0.030882822157738965,-0.2428499405792,0.35756683262390004,0.002248001544068956,-0.16315949612393646,0.27111487806571255,45.11,43.25,4,390.0,1189.0,0.0,316.0,1068.0,0.0,1,3,0,-0.04548735772423612,0.0698560536396415,-0.0062864406896309885,-0.10422750348842838,0.16346508813813274,-0.015879993080754225,-0.10992283606526548,0.15816232733875343,-0.016824118952408835,23.76,34.87,3,1188.0,0.0,0.0,1046.0,0.0,0.0,3,0,0,0.041801859157442875,-0.04352430223195389,-0.010173036574306371,0.09392834922673507,-0.07626783914682649,-0.01883182206862947,0.14359951436307636,-0.11514798182031236,-0.029071687830960747
92,least_connections,211,measured,192,108,5,light,2,100.0,77.9,5,881.0,0.0,813.0,738.0,0.0,820.0,3,0,2,0.024089665924580977,-0.03958874466421005,0.05709592648120218,0.027941600999859095,-0.2197213748097524,0.323512848564481,0.0020339061589195184,-0.14762049649308537,0.2452944134880256,45.11,43.25,4,776.0,803.0,0.0,640.0,744.0,0.0,2,2,0,0.001928671809591359,0.02011919592339445,-0.005687732052523276,0.00548123834040154,0.04811467158075958,-0.014367612787349061,-0.007846851678097344,0.05149210568744361,-0.015221821909322279,27.6,38.47,4,1380.0,0.0,0.0,1154.0,0.0,0.0,4,0,0,0.08090462994063426,-0.03937913059081542,-0.009204175948181955,0.11972564930037938,-0.0690042354185573,-0.017038315204950475,0.16249479870945002,-0.10418150736123499,-0.026302955656583533
92,least_connections,212,measured,192,102,3,light,1,79.4,57.15,3,378.0,413.0,400.0,323.0,401.0,419.0,1,1,1,-0.0643723884265129,0.007265512197233995,0.0085743189705208,-0.2781163292540958,0.05031558152133511,0.04359098997103833,-0.18589789442764423,0.047843360315779904,0.04052827887011842,39.46,36.56,4,986.0,395.0,0.0,829.0,341.0,0.0,3,1,0,0.044828889006863826,-0.024880818200829047,-0.005146043285616297,0.059244929927029955,-0.06193706584870054,-0.012999268712363437,0.04633796752934044,-0.0673553567589796,-0.01377212458462492,20.0,27.13,3,1000.0,0.0,0.0,814.0,0.0,0.0,3,0,0,0.030115526862387915,-0.035628737201213956,-0.008327587762640816,0.039561301747962296,-0.06243240347393279,-0.015415618518764716,0.044479421054581775,-0.09425945904111738,-0.023797912260718434
92,least_connections,213,measured,197,100,7,light,0,92.53,62.15,4,575.0,413.0,400.0,423.0,401.0,419.0,2,1,1,-0.015157784540087621,0.00657355865464028,0.007757717163804537,-0.13280366297592788,0.045523621376446055,0.03943946711665372,-0.12295523781548764,0.04328684980951514,0.03666844278725001,39.46,36.56,4,986.0,395.0,0.0,829.0,341.0,0.0,3,1,0,0.04055947100621013,-0.02251121646741676,-0.004655943925081412,0.053602555648265215,-0.056038297672633824,-0.011761243120709777,0.04192482776464135,-0.060940560877172034,-0.0124604936718035,20.0,27.13,3,1000.0,0.0,0.0,814.0,0.0,0.0,3,0,0,0.027247381446922403,-0.032235524134431676,-0.0075344841661988335,0.03579355872434686,-0.05648646028593919,-0.013947464374120457,0.04024328571605018,-0.0852823677038681,-0.0215314444263643
92,least_connections,214,measured,411,414,14,heavy,2,67.33,46.0,3,197.0,813.0,0.0,100.0,820.0,0.0,1,2,0,-0.05679808623921759,0.04903140567619381,-0.03606501326902945,-0.34815569507345856,0.2824578796580544,-0.20558651387858315,-0.25736426278544117,0.22871191173241842,-0.15637140890677378,39.46,36.56,4,986.0,395.0,0.0,829.0,341.0,0.0,3,1,0,0.03669666424371393,-0.020367291089567544,-0.004212520694121277,0.04849755034843045,-0.0507013169419068,-0.010641124728261226,0.03793198702515169,-0.05513669793648898,-0.011273779988774595,20.86,30.83,3,632.0,411.0,0.0,511.0,414.0,0.0,2,1,0,-0.018431507489065663,0.013918426009890614,-0.006816914245608469,-0.03420582782082904,0.02326463116986454,-0.012619134433728032,-0.05497036054262125,0.04769690541078603,-0.019480830671472462
92,least_connections,215,measured,152,124,8,light,0,77.47,52.2,4,197.0,965.0,0.0,100.0,944.0,0.0,1,3,0,-0.05138874469262543,0.08744564821950415,-0.032630250100550456,-0.31499800982836734,0.34723966889696983,-0.18600684589014665,-0.23285338061539912,0.2630250629959976,-0.14147889377279532,33.97,33.38,3,794.0,395.0,0.0,727.0,341.0,0.0,2,1,0,-0.009882156387206659,-0.018427549081037303,-0.003811328247062108,-0.005753917031692146,-0.045872620090296634,-0.009627684277950632,0.005480131117994391,-0.049885583847299575,-0.010200086656510348,20.86,30.83,3,632.0,411.0,0.0,511.0,414.0,0.0,2,1,0,-0.016676125823440358,0.01259286162799627,-0.006167684317455281,-0.030948129933131036,0.02104895201082982,-0.011417312106706315,-0.049735088109990666,0.043154342990711164,-0.017625513464665562
92,least_connections,216,measured,371,339,13,medium,1,77.47,52.2,4,349.0,813.0,0.0,224.0,820.0,0.0,2,2,0,-0.0034106783046656264,0.03603359101946067,-0.029522607233831367,-0.1933156596859831,0.22248668455757592,-0.16829190818632317,-0.15458163008059922,0.1818798189011407,-0.1280047134134815,44.57,43.97,4,794.0,766.0,0.0,727.0,680.0,0.0,2,2,0,-0.008940998636044112,0.026411355820104565,-0.003448344604484764,-0.005205924933435746,0.05440096277544593,-0.008710761965764858,0.004958213868661576,0.050713638423871804,-0.009228649832080792,8.22,13.8,1,0.0,411.0,0.0,0.0,414.0,0.0,0,1,0,-0.10125572381757982,0.011393541472949006,-0.005580285811030969,-0.14236259374902333,0.01904428991456031,-0.010329949048924762,-0.19910952416300742,0.03904440556302438,-0.015946893134697413
92,least_connections,217,measured,374,335,11,medium,2,77.47,52.2,4,349.0,813.0,0.0,224.0,820.0,0.0,2,2,0,-0.003085851799459388,0.03260182044617871,-0.026710930354418856,-0.17490464447779422,0.20129747650447344,-0.15226410740667334,-0.1398595700729231,0.16455793138674632,-0.11581378832648326,44.57,43.97,4,1189.0,371.0,0.0,1068.0,339.0,0.0,3,1,0,0.0349944252703365,-0.019187911627615142,-0.0031199308326290724,0.09739872097859212,-0.05288892483582104,-0.007881165588072966,0.10089969350021763,-0.05052992237840169,-0.00834973080045405,15.7,24.97,2,0.0,785.0,0.0,0.0,749.0,0.0,0,2,0,-0.09161232154923889,0.05339234251180647,-0.00504883001950421,-0.12880425148721159,0.084906738494126,-0.009346144377598594,-0.1801467123379591,0.13635763677924428,-0.014428141407583374
92,least_connections,218,measured,447,417,20,heavy,2,77.47,52.2,4,349.0,813.0,0.0,224.0,820.0,0.0,2,2,0,-0.002791961151891814,0.029496885165590264,-0.024167032225426585,-0.15824705928943286,0.18212628826595217,-0.13776276384413302,-0.12653961101835898,0.14888574744515143,-0.10478390372396104,33.54,33.84,3,803.0,371.0,0.0,744.0,339.0,0.0,2,1,0,-0.01142227736311957,-0.01736049147260417,-0.002822794562854875,-0.011659660611205741,-0.047851884375266676,-0.007130578389208874,-0.00031694397599354995,-0.0457175488185539,-0.00755451834326795,24.64,38.87,3,0.0,785.0,447.0,0.0,749.0,417.0,0,2,1,-0.08288733854454947,0.04830735751068204,0.03851591116149165,-0.11653717991700095,0.07682038244706638,0.0724296788964584,-0.1629898825914868,0.12337119518122103,0.11270787205980554
92,least_connections,219,measured,365,335,13,medium,1,77.47,52.2,4,762.0,400.0,0.0,625.0,419.0,0.0,3,1,0,0.04055784013695049,-0.016396242219794743,-0.021865410108719292,0.1059352003254338,-0.08433018363239253,-0.12464250062088227,0.06691654241196093,-0.04669860945438678,-0.09480448432167904,32.31,31.72,3,395.0,736.0,0.0,341.0,674.0,0.0,1,2,0,-0.05341834165053222,0.027376788894401205,-0.002553956985440125,-0.11601860449857393,0.05105917944278593,-0.006451475685474695,-0.11423021121637514,0.0533537653546417,-0.00683504040581386,24.64,38.87,3,0.0,785.0,447.0,0.0,749.0,417.0,0,2,1,-0.07499330630221142,0.04370665679537899,0.0348477291461115,-0.10543840087728658,0.06950415554734576,0.06553161423965284,-0.14746703663039282,0.11162155754491426,0.10197378900649072
92,least_connections,220,measured,163,101,6,light,1,64.33,47.2,3,565.0,400.0,0.0,525.0,419.0,0.0,2,1,0,-0.006388711531421204,-0.01483469534171905,-0.019782990098365073,-0.022979263197623445,-0.07629873757216471,-0.11277178627603633,0.015305443134631336,-0.04225112283968327,-0.08577548581485246,36.97,34.88,4,558.0,736.0,0.0,442.0,674.0,0.0,2,2,0,-0.005246980314200345,0.024769475666363006,-0.00231072298682678,-0.06283315917217913,0.04619640044823489,-0.0058370494297152005,-0.07479459586243464,0.048272454368485346,-0.00618408417668873,24.64,38.87,3,0.0,785.0,447.0,0.0,749.0,417.0,0,2,1,-0.06785108665438176,0.039544118052961943,0.03152889779886278,-0.0953966484127831,0.06288471216188427,0.059290508121590674,-0.13342255695130778,0.10099093301682718,0.09226199957730113
92,least_connections,221,measured,421,406,12,heavy,0,92.4,67.5,4,965.0,421.0,0.0,944.0,406.0,0.0,3,1,0,0.037303637412614374,-0.01342186721393629,-0.017898895803282685,0.22047907932913435,-0.056365524470053774,-0.10203161615450906,0.20339540093133307,-0.04410815875971341,-0.07760639192772366,36.97,34.88,4,558.0,736.0,0.0,442.0,674.0,0.0,2,2,0,-0.004747267903324109,0.022410477983852234,-0.002090654130938515,-0.05684904877482874,0.0417967432626887,-0.005281139960218515,-0.06767130101839325,0.043675077761962944,-0.005595123778908851,24.64,38.87,3,785.0,0.0,447.0,749.0,0.0,417.0,2,0,1,0.02477872205193124,-0.05038978888178726,0.028526145627542517,0.05573636572176767,-0.08515192709162853,0.05364379306239156,0.10517324212341994,-0.1345161399689024,0.08347514247470103
92,least_connections,222,measured,156,125,4,light,2,92.4,67.5,4,965.0,421.0,0.0,944.0,406.0,0.0,3,1,0,0.03375091003998443,-0.012143594145942363,-0.016194239060112907,0.19948107177397872,-0.05099737928242959,-0.09231431937788916,0.18402441036644418,-0.03990738173497882,-0.07021530698222617,36.97,34.88,4,929.0,365.0,0.0,781.0,335.0,0.0,3,1,0,0.03878875307613079,-0.022807753479462484,-0.0018915442137062758,0.04446990825134539,-0.058088660857567365,-0.004778174249721513,0.03462179907859658,-0.056332667739176376,-0.0050622548475841985,27.76,43.03,4,941.0,0.0,447.0,874.0,0.0,417.0,3,0,1,0.06550274398802848,-0.045590761369236094,0.02580936985349085,0.07865671184350409,-0.07704221974956867,0.048534860389782844,0.13285515557198313,-0.12170507901948313,0.07552512890568187
92,least_connections,223,measured,390,307,6,medium,0,100.0,76.65,4,1203.0,421.0,0.0,1127.0,406.0,0.0,3,1,0,0.030536537655224003,-0.010987061370138329,-0.014651930578197392,0.32403843001772686,-0.046140486017436255,-0.08352247943713781,0.2492839903315448,-0.0361066787125999,-0.06352813488868082,36.97,34.88,4,929.0,365.0,0.0,781.0,335.0,0.0,3,1,0,0.03509458611649928,-0.02063558648141843,-0.0017113971457342495,0.040234678894074394,-0.05255640744256096,-0.004323110035462321,0.03132448488063502,-0.05096765176401673,-0.004580135338290465,27.76,43.03,4,941.0,0.0,447.0,874.0,0.0,417.0,3,0,1,0.05926438741774005,-0.041248784095975516,0.023351334629348863,0.07116559642983704,-0.06970486548770498,0.04391249273361304,0.12020228361274665,-0.11011411911286569,0.06833225948609312
92,least_connections,224,measured,365,328,7,medium,0,100.0,93.05,5,1568.0,421.0,0.0,1455.0,406.0,0.0,4,1,0,0.07071219620053147,-0.009940674572982297,-0.013256508618369068,0.4723204843017528,-0.04174615401577564,-0.07556795758598182,0.3739236102999691,-0.032667947406638004,-0.05747783632785408,25.69,24.22,3,534.0,365.0,0.0,440.0,335.0,0.0,2,1,0,-0.01133165564516278,-0.018670292530807153,-0.0015484069413786066,-0.06570603882372858,-0.04755103530517421,-0.003911385270180196,-0.06807248986990164,-0.04611358969125322,-0.004143931972738992,27.76,43.03,4,941.0,447.0,0.0,874.0,417.0,0.0,3,1,0,0.053620160044621945,0.005763571758969993,-0.021956502228775064,0.06438792057937637,0.017819407415885974,-0.04115536371720724,0.10875444707819937,0.026134844612169153,-0.06393747951258243
92,least_connections,225,measured,367,313,12,medium,1,100.0,93.05,5,1568.0,421.0,0.0,1455.0,406.0,0.0,4,1,0,0.06397770132429037,-0.008993943661269696,-0.011993983988048204,0.42733758103491915,-0.037770329823796966,-0.06837100924445974,0.3383118378904483,-0.029556714320291527,-0.052003756677582266,36.17,34.0,4,899.0,367.0,0.0,775.0,313.0,0.0,3,1,0,0.0328314498811339,-0.016892169432635037,-0.0014009396136282631,0.034905420656082264,-0.04250535847338892,-0.0035388723873058915,0.033127866308184234,-0.0479420573397053,-0.0037492717848590876,27.76,43.03,4,941.0,447.0,0.0,874.0,417.0,0.0,3,1,0,0.04851347813561033,0.00521466016287761,-0.019865406778415536,0.0582557376670548,0.0161223209953254,-0.03723580526794941,0.09839688068979943,0.023645811791962568,-0.05784819574947934
92,least_connections,226,measured,193,120,5,light,1,100.0,73.0,4,1576.0,0.0,0.0,1460.0,0.0,0.0,4,0,0,0.057884586912453184,-0.051221277825049,-0.01085169979871028,0.38663876379349826,-0.28810966349137185,-0.06185948455451119,0.3083535676151674,-0.2104084558135971,-0.04705101794638396,37.03,34.59,4,929.0,367.0,0.0,794.0,313.0,0.0,3,1,0,0.02970464513054971,-0.0152833913914317,-0.0012675167932827143,0.03933619692012885,-0.038457229094970916,-0.0032018369218481876,0.035344855231214306,-0.04337614711687621,-0.0033921982815391747,24.64,38.87,3,785.0,447.0,0.0,749.0,417.0,0.0,2,1,0,0.0008092466578424606,0.004718025861651168,-0.017973463275709294,0.02447900074638293,0.014586861852913455,-0.03368953809957328,0.051327336497120124,0.021393829716537555,-0.05233884377333845
92,least_connections,227,measured,185,107,8,light,2,100.0,73.0,4,1576.0,0.0,0.0,1460.0,0.0,0.0,4,0,0,0.052371769111267175,-0.046343060889330046,-0.009818204579785491,0.3498160243845937,-0.260670647920765,-0.055968105073129173,0.2789865611756277,-0.1903695552599212,-0.042569968618156914,37.03,34.59,4,929.0,367.0,0.0,794.0,313.0,0.0,3,1,0,0.026875631308592593,-0.013827830306533437,-0.00114680090820817,0.035589892451545146,-0.03479463584783084,-0.00289690007214836,0.03197867854252723,-0.0392450854866975,-0.0030691317785354437,28.34,42.43,4,785.0,632.0,0.0,749.0,524.0,0.0,2,2,0,0.0007321755475717395,0.047352590292060806,-0.016261704868498886,0.02214766734196552,0.04667382739073124,-0.03048101066151868,0.04643901873548964,0.05162616339432763,-0.04735419198540146
92,least_connections,228,measured,477,446,17,heavy,0,100.0,74.35,4,1176.0,0.0,477.0,1041.0,0.0,446.0,3,0,1,0.004300081350103402,-0.04192943604272718,0.034200762749808586,0.12107164110987056,-0.2358448719283112,0.23707647636240695,0.06286879344461554,-0.172239121425643,0.1632462188692866,37.03,34.59,4,929.0,367.0,0.0,794.0,313.0,0.0,3,1,0,0.024316047374440916,-0.01251089408686358,-0.0010375817740931063,0.03220037888473132,-0.031480861005180286,-0.0026210048271818496,0.02893309010990558,-0.03550745829748822,-0.0027768335139130205,12.64,17.47,2,185.0,447.0,0.0,107.0,417.0,0.0,1,1,0,-0.04242145568371626,-0.00024108043870235685,-0.014712971071498993,-0.08853306288107882,0.008752510496375876,-0.027578057265183566,-0.15160279257265225,0.01443954465835992,-0.04284426893917275
92,least_connections,229,measured,160,103,4,light,2,84.2,59.0,3,786.0,0.0,477.0,734.0,0.0,446.0,2,0,1,-0.03919335043380667,-0.03793615641961031,0.03094354724982682,-0.125697086614879,-0.2133834555541863,0.214497764327892,-0.08199966307391926,-0.15583539557558176,0.14769895992935456,26.43,24.0,3,558.0,367.0,0.0,455.0,313.0,0.0,2,1,0,-0.021083666887977498,-0.011319380364305145,-0.0009387644622747153,-0.06677108577095736,-0.028482683766591674,-0.0023713853198311973,-0.06967065656722832,-0.03212579560248935,-0.0025123731792546376,15.84,20.9,3,345.0,447.0,0.0,210.0,417.0,0.0,2,1,0,0.004702583179585523,-0.00021812039692117868,-0.01331173573135623,-0.051148961654309405,0.007918938068149611,-0.024951575620880368,-0.1061009393117647,0.013064349928992303,-0.03876386237353725
92,least_connections,230,measured,395,317,9,medium,0,100.0,74.85,4,786.0,395.0,477.0,734.0,317.0,446.0,2,1,1,-0.035460650392491744,0.00876071108520518,0.027996542749843315,-0.11372593550870003,0.045192746562085384,0.19406940582047372,-0.07419017135259365,0.002410832574473637,0.13363239231703508,26.43,24.0,3,925.0,0.0,0.0,768.0,0.0,0.0,3,0,0,0.024008201613825345,-0.053325244365890596,-0.0008493583230104566,0.03445881355416783,-0.1206407955167122,-0.002145539098894893,0.025461667867745813,-0.1175632198308237,-0.002273099543135148,15.84,20.9,3,345.0,447.0,0.0,210.0,417.0,0.0,2,1,0,0.004254718114863082,-0.0001973470257858323,-0.012043951375988972,-0.04627763197294661,0.007164753490230602,-0.022575235085558427,-0.09599608794873948,0.011820126126231123,-0.035072065957009894
92,least_connections,231,measured,376,306,12,medium,1,86.2,58.45,3,421.0,872.0,0.0,406.0,763.0,0.0,1,2,0,-0.07516734581996418,0.05101025787527634,-0.017753694881661036,-0.3230536241904111,0.32860296117522014,-0.11212768044814284,-0.21550539312853706,0.20394313423404759,-0.08085640695125398,31.66,29.81,3,732.0,376.0,0.0,648.0,306.0,0.0,2,1,0,-0.021362194004724916,-0.005162749437619837,-0.0007684670541523179,-0.01871413467548083,-0.011953917032127365,-0.001941202041857284,-0.010891824310134718,-0.019848865561221438,-0.002056613872360372,15.84,20.9,3,792.0,0.0,0.0,627.0,0.0,0.0,3,0,0,0.046933407092585866,-0.04326245229770646,-0.010896908387799546,0.039015475834000696,-0.07440331827074373,-0.020425212696457626,0.03890830137971188,-0.11506750493340995,-0.03173186919919943
92,least_connections,232,measured,455,440,17,heavy,0,100.0,80.45,4,816.0,477.0,455.0,723.0,446.0,440.0,2,1,1,-0.02492465075321021,0.003068237850873609,0.027021033429064048,-0.05403264410878472,0.0590534728093261,0.17299559070564854,-0.05157630806867641,0.04111521668794779,0.12589182228219878,21.23,19.34,2,367.0,376.0,0.0,313.0,306.0,0.0,1,1,0,-0.06241159956436562,-0.004671059014989376,-0.000695279715661621,-0.11128557763155748,-0.010815448743353329,-0.001756325656918495,-0.10457176961393141,-0.017958497412533678,-0.001860745884516527,15.84,20.9,3,792.0,0.0,0.0,627.0,0.0,0.0,3,0,0,0.04246355879805387,-0.03914221874554394,-0.009859107588961495,0.03529971623076253,-0.06731728795924433,-0.018479954344414042,0.035202748867358385,-0.10410869493975186,-0.028709786418323294
92,least_connections,233,measured,366,314,8,medium,1,88.47,60.15,3,395.0,477.0,455.0,317.0,446.0,440.0,1,1,1,-0.06563477471775708,0.002776024722218981,0.02444760167391509,-0.30282318593969415,0.053429332541771235,0.15651982016225344,-0.23033094539546914,0.03719948176528612,0.11390212492198937,31.69,29.16,3,367.0,742.0,0.0,313.0,620.0,0.0,1,2,0,-0.0564676377010927,0.03885770397510031,-0.0006290625998843237,-0.10068695119045677,0.08482683889206807,-0.0015890565467357814,-0.09461255346022365,0.0725315975791362,-0.0016835319907530484,12.64,17.47,2,632.0,0.0,0.0,524.0,0.0,0.0,2,0,0,-0.004664489885661011,-0.03541438838882547,-0.008920144961441353,0.002985457542118486,-0.06090611767741153,-0.016719958692565085,0.0007866140545940981,-0.09419358113596597,-0.025975521045149646
92,least_connections,234,measured,355,336,9,medium,2,88.47,60.15,3,395.0,477.0,455.0,317.0,446.0,440.0,1,1,1,-0.059383843792256405,0.002511641415340979,0.02211925865735175,-0.2739828825168661,0.04834082468065015,0.14161317062299122,-0.20839466488161493,0.03365667397811603,0.10305430350084752,31.69,29.16,3,733.0,376.0,0.0,627.0,306.0,0.0,2,1,0,-0.008005867217088403,-0.007926929963571375,-0.0005691518760858167,0.0035145271542126044,-0.017864152567040437,-0.0014377178279990402,0.0031779278217023976,-0.023155935523638677,-0.0015231956106813295,19.74,28.67,3,632.0,355.0,0.0,524.0,336.0,0.0,2,1,0,-0.004220252753693282,0.01104231073210575,-0.008070607346065987,0.002701128252392923,0.009132560196627657,-0.015127581674225553,0.0007116984303470464,0.01611056944841173,-0.023501661897992538
92,least_connections,235,measured,438,417,15,heavy,0,100.0,81.0,4,395.0,932.0,438.0,317.0,886.0,417.0,1,2,1,-0.05372823962156531,0.04535633769778016,0.020012662594746822,-0.24788927465811694,0.3181813810602707,0.11787223373826186,-0.18854755394050873,0.22949889550400973,0.0828348460245763,31.69,29.16,3,733.0,376.0,0.0,627.0,306.0,0.0,2,1,0,-0.007243403672603788,-0.007171984252755059,-0.0005149469355062151,0.0031798102823828445,-0.01616280470351278,-0.0013007923205705602,0.002875268029159328,-0.020950608330911183,-0.0013781293620450123,16.04,25.1,2,447.0,355.0,0.0,417.0,336.0,0.0,1,1,0,-0.04690222414676558,0.009990662090952826,-0.007301978075012084,-0.03103231253354928,0.008262792558853593,-0.013686859610013596,-0.031625923642384424,0.014576229500943935,-0.02126340838389801
92,least_connections,236,measured,183,101,2,light,2,100.0,81.0,4,395.0,1370.0,0.0,317.0,1303.0,0.0,1,3,0,-0.04861126441951147,0.08412058671522513,-0.02497720549817691,-0.22428077230972487,0.5520688685783401,-0.15754416947490593,-0.1705906440414127,0.3962847149798183,-0.11369704407300238,31.69,29.16,3,1109.0,0.0,0.0,933.0,0.0,0.0,3,0,0,0.03653034452297299,-0.049572838360202424,-0.0004659043702199089,0.1000742501194348,-0.11182076888140952,-0.0011769073376590783,0.08911929012162034,-0.10547316944225298,-0.001246878946612154,19.7,28.47,3,985.0,0.0,0.0,854.0,0.0,0.0,3,0,0,0.0437324547969173,-0.03404472976351434,-0.0066065515916776,0.0692755267553602,-0.05676223530389436,-0.012383349170964682,0.10317971987911251,-0.08814531616581263,-0.01923832187114582
92,least_connections,237,measured,171,120,5,light,1,100.0,81.0,4,395.0,1370.0,0.0,317.0,1303.0,0.0,1,3,0,-0.043981620189081805,0.07610910226615607,-0.02259842402216006,-0.20292069875641777,0.49949088109468875,-0.14253996285824821,-0.15434391603746864,0.358543313553169,-0.10286875416128786,26.09,23.12,3,913.0,0.0,0.0,740.0,0.0,0.0,3,0,0,0.03305126409221365,-0.044851615659230765,-0.0004215325254370604,0.039876702489012456,-0.1011711718450848,-0.00106482092454869,0.026063286300513633,-0.09542810568584793,-0.0011281285707443298,19.7,28.47,3,985.0,0.0,0.0,854.0,0.0,0.0,3,0,0,0.03956745910197279,-0.030802374547941543,-0.005977356201994019,0.06267785754056399,-0.0513563081320949,-0.011203982583253759,0.0933530798906256,-0.07975052415002096,-0.017406100740560506
92,least_connections,238,measured,476,410,17,heavy,1,100.0,81.0,4,872.0,893.0,0.0,763.0,857.0,0.0,2,2,0,0.0032910057699690742,0.025776716109288597,-0.02044619316290672,0.10411936779181252,0.16420603527614702,-0.12896472830031983,0.06211740929943316,0.1226344265481053,-0.09307172995545093,39.69,35.94,4,913.0,0.0,476.0,740.0,0.0,410.0,3,0,1,0.029903524654859973,-0.0405800332154945,0.04270251365612383,0.036078921299582706,-0.09153582214555292,0.12208420963969405,0.023581068557607554,-0.08633971466814813,0.11490193129313607,7.1,11.2,1,355.0,0.0,0.0,336.0,0.0,0.0,1,0,0,-0.05036867078982506,-0.027868815067185207,-0.005408084182756494,-0.05729146222520402,-0.04646523116713348,-0.010136936622943878,-0.07175991184498952,-0.07215523613573324,-0.015748376860507125
92,least_connections,239,measured,402,437,18,heavy,2,91.33,65.15,3,477.0,893.0,0.0,446.0,857.0,0.0,1,2,0,-0.04010632357773773,0.02332179076554683,-0.018498936671201317,-0.1440507307280427,0.14856736524984732,-0.11668237322409888,-0.08720329634813187,0.11095495735304767,-0.08420775567397941,39.69,35.94,4,913.0,0.0,476.0,740.0,0.0,410.0,3,0,1,0.02705556992582568,-0.03671526814735217,0.03863560759363585,0.03264283355676531,-0.0828181247983574,0.1104571420549613,0.021335252504502078,-0.07811688469975307,0.1039588902175993,15.14,25.77,2,355.0,0.0,402.0,336.0,0.0,437.0,1,0,1,-0.045571654524127425,-0.02521464220364376,0.038190871680453875,-0.051835132489470304,-0.04203997105597791,0.06357134305543173,-0.06492563452641907,-0.06528330888471102,0.11754511934843007
92,least_connections,240,measured,464,437,15,heavy,2,91.33,65.15,3,477.0,893.0,0.0,446.0,857.0,0.0,1,2,0,-0.036286673713191275,0.021100667835494746,-0.016737133178705954,-0.13033161351584815,0.1344180923689095,-0.10556976625037519,-0.07889822050545262,0.10038781855751933,-0.0761879694193147,39.69,35.94,4,913.0,0.0,476.0,740.0,0.0,410.0,3,0,1,0.02447884898050895,-0.033218575942842436,0.034956025918051484,0.02953399226564482,-0.07493068434137098,0.09993741424020307,0.019303323694549485,-0.07067718139501468,0.0940580435302089,24.42,40.33,3,355.0,0.0,866.0,336.0,0.0,874.0,1,0,2,-0.041231496950401,-0.02281324770805864,0.07763754603288231,-0.04689845320475884,-0.038036164288741924,0.14147883419300966,-0.0587422407619982,-0.05906585089569093,0.2381439968708018
92,least_connections,241,measured,154,119,5,light,0,100.0,71.1,4,631.0,893.0,0.0,565.0,857.0,0.0,2,2,0,0.010253100200536686,0.019091080422590473,-0.015143120495019672,-0.025030190006402275,0.12161636928615621,-0.09551550279795851,-0.017550770933504767,0.09082707393299366,-0.06893197233176092,29.23,26.12,3,547.0,476.0,0.0,426.0,410.0,0.0,2,1,0,-0.02093637019677308,0.013028998183233262,-0.011457019634234593,-0.06789101380047102,0.05525319035780721,-0.03262805378267342,-0.07131484999064572,0.0519765977854629,-0.030822484425049083,24.42,40.33,3,355.0,464.0,402.0,336.0,437.0,437.0,1,1,1,-0.03730468771702947,0.022443342776609074,0.02715959380299329,-0.04243193385192466,0.049548232310185875,0.04404275474605636,-0.0531477416418079,0.07835311903088281,0.08366996542278893
92,least_connections,242,measured,384,346,11,medium,1,100.0,71.1,4,1086.0,438.0,0.0,1005.0,417.0,0.0,3,1,0,0.05236051469390961,-0.025811017939651695,-0.013700918543113037,0.2517980820576995,-0.16441058651887458,-0.08641878824577198,0.18316835010778143,-0.11687074263205335,-0.06236702258587893,35.31,33.19,3,376.0,860.0,0.0,306.0,756.0,0.0,1,2,0,-0.06202633040479015,0.05487204144015889,-0.010365874907164632,-0.10562928459498397,0.14925628787475073,-0.02952062008908548,-0.09845153094391755,0.14485382656779977,-0.02788700971790155,24.42,40.33,3,355.0,464.0,402.0,336.0,437.0,437.0,1,1,1,-0.03375186031540761,0.02030588155978916,0.024572965821755832,-0.0383907972945985,0.044829353042549126,0.03984820667500338,-0.04808605196163572,0.07089091721841778,0.07570139728728523
92,least_connections,243,measured,412,425,14,heavy,1,100.0,71.1,4,1524.0,0.0,0.0,1422.0,0.0,0.0,4,0,0,0.09045769923553272,-0.06643672598168034,-0.012396069158054652,0.47753159805220435,-0.41294291161231506,-0.07818842746046037,0.3543666024784689,-0.2943830528575721,-0.05642730614912855,36.34,36.91,3,0.0,1272.0,0.0,0.0,1181.0,0.0,0,3,0,-0.09920296106918655,0.0927300329583297,-0.009378648725529905,-0.19276663164035965,0.24154480467579487,-0.026709132461553528,-0.17559305180640158,0.2512219145137236,-0.025231104030482357,17.32,29.13,2,0.0,866.0,0.0,0.0,874.0,0.0,0,2,0,-0.0736212976549833,0.06145588830466185,-0.020851216864216378,-0.09897262612368435,0.11330274799087778,-0.03668971777023504,-0.1448397612986228,0.19593305208650497,-0.06330191039086892
92,least_connections,244,measured,413,418,16,heavy,2,100.0,71.1,4,1524.0,0.0,0.0,1422.0,0.0,0.0,4,0,0,0.08184268026072009,-0.06010941874532983,-0.011215491143001828,0.4320523982377087,-0.37361501526828506,-0.07074191055946415,0.32061740224242424,-0.26634657163304143,-0.05105327699206869,36.34,36.91,3,0.0,1272.0,0.0,0.0,1181.0,0.0,0,3,0,-0.08975506001497831,0.08389860124801259,-0.008485444085003247,-0.17440790481746826,0.21854053756381442,-0.02416540556045319,-0.15886990401531573,0.227296017893369,-0.02282814174186499,25.58,43.07,3,0.0,866.0,413.0,0.0,874.0,418.0,0,2,1,-0.06660974549736585,0.05560294656136072,0.024218513540085407,-0.0895466617309525,0.10251201008698466,0.04153787439835878,-0.13104549831780157,0.17727276141159976,0.06879033504318209
92,least_connections,245,measured,352,339,8,medium,1,69.8,48.8,3,1047.0,0.0,0.0,976.0,0.0,0.0,3,0,0,0.030964239056751275,-0.05438471219815556,-0.010147349129382607,0.11766645554840305,-0.3380326328617817,-0.06400458574427709,0.08832050679076486,-0.24098023147751368,-0.0461910601356812,46.4,47.5,4,0.0,1624.0,0.0,0.0,1520.0,0.0,0,4,0,-0.08120695906117086,0.11899215849876876,-0.007677306553098177,-0.15779762816818557,0.28872035031283894,-0.021863938364219553,-0.14373943696623803,0.3014969923797148,-0.020654033004544513,25.58,43.07,3,0.0,866.0,413.0,0.0,874.0,418.0,0,2,1,-0.06026596021190244,0.05030742784123113,0.021911988441029654,-0.08101840823276656,0.09274896150727184,0.03758188636041985,-0.11856497466848714,0.16038964127716168,0.062238874562879035
92,least_connections,246,measured,170,117,6,light,0,70.87,48.7,3,1063.0,0.0,0.0,974.0,0.0,0.0,3,0,0,0.02801526390848924,-0.049205215798331224,-0.009180934926584264,0.11611092009934887,-0.30583904877970725,-0.057908910911488795,0.0790042680487873,-0.21802973324156,-0.041791911551330614,46.4,47.5,4,736.0,888.0,0.0,685.0,835.0,0.0,2,2,0,0.012694837493407773,0.02149177152156176,-0.00694613450042216,0.04748922077300219,0.07096467069120799,-0.01978165852000817,0.06362562845911796,0.07910739786736101,-0.01868698224220694,25.58,43.07,3,0.0,1279.0,0.0,0.0,1292.0,0.0,0,3,0,-0.054526344953626016,0.08860014446406173,-0.023258767827730537,-0.07330236935345545,0.15864906041134122,-0.04073067424533443,-0.10727307231910742,0.2711779294094955,-0.06975212936374436
92,least_connections,247,measured,186,123,1,light,0,83.27,54.85,4,1249.0,0.0,0.0,1097.0,0.0,0.0,4,0,0,0.06843104376300954,-0.04451900476991873,-0.008306560171671477,0.2172432134232204,-0.27671152032449703,-0.052393776538966055,0.12712290918699803,-0.1972649967423638,-0.03781172949882294,46.4,47.5,4,736.0,888.0,0.0,685.0,835.0,0.0,2,2,0,0.011485805351178463,0.019444936138555885,-0.006284597881334336,0.04296643784224008,0.06420613062537867,-0.017897691041912155,0.057566044796344806,0.0715733599752314,-0.01690726964771104,25.58,43.07,3,0.0,1279.0,0.0,0.0,1292.0,0.0,0,3,0,-0.049333359719947345,0.08016203546748442,-0.02104364708223239,-0.06632119131979303,0.14353962608645157,-0.036851562412445436,-0.09705658924109718,0.24535145994192448,-0.06310906942434014
92,least_connections,248,measured,453,415,15,heavy,2,70.87,48.7,3,1063.0,0.0,0.0,974.0,0.0,0.0,3,0,0,0.018829901273108407,-0.04027909955373599,-0.00751545920294086,0.08436290738291363,-0.25035804219835445,-0.04740389305906453,0.05937310831204584,-0.17847785419547202,-0.034210612403696945,46.4,47.5,4,1212.0,412.0,0.0,1095.0,425.0,0.0,3,1,0,0.053475819354014076,-0.02549086276806395,-0.005686064749778685,0.16192201519059818,-0.06495635800560978,-0.01619314903792052,0.1680061833871691,-0.05116576954621921,-0.015297053490786179,34.64,56.9,4,464.0,815.0,453.0,437.0,855.0,415.0,1,2,1,-0.0015510442817664172,0.029443655672395208,0.02404441000949949,0.02395701737733011,0.04590728074488473,0.04862953876969222,0.04398054624218192,0.09019100343951897,0.0680600482986129
92,least_connections,249,measured,151,120,4,light,0,50.6,32.7,3,759.0,0.0,0.0,654.0,0.0,0.0,3,0,0,0.017036577342336184,-0.03644299483433257,-0.0067997011836131585,-0.10703673459006235,-0.2265144191318445,-0.04288923657724886,-0.09104337819386327,-0.1614799633197128,-0.030952458841440093,46.4,47.5,4,1212.0,412.0,0.0,1095.0,425.0,0.0,3,1,0,0.0483828841774413,-0.023063161552057856,-0.005144534773609286,0.1465008708867317,-0.05877003819555171,-0.014650944367642376,0.152005594493153,-0.04629283911324597,-0.013840191253568447,34.64,56.9,4,464.0,1268.0,0.0,437.0,1270.0,0.0,1,3,0,-0.0014033257787410408,0.06972339821606732,-0.0213294340276864,0.021675396674727246,0.12350658734060999,-0.037973274446468946,0.03979192279054555,0.20676011422305687,-0.06358059122188993
92,least_connections,250,measured,461,439,18,heavy,0,52.13,33.8,3,321.0,0.0,461.0,237.0,0.0,439.0,2,0,1,-0.02766985405988176,-0.03297223342153899,0.036931789632059744,-0.36103323605767557,-0.20494161730976407,0.23925894468407644,-0.2710154374134954,-0.14610091919402585,0.1705906324767923,46.4,47.5,4,1624.0,0.0,0.0,1520.0,0.0,0.0,4,0,0,0.08685889067301378,-0.06395057020242877,-0.004654579080884592,0.23905180835330145,-0.15967629306128148,-0.013255616332628816,0.2576925616842813,-0.1620476877691273,-0.012522077800847643,34.64,56.9,4,866.0,866.0,0.0,874.0,833.0,0.0,2,2,0,0.04181422452218214,0.019999174349684484,-0.019298059358382934,0.09235393032475323,0.03900119807007571,-0.03435677211823381,0.16779586665176344,0.05527502397959114,-0.05752529681980517
92,least_connections,251,measured,369,341,10,medium,0,76.73,50.85,4,321.0,369.0,461.0,237.0,341.0,439.0,2,1,1,-0.025034629863702557,0.01325187951203162,0.033414476333768345,-0.326649118337897,0.03714806052926106,0.21647237852368822,-0.24520444337411484,0.0220753588244528,0.15434390557424066,46.4,47.5,4,1624.0,0.0,0.0,1520.0,0.0,0.0,4,0,0,0.078586615370822,-0.05786003970695936,-0.00421128583508606,0.21628496946251083,-0.14446902705544515,-0.011993176681902263,0.23315041295244499,-0.14661457464825806,-0.011329498962671677,34.64,56.9,4,866.0,866.0,0.0,874.0,833.0,0.0,2,2,0,0.03783191742483146,0.01809449107828595,-0.017460148943298844,0.08355831791287197,0.03528679825387801,-0.031084698583163924,0.15181530792302406,0.050010735981534854,-0.05204669712268087
92,least_connections,252,measured,367,343,10,medium,0,89.87,62.15,4,151.0,736.0,461.0,120.0,684.0,439.0,1,2,1,-0.06573427962725015,0.05507369597573836,0.030232145254361832,-0.39807936103587505,0.2549752293677441,0.1958559615214322,-0.2747802106718182,0.1751396103649811,0.13964448599574153,46.4,47.5,4,1624.0,0.0,0.0,1520.0,0.0,0.0,4,0,0,0.07110217581169609,-0.052349559734868,-0.0038102109936492923,0.1956864009422717,-0.1307100720977837,-0.010850969378863953,0.21094561171887882,-0.13265128182461444,-0.01025049906146485,34.64,56.9,4,866.0,866.0,0.0,874.0,833.0,0.0,2,2,0,0.03422887767008561,0.01637120621368729,-0.01579727761536562,0.07560038287355082,0.031926150801127706,-0.028124251099053074,0.13735670716845033,0.04524780874519821,-0.04708986882528269
92,least_connections,253,measured,379,344,9,medium,0,100.0,73.35,4,0.0,1115.0,461.0,0.0,1028.0,439.0,0,3,1,-0.10255777227045988,0.09291248230004445,0.02735289332537499,-0.4512464060165854,0.4592950487930383,0.17720301280510534,-0.302896381084026,0.31407869509212577,0.12634501113900423,25.37,26.09,2,888.0,0.0,0.0,835.0,0.0,0.0,2,0,0,-0.02183726043340875,-0.04736388737916628,-0.0034473337561588837,-0.01320890254882906,-0.11826149380275669,-0.009817543723734052,-0.002820041778157256,-0.1200178264127464,-0.009274261055611055,34.64,56.9,4,1279.0,453.0,0.0,1292.0,415.0,0.0,3,1,0,0.07405288478540625,-0.028271856509611726,-0.0142927749853308,0.1431336797427365,-0.04584776832278921,-0.025445750994381355,0.2503386080730423,-0.08512499843688418,-0.042605119413351
92,least_connections,254,measured,159,112,8,light,1,100.0,73.35,4,369.0,1207.0,0.0,341.0,1126.0,0.0,1,3,0,-0.04970646516080157,0.08406367446194499,-0.0183360443609419,-0.18569912925310106,0.47104472668576486,-0.11773695666839677,-0.11978720193316636,0.3284997717500185,-0.08428308515994855,29.91,29.59,3,888.0,159.0,0.0,835.0,112.0,0.0,2,1,0,-0.01975752134451267,0.00023085926465453432,-0.0031190162555723233,-0.011950911829892996,-0.06589645357664381,-0.008882539559568903,-0.0025514663707137397,-0.07692089056391341,-0.00839099809793381,34.64,56.9,4,1279.0,453.0,0.0,1292.0,415.0,0.0,3,1,0,0.06700022909155803,-0.02557929874679156,-0.0129315583200612,0.12950190071961873,-0.04148131419680927,-0.023022346137773608,0.22649683587560973,-0.0770178557286095,-0.03854748899303186
92,least_connections,255,measured,380,300,10,medium,1,100.0,73.35,4,1115.0,461.0,0.0,1028.0,439.0,0.0,3,1,0,0.04119528435564665,-0.010110190226040705,-0.016589754421804576,0.2819547560725911,-0.023784929823990497,-0.10652391317616851,0.20240681729856375,-0.013571635083316547,-0.07625612466852488,27.17,26.16,3,571.0,380.0,0.0,537.0,300.0,0.0,2,1,0,-0.017875852645035273,0.00020887266802076254,-0.002821967088374959,-0.09275830798214807,-0.0024913491543784166,-0.008036583411038531,-0.08656442195445527,-0.016440329557826414,-0.007591855421940115,25.36,42.33,3,815.0,453.0,0.0,855.0,415.0,0.0,2,1,0,0.017535354665604658,-0.023143175056620932,-0.01169998133719823,0.03320648160346454,-0.03753071284473218,-0.02082974174369993,0.07313205785571039,-0.06968282184969432,-0.034876299565124065
92,least_connections,256,measured,474,404,18,heavy,1,100.0,73.35,4,1115.0,461.0,0.0,1028.0,439.0,0.0,3,1,0,0.037271923940823154,-0.009147314966417783,-0.01500977781020414,0.2551019221609157,-0.021519698412181876,-0.09637877858796198,0.18312997755584337,-0.012279098408714967,-0.06899363660485584,40.71,38.78,4,571.0,380.0,474.0,537.0,300.0,404.0,2,1,1,-0.016173390488365247,0.00018898003297117272,0.040530691908703835,-0.0839241834124197,-0.002254077806342375,0.1152594177301488,-0.0783201912921262,-0.014874583885652465,0.10735736890395894,25.36,42.33,3,1268.0,0.0,0.0,1270.0,0.0,0.0,3,0,0,0.05894922111468538,-0.06402296337322393,-0.010585697400322207,0.11201538811742029,-0.11592778781190055,-0.01884595681572851,0.19132583012342055,-0.18820509278464406,-0.03155474722558844
92,least_connections,257,measured,158,117,3,light,2,100.0,73.35,4,1115.0,461.0,0.0,1028.0,439.0,0.0,3,1,0,0.03372221689883999,-0.008276142112473225,-0.013580275161613269,0.23080650100273326,-0.01947020332530741,-0.08719984729387037,0.16568902731242968,-0.011109660465027815,-0.06242281407106005,28.94,25.5,3,159.0,380.0,474.0,112.0,300.0,404.0,1,1,1,-0.057716967811468775,0.00017098193459295918,0.036670626012636806,-0.1824348054003525,-0.0020394037295478618,0.10428233032727749,-0.19102481593097131,-0.01345795684892366,0.09713285757977239,20.48,31.67,3,1024.0,0.0,0.0,950.0,0.0,0.0,3,0,0,0.053335009579953435,-0.057925538290059746,-0.009577535743148664,0.05719487496338027,-0.10488704611552907,-0.01705110378565913,0.07659638598468207,-0.17028079823372558,-0.028549533204103826
92,least_connections,258,measured,410,439,16,heavy,1,100.0,73.35,4,1115.0,461.0,0.0,1028.0,439.0,0.0,3,1,0,0.03051057719418855,-0.007487938101761488,-0.012286915622412005,0.2088249294786635,-0.01761589824670673,-0.07889509993254938,0.14990911994934114,-0.010051597563596582,-0.05647778415953052,40.66,39.22,4,539.0,0.0,884.0,412.0,0.0,843.0,2,0,2,-0.009136213507428659,-0.042929202285935164,0.0762620856667621,-0.06682876951188355,-0.10007646731993106,0.20033707437774084,-0.08801054774706926,-0.09699767524426427,0.21200413304836546,20.48,31.67,3,1024.0,0.0,0.0,950.0,0.0,0.0,3,0,0,0.0482554848580531,-0.0524088203576731,-0.00866538948189641,0.051747744014486896,-0.09489780362833583,-0.015427189139405878,0.06930149208137901,-0.15406357935432313,-0.025830530041808224
92,least_connections,259,measured,433,406,19,heavy,2,100.0,73.35,4,1115.0,461.0,0.0,1028.0,439.0,0.0,3,1,0,0.02760480793759916,-0.006774801139688966,-0.01111673318218229,0.188936840956886,-0.015938193651782284,-0.0713812808913542,0.13563206090654673,-0.009094302557539763,-0.05109894757290857,40.66,39.22,4,539.0,0.0,884.0,412.0,0.0,843.0,2,0,2,-0.008266097935292593,-0.03884070683013181,0.06899902988897523,-0.06046412479646607,-0.09054537519422334,0.1812573530084322,-0.07962859081877693,-0.0877598014114772,0.19181326323423542,29.14,45.2,4,1024.0,0.0,433.0,950.0,0.0,406.0,3,0,1,0.04365972439538138,-0.04741750413313281,0.03524378593361299,0.0468193874416786,-0.08585991756849433,0.06439444792148992,0.06270134997839055,-0.13939085751105426,0.09907396488280842
92,least_connections,260,measured,422,404,18,heavy,0,100.0,93.55,5,1115.0,461.0,422.0,1028.0,439.0,404.0,3,1,1,0.024975778610208763,-0.006129581983528115,0.03302590353811625,0.1709428561038493,-0.014420270446850625,0.18995661887607634,0.12271472177258985,-0.008228178504440742,0.13652952362451132,40.66,39.22,4,539.0,884.0,0.0,412.0,843.0,0.0,2,2,0,-0.007478850512883772,0.05102620855958595,-0.023740106744441908,-0.054705636720612155,0.14659500067461423,-0.06452225884271098,-0.07204491550270292,0.15894648919913967,-0.06480288088331079,17.72,27.37,2,453.0,0.0,433.0,415.0,0.0,406.0,1,0,1,-0.04666614504816967,-0.042901551358548735,0.03188723489231652,-0.06096341136229079,-0.07768278256197106,0.058261643357538494,-0.10461941351161488,-0.12611553774809672,0.08963834917968383
92,least_connections,261,measured,361,344,10,medium,2,100.0,76.5,4,1207.0,0.0,422.0,1126.0,0.0,404.0,3,0,1,0.022597133028284117,-0.04862971249756852,0.029880579391628987,0.21015464758602243,-0.2911104034201665,0.17186551231645003,0.15536093874662882,-0.20603978055163685,0.12352671185074832,40.66,39.22,4,539.0,884.0,0.0,412.0,843.0,0.0,2,2,0,-0.006766579035466264,0.0461665696491492,-0.021479144197352203,-0.049495576080553855,0.1326335720389367,-0.05837728181007184,-0.06518349497863596,0.1438087283230311,-0.058631177942043096,24.94,38.83,3,453.0,361.0,433.0,415.0,344.0,406.0,1,1,1,-0.04222175028167732,0.004268210902356129,0.028850355378762564,-0.05515737218492976,-0.004960612794164293,0.052712915418725304,-0.09465565984384203,-0.010358502407008141,0.08110136354352346
92,least_connections,262,measured,367,323,10,medium,2,58.87,42.15,2,461.0,0.0,422.0,439.0,0.0,404.0,1,0,1,-0.06572277533268625,-0.0439983113073239,0.02703480992575956,-0.25982833472375744,-0.2633856030944363,0.15549736828631194,-0.17022105541971674,-0.18641694430862382,0.11176226310305801,36.11,35.72,3,380.0,884.0,0.0,300.0,843.0,0.0,1,2,0,-0.0492060431636078,0.04176975349208737,-0.019433511416651995,-0.08588375250825622,0.12000180327332366,-0.052817540685303095,-0.09064220974257539,0.13011265895893293,-0.053047256233277086,32.28,49.6,4,453.0,728.0,433.0,415.0,667.0,406.0,1,2,1,-0.038200631207231855,0.04694561485269863,0.026102702485547084,-0.04990428911969837,0.06192135032908945,0.04769263775979908,-0.08564083509680945,0.08804072004445296,0.07337742415842599
92,least_connections,263,measured,380,341,9,medium,0,84.2,59.2,3,461.0,380.0,422.0,439.0,341.0,404.0,1,1,1,-0.05946346339623994,0.003275904282035738,0.024460066123306267,-0.23508277903578045,-0.009094910736236028,0.140688095116187,-0.1540095263321247,-0.014401044850659656,0.10111823804562392,36.11,35.72,3,380.0,884.0,0.0,300.0,843.0,0.0,1,2,0,-0.04451975333850229,0.037791681730936194,-0.017582700805542282,-0.07770434750746993,0.10857306010443568,-0.04778729871527423,-0.08200961833852058,0.11772097715332028,-0.0479951365920126,23.22,35.77,3,0.0,728.0,433.0,0.0,667.0,406.0,0,2,1,-0.07764637608091952,0.04247460391434638,0.023616730820256886,-0.12712292825115568,0.056024078869176167,0.04315048178267536,-0.20264329524631966,0.07965588956402886,0.0663890980480997
92,least_connections,264,measured,362,331,12,medium,0,100.0,75.75,4,461.0,1164.0,0.0,439.0,1076.0,0.0,1,3,0,-0.05380027640612184,0.08913171385154707,-0.02095336421043265,-0.21269394293713473,0.4646601601275325,-0.12725045362503717,-0.1393419523957319,0.3194704832303556,-0.09127397510157836,36.11,35.72,3,380.0,884.0,0.0,300.0,843.0,0.0,1,2,0,-0.0402797768300735,0.03419247394703751,-0.015908157871681112,-0.07030393345913946,0.09823276866591799,-0.043236127409057634,-0.07419917849675672,0.10650945551967073,-0.043424171202297114,23.22,35.77,3,361.0,800.0,0.0,344.0,729.0,0.0,1,2,0,-0.027167582894074574,0.03842940354155149,-0.021716381865572565,-0.04969217317961705,0.06371702373877844,-0.039311468863293716,-0.07959790204825745,0.0907680270658674,-0.06237811763902091
92,least_connections,265,measured,448,404,18,heavy,1,100.0,75.75,4,841.0,784.0,0.0,780.0,735.0,0.0,2,2,0,-0.005592540331162382,0.03755907897226141,-0.018957805714200967,0.036768972263227284,0.19120046233760868,-0.11513136280360506,0.02819061449909971,0.13478281816079787,-0.08258121556809471,38.06,38.97,3,0.0,884.0,448.0,0.0,843.0,404.0,0,2,1,-0.0795275078349191,0.030936047856843465,0.028690805009522077,-0.16183961326575202,0.08887726688821151,0.07669112282037643,-0.15195401863992275,0.09636569785113067,0.07493765462649309,23.22,35.77,3,728.0,433.0,0.0,667.0,406.0,0.0,2,1,0,0.01850370617973751,-0.008314439879639354,-0.019648155021232322,0.021449938551775058,-0.008760788045867135,-0.03556751944774193,0.025395548940465473,-0.015289245353104108,-0.05643734453054273
92,least_connections,266,measured,199,109,1,light,1,100.0,75.75,4,841.0,784.0,0.0,780.0,735.0,0.0,2,2,0,-0.005059917442480244,0.03398202383204604,-0.017152300408086588,0.03326716538101515,0.1729908944959317,-0.10416647110802363,0.02550579407061404,0.12194635928834094,-0.07471633789494284,43.74,42.38,4,199.0,884.0,448.0,109.0,843.0,404.0,1,2,1,-0.028869559242931345,0.02798975758476313,0.025958347389567593,-0.09498413989350354,0.08041276527981042,0.06938720636129296,-0.10666375495993011,0.08718801234149917,0.06780073513825564,23.22,35.77,3,728.0,433.0,0.0,667.0,406.0,0.0,2,1,0,0.016741448448333945,-0.007522588462530844,-0.01777690216206734,0.01940708726112983,-0.00792642727959407,-0.032180136643195086,0.022976925231849715,-0.01383312674804657,-0.051062359337157706
92,least_connections,267,measured,181,110,6,light,2,100.0,75.75,4,841.0,784.0,0.0,780.0,735.0,0.0,2,2,0,-0.0045780205431964205,0.030745640609946417,-0.015518747988268817,0.03009886391615657,0.1565155712106049,-0.09424585481202138,0.023076670825793677,0.11033242030849894,-0.06760049619066257,38.06,38.97,3,884.0,0.0,448.0,843.0,0.0,404.0,2,0,1,0.016963822816486146,-0.060843734067300474,0.023486123828656395,0.09113679859975529,-0.15576260012098783,0.06277890099355077,0.11102445979815848,-0.15946382216721502,0.06134352226794558,26.84,39.43,4,909.0,433.0,0.0,777.0,406.0,0.0,3,1,0,0.05823092501334522,-0.006806151466099336,-0.01608386386091807,0.050311174188641256,-0.007171529443442251,-0.029115361724795553,0.0539632498129434,-0.012515686105375484,-0.04619927749552364
92,least_connections,268,measured,368,340,13,medium,1,77.6,53.8,3,380.0,784.0,0.0,341.0,735.0,0.0,1,2,0,-0.04722591881345889,0.027817484361380096,-0.014040771989386072,-0.2508311866155409,0.14160932633340445,-0.0852700591156384,-0.1777163454433295,0.0998245707553086,-0.06116235369631375,48.57,49.59,4,884.0,368.0,448.0,843.0,340.0,404.0,2,1,1,0.015348220643487454,-0.011965192500800206,0.02124935013068912,0.0824571034950167,-0.045798815075451554,0.05679995804178403,0.1004507017221434,-0.04814583910367072,0.05550128205195076,26.84,39.43,4,909.0,433.0,0.0,777.0,406.0,0.0,3,1,0,0.052685122631121864,-0.006157946564566072,-0.014552067302735396,0.04551963378972304,-0.006488526639304895,-0.026342470131957882,0.04882389268790116,-0.011323716000101625,-0.04179934630547377
92,least_connections,269,measured,454,426,17,heavy,0,100.0,75.1,4,742.0,422.0,454.0,672.0,404.0,426.0,2,1,1,0.00035568796696122673,-0.017915700090270617,0.030380344617312826,-0.008593295826759328,-0.09022648252374516,0.19669216873664458,-0.011052883972536176,-0.059420626459482706,0.13737691808428754,48.57,49.59,4,884.0,816.0,0.0,843.0,744.0,0.0,2,2,0,0.01388648534410769,0.03225824986889052,-0.02385829772756245,0.07460404601930082,0.07437250064602002,-0.06441908558124303,0.09088396822479641,0.07066566938239319,-0.06401074481013978,26.84,39.43,4,909.0,433.0,0.0,777.0,406.0,0.0,3,1,0,0.04766749190434835,-0.005571475463178821,-0.013166156131046311,0.04118443057165419,-0.00587057172127585,-0.023833663452723797,0.0441739981461963,-0.010245266857234814,-0.037818456181142934
92,least_connections,270,measured,377,337,8,medium,0,100.0,91.95,5,742.0,799.0,454.0,672.0,741.0,426.0,2,2,1,0.00032181292248872895,0.026874457287941092,0.027486978463283032,-0.007774886700401218,0.14576334120867496,0.17795958123791655,-0.010000228356104202,0.09869086177475372,0.12429340207626016,48.57,49.59,4,884.0,816.0,0.0,843.0,744.0,0.0,2,2,0,0.012563962930383143,0.02918603559566285,-0.021586078896366025,0.0674988987793674,0.06728940534639907,-0.05828393457350559,0.08222835220338723,0.0639356056316891,-0.05791448339965028,26.84,39.43,4,909.0,433.0,0.0,777.0,406.0,0.0,3,1,0,0.04312773077060089,-0.005040858752399888,-0.011912236499518091,0.037262103850544265,-0.005311469652582904,-0.02156379074294058,0.039966950703701404,-0.009269527156545804,-0.03421669844960551
92,least_connections,271,measured,394,330,11,medium,1,100.0,91.95,5,1541.0,0.0,454.0,1413.0,0.0,426.0,4,0,1,0.08645896452624263,-0.0618528152882347,0.024869170990589412,0.45017192790598615,-0.3500553897000877,0.1610110496914483,0.3261664600587629,-0.24592255363236568,0.11245593521185443,59.83,59.91,5,884.0,1210.0,0.0,843.0,1074.0,0.0,2,3,0,0.011367395032251426,0.06949031338473804,-0.01953026185861688,0.06107043222895148,0.16273123068755832,-0.05273308366174315,0.07439708056496941,0.1511500717620044,-0.0523988183139693,19.62,27.97,3,981.0,0.0,0.0,839.0,0.0,0.0,3,0,0,0.03902032784006747,-0.047644677193214406,-0.010777737785278274,0.046741903483825786,-0.08315799635233691,-0.019510096386470048,0.05485898714461873,-0.13083115949084304,-0.030957965263928796
92,least_connections,272,measured,484,441,17,heavy,2,100.0,74.9,4,1161.0,454.0,0.0,1072.0,426.0,0.0,3,1,0,0.03514087720174787,-0.012878170748312115,-0.020583221711462187,0.20282222048636844,-0.04287551131595241,-0.12816460583472136,0.14084108291030928,-0.02978707233404515,-0.09096843957022695,59.83,59.91,5,884.0,1210.0,0.0,843.0,1074.0,0.0,2,3,0,0.010284785981560823,0.06287218830047728,-0.017670236919700984,0.05525420058809896,0.1472330182411242,-0.04771088521776762,0.06731164432068662,0.13675482683228968,-0.04740845466501985,21.96,31.9,3,614.0,0.0,484.0,516.0,0.0,441.0,2,0,1,-0.007779794085743946,-0.04310708888909875,0.03333261365912464,-0.02411923018130048,-0.07523818717592387,0.06992896041224139,-0.04777837671042434,-0.1183710490631437,0.10499041238025489
92,least_connections,273,measured,412,422,19,heavy,2,100.0,74.9,4,1161.0,454.0,0.0,1072.0,426.0,0.0,3,1,0,0.031794126992057595,-0.011651678296091914,-0.01862291488179912,0.1835058185352857,-0.038792129285861676,-0.11595845289808124,0.12742764644266075,-0.026950208302231327,-0.08230477865877676,59.83,59.91,5,884.0,1210.0,0.0,843.0,1074.0,0.0,2,3,0,0.009305282554745498,0.05688436084328896,-0.015987357213062797,0.049991895770184785,0.1332108260276838,-0.04316699138750404,0.06090101152824029,0.12373055761016685,-0.042893363744541765,26.58,42.3,3,433.0,0.0,896.0,406.0,0.0,863.0,1,0,2,-0.05012276154243046,-0.03900165185204173,0.07324197925167966,-0.054574541592605205,-0.0680726455401216,0.1378214403729803,-0.07640265829355852,-0.10709761581903478,0.22226116675673857
92,least_connections,274,measured,391,301,9,medium,2,100.0,74.9,4,1161.0,454.0,0.0,1072.0,426.0,0.0,3,1,0,0.028766114897575912,-0.01054199464884506,-0.016849303940675395,0.16602907391287747,-0.03509764078244626,-0.10491479071731159,0.1152916801147883,-0.02438352179725692,-0.07446622831032183,34.57,33.56,3,368.0,842.0,0.0,340.0,734.0,0.0,1,2,0,-0.034664835058178106,0.008382902440980278,-0.014464751764199674,-0.0881569922623498,0.025394828991033652,-0.039055849350598894,-0.08711634671254449,0.015815742599674776,-0.038808281483156834,34.4,52.33,4,433.0,391.0,896.0,406.0,301.0,863.0,1,1,2,-0.045349165205056136,0.00779669140824342,0.0662665526562816,-0.049376966202833286,0.00916284451131856,0.12469558890888695,-0.06912621464655297,-0.006120065106110836,0.20109343658943013
92,least_connections,275,measured,423,430,14,heavy,1,100.0,74.9,4,1161.0,454.0,0.0,1072.0,426.0,0.0,3,1,0,0.026026484907330588,-0.009537995158478862,-0.015244608327277738,0.15021678115927006,-0.0317550083269752,-0.09492290588709144,0.10431152010385608,-0.022061281626089613,-0.06737420656648166,46.66,47.0,4,762.0,871.0,0.0,670.0,834.0,0.0,2,2,0,0.011720478031262888,0.00758453077993454,-0.01308715635808542,0.02208925189869032,0.030472872488486236,-0.03533624465054186,0.01448401964103116,0.04258329092351526,-0.03511225467523713,34.4,52.33,4,433.0,875.0,412.0,406.0,742.0,422.0,1,2,1,-0.04103019709028888,0.05013804959612046,0.016871552176545034,-0.04467439799303964,0.09587114503405011,0.025238866155659623,-0.06254276563259556,0.12746279823732828,0.048941680723770115
92,least_connections,276,measured,478,432,17,heavy,0,100.0,79.95,4,799.0,454.0,478.0,741.0,426.0,432.0,2,1,1,-0.01953612816774397,-0.008629614667195168,0.029291159359220366,-0.08243878530034299,-0.0287307218196442,0.20243483118152045,-0.0553610056203207,-0.01996020718550967,0.13447095596365943,46.66,47.0,4,1210.0,423.0,0.0,1074.0,430.0,0.0,3,1,0,0.05368814225504283,-0.0362217057115785,-0.011840760514458237,0.13579503743214838,-0.08823882965327434,-0.03197088801715692,0.12733077967521866,-0.07569845106920048,-0.031768230420452646,34.4,52.33,4,824.0,484.0,412.0,707.0,441.0,422.0,2,1,1,0.005961340954591249,0.0022790970268754263,0.015264737683540745,0.030332687530106983,0.015988178840331074,0.022835164617025373,0.03419146601495324,0.024545706341709717,0.04428056827388725
92,least_connections,277,measured,372,329,10,medium,0,100.0,96.4,5,799.0,826.0,478.0,741.0,755.0,432.0,2,2,1,-0.017675544532720744,0.0352761536231046,0.026501525134532713,-0.07458747241459607,0.19838648978222667,0.18315532344994706,-0.05008852889457588,0.13077409826072933,0.12166419825283474,46.66,47.0,4,1210.0,423.0,0.0,1074.0,430.0,0.0,3,1,0,0.04857498584980065,-0.032772019453332926,-0.010713069036890786,0.12286217672432473,-0.07983513159105773,-0.02892604153933245,0.11520403875376925,-0.06848907477689567,-0.028742684666123824,34.4,52.33,4,824.0,484.0,412.0,707.0,441.0,422.0,2,1,1,0.005393594197011131,0.0020620401671729988,0.01381095314225115,0.027443860146287274,0.014465495141251936,0.020660387034451527,0.03093513591829103,0.022208020023451652,0.0400633712954218
92,least_connections,278,measured,355,330,11,medium,1,86.93,59.35,3,0.0,826.0,478.0,0.0,755.0,432.0,0,2,1,-0.10215995979264303,0.03191651994471369,0.023977570359815313,-0.5494204115497139,0.17949253837439555,0.16571195931185687,-0.3805324785236639,0.11831942223589798,0.11007713175256476,56.8,57.31,5,1210.0,778.0,0.0,1074.0,760.0,0.0,3,2,0,0.0439487967212482,0.013433025483265665,-0.009692776747663091,0.1111610170362938,0.019536921757750486,-0.026171180440348406,0.10423222553912456,0.03133726567804676,-0.026005286126492985,25.74,38.8,3,391.0,896.0,0.0,301.0,863.0,0.0,1,2,0,-0.03820398166755681,0.044949555616104364,-0.030588275955196805,-0.053522221772406744,0.08764020988970414,-0.05585964982597243,-0.09445551194694304,0.14736281176724994,-0.09102202914541202
92,least_connections,279,measured,486,434,16,heavy,0,100.0,81.05,4,454.0,850.0,486.0,426.0,761.0,434.0,1,2,1,-0.04934653958563394,0.028876851378550478,0.021693992230309093,-0.22325338822751895,0.1768742013863579,0.15475526477421972,-0.15157700437855307,0.10976519154676484,0.10049835729993954,56.8,57.31,5,1210.0,778.0,0.0,1074.0,760.0,0.0,3,2,0,0.03976319703351028,0.012153689722954636,-0.008769655152647559,0.10057425350902774,0.01767626254272664,-0.023678687065077128,0.09430534691635079,0.02835276418489943,-0.02352859220968413,25.74,38.8,3,391.0,896.0,0.0,301.0,863.0,0.0,1,2,0,-0.03456550722302759,0.04066864555742776,-0.027675106816606634,-0.04842486731789182,0.07929352323354184,-0.05053968317587981,-0.08545974890437705,0.1333282582656071,-0.08235326446489659
92,least_connections,280,measured,370,314,10,medium,2,100.0,81.05,4,826.0,478.0,486.0,755.0,432.0,434.0,2,1,1,-0.0015629689221495213,-0.016957225169973597,0.01962789773218442,0.02238979160367338,-0.06435191303139048,0.14001666812905594,0.011692234133690083,-0.049521969552927064,0.09092708517613576,56.8,57.31,5,1210.0,778.0,0.0,1074.0,760.0,0.0,3,2,0,0.035976225887461674,0.010996195463625624,-0.007934449900014458,0.0909957531748346,0.01599280896722885,-0.021423574011260257,0.08532388530526974,0.025652500929194716,-0.021287773903999926,33.14,49.27,4,391.0,1266.0,0.0,301.0,1177.0,0.0,1,3,0,-0.03127355415416781,0.07987934144538249,-0.02503938235788219,-0.04381297519237831,0.1386941400684426,-0.04572638001627221,-0.0773207251991983,0.21532874160539053,-0.07451009642062073
92,least_connections,281,measured,172,123,6,light,0,100.0,87.2,5,998.0,964.0,0.0,878.0,866.0,0.0,3,2,0,0.0416697854876697,0.027741648882495543,-0.02532532608811432,0.12400346224459335,0.2349196977335039,-0.16646110978799702,0.06622154516857676,0.151527741833066,-0.11406597055492479,46.29,46.69,4,842.0,778.0,0.0,734.0,760.0,0.0,2,2,0,-0.010533981566672984,0.009948938752804143,-0.007178788004774986,-0.01279976073297276,0.014469684303683228,-0.019383233629235472,-0.01893315139047022,0.023209405602604732,-0.019260366865523744,33.14,49.27,4,391.0,1266.0,0.0,301.0,1177.0,0.0,1,3,0,-0.028295120425199452,0.07227178511725083,-0.022654679276179125,-0.03964031088834229,0.12548517434763856,-0.041371486681389145,-0.06995684660879847,0.19482124240487717,-0.06741389676151399
92,least_connections,282,measured,180,124,3,light,1,100.0,87.2,5,998.0,964.0,0.0,878.0,866.0,0.0,3,2,0,0.03770123448884401,0.025099587084162628,-0.02291339027019867,0.11219360869748918,0.21254639318745594,-0.15060767076056875,0.05991473134299802,0.13709652832515495,-0.10320254478778909,40.17,40.25,4,1406.0,0.0,0.0,1288.0,0.0,0.0,4,0,0,0.07663705522652489,-0.07716637967716813,-0.00649509390908213,0.13421518246608583,-0.18802402712659952,-0.017537211378832095,0.13950691064671744,-0.1938819663595481,-0.01742604621166434,33.14,49.27,4,875.0,782.0,0.0,742.0,736.0,0.0,2,2,0,0.01748355317538644,0.022304857736469563,-0.020497090773685875,0.05171590919626173,0.025953252981196828,-0.03743134509268542,0.0697057102110871,0.04326683836631745,-0.060993525641369804
92,least_connections,283,measured,156,100,1,light,1,100.0,87.2,5,998.0,964.0,0.0,878.0,866.0,0.0,3,2,0,0.03411064072800171,0.02270915021900427,-0.020731162625417847,0.10150850310725212,0.1923038795505554,-0.13626408306908602,0.05420856645318867,0.12403971610371162,-0.09337373099847585,31.83,30.75,4,1114.0,0.0,0.0,984.0,0.0,0.0,4,0,0,0.06933828806209395,-0.06981720066029498,-0.005876513536788594,0.04594979093870355,-0.17011697692406624,-0.015867000771324278,0.04026815725179195,-0.1754170171824483,-0.015766422762934402,25.32,39.23,3,854.0,412.0,0.0,755.0,422.0,0.0,2,1,0,0.01581845287296868,-0.02290331465566585,-0.018544986890477698,0.042990584510903485,-0.04347086635034572,-0.033866455083858236,0.06698770606399942,-0.05555222560507786,-0.055184618437429826
92,least_connections,284,measured,185,124,7,light,2,100.0,87.2,5,998.0,964.0,0.0,878.0,866.0,0.0,3,2,0,0.030862008277715833,0.020546374007670537,-0.018756766184901862,0.09184102662084714,0.17398922435526443,-0.12328655134822068,0.04904584583859928,0.11222640980812004,-0.08448099471290672,27.37,27.62,3,958.0,0.0,0.0,884.0,0.0,0.0,3,0,0,0.0196507413532324,-0.06316794345455261,-0.005316845580903966,0.0012470897608678477,-0.15391536007415518,-0.014355857840721966,0.00815928513257369,-0.15871063459364368,-0.014264858690273982,29.02,43.37,4,1039.0,412.0,0.0,879.0,422.0,0.0,3,1,0,0.05739583377849093,-0.02072204659322148,-0.016778797662813157,0.07237243360510318,-0.03933078384078899,-0.03064107840920507,0.09800474993092012,-0.05026153745221332,-0.04992894049100794
92,least_connections,285,measured,412,414,16,heavy,1,100.0,87.2,5,998.0,964.0,0.0,878.0,866.0,0.0,3,2,0,0.027922769394123845,0.018589576483130477,-0.016970407500625496,0.08309426218076643,0.15741882203571544,-0.11154497502934252,0.044374812901589844,0.10153818030258477,-0.07643518569262989,34.0,36.69,3,778.0,0.0,412.0,760.0,0.0,414.0,2,0,1,-0.0253046580500233,-0.057151948839833315,0.03827342089165378,-0.04540229293744605,-0.13925675435280707,0.09351476807608149,-0.027677313451480945,-0.1435953360609157,0.10414727070879973,29.02,43.37,4,1451.0,0.0,0.0,1301.0,0.0,0.0,4,0,0,0.0950134641215825,-0.06183241857300537,-0.015180816933021427,0.1400322018331886,-0.11013737585595194,-0.027722880465471254,0.21594080549305472,-0.1727445656313676,-0.045173803301388135
92,least_connections,286,measured,431,424,18,heavy,1,100.0,65.9,4,1022.0,486.0,0.0,884.0,434.0,0.0,3,1,0,0.0252634580232549,-0.02626475959916312,-0.01535417821485164,0.08965671340164583,-0.14589090704705115,-0.10092164407416704,0.04286292595858132,-0.10356069401194709,-0.06915564419809371,46.31,49.94,4,778.0,0.0,843.0,760.0,0.0,838.0,2,0,2,-0.022894690616687752,-0.05170890609318252,0.07771223341444412,-0.041078265038641676,-0.1259942063192064,0.1960235656742778,-0.025041378837054207,-0.12991958976939993,0.21410943540319977,29.02,43.37,4,1451.0,0.0,0.0,1301.0,0.0,0.0,4,0,0,0.08596456277666988,-0.055943616804147715,-0.013735024844162244,0.1266958016585992,-0.0996481019649089,-0.025082606135426372,0.1953750144937162,-0.15629270223790404,-0.040871536320303554
92,least_connections,287,measured,461,427,17,heavy,0,95.0,64.65,3,478.0,486.0,461.0,432.0,434.0,427.0,1,1,1,-0.0633103860515222,-0.023763353923052344,0.029192024699034456,-0.2470090053350189,-0.131996534947332,0.1867534331392457,-0.16569544794223598,-0.09369777077271405,0.13059727429696283,46.31,49.94,4,778.0,412.0,431.0,760.0,414.0,424.0,2,1,1,-0.020714243891288925,-0.00370034814326492,0.027227168100596836,-0.03716604932067577,-0.007491356737785393,0.07085125329713571,-0.022656485614477584,-0.000492724077076151,0.07666448917432359,29.02,43.37,4,1451.0,0.0,0.0,1301.0,0.0,0.0,4,0,0,0.07777746155984418,-0.05061565329899079,-0.012426927239956316,0.1146295348339707,-0.09015780653967949,-0.022693786503481004,0.17676787025621943,-0.14140768297715128,-0.03697900905170322
92,least_connections,288,measured,483,419,13,heavy,0,100.0,85.6,4,964.0,483.0,461.0,866.0,419.0,427.0,2,1,1,-0.014196925248429387,-0.021500177358952113,0.026411831870554982,0.069658518982602,-0.12123496019044322,0.16896739188788898,0.04641840424273885,-0.09155988784197935,0.11815943864963303,46.31,49.94,4,778.0,412.0,431.0,760.0,414.0,424.0,2,1,1,-0.018741458758785218,-0.0033479340343825492,0.024634104471968565,-0.03362642557584952,-0.006777894191329639,0.06410351488788468,-0.020498725079765412,-0.0004457979744974805,0.06936310925295944,29.02,43.37,4,1451.0,0.0,0.0,1301.0,0.0,0.0,4,0,0,0.07037008426843044,-0.045795114889563095,-0.011243410359960477,0.10371243627835444,-0.08157134877399573,-0.02053247350314948,0.15993283499372235,-0.12794028459837498,-0.03345719866582672
92,least_connections,289,measured,371,301,11,medium,0,100.0,100.0,5,964.0,854.0,461.0,866.0,720.0,427.0,2,2,1,-0.012844837129531356,0.023631358806753072,0.023896419311454507,0.06302437431759222,0.1140890042721387,0.15287525932713764,0.04199760383866846,0.053326768142971104,0.10690615877823942,24.09,26.19,2,0.0,412.0,431.0,0.0,414.0,424.0,0,1,1,-0.10312435837812993,-0.0030290831739651636,0.022287999284162037,-0.23153955511284344,-0.0061323804588220565,0.057998418231895665,-0.23342741792931154,-0.0004033410245453395,0.06275709884791568,19.34,28.67,3,967.0,0.0,0.0,860.0,0.0,0.0,3,0,0,0.020584271254203507,-0.04143367537627137,-0.010172609373297574,0.006254109013749232,-0.07380264889075805,-0.018576999836182863,0.011701136422891667,-0.11575549558900593,-0.03027079879289084
92,least_connections,290,measured,156,114,7,light,1,100.0,100.0,5,964.0,1315.0,0.0,866.0,1147.0,0.0,2,3,0,-0.011621519307671219,0.06446465343286728,-0.021463330373536624,0.05702205295401197,0.3812868768811414,-0.13974778124370088,0.03799783204450957,0.2414146949864977,-0.09644204681968814,28.54,29.75,3,156.0,843.0,0.0,114.0,838.0,0.0,1,2,0,-0.05021909068678876,0.04034330116459841,-0.022918567541086954,-0.16916163829937536,0.10586662176174602,-0.058940206633727045,-0.17896409241223427,0.11951602478731616,-0.06310072008998106,11.94,18.2,2,597.0,0.0,0.0,546.0,0.0,0.0,2,0,0,-0.02446003575866848,-0.03748761105472172,-0.00920378943298352,-0.061293901368512566,-0.06677382518687633,-0.0168077617565464,-0.08411167022055832,-0.10473116267576726,-0.027387865574520286
92,least_connections,291,measured,399,350,10,medium,2,100.0,100.0,5,964.0,1315.0,0.0,866.0,1147.0,0.0,2,3,0,-0.010514707945035867,0.058325162629737054,-0.01941920367129504,0.051591381244106005,0.34497384098769934,-0.12643846874430079,0.03437899089741342,0.21842281927349794,-0.08725708997971784,28.54,29.75,3,156.0,843.0,0.0,114.0,838.0,0.0,1,2,0,-0.04543632014518982,0.03650108200606523,-0.020735846822888197,-0.15305100608038724,0.09578408635586547,-0.053326853620991134,-0.16191989313487862,0.10813354623614321,-0.05709112770045906,16.22,25.73,2,412.0,399.0,0.0,422.0,350.0,0.0,1,1,0,-0.06521440877031456,0.009166537843913913,-0.00832723805841366,-0.08893257742865424,0.01178558673568332,-0.015207022541637218,-0.11349786035828291,0.010798789325099464,-0.024779497424565974
92,least_connections,292,measured,428,423,17,heavy,2,100.0,100.0,5,964.0,1315.0,0.0,866.0,1147.0,0.0,2,3,0,-0.009513307188365794,0.052770385236428755,-0.017569755702600276,0.04667791636371499,0.31211918946506134,-0.11439670981627215,0.03110480128813592,0.19762064600935525,-0.07894689093403043,28.54,29.75,3,156.0,843.0,0.0,114.0,838.0,0.0,1,2,0,-0.04110905155993365,0.033024788481678065,-0.018761004268327417,-0.13847471978701703,0.08666179241721161,-0.04824810565708722,-0.14649895093155685,0.09783511326127245,-0.05165387744327248,16.54,25.77,2,0.0,399.0,428.0,0.0,350.0,423.0,0,1,1,-0.10208741292370864,0.008293534239731642,0.0355497324596212,-0.15501518910211573,0.010663149903713476,0.06368888436709014,-0.229958381594002,0.009770333198899514,0.10515188328253554
92,least_connections,293,measured,200,111,6,light,2,100.0,79.05,4,857.0,944.0,0.0,735.0,846.0,0.0,2,2,0,-0.008607277932330959,0.004660734034773406,-0.015896445635685964,-0.022307282020130992,0.058615774595372816,-0.10350178507186528,-0.031119465501210364,0.04263296543703571,-0.07142813941650372,28.54,29.75,3,156.0,843.0,0.0,114.0,838.0,0.0,1,2,0,-0.03719390379232092,0.029879570531042066,-0.01697424195705814,-0.12528665123587254,0.07840828837747718,-0.043653047975459866,-0.1325466698904562,0.08851748342686555,-0.0467344605439132,20.54,29.47,3,200.0,399.0,428.0,111.0,350.0,423.0,1,1,1,-0.049280901942312355,0.0075036738359476746,0.032164043653942986,-0.1040613615685809,0.009647611817645535,0.057623276332129166,-0.1745813928707637,0.008839825275194793,0.09513741820800833
92,least_connections,294,measured,194,108,7,light,1,100.0,79.05,4,1340.0,461.0,0.0,1154.0,427.0,0.0,3,1,0,0.035296363049886495,-0.03886704562386714,-0.014382498432287302,0.2711505543627386,-0.23830001346132923,-0.09364447220787811,0.16139191216557158,-0.15097493603315812,-0.06462545947207479,34.09,33.12,4,762.0,431.0,0.0,636.0,424.0,0.0,3,1,0,0.05251617321284342,-0.016050003079624064,-0.015357647484957363,0.04329847201108131,-0.03556256901901725,-0.03949561483493988,0.02766610819434917,-0.036966324518550225,-0.04228355953973099,20.54,29.47,3,599.0,0.0,428.0,461.0,0.0,423.0,2,0,1,-0.0015035824829538191,-0.036294861994233284,0.029100801401186517,-0.021950755704906524,-0.06347120835546356,0.05213534525287877,-0.05239903799418305,-0.09755761840180789,0.08607671171200754
92,least_connections,295,measured,361,328,12,medium,2,87.67,57.35,3,854.0,461.0,0.0,720.0,427.0,0.0,2,1,0,-0.011149095562574346,-0.03516542223111789,-0.01301273667683137,-0.047816165100379227,-0.21560477408405976,-0.08472595104522306,-0.050312079469244764,-0.13659637069666683,-0.05847065380806767,34.09,33.12,4,762.0,431.0,0.0,636.0,424.0,0.0,3,1,0,0.047514632906858326,-0.014521431357755105,-0.0138950143911519,0.03917480801002593,-0.03217565768387276,-0.03573412770780275,0.025031240747268285,-0.03344572218345021,-0.03825655386928042,27.76,40.4,4,599.0,789.0,0.0,461.0,751.0,0.0,2,2,0,-0.0013603841512439263,0.053329591982541766,-0.016754603720921947,-0.019860207542534467,0.08534509720219963,-0.030277544771204916,-0.04740865342330847,0.13822564684280875,-0.04969249892723126
92,least_connections,296,measured,413,442,17,heavy,0,100.0,79.45,4,854.0,461.0,413.0,720.0,427.0,442.0,2,1,1,-0.010087276937567252,-0.031816334399582855,0.03131047180486232,-0.0432622446146288,-0.195070986076054,0.1724542982606712,-0.045520452853126225,-0.12358719253507952,0.14705036084031972,34.09,33.12,4,762.0,431.0,0.0,636.0,424.0,0.0,3,1,0,0.04298942977287182,-0.013138437895111765,-0.01257167968723267,0.03544387391383297,-0.029111309333027746,-0.03233087744991678,0.022647313057052254,-0.030260415308835886,-0.034613072548396566,27.76,40.4,4,599.0,789.0,0.0,461.0,751.0,0.0,2,2,0,-0.0012308237558873725,0.04825058322229969,-0.015158927176072238,-0.017968759205150245,0.07721699270675204,-0.02739396907870921,-0.042893543573469584,0.125061299524446,-0.044959879981780665
92,least_connections,297,measured,182,125,3,light,0,100.0,85.7,5,1497.0,0.0,413.0,1272.0,0.0,442.0,4,0,1,0.07704121655762056,-0.07187010754066567,0.028328522109161147,0.34869923899946276,-0.4545562889894457,0.1560300793787025,0.2085291140852668,-0.3049836503888815,0.1330455645698131,29.63,29.56,3,1037.0,0.0,0.0,946.0,0.0,0.0,3,0,0,0.03889519836593164,-0.054971058322334676,-0.011374376859877178,0.10315670224856993,-0.13775376966865777,-0.02925174626421042,0.10813923562304728,-0.14725942337466105,-0.03131658944854927,27.76,40.4,4,599.0,789.0,0.0,461.0,751.0,0.0,2,2,0,-0.0011136024458028582,0.043655289582080675,-0.01371521982597012,-0.01625744880465975,0.06986299340134708,-0.024785019642641667,-0.0388084441855201,0.11315069956973686,-0.040677986650182504
92,least_connections,298,measured,434,400,13,heavy,1,100.0,85.7,5,1497.0,0.0,413.0,1272.0,0.0,442.0,4,0,1,0.06970395783784718,-0.06502533539393561,0.02563056762257437,0.31548978766618063,-0.41126521384759374,0.14117007181882607,0.18866919845809854,-0.27593758844708327,0.12037455842030706,42.03,42.06,4,1037.0,434.0,0.0,946.0,400.0,0.0,3,1,0,0.035190893759652425,-0.006651819207735915,-0.01029110287322221,0.0933322544153728,-0.012443886843071322,-0.02646586566761895,0.09784026080180469,-0.02013947829135998,-0.02833405712011601,27.76,40.4,4,599.0,789.0,0.0,461.0,751.0,0.0,2,2,0,-0.0010075450700121058,0.03949764295521585,-0.012409008413972964,-0.014709120347073099,0.06320937498217116,-0.0224245415814377,-0.03511240188213724,0.10237444246785718,-0.03680389268349846
92,least_connections,299,measured,157,110,6,light,1,100.0,85.7,5,1497.0,413.0,0.0,1272.0,442.0,0.0,4,1,0,0.06306548566281411,-0.015748546082041515,-0.019894339044428173,0.2854431412217825,-0.12298598713194986,-0.12138580803693513,0.17070070336685106,-0.049705437166408656,-0.09104206619115075,46.51,45.5,5,1194.0,434.0,0.0,1056.0,400.0,0.0,4,1,0,0.07492328029501433,-0.0060183126165229694,-0.009310997837677238,0.12502850229418083,-0.011258754762778822,-0.023945307032607624,0.11962333120163282,-0.01822143273980187,-0.025635575489628772,23.76,36.7,3,399.0,789.0,0.0,350.0,751.0,0.0,1,2,0,-0.04399548862343498,0.03573596267376672,-0.011227198088832682,-0.04949872793306616,0.05718943450767866,-0.02028887095463411,-0.06524455408383845,0.09262449556615651,-0.033298760046974796
92,least_connections,300,measured,371,310,9,medium,2,90.47,64.4,3,944.0,413.0,0.0,846.0,442.0,0.0,2,1,0,-0.029108551520492437,-0.014248684550418514,-0.017999640087815967,-0.0752974754025143,-0.11127303597652605,-0.10982525489056036,-0.03827079219189666,-0.044971586007703096,-0.08237139322056497,46.51,45.5,5,1194.0,434.0,0.0,1056.0,400.0,0.0,4,1,0,0.06778772979072725,-0.005445139986377925,-0.008424236138850835,0.11312102588521122,-0.010186492404418934,-0.02166480160093071,0.10823063299195351,-0.016486058193154074,-0.023194092109664128,31.18,47.03,4,760.0,799.0,0.0,678.0,733.0,0.0,2,2,0,0.0032784581388876077,0.03233253765721751,-0.010157941127991474,0.020539246155797303,0.05355234550694736,-0.01835659753038324,0.03988984789240013,0.07837454360747492,-0.03012744956631053
92,least_connections,301,measured,168,105,7,light,0,69.47,48.7,3,629.0,413.0,0.0,532.0,442.0,0.0,2,1,0,-0.02633630851854077,-0.012891666974188185,-0.016285388650881114,-0.2581262872689415,-0.10067560397876163,-0.0993657068057451,-0.17667357388790644,-0.04068857781649329,-0.07452649862813021,29.2,29.19,3,588.0,434.0,0.0,534.0,400.0,0.0,2,1,0,-0.024836044928571027,-0.004926555225770499,-0.007621927935150756,-0.05430546637596537,-0.009216350270664753,-0.01960148716274683,-0.04966633205489923,-0.014915957412853675,-0.020985130956362782,23.2,35.37,3,361.0,799.0,0.0,328.0,733.0,0.0,1,2,0,-0.040117676196335245,0.02925324835653012,-0.009190518163420857,-0.053616872525707196,0.04845212212533333,-0.016608350146537217,-0.06946474079576495,0.07091030135914397,-0.027258168655233336
92,least_connections,302,measured,389,343,12,medium,0,95.4,65.85,4,629.0,802.0,0.0,532.0,785.0,0.0,2,2,0,-0.023828088659632124,0.031420011059634725,-0.014734399255559104,-0.23354283133856613,0.14354746941604102,-0.0899023061575789,-0.1598475192319153,0.11835319149936324,-0.06742873685402258,29.2,29.19,3,588.0,434.0,0.0,534.0,400.0,0.0,2,1,0,-0.022470707316326166,-0.004457359489982826,-0.00689603003656497,-0.049133517197301996,-0.008338602625839547,-0.017734678861532845,-0.04493620519252789,-0.01349539004020095,-0.0189865470557568,23.2,35.37,3,1160.0,0.0,0.0,1061.0,0.0,0.0,3,0,0,0.049870855323497124,-0.05970057574998748,-0.008315230719285537,0.09607044866721731,-0.10074331807707937,-0.015026602513533672,0.1582144408673238,-0.15690655273855228,-0.02466215259283016
92,least_connections,303,measured,436,449,15,heavy,1,95.4,65.85,4,629.0,802.0,0.0,532.0,785.0,0.0,2,2,0,-0.021558746882524293,0.028427629053955225,-0.013331123135982047,-0.21130065692536937,0.12987628185260852,-0.081340181761619,-0.1446239459717329,0.10708145897561433,-0.06100695239173471,41.66,43.22,4,588.0,434.0,436.0,534.0,400.0,449.0,2,1,1,-0.02033063995286652,-0.0040328490623654095,0.03684463495557953,-0.04445413460708278,-0.0075444499948072175,0.09666182116609613,-0.040656566602763344,-0.01221011479827705,0.10977110028288671,23.2,35.37,3,1160.0,0.0,0.0,1061.0,0.0,0.0,3,0,0,0.04512125005459264,-0.054014806630941055,-0.007523303984115486,0.08692088212748234,-0.09114871635545277,-0.013595497512244752,0.14314639887995964,-0.14196307152535684,-0.022313376155417765
92,least_connections,304,measured,200,112,6,light,2,64.67,44.5,3,168.0,802.0,0.0,105.0,785.0,0.0,1,2,0,-0.06258943312046981,0.025720235810721387,-0.012061492361126615,-0.4692402769007311,0.1175071121523601,-0.07359349778432195,-0.32401690349823453,0.09688322478746059,-0.05519676644966474,29.34,29.97,3,591.0,436.0,0.0,510.0,449.0,0.0,2,1,0,-0.018394388528784,-0.0036487681992829896,-0.009748278124090168,-0.03944489729756473,-0.0063089241449616335,-0.02525154955720554,-0.04357022692630971,0.0028069199444160087,-0.027632694982150124,27.2,39.1,4,1360.0,0.0,0.0,1173.0,0.0,0.0,4,0,0,0.08390788837138881,-0.048870539332756195,-0.006806798842771154,0.11483317906772211,-0.08246788622636203,-0.012300688225364299,0.16329118628821745,-0.12844277899913237,-0.020188292712044646
92,least_connections,305,measured,170,110,6,light,0,76.0,50.0,4,338.0,802.0,0.0,215.0,785.0,0.0,2,2,0,-0.013544634501286762,0.02327068954303363,-0.01091277880292408,-0.32201104418002663,0.10631595861404008,-0.06658459323343414,-0.24339624602221216,0.08765625099817859,-0.04993993154969667,24.86,26.53,2,434.0,436.0,0.0,400.0,449.0,0.0,1,1,0,-0.05972644222899051,-0.0033012664660179436,-0.008819870683700628,-0.07627327442568779,-0.005708074226393869,-0.02284664007556692,-0.07052187198094689,0.0025395942354240197,-0.025001009745754876,27.2,39.1,4,1360.0,0.0,0.0,1173.0,0.0,0.0,4,0,0,0.07591666090744702,-0.04421620225344608,-0.006158532286316759,0.10389668582317715,-0.07461380182385136,-0.011129194108662937,0.14773964473695866,-0.11621013338016738,-0.018265598168040395
92,least_connections,306,measured,359,337,8,medium,1,76.0,50.0,4,751.0,389.0,0.0,657.0,343.0,0.0,3,1,0,0.030829230916069345,-0.022029466830679315,-0.009873466535978929,-0.042232214575579574,-0.15292048188888435,-0.06024320340167851,-0.020263270210572892,-0.12064434433498125,-0.0451837475925827,35.11,37.06,3,434.0,795.0,0.0,400.0,786.0,0.0,1,2,0,-0.054038209635753315,0.040097040090836374,-0.007979882999538663,-0.06900915305181277,0.08763827297884091,-0.020670769592179592,-0.06380550322085671,0.0975804662130027,-0.022619961198540126,27.2,39.1,4,1360.0,0.0,0.0,1173.0,0.0,0.0,4,0,0,0.0686865027257854,-0.040005135372165504,-0.005572005401905639,0.09400176336382696,-0.06750772545967504,-0.010069270860218847,0.13366920238105784,-0.10514250162967524,-0.016526017390131785
92,least_connections,307,measured,372,340,7,medium,1,76.0,50.0,4,1140.0,0.0,0.0,1000.0,0.0,0.0,4,0,0,0.07097701391272487,-0.06301532259737198,-0.008933136389695222,0.19642482173320575,-0.372991547105816,-0.054505755458661515,0.13683323171424355,-0.2643210734459354,-0.040880533536146256,45.74,47.69,4,1165.0,436.0,0.0,1077.0,449.0,0.0,3,1,0,0.03727608697354745,-0.006805625858857786,-0.007219894142439742,0.12652913363339388,-0.013510950298055505,-0.01870212486911487,0.1336849018477963,-0.00699564961680707,-0.020465679179631543,19.98,28.17,3,999.0,0.0,0.0,845.0,0.0,0.0,3,0,0,0.019061030810858,-0.03619512247957831,-0.005041338220771768,0.01972540494822439,-0.06107841827303932,-0.009110292683055148,0.022018167233655517,-0.09512893004589665,-0.014952110972023995
92,least_connections,308,measured,366,306,7,medium,2,64.8,44.75,3,972.0,0.0,0.0,895.0,0.0,0.0,3,0,0,0.021133398075231805,-0.05701386330238418,-0.008082361495438534,0.0763843625205195,-0.33746854261954784,-0.04931473112926518,0.07630149536050607,-0.23914763787965584,-0.03698714938984661,45.74,47.69,4,1165.0,436.0,0.0,1077.0,449.0,0.0,3,1,0,0.03372598345225722,-0.00615747101515704,-0.0065322851764931,0.11447873995402302,-0.012224193126812125,-0.01692097011967536,0.12095300643372045,-0.006329397272349241,-0.01851656687680949,27.3,38.37,4,1365.0,0.0,0.0,1151.0,0.0,0.0,4,0,0,0.06032959476991462,-0.03274796795771371,-0.004561210771174457,0.08407536638172686,-0.055261426056559385,-0.00824264576085942,0.11220691321140258,-0.08606903194628744,-0.013528100403259805
92,least_connections,309,measured,362,328,8,medium,0,88.93,61.15,4,972.0,362.0,0.0,895.0,328.0,0.0,3,1,0,0.019120693496638294,-0.008500071332542602,-0.007312612781587245,0.06910966132808904,-0.0869794750684798,-0.04461809006933517,0.06903468627855314,-0.06799071998635528,-0.033464563733670745,45.74,47.69,4,1165.0,436.0,0.0,1077.0,449.0,0.0,3,1,0,0.030513985028232715,-0.0055710452041897035,-0.0059101627787318525,0.10357600281554463,-0.011059984257591929,-0.015309449155896755,0.10943367248765182,-0.0057265975321254825,-0.01675308431711335,11.32,13.93,2,566.0,0.0,0.0,418.0,0.0,0.0,2,0,0,-0.03158388137597293,-0.029629113866502882,-0.004126809745348318,-0.0685127637498662,-0.049998433098791824,-0.007457631878872809,-0.11954295153888975,-0.07787198128473626,-0.012239709888663634
92,least_connections,310,measured,463,437,15,heavy,2,88.93,61.15,4,1334.0,0.0,0.0,1223.0,0.0,0.0,4,0,0,0.060383575295144376,-0.05077444095620067,-0.006616173469055127,0.2808769951698583,-0.29704492188735476,-0.04036874815796992,0.21084090663297667,-0.2098963657019405,-0.030277462425702104,45.74,47.69,4,1165.0,436.0,0.0,1077.0,449.0,0.0,3,1,0,0.027607891216020072,-0.0050404694704573455,-0.005347290133138343,0.09371162159501656,-0.010006652423535559,-0.013851406379144683,0.0990114179650183,-0.0051812072909706575,-0.01515755247738827,16.58,24.77,2,366.0,0.0,463.0,306.0,0.0,437.0,1,0,1,-0.07165979290025667,-0.026807293498264512,0.039350119980966033,-0.09817821482130752,-0.045236677565573556,0.07703357115721032,-0.14193568631296372,-0.07045560211476137,0.12071962756105037
92,least_connections,311,measured,174,121,5,light,2,77.6,55.65,3,1164.0,0.0,0.0,1113.0,0.0,0.0,3,0,0,0.01154885837361136,-0.04593877991275299,-0.0059860617100974955,0.15158712261399887,-0.2687549293266543,-0.0365241054762585,0.1409989155250741,-0.18990623563508904,-0.027393894575635236,33.34,35.19,3,1167.0,0.0,0.0,1126.0,0.0,0.0,3,0,0,0.024978568243065782,-0.04764432498574259,-0.004838024406172786,0.08530371205535509,-0.12176112090020565,-0.012532224819226142,0.1034359257778737,-0.13163716373944964,-0.01371397605097034,20.06,28.8,3,540.0,463.0,0.0,427.0,437.0,0.0,2,1,0,-0.021751150492522492,0.01882968229975614,-0.007481410720169053,-0.057342194362135376,0.04285252982162392,-0.014083911810143047,-0.09192593841014177,0.06804810602315241,-0.022571130619367132
92,least_connections,312,measured,399,349,13,medium,0,100.0,73.1,4,1164.0,399.0,0.0,1113.0,349.0,0.0,3,1,0,0.010448967099934092,0.0015202422104570457,-0.005415960594850115,0.137150253793618,-0.0024925551050681283,-0.03304561924042436,0.12757044737982898,-0.013938975098413908,-0.024784952235098547,33.34,35.19,3,1167.0,0.0,0.0,1126.0,0.0,0.0,3,0,0,0.022599656981821425,-0.04310677022519568,-0.004377260177013473,0.07717954900246415,-0.11016482367161463,-0.011338679598347461,0.0935848852276,-0.11910029100235921,-0.01240788309373507,20.06,28.8,3,540.0,463.0,0.0,427.0,437.0,0.0,2,1,0,-0.01967961235037749,0.017036379223588888,-0.006768895413486286,-0.05188103299431297,0.03877133650527878,-0.01274258687584371,-0.0831710871329854,0.06156733402094741,-0.02042149913180836
92,least_connections,313,measured,161,114,5,light,1,76.67,51.0,3,751.0,399.0,0.0,671.0,349.0,0.0,2,1,0,-0.033630072850626525,0.0013754572380325625,-0.004900154823912009,-0.12502278625021856,-0.002255168904585436,-0.029898417408002993,-0.08453149998967852,-0.01261145366046973,-0.02242448059366059,37.94,38.75,4,1328.0,0.0,0.0,1240.0,0.0,0.0,4,0,0,0.0635312089245958,-0.03900136353708181,-0.003960378255393143,0.11144816338318186,-0.09967293570288943,-0.010258805350885799,0.1169041818725905,-0.10775740614499166,-0.011226179941950777,20.06,28.8,3,540.0,463.0,0.0,427.0,437.0,0.0,2,1,0,-0.017805363555103454,0.015413866916580421,-0.006124238707439973,-0.04693998223294983,0.035078828266680795,-0.011529007173382405,-0.0752500312155582,0.0557037783999048,-0.018476594452588514
92,least_connections,314,measured,498,426,16,heavy,0,83.93,55.15,3,362.0,399.0,498.0,328.0,349.0,426.0,1,1,1,-0.07351110899637184,0.0012444613106008945,0.038650426814646505,-0.34775077486130895,-0.0020403909136725296,0.2733300032975211,-0.23164754760970915,-0.011410362835663101,0.172425469939069,17.06,17.59,2,597.0,0.0,0.0,563.0,0.0,0.0,2,0,0,-0.02868718285507091,-0.03528694796212164,-0.0035831993739271293,-0.08813193380977427,-0.0901802751597571,-0.009281776269849057,-0.08564324021051337,-0.09749479603594484,-0.010157019947479275,20.06,28.8,3,540.0,463.0,0.0,427.0,437.0,0.0,2,1,0,-0.016109614645093612,0.013945879591191812,-0.005540977878159975,-0.042469507734573655,0.031737987479377866,-0.010431006490203128,-0.06808336157598122,0.050398656647532916,-0.016716918790437227
92,least_connections,315,measured,411,434,17,heavy,1,83.93,55.15,3,362.0,399.0,498.0,328.0,349.0,426.0,1,1,1,-0.06651005099671738,0.0011259411857817564,0.03496943378468017,-0.3146316534459462,-0.0018460679695132542,0.24729857441204292,-0.20958587640878448,-0.010323661613218987,0.1560039966115386,28.8,31.16,3,597.0,0.0,411.0,563.0,0.0,434.0,2,0,1,-0.025955070202207026,-0.031926286251443385,0.03984195793606139,-0.07973841630408149,-0.08159167752549452,0.09784710038170119,-0.07748674114284546,-0.08820957736585486,0.11351864861894732,12.74,18.6,2,174.0,463.0,0.0,121.0,437.0,0.0,1,1,0,-0.057659265858032535,0.012617700582506879,-0.005013265699287597,-0.10465336414080473,0.02871532200515141,-0.009437577300659973,-0.15388494618779253,0.04559878458586311,-0.015124831286586062
92,least_connections,316,measured,471,422,18,heavy,2,83.93,55.15,3,362.0,897.0,0.0,328.0,775.0,0.0,1,2,0,-0.06017576042560144,0.044102608918655146,-0.011444888707284835,-0.2846667340701418,0.2987107004085356,-0.0766346231510088,-0.18962531675080505,0.18337382996899235,-0.05156781258956031,28.8,31.16,3,597.0,0.0,411.0,563.0,0.0,434.0,2,0,1,-0.023483158754377786,-0.02888568756082973,0.036047485751674595,-0.07214428141797849,-0.07382104157068552,0.08852832891677727,-0.0701070515101935,-0.07980866523577344,0.10270734875047616,18.68,28.63,2,0.0,463.0,471.0,0.0,437.0,422.0,0,1,1,-0.09525180743164395,0.011416014812744318,0.038548088403592404,-0.12617209136548999,0.02598052943323223,0.0766898110136886,-0.17572130051911386,0.04125604319673329,0.1135854701057872
92,least_connections,317,measured,194,116,3,light,2,59.8,38.75,2,0.0,897.0,0.0,0.0,775.0,0.0,0,2,0,-0.09752863584992057,0.0399023604502118,-0.010354899306591041,-0.4759048228888585,0.2702620622743893,-0.06933608761281748,-0.3199467151554903,0.16590965568623117,-0.04665659234293552,28.8,31.16,3,597.0,0.0,411.0,563.0,0.0,434.0,2,0,1,-0.02124666744443704,-0.026134669697893565,0.032614391870562726,-0.06527339747340913,-0.06679046618300118,0.08009705949613181,-0.06343018946160364,-0.07220783997522359,0.09292569648852604,22.56,32.5,3,194.0,463.0,471.0,116.0,437.0,422.0,1,1,1,-0.043096306497110964,0.010328775306768664,0.03487684188896455,-0.07905093980687189,0.023506193296733924,0.0693860194885754,-0.12400181158078556,0.03732689622561583,0.10276780628618842
92,least_connections,318,measured,362,344,12,medium,0,83.93,55.95,3,399.0,860.0,0.0,349.0,770.0,0.0,1,2,0,-0.04515629411364695,0.036102135645429724,-0.009368718420249037,-0.18991388737563386,0.2222053579307967,-0.06273265069731106,-0.13159464704544355,0.14784683133516152,-0.04221310735789404,11.74,13.56,1,0.0,411.0,0.0,0.0,434.0,0.0,0,1,0,-0.10539097576038635,0.019438246690567953,-0.013575640915295851,-0.21338341404056743,0.045815428555515944,-0.03377612984363584,-0.21657076665573663,0.05737743049860723,-0.03863270317704787,22.56,32.5,3,657.0,0.0,471.0,553.0,0.0,422.0,2,0,1,0.004092003872228411,-0.033738817806347625,0.03155523789953936,0.01225867350806828,-0.06251344416009788,0.06277782715633012,0.019601535553892435,-0.09802169706571266,0.0929803961636943
92,least_connections,319,measured,359,316,8,medium,1,83.93,55.95,3,399.0,860.0,0.0,349.0,770.0,0.0,1,2,0,-0.040855694674252,0.03266383701253166,-0.008476459523082461,-0.17182685048271634,0.20104294288976848,-0.05675811253566238,-0.1190618235173061,0.1337661807318128,-0.03819281141904699,22.0,23.44,2,0.0,770.0,0.0,0.0,750.0,0.0,0,2,0,-0.09535373997368289,0.06067088532774742,-0.012282722732886723,-0.19306118413194195,0.13425477549580694,-0.030559355572813376,-0.19594497935519029,0.14125815140350179,-0.03495339811256712,22.56,32.5,3,657.0,0.0,471.0,553.0,0.0,422.0,2,0,1,0.00370228921773047,-0.030525597062885948,0.02854997714720228,0.01109118079301416,-0.05655978281151713,0.056798986474774875,0.01773472264399792,-0.0886862973451686,0.08412512033858055
92,least_connections,320,measured,376,319,9,medium,1,83.93,55.95,3,399.0,860.0,0.0,349.0,770.0,0.0,1,2,0,-0.036964676133847046,0.029552995392290546,-0.007669177663741275,-0.15546238853198147,0.1818959959478858,-0.05135257800845644,-0.10772260222994356,0.12102654447164013,-0.034555400807709184,32.74,33.41,3,359.0,787.0,0.0,316.0,753.0,0.0,1,2,0,-0.043188531178003337,0.05489270577272386,-0.01111293961546894,-0.08187168360236922,0.12586316422409743,-0.027648940756354958,-0.08793831465469598,0.12865320841269212,-0.03162450305422739,18.68,28.63,2,463.0,471.0,0.0,437.0,422.0,0.0,1,1,0,-0.03973420998214408,0.015465502884146276,-0.017252968522145782,-0.02506988404441575,0.034055434599103554,-0.03383901223710845,-0.01893842554431932,0.04702985795754587,-0.051156637153982665
92,least_connections,321,measured,360,318,7,medium,2,83.93,55.95,3,399.0,860.0,0.0,349.0,770.0,0.0,1,2,0,-0.03344423078776637,0.02673842440254859,-0.0069387797910040105,-0.14065644676703082,0.1645725677623729,-0.04646185629336535,-0.09746330677947279,0.10950020690291251,-0.031264410254594026,32.74,33.41,3,359.0,787.0,0.0,316.0,753.0,0.0,1,2,0,-0.039075337732479204,0.04966482903246444,-0.010054564413995708,-0.07407438040214358,0.11387619620275484,-0.025015708303368772,-0.07956323706853446,0.11640052189719763,-0.02861264562049145,25.88,39.23,3,823.0,471.0,0.0,755.0,422.0,0.0,2,1,0,0.007133900719103192,0.01399259784756092,-0.015609828662893803,0.04246058110267145,0.03081205987537941,-0.03061624916690765,0.07876999593609202,0.042550823866351034,-0.04628457647265098
92,least_connections,322,measured,365,345,12,medium,0,100.0,73.2,4,399.0,1225.0,0.0,349.0,1115.0,0.0,1,3,0,-0.03025906595083623,0.06727580801953942,-0.0062779436204322,-0.12726059469398027,0.36905772003897225,-0.042036917598759126,-0.08818108708618966,0.2551430443407304,-0.028286847373204117,32.74,33.41,3,735.0,411.0,0.0,635.0,434.0,0.0,2,1,0,0.007730023230704763,0.001850945088329503,-0.009096986850758021,0.03017760140486328,0.005833565271880212,-0.02263325989352413,0.018207666461802136,0.015121305526035939,-0.025887631751873214,25.88,39.23,3,823.0,471.0,0.0,755.0,422.0,0.0,2,1,0,0.0064544816029981356,0.012659969481126548,-0.014123178314046775,0.03841671623575035,0.027877577982486135,-0.027700415912916443,0.0712680915612261,0.03849836445050808,-0.04187652157049374
92,least_connections,323,measured,186,112,4,light,1,100.0,73.2,4,1259.0,365.0,0.0,1119.0,345.0,0.0,3,1,0,0.05879055030752005,-0.025299212245360025,-0.005680044228010085,0.40358962067370047,-0.18482079298061238,-0.038033401636972546,0.268550445017257,-0.11748962654886297,-0.02559286190908944,38.06,36.91,4,921.0,411.0,0.0,747.0,434.0,0.0,3,1,0,0.050077730768823575,0.0016746646037267,-0.00823060715068583,0.07538517678127085,0.0052779876269392345,-0.020477711332236116,0.048140269655916196,0.013681181190223005,-0.023422143013599576,25.88,39.23,3,823.0,471.0,0.0,755.0,422.0,0.0,2,1,0,0.005839769069379275,0.011454258101971634,-0.012778113712708986,0.03475798135615507,0.02522257055558269,-0.025062281064067257,0.06448065426968075,0.0348318535504597,-0.03788828142092291
92,least_connections,324,measured,178,124,2,light,2,100.0,73.2,4,1259.0,365.0,0.0,1119.0,345.0,0.0,3,1,0,0.053191450278232424,-0.022889763460087642,-0.005139087634866268,0.36515251394287185,-0.16721881269674455,-0.034411172909641824,0.24297421215847065,-0.10630013830611407,-0.02315544648917616,38.06,36.91,4,921.0,411.0,0.0,747.0,434.0,0.0,3,1,0,0.045308423076554666,0.0015151727367051088,-0.007446739803001465,0.06820563613543554,0.004775322138659305,-0.01852745311011839,0.04355548206963844,0.012378211553058918,-0.02119146272659009,29.44,43.37,4,1001.0,471.0,0.0,879.0,422.0,0.0,3,1,0,0.04836750081333861,0.01036337637797434,-0.011561150501974798,0.06365722122699743,0.02282042097886053,-0.02267539715320371,0.09573646497415558,0.03151453416470164,-0.0342798736665493
92,least_connections,325,measured,182,109,1,light,0,93.8,61.2,4,1042.0,365.0,0.0,879.0,345.0,0.0,3,1,0,0.04812559787078172,-0.020709785987698334,-0.004649650717259956,0.1994871951546618,-0.15129321148753078,-0.031133918346818792,0.11126238242909248,-0.09617631561029366,-0.020950165871159384,38.06,36.91,4,1332.0,0.0,0.0,1181.0,0.0,0.0,4,0,0,0.0840772353912592,-0.041713029655452746,-0.006737526488429897,0.16795475922457773,-0.10192436840515859,-0.016762933766297592,0.16211567425348242,-0.11150899907104193,-0.01917322818120056,20.18,28.8,3,538.0,471.0,0.0,442.0,422.0,0.0,2,1,0,0.000677171937691845,0.00937638815150059,-0.01046008854940577,-0.02618632365176421,0.020647047552302386,-0.020515835519565262,-0.045174944388462396,0.028513149958539583,-0.031015123793544604
92,least_connections,326,measured,413,418,18,heavy,2,81.67,55.75,3,860.0,365.0,0.0,770.0,345.0,0.0,2,1,0,0.00045830737061655635,-0.018737425417441347,-0.004206826839425675,0.0707106368859639,-0.13688433420300405,-0.028168783266169384,0.051356441245369366,-0.08701666650455142,-0.018954911978668013,38.06,36.91,4,1332.0,0.0,0.0,1181.0,0.0,0.0,4,0,0,0.07606987963971071,-0.03774036016445725,-0.006095857299055621,0.15195906786985602,-0.0922172856999054,-0.01516646388379306,0.14667608622934122,-0.10088909439760937,-0.01734720644965765,24.88,38.6,3,360.0,471.0,413.0,318.0,422.0,418.0,1,1,1,-0.04247122085455998,0.008483398803738634,0.033620010586818815,-0.05590191187540573,0.018680662071130727,0.05617138691086953,-0.07826939412924379,0.025797611867250103,0.09800218958361838
92,least_connections,327,measured,417,420,20,heavy,0,100.0,76.75,4,1225.0,0.0,417.0,1115.0,0.0,420.0,3,0,1,0.043498559276362814,-0.06003680893777573,0.03927772356251509,0.2841350206746023,-0.3440064611043053,0.22603776752108487,0.20253678017438181,-0.23480079350411795,0.17285031773358608,22.49,23.53,2,787.0,0.0,0.0,753.0,0.0,0.0,2,0,0,-0.01734267125568123,-0.03414604014879465,-0.005515299461050324,-0.003397578049722072,-0.08343468706181917,-0.013722038752003245,0.011695030397975398,-0.09128060921688468,-0.015695091549690253,24.88,38.6,3,831.0,0.0,413.0,740.0,0.0,418.0,2,0,1,0.004657557548822133,-0.035408444166231935,0.030418104816645593,0.034650651160347185,-0.06832702003088173,0.050821731014596236,0.05645467515290642,-0.10392914481851974,0.08866864771851186
92,least_connections,328,measured,402,428,17,heavy,1,100.0,76.75,4,1225.0,0.0,417.0,1115.0,0.0,420.0,3,0,1,0.03935583934528064,-0.05431901761036852,0.035536987985132704,0.2570745425151164,-0.31124394099913333,0.20451036109050535,0.1832475630149169,-0.21243881317039243,0.15638838271133979,33.97,36.91,3,787.0,0.0,402.0,753.0,0.0,428.0,2,0,1,-0.015690988278949686,-0.030894036325099922,0.03809386738104517,-0.00307399918784379,-0.07548852638926497,0.09150318942845964,0.010581217979120594,-0.08258721786289566,0.10681158383599454,17.68,28.0,2,471.0,0.0,413.0,422.0,0.0,418.0,1,0,1,-0.03886991958734687,-0.032036211388495564,0.02752114245315554,-0.033792267997781095,-0.061819684789845376,0.04598156615606326,-0.04482672248070374,-0.09403113102627976,0.08022401460246312
92,least_connections,329,measured,159,115,8,light,2,100.0,76.75,4,1225.0,0.0,417.0,1115.0,0.0,420.0,3,0,1,0.03560766416953963,-0.049145777837952466,0.03215251293892959,0.23259125275177206,-0.28160166090397776,0.18503318384379058,0.1657954141563534,-0.19220654524940267,0.14149425102454552,23.23,26.94,2,411.0,0.0,402.0,434.0,0.0,428.0,1,0,1,-0.057280508669616606,-0.027951747151280883,0.03446588001142182,-0.09997851627199474,-0.06829914292362069,0.08278859995908254,-0.08061996944746233,-0.07472176854261989,0.0966390520420903,20.86,31.83,3,471.0,159.0,413.0,422.0,115.0,418.0,1,1,1,-0.035168022483790015,0.014098756589547096,0.024900081267140727,-0.030573956759897186,-0.027160667190812483,0.04160236937929533,-0.04055751081587483,-0.05039324553171344,0.07258363225937138
92,least_connections,330,measured,489,415,20,heavy,1,52.13,38.25,2,365.0,0.0,417.0,345.0,0.0,420.0,1,0,1,-0.05395134239535983,-0.04446522756767128,0.02909036884950772,-0.30829045385950776,-0.2547824551035989,0.16741097585866765,-0.19832795862044217,-0.1739011599875548,0.1280186080698269,37.2,39.91,3,411.0,0.0,891.0,434.0,0.0,843.0,1,0,2,-0.05182522212965311,-0.025289675994016037,0.07426731547518664,-0.09045675281751904,-0.06179446264518062,0.201312134656857,-0.07294187711913258,-0.06760540963379895,0.20477164232379597,20.86,31.83,3,630.0,413.0,0.0,537.0,418.0,0.0,2,1,0,0.011265213217614034,0.012756017866733083,-0.0205552552707729,0.001109277217235874,0.021387967779741092,-0.03709309437111375,-0.0020123510556327995,0.045787063566544994,-0.06039258668596558
92,least_connections,331,measured,151,111,3,light,0,62.2,43.8,3,516.0,0.0,417.0,456.0,0.0,420.0,2,0,1,-0.0057292190833301004,-0.040230443989797825,0.026319857530506984,-0.18785009317447532,-0.23051745937944665,0.1514670733959374,-0.12922529589468576,-0.1573391447506448,0.11582635968222435,37.2,39.91,3,411.0,402.0,489.0,434.0,428.0,415.0,1,1,1,-0.04688948668873376,0.0202027648036,0.024110337584125778,-0.08184182397775532,0.04800909162034678,0.07822118305688422,-0.0659950316792152,0.05984510556942001,0.06425767638819636,20.86,31.83,3,630.0,413.0,0.0,537.0,418.0,0.0,2,1,0,0.010192335768317462,0.01154115902228231,-0.01859761191165167,0.0010036317679753132,0.019351018467384795,-0.03356041871672197,-0.001820698574143964,0.04142639084592166,-0.05464091176349267
92,least_connections,332,measured,474,449,16,heavy,0,93.8,66.25,4,516.0,0.0,891.0,456.0,0.0,869.0,2,0,2,-0.005183579170632002,-0.036398973133626604,0.06689710465912083,-0.16995960811023958,-0.20856341562902317,0.4229463997391814,-0.1169181248570966,-0.14235446429820245,0.30791432542677444,25.46,26.34,2,0.0,402.0,489.0,0.0,428.0,415.0,0,1,1,-0.0855077215165641,0.018278691965161905,0.02181411495706618,-0.1802922625104861,0.04343679718031375,0.0707715465752762,-0.1824181239002423,0.05414557170566571,0.05813789768455861,20.86,31.83,3,630.0,413.0,0.0,537.0,418.0,0.0,2,1,0,0.009221637123715792,0.010442001020160185,-0.016826410777208655,0.0009080477900728912,0.017508064327633854,-0.030364188362748446,-0.0016472987099397929,0.03748102028916722,-0.0494370154050648
92,least_connections,333,measured,447,420,17,heavy,1,93.8,66.25,4,516.0,417.0,474.0,456.0,420.0,449.0,2,1,1,-0.004689904963905145,0.010151495962999968,0.017442051607685288,-0.15377297876640728,0.06282357633564573,0.13114198071640226,-0.10578306534689694,0.06120310373019777,0.08858915157660546,38.23,39.47,3,0.0,402.0,936.0,0.0,428.0,835.0,0,1,2,-0.07736412899117705,0.01653786415895601,0.06282048042600771,-0.16312157084282075,0.0392999593536172,0.179582419690556,-0.16504496924307638,0.048988850590840405,0.17135095504793396,20.86,31.83,3,630.0,413.0,0.0,537.0,418.0,0.0,2,1,0,0.008343385969076189,0.009447524732525886,-0.015223895465093545,0.0008215670481611925,0.015840629629763958,-0.027472360899629546,-0.0014904131185169422,0.03391139930924654,-0.04472872822363006
92,least_connections,334,measured,423,438,21,heavy,1,59.4,43.45,2,0.0,891.0,0.0,0.0,869.0,0.0,0,2,0,-0.09041104780180986,0.052268587050424004,-0.027302996391232584,-0.4503660284077018,0.3427451404941556,-0.16725249363754083,-0.3019942019805258,0.25849328432732177,-0.12296695809735697,50.31,53.16,4,0.0,402.0,1359.0,0.0,428.0,1273.0,0,1,3,-0.06999611670630304,0.014962829477150677,0.09992147775505007,-0.1475861831435045,0.035557106081844134,0.2718262708764895,-0.14932640074373577,0.044323245772665124,0.278871102186226,11.44,17.77,2,159.0,413.0,0.0,115.0,418.0,0.0,1,1,0,-0.035535122445212244,0.008547760472285323,-0.01377400065889416,-0.0844852488611875,0.014331998236453106,-0.024855945575855302,-0.1286183102818328,0.030681742232175443,-0.0404688493451891
92,least_connections,335,measured,357,349,9,medium,0,83.2,60.9,3,0.0,1248.0,0.0,0.0,1218.0,0.0,0,3,0,-0.08180047182068512,0.09037452660571242,-0.024702711020639003,-0.40747402570220637,0.5254360794947122,-0.1513236847196798,-0.2732328494109519,0.3917558286771007,-0.11125581923094202,50.31,53.16,4,0.0,402.0,1359.0,0.0,428.0,1273.0,0,1,3,-0.06332981987713132,0.013537798098374423,0.09040514654028341,-0.13353035617745646,0.0321707150264304,0.2459380546025381,-0.1351048387681419,0.04010198427050654,0.2523119495970616,11.44,17.77,2,159.0,413.0,0.0,115.0,418.0,0.0,1,1,0,-0.03215082506947774,0.007733688046353382,-0.01246219107233281,-0.07643903468393154,0.012967046023457579,-0.022488712663869082,-0.11636894739784873,0.02775967154339684,-0.03661467321707585
92,least_connections,336,measured,354,342,11,medium,2,83.2,60.9,3,0.0,1248.0,0.0,0.0,1218.0,0.0,0,3,0,-0.07400995069490558,0.08176742883373982,-0.02235007187581624,-0.3686669756353296,0.47539454811426346,-0.13691190522256744,-0.2472106732765755,0.35444574975547205,-0.10066002692323325,50.31,53.16,4,0.0,1338.0,423.0,0.0,1263.0,438.0,0,3,1,-0.05729840846026167,0.09841628444728207,-0.004372667869448801,-0.12081317939865108,0.271066021078335,-0.019443800937839678,-0.12223771126641408,0.272369057197125,-0.007804069412182368,18.52,29.17,3,159.0,767.0,0.0,115.0,760.0,0.0,1,2,0,-0.02908884172952747,0.050081046554410424,-0.011275315732110639,-0.0691591266187952,0.07578923211646162,-0.02034693050540536,-0.10528619050281551,0.12825875044402574,-0.03312756148211625
92,least_connections,337,measured,433,434,18,heavy,0,100.0,82.6,4,357.0,891.0,433.0,349.0,869.0,434.0,1,2,1,-0.023877483735300062,0.03089615443234056,0.02286240662482839,-0.1182225017652982,0.21478554353195267,0.1373019270208517,-0.06578584725023498,0.16280805930256997,0.1052599756408842,50.31,53.16,4,0.0,1338.0,423.0,0.0,1263.0,438.0,0,3,1,-0.05184141717833199,0.08904330497611235,-0.0039562233104536715,-0.10930716231306527,0.245250209547065,-0.01759201037233113,-0.11059602447913655,0.246429146987875,-0.007060824706260238,15.34,25.33,2,413.0,354.0,0.0,418.0,342.0,0.0,1,1,0,-0.026318475850524853,0.0022275228462806385,-0.010201476138576292,-0.016610638369386116,-0.006162123323201402,-0.01840912760012866,-0.003877981883499748,-0.010019860709373551,-0.029972555626676608
92,least_connections,338,measured,381,313,7,medium,2,100.0,82.6,4,357.0,891.0,433.0,349.0,869.0,434.0,1,2,1,-0.02160343766527148,0.027953663534022413,0.020685034565320923,-0.10696321588288887,0.19432977748129054,0.12422555301886584,-0.05952052846449832,0.14730252984518233,0.09523521605603809,50.31,53.16,4,402.0,936.0,423.0,428.0,835.0,438.0,1,2,1,-0.003820239125066807,0.03747908998972523,-0.0035794401380295077,0.005021410968451143,0.11797467938612002,-0.015916580813061493,0.02094883499506693,0.10194779965569639,-0.006388365210425934,22.96,35.77,3,794.0,354.0,0.0,731.0,342.0,0.0,2,1,0,0.019271945885806302,0.002015377813301536,-0.009229906982521408,0.053914184332460174,-0.0055752544352774686,-0.016655877352497357,0.090888175121278,-0.00906558826086179,-0.027118026519374075
92,least_connections,339,measured,159,110,5,light,2,100.0,82.6,4,357.0,891.0,433.0,349.0,869.0,434.0,1,2,1,-0.01954596741143609,0.025291409864115516,0.0187150312733856,-0.09677624294166137,0.17582217962592955,0.11239454796945006,-0.05385190670597467,0.13327371747897454,0.08616519547927257,50.31,53.16,4,402.0,936.0,423.0,428.0,835.0,438.0,1,2,1,-0.0034564068274414023,0.03390965284784664,-0.0032385410772647893,0.0045431813524081655,0.10673899563506095,-0.014400715973722306,0.018953707852679594,0.09223848540277294,-0.005779949476099666,26.14,39.43,4,953.0,354.0,0.0,841.0,342.0,0.0,3,1,0,0.060520422694867834,0.0018234370691775775,-0.008350868222281274,0.07755092868174968,-0.005044277822393903,-0.01506960331892618,0.11540676161766422,-0.008202198902684477,-0.024535357327052736
92,least_connections,340,measured,383,319,8,medium,0,100.0,98.55,5,774.0,857.0,433.0,769.0,768.0,434.0,2,2,1,0.02539945352117233,0.02288270416277119,0.01693264734258697,0.16396435162421114,0.1385692736298093,0.10169030530569292,0.14127684631364196,0.07489050629050076,0.07795898638600851,50.31,53.16,4,402.0,936.0,423.0,428.0,835.0,438.0,1,2,1,-0.0031272252248279314,0.030680162100432673,-0.002930108593715758,0.004110497414083578,0.09657337700315038,-0.013029219214320181,0.017148592819091063,0.08345386774536598,-0.005229478097423523,26.14,39.43,4,1307.0,0.0,0.0,1183.0,0.0,0.0,4,0,0,0.0978404731411616,-0.0414341238308348,-0.007555547439206867,0.13422226880729737,-0.0686210132678802,-0.013634403002837973,0.2075584986064581,-0.11056389424528595,-0.02219865662923819
92,least_connections,341,measured,384,305,12,medium,1,100.0,98.55,5,1631.0,433.0,0.0,1537.0,434.0,0.0,4,1,0,0.10914825840124208,-0.022380501222345334,-0.027763885964416774,0.5862534609933339,-0.13037383179525192,-0.16916908885040483,0.475250479998057,-0.08333716097526125,-0.12579901231742088,61.29,62.69,5,402.0,1743.0,0.0,428.0,1578.0,0.0,1,4,0,-0.002829394251034789,0.1139260423539062,-0.045734950859166866,0.0037190214698851337,0.29598815742461904,-0.12113527996941895,0.015515393502987154,0.2855802851029502,-0.1285707182786213,26.14,39.43,4,1307.0,0.0,0.0,1183.0,0.0,0.0,4,0,0,0.08852233284200335,-0.03748801679932672,-0.006835971492615737,0.12143919558755478,-0.062085678670939226,-0.012335888431139119,0.18779102254870017,-0.10003399955525873,-0.02008449885502503
92,least_connections,342,measured,192,118,4,light,2,100.0,98.55,5,1631.0,433.0,0.0,1537.0,434.0,0.0,4,1,0,0.09875318617255235,-0.0202490249154553,-0.025119706348758035,0.5304197980415878,-0.11795727638618031,-0.15305774705512817,0.4299885295220515,-0.07540028850142685,-0.11381815400147603,61.29,62.69,5,402.0,1743.0,0.0,428.0,1578.0,0.0,1,4,0,-0.002559928131888614,0.10307594308210562,-0.04137924125353193,0.0033648289489436878,0.2677988090984649,-0.10959858663899809,0.014037736978893128,0.258382162712193,-0.11632588796637165,29.98,43.37,5,1499.0,0.0,0.0,1301.0,0.0,0.0,5,0,0,0.12317553470285564,-0.03391772948510513,-0.006184926588557096,0.1446164150554067,-0.05617275689275454,-0.011161041913887775,0.20549346484564934,-0.09050695197856742,-0.018171689440260742
92,least_connections,343,measured,394,324,13,medium,0,100.0,100.0,6,1631.0,827.0,0.0,1537.0,758.0,0.0,4,2,0,0.08934812082278547,0.024763353874678762,-0.02272735336316203,0.4799036267995318,0.13092754358710668,-0.1384808187641636,0.38903724099614184,0.07835211992728042,-0.10297832981085926,61.29,62.69,5,1338.0,807.0,0.0,1263.0,743.0,0.0,3,2,0,0.08385167500085361,0.007091386144580825,-0.03743836113414794,0.24500355272251367,0.0003349769394274116,-0.09916062600671256,0.24878711917137952,-0.0023119718318253824,-0.10524723196957435,29.98,43.37,5,1499.0,0.0,0.0,1301.0,0.0,0.0,5,0,0,0.11144453139782176,-0.030687469534142735,-0.005595885961075468,0.13084342314536798,-0.050822970522016016,-0.010098085541136557,0.18592265866987323,-0.08188724226632291,-0.0164410523507121
92,least_connections,344,measured,396,344,12,medium,1,100.0,97.3,5,1274.0,827.0,0.0,1188.0,758.0,0.0,3,2,0,0.03775487575576282,0.022404939219947462,-0.02056284351905136,0.2978810591678305,0.11845825372166796,-0.1252921693580528,0.19410512280603315,0.07089001326753941,-0.09317086982887267,72.6,73.44,6,1338.0,1203.0,0.0,1263.0,1087.0,0.0,3,3,0,0.0758658011912485,0.049499916262330496,-0.03387280293089576,0.22166988103465524,0.10267042131254317,-0.08971675686321613,0.22509310782172434,0.09517012072358655,-0.09522368606771013,18.54,25.77,3,927.0,0.0,0.0,773.0,0.0,0.0,3,0,0,0.014662966049276388,-0.027764853388033903,-0.005062944440973042,0.01487738284580914,-0.04598268761515735,-0.009136363108647362,0.00897764355845676,-0.07408845728857787,-0.014875237841120471
92,least_connections,345,measured,166,104,5,light,2,100.0,97.3,5,1274.0,827.0,0.0,1188.0,758.0,0.0,3,2,0,0.034159173302833024,0.020271135484714375,-0.018604477469617898,0.26951143448518,0.1071765152719853,-0.11335958180014301,0.17561892063403,0.06413858343253565,-0.08429745365469432,61.11,60.06,5,936.0,1203.0,0.0,835.0,1087.0,0.0,2,3,0,0.025556586565324613,0.04478563852306092,-0.030646821699381877,0.09664009644632068,0.09289228594944382,-0.08117230382862411,0.08264376421965533,0.08610629970229261,-0.08615476358507107,14.24,18.8,3,712.0,0.0,0.0,564.0,0.0,0.0,3,0,0,0.013266493092202458,-0.02512058163679258,-0.004580759256118466,-0.02544427266331553,-0.04160338403276141,-0.008266233288776185,-0.05490911614552324,-0.06703241373728473,-0.013458548522918522
92,least_connections,346,measured,381,313,12,medium,2,100.0,97.3,5,1274.0,827.0,0.0,1188.0,758.0,0.0,3,2,0,0.030905918702563207,0.01834055115283681,-0.01683262247251143,0.24384367881992475,0.09696922810322478,-0.10256343115251035,0.15889330914507477,0.05803014691515129,-0.07626912473519963,61.11,60.06,5,1320.0,819.0,0.0,1140.0,782.0,0.0,3,2,0,0.06620652616681297,-0.0025635606106546305,-0.027728076775631223,0.1867015838595963,-0.015219904549142654,-0.07344160822589801,0.16100804857968817,-0.008329419316973341,-0.07794954800554049,18.02,25.3,3,520.0,381.0,0.0,446.0,313.0,0.0,2,1,0,-0.03108088266714562,0.020355754936325986,-0.004144496469821469,-0.057763865742999784,0.03130170016083492,-0.007478972975559405,-0.08526697809991785,0.0337484510630916,-0.012176781996926282
92,least_connections,347,measured,171,115,1,light,2,100.0,76.3,4,857.0,827.0,0.0,768.0,758.0,0.0,2,2,0,-0.01512140235300971,0.016593831995423775,-0.015229515570367485,-0.03090333821054425,0.08773406352196528,-0.09279548532846174,-0.046239386963979945,0.052503466256565434,-0.06900539856994252,61.11,60.06,5,1320.0,819.0,0.0,1140.0,782.0,0.0,3,2,0,0.05990114272235458,-0.00231941198106847,-0.02508730755890444,0.1689204806348728,-0.0137703898301767,-0.06644716934724106,0.14567394871495598,-0.007536141286785369,-0.07052578152882236,14.36,17.73,3,337.0,381.0,0.0,219.0,313.0,0.0,2,1,0,-0.028120798603607944,0.018417111609056843,-0.0037497825203146626,-0.08537683091033314,0.028320585859803016,-0.006766689835029939,-0.14560663097929077,0.030534312866606683,-0.011017088473409493
92,least_connections,348,measured,357,319,9,medium,2,55.13,37.9,2,433.0,394.0,0.0,434.0,324.0,0.0,1,1,0,-0.05676516902233758,-0.028070433183278717,-0.013779085516046773,-0.2837061948889051,-0.1817961647499679,-0.08395782005908443,-0.19293087391979138,-0.14883019719644078,-0.062433455848995616,61.11,60.06,5,1743.0,396.0,0.0,1578.0,344.0,0.0,4,1,0,0.09728017221364961,-0.04518241582867645,-0.022698040172342112,0.2621797545880141,-0.12180586290757485,-0.06011886750464667,0.2556395250278173,-0.13065769925947252,-0.06380904043083928,18.08,24.53,3,166.0,738.0,0.0,104.0,632.0,0.0,1,2,0,-0.0685265275347836,0.059747001206380226,-0.00339266037552279,-0.10818856129982521,0.09022338720648845,-0.006122243184074706,-0.16642187247332657,0.12383263227613621,-0.009967841952132399
92,least_connections,349,measured,186,124,4,light,0,67.53,44.1,3,1013.0,0.0,0.0,882.0,0.0,0.0,3,0,0,0.03480883800473311,-0.0684809588211524,-0.012466791657375652,0.09315471256083185,-0.4021330379483837,-0.07596183719631448,0.02811016169161734,-0.28122732127297023,-0.05648741243480556,61.11,60.06,5,2139.0,0.0,0.0,1922.0,0.0,0.0,5,0,0,0.13109929413434512,-0.0839632288336551,-0.020536322060690483,0.3395776010898359,-0.21257265147420037,-0.0543932610756327,0.32855480835850137,-0.21547601361571322,-0.05773198896123554,18.08,24.53,3,166.0,738.0,0.0,104.0,632.0,0.0,1,2,0,-0.06200019157908991,0.054056810615296394,-0.0030695498635682386,-0.09788488879507995,0.08163068366301336,-0.00553917240463902,-0.15057217033300974,0.11203904824983753,-0.009018523670976933
92,least_connections,350,measured,389,342,7,medium,0,93.47,61.2,4,1402.0,0.0,0.0,1224.0,0.0,0.0,4,0,0,0.07457761080246827,-0.06195896274294741,-0.011279478166197019,0.3189177558090066,-0.36383465338187093,-0.0687273765109512,0.18014728914955852,-0.2544437668660207,-0.05110765886958599,34.37,33.97,3,1203.0,0.0,0.0,1087.0,0.0,0.0,3,0,0,0.03244584662041655,-0.07596673084949748,-0.018580481864434246,0.06527769350304885,-0.19232763704808606,-0.049212950497001015,0.06117756470531077,-0.19495448850945482,-0.05223370429826073,14.76,21.07,2,357.0,381.0,0.0,319.0,313.0,0.0,1,1,0,-0.05609541142870039,0.005824642710891753,-0.0027772117813236446,-0.05400061367173899,0.009256332837964468,-0.005011632175625781,-0.07139069379335802,0.005162313495884738,-0.008159616654693416
92,least_connections,351,measured,392,315,12,medium,2,93.47,61.2,4,1402.0,0.0,0.0,1224.0,0.0,0.0,4,0,0,0.0674749812022332,-0.05605810914838099,-0.010205242150368731,0.28854463620814885,-0.32918373401216894,-0.062181912081336804,0.1629904044686482,-0.23021102716449493,-0.04624026278676827,34.37,33.97,3,1203.0,0.0,0.0,1087.0,0.0,0.0,3,0,0,0.02935576598990068,-0.0687318041019263,-0.016810912163059556,0.059060770312282296,-0.17401071923398262,-0.044526002830619964,0.05535112997147168,-0.17638739436569723,-0.04725906579366447,22.6,31.57,3,738.0,392.0,0.0,632.0,315.0,0.0,2,1,0,-0.007669091065876321,0.005269914833663972,-0.0025127154211975833,0.02008515905890282,0.01036525352006308,-0.0045343338731852305,0.029805245298072908,0.005273839194689364,-0.007382510306627376
92,least_connections,352,measured,467,431,16,heavy,1,93.47,61.2,4,1402.0,0.0,0.0,1224.0,0.0,0.0,4,0,0,0.06104879251630624,-0.05071924161043995,-0.00923331432652409,0.2610641946645157,-0.29783290220148617,-0.05625982521644759,0.14746750880496745,-0.20828616743454303,-0.04183642823564748,47.71,47.44,4,1203.0,0.0,467.0,1087.0,0.0,431.0,3,0,1,0.026559978752767277,-0.062185917996980936,0.027874027317322532,0.05343593504444588,-0.15743826978312714,0.08043565730290847,0.05007959378371252,-0.1595885949022975,0.079101916662875,22.6,31.57,3,738.0,392.0,0.0,632.0,315.0,0.0,2,1,0,-0.006938701440554779,0.004768018182838826,-0.0022734091906073373,0.018172286767578733,0.009378086518152307,-0.004102492551929494,0.026966650507780243,0.00477156879519515,-0.006679414086948578
92,least_connections,353,measured,154,112,6,light,2,81.07,55.0,3,1216.0,0.0,0.0,1100.0,0.0,0.0,3,0,0,0.012150721573710194,-0.045888837647540905,-0.00835395105733132,0.12401046183932374,-0.2694678638965827,-0.05090174662440496,0.07732774606163728,-0.18844938958363416,-0.03785200649891915,36.74,37.91,3,819.0,0.0,467.0,782.0,0.0,431.0,2,0,1,-0.01905344325996794,-0.05626344961631608,0.025219358049006102,-0.05091850774890269,-0.14244414885140075,0.07277511851215529,-0.04092501038616486,-0.14438968110207867,0.07156840079022023,25.68,35.3,4,892.0,392.0,0.0,744.0,315.0,0.0,3,1,0,0.03680602749482685,0.00431392121304465,-0.0020568940295971148,0.044308259456380755,0.008484935421185419,-0.003711778975555257,0.0581761758562456,0.004317133671843235,-0.006043279412001095
92,least_connections,354,measured,485,419,21,heavy,0,100.0,75.95,4,1216.0,0.0,485.0,1100.0,0.0,419.0,3,0,1,0.010993509995261608,-0.04151847215729891,0.03552556355583855,0.11219994166415004,-0.2438042578111939,0.24648572130807803,0.06996319881767182,-0.1705018286709071,0.15530056554859695,36.74,37.91,3,819.0,467.0,0.0,782.0,431.0,0.0,2,1,0,-0.017238829616161466,-0.007821125616576233,-0.02026638580146613,-0.046069126058531,-0.00815695100160746,-0.05487693359104317,-0.03702739034938729,-0.008778163854261667,-0.05710775642789597,25.68,35.3,4,892.0,392.0,0.0,744.0,315.0,0.0,3,1,0,0.033300691542938576,0.003903071573707062,-0.0018609993601116752,0.040088425222439744,0.007676846333453474,-0.003358276215978566,0.052635587679460305,0.0039059780840486474,-0.005467728991810515
92,least_connections,355,measured,366,341,15,medium,1,84.53,54.25,3,783.0,0.0,485.0,666.0,0.0,419.0,2,0,1,-0.03313739118342543,-0.03756433195184187,0.032142176550520596,-0.15966037024037216,-0.22058480468631828,0.22301089070730867,-0.13303329630782074,-0.15426355927367785,0.14051003549634963,35.11,34.88,3,396.0,467.0,366.0,344.0,431.0,341.0,1,1,1,-0.05868093654614155,-0.0070762565102356345,0.024747646406383248,-0.15102852901894304,-0.0073800985252638895,0.044961685934634406,-0.15734025793515993,-0.007942148249093894,0.04474476799380841,25.68,35.3,4,892.0,392.0,0.0,744.0,315.0,0.0,3,1,0,0.030129197110277756,0.0035313504714492433,-0.0016837613258153252,0.03627047996315977,0.006945718111219815,-0.003038440385885369,0.047622674567130735,0.0035339801712821195,-0.00494699289735237
92,least_connections,356,measured,371,343,10,medium,0,83.0,55.2,3,389.0,371.0,485.0,342.0,343.0,419.0,1,1,1,-0.07306534939271371,0.009097123698900436,0.029081016879042444,-0.3821054143444637,0.02420104972825171,0.20177175825899357,-0.2669348871356474,0.015594874942862907,0.12712812735384016,23.8,24.12,2,0.0,833.0,0.0,0.0,772.0,0.0,0,2,0,-0.09617617614945687,0.03668157290797275,-0.02069317252574395,-0.23901220652734304,0.0879350128989109,-0.05393262429043281,-0.23961737622704946,0.08922793729843886,-0.055930328957982875,25.68,35.3,4,1284.0,0.0,0.0,1059.0,0.0,0.0,4,0,0,0.07034364999319914,-0.0398888688478271,-0.0015234031043091039,0.10374948187143024,-0.06464911218508683,-0.0027490651110391433,0.13808718175121348,-0.09180258936883999,-0.004475850716652145
92,least_connections,357,measured,189,111,2,light,1,57.07,38.1,2,0.0,371.0,485.0,0.0,343.0,419.0,0,1,1,-0.1091906449154031,0.008230730965671826,0.026311396223895545,-0.5803493431370546,0.021896187849370585,0.18255540032956563,-0.3962268026465381,0.01410964875782833,0.11502068665347442,29.2,27.59,3,189.0,833.0,0.0,111.0,772.0,0.0,1,2,0,-0.0439326400989417,0.0331880897738801,-0.018722394189958812,-0.1673919963818818,0.0795602497656813,-0.04879618388182016,-0.18541274515780665,0.08073003850811133,-0.05060363096198451,18.54,24.67,3,927.0,0.0,0.0,740.0,0.0,0.0,3,0,0,0.02056035452899424,-0.03608992895755785,-0.0013783170943749035,0.029268578836055936,-0.05849205388174523,-0.0024872493861782725,0.028729672378082077,-0.08305948561942667,-0.004049579219828131
92,least_connections,358,measured,473,435,18,heavy,0,88.6,59.85,3,0.0,371.0,958.0,0.0,343.0,854.0,0,1,2,-0.0987915358758409,0.007446851826084039,0.0668894491912343,-0.5250779771240017,0.019810836625620998,0.4504707590283372,-0.3584909166802011,0.012765872685654212,0.300852049829334,29.2,27.59,3,189.0,833.0,0.0,111.0,772.0,0.0,1,2,0,-0.039748579137137724,0.030027319319224866,-0.016939309029010353,-0.15144990148836923,0.0719830831213307,-0.04414892827402776,-0.1677543884761108,0.07304146341210072,-0.045784237537033604,10.92,14.23,2,546.0,0.0,0.0,427.0,0.0,0.0,2,0,0,-0.02448167470052448,-0.032652792866361864,-0.0012470487996725317,-0.042461762005473205,-0.05292138208348378,-0.0022503684922565324,-0.06840331229284635,-0.0751490584175765,-0.003663905008415928
92,least_connections,359,measured,376,300,14,medium,2,88.6,59.85,3,371.0,0.0,958.0,343.0,0.0,854.0,1,0,2,-0.0462989179466225,-0.0363462723841099,0.06051902545873579,-0.25129277295346186,-0.205853687497454,0.4075687819780194,-0.16918225794875333,-0.1436165913796462,0.2721994736551117,23.8,24.12,2,0.0,833.0,0.0,0.0,772.0,0.0,0,2,0,-0.0790469003984534,0.027167574622155827,-0.015326041502437939,-0.18588324420376262,0.06512755139548967,-0.03994426843840607,-0.18316170862124312,0.06608513356332921,-0.04142383396207802,15.36,20.5,2,392.0,376.0,0.0,315.0,300.0,0.0,1,1,0,-0.06523398686056522,0.013540897157191867,-0.0011282822473227668,-0.06628445133828531,0.020156844781609923,-0.002036047683470196,-0.09566648889987688,0.022484185241240295,-0.0033149616742810775
92,least_connections,360,measured,451,402,14,heavy,1,88.6,59.85,3,371.0,0.0,958.0,343.0,0.0,854.0,1,0,2,-0.0418894971898013,-0.03288472263324229,0.05475530874838,-0.22736012791027502,-0.18624857440245837,0.3687527075039223,-0.15306966195363395,-0.12993882077206084,0.2462757142593868,36.69,36.69,3,0.0,1284.0,0.0,0.0,1174.0,0.0,0,3,0,-0.07151862417002927,0.06766408678966027,-0.013866418502205755,-0.16818007808911856,0.17550996146666756,-0.03614005239665311,-0.16571773637160092,0.1734520256049169,-0.03747870691807059,15.36,20.5,2,392.0,376.0,0.0,315.0,300.0,0.0,1,1,0,-0.05902122620717806,0.012251287904125975,-0.0010208267951967891,-0.059971646448924804,0.01823714527859946,-0.0018421383802825582,-0.08655539471893624,0.02034283426588407,-0.0029992510386352604
92,least_connections,361,measured,420,406,18,heavy,2,88.6,59.85,3,371.0,485.0,473.0,343.0,419.0,435.0,1,1,1,-0.03790002126696307,0.01333105593953815,0.006456617212253102,-0.20570678239501075,0.12402906760412494,0.041093719487675706,-0.1384915989104307,0.0719839240633735,0.033273265282302344,36.69,36.69,3,467.0,817.0,0.0,431.0,743.0,0.0,1,2,0,-0.021623426403269114,0.018135987821030486,-0.012545807216281396,-0.031441839359542645,0.038073638605896465,-0.03269814264459091,-0.028074975764781795,0.035072666023496235,-0.033909306259206726,23.76,34.03,3,392.0,376.0,420.0,315.0,300.0,406.0,1,1,1,-0.05340015704458967,0.011084498579923496,0.04216029503110313,-0.054260061072836735,0.01650027429968523,0.07433330337022055,-0.07831202379332326,0.018405421478657008,0.11973083636186968
92,least_connections,362,measured,460,434,16,heavy,0,100.0,81.55,4,371.0,958.0,460.0,343.0,854.0,434.0,1,2,1,-0.034290495432014206,0.05514533179110141,0.00584170128727661,-0.18611566026215257,0.3975183627529385,0.029338762076150993,-0.12530192282372302,0.2619140265335284,0.02965200192208306,36.69,36.69,3,467.0,817.0,0.0,431.0,743.0,0.0,1,2,0,-0.019564052460100623,0.01640875088569424,-0.011350968433778407,-0.02844737846815762,0.034447577786287265,-0.029584033821296537,-0.025401168549088304,0.031732412116496606,-0.030679848520234657,23.76,34.03,3,392.0,376.0,420.0,315.0,300.0,406.0,1,1,1,-0.04831442780224779,0.010028832048502218,0.03814502883766474,-0.049092436208757056,0.014928819604477117,0.06725394114448525,-0.07085373581300676,0.0166525241949754,0.10832789956550115
92,least_connections,363,measured,175,113,3,light,1,100.0,81.55,4,371.0,958.0,460.0,343.0,854.0,434.0,1,2,1,-0.03102473396229856,0.04989339543004413,0.005285348783726454,-0.1683903592848047,0.35965947106218243,0.02654459425937472,-0.1133684063643208,0.23696983353033524,0.026828001739027524,41.69,40.22,4,1008.0,451.0,0.0,885.0,402.0,0.0,3,1,0,0.06846699108485227,-0.02823788752065305,-0.010269923821037606,0.11411223580772134,-0.06344538880560402,-0.026766506790696868,0.10538108559844392,-0.06770341284697926,-0.027757958184974212,15.92,23.53,2,0.0,376.0,420.0,0.0,300.0,406.0,0,1,1,-0.0867969539526006,0.009073705186740097,0.034512168948363335,-0.11535029942697067,0.013507027261193585,0.06084880389262952,-0.1591057609736728,0.015066569509739641,0.09801095674973913
92,least_connections,364,measured,380,304,9,medium,2,100.0,81.55,4,371.0,1418.0,0.0,343.0,1288.0,0.0,1,3,0,-0.028069997394460602,0.08822554371108302,-0.038301917993862004,-0.15235318221006142,0.6028665055641969,-0.25344377979707366,-0.1025714152820045,0.41073461128935096,-0.1720603793789751,41.69,40.22,4,1008.0,451.0,0.0,885.0,402.0,0.0,3,1,0,0.06194632526724729,-0.02554856489963847,-0.009291835838081644,0.10324440382603361,-0.05740297082411791,-0.024217315667773357,0.09534479173192545,-0.06125546876631455,-0.025114343119738574,23.52,33.67,3,0.0,756.0,420.0,0.0,604.0,406.0,0,2,1,-0.07853057738568626,0.05129344301476031,0.031225295715185876,-0.10436455662440204,0.08098254847441325,0.05505367971237909,-0.14395283135713252,0.10531419781039936,0.08867657991643063
92,least_connections,365,measured,362,342,8,medium,2,100.0,81.55,4,371.0,1418.0,0.0,343.0,1288.0,0.0,1,3,0,-0.02539666430927387,0.07982311097669416,-0.03465411628016086,-0.13784335533291273,0.5454506478914162,-0.22930627695925712,-0.09280270906467072,0.37161702926179374,-0.15567367658097747,41.69,40.22,4,1008.0,451.0,0.0,885.0,402.0,0.0,3,1,0,0.05604667524179517,-0.023115368242530035,-0.008406899091597678,0.09341160346164948,-0.05193602122182095,-0.021910904651794943,0.08626433537650399,-0.05542161459809411,-0.02272250091785871,30.76,45.07,4,0.0,1538.0,0.0,0.0,1352.0,0.0,0,4,0,-0.07105147477752567,0.13257615365734549,-0.014832442198732051,-0.09442507504112566,0.21477468671494532,-0.02618952787927607,-0.13024303789454847,0.32087157579671055,-0.04221325309148339
92,least_connections,366,measured,181,116,6,light,0,100.0,70.2,4,181.0,1418.0,0.0,116.0,1288.0,0.0,1,3,0,-0.02297793437505731,0.07222090993129472,-0.03135372425347887,-0.23931859133295277,0.49350296713985276,-0.20746758391551834,-0.18665483201089256,0.336224931236861,-0.1408476121446939,36.69,36.69,3,833.0,451.0,0.0,772.0,402.0,0.0,2,1,0,0.0076249964205811205,-0.02091390460038431,-0.007606242035255042,0.03927716503673048,-0.04698973348640942,-0.01982415182781447,0.04609927962636076,-0.05014336558875182,-0.020558453211395974,30.76,45.07,4,1118.0,420.0,0.0,946.0,406.0,0.0,3,1,0,0.06496703302441553,-0.009301847371245231,-0.013419828655995666,0.11687255115326727,-0.00798480725790661,-0.023695287128868824,0.1674626482541387,0.0050107908001984225,-0.03819294327324688
92,least_connections,367,measured,194,119,4,light,1,100.0,70.2,4,181.0,1418.0,0.0,116.0,1288.0,0.0,1,3,0,-0.02078955967267089,0.06534272803307617,-0.028367655276957074,-0.21652634453933825,0.4465026845551049,-0.1877087663997547,-0.1688781813431885,0.3042035092143028,-0.12743355384519925,42.23,40.41,4,1478.0,0.0,0.0,1293.0,0.0,0.0,4,0,0,0.09306660673880242,-0.062006004389009835,-0.006881838031897419,0.20227117652983098,-0.1590995547870235,-0.017936137368022617,0.18901541966194546,-0.15902852124696593,-0.01860050528650112,30.76,45.07,4,1118.0,420.0,0.0,946.0,406.0,0.0,3,1,0,0.05877969654589976,-0.00841595714541235,-0.01214174973637703,0.10574183199581325,-0.007224349423820262,-0.021438593116595604,0.15151382461088742,0.004533572628750954,-0.03455552010436622
92,least_connections,368,measured,150,121,6,light,0,100.0,76.25,5,816.0,933.0,0.0,656.0,869.0,0.0,3,2,0,0.06735819884490774,0.016035710850787727,-0.025665973822008782,0.18711108509932894,0.11143893681969808,-0.1698317410283495,0.09149116926092471,0.08568412738436915,-0.11529702490756123,28.89,26.94,3,1011.0,0.0,0.0,862.0,0.0,0.0,3,0,0,0.041119220155968625,-0.05610067063767556,-0.006226424886002427,0.06228616652018723,-0.14394721623587842,-0.01622793380916332,0.049153832075093495,-0.14388294779487393,-0.016829028592548635,30.76,45.07,4,1118.0,420.0,0.0,946.0,406.0,0.0,3,1,0,0.053181630208195024,-0.007614437417277839,-0.010985392618626837,0.0956711813295453,-0.006536316145361196,-0.019396822343586497,0.13708393655270767,0.004101803806965149,-0.03126451818966468
92,least_connections,369,measured,459,403,15,heavy,1,100.0,76.25,5,1289.0,460.0,0.0,1091.0,434.0,0.0,4,1,0,0.10402703251500722,-0.028575399933187515,-0.02322159536276985,0.45459256905812295,-0.18447588255995573,-0.15365728950184002,0.2795634388551223,-0.11926197998557078,-0.10431635586874588,42.0,39.53,4,1011.0,0.0,459.0,862.0,0.0,403.0,3,0,1,0.03720310395063828,-0.05075774962456361,0.03745046818704088,0.05635415066112179,-0.13023795754674714,0.10397064492096109,0.04447251473460839,-0.13017980990964784,0.09871718841626553,30.76,45.07,4,1118.0,420.0,0.0,946.0,406.0,0.0,3,1,0,0.04811671304550978,-0.006889252901346621,-0.009939164750186186,0.086559640250541,-0.005913809845802989,-0.017549505929911592,0.12402832354768792,0.0037111558253494215,-0.028286945028744234
92,least_connections,370,measured,389,306,10,medium,1,100.0,76.25,5,1289.0,460.0,0.0,1091.0,434.0,0.0,4,1,0,0.09411969608500653,-0.025853933272883933,-0.021010014852029864,0.41129803867163506,-0.16690675088757895,-0.1390232619302362,0.25293834944034876,-0.10790369617742121,-0.09438146483362722,42.66,38.44,4,645.0,848.0,0.0,521.0,709.0,0.0,2,2,0,-0.009423949033322748,0.04024412222176671,-0.009200143295625136,-0.04362515620456328,0.10137654181144648,-0.02458438248647739,-0.05617665333535429,0.08267957674841386,-0.02462790095671215,30.76,45.07,4,1118.0,420.0,0.0,946.0,406.0,0.0,3,1,0,0.043534168945937424,-0.006233133577408845,-0.008992577631120834,0.0783158649885847,-0.005350589860488406,-0.015878124412777157,0.11221610225743195,0.0033577124134113734,-0.025592950264101924
92,least_connections,371,measured,169,125,8,light,1,100.0,76.25,5,1749.0,0.0,0.0,1525.0,0.0,0.0,5,0,0,0.12823981573223947,-0.06647555414031903,-0.01900906105659845,0.49939663816322544,-0.4284711873109841,-0.12578295127021372,0.42518231616031554,-0.2939604870176668,-0.08539275389709129,41.94,38.62,4,451.0,1017.0,0.0,402.0,834.0,0.0,1,3,0,-0.05161033030452557,0.07949524890359391,-0.008323939172232266,-0.08962003928712187,0.13540870789743117,-0.022243012725860496,-0.08447232920817771,0.1101475932485649,-0.022282386579882425,30.76,45.07,4,1118.0,420.0,0.0,946.0,406.0,0.0,3,1,0,0.03938805761775291,-0.0056395018081318166,-0.008136141666252183,0.07085721118014807,-0.004841009873775212,-0.014365922087750761,0.10152885442339082,0.0030379302788007545,-0.02315552642942555
92,least_connections,372,measured,396,324,10,medium,1,100.0,70.45,4,1568.0,0.0,0.0,1409.0,0.0,0.0,4,0,0,0.07294259972145929,-0.06014454898409817,-0.01719867428930336,0.45183505357625164,-0.38766440756708087,-0.11380362257781242,0.3322125717640951,-0.2659642501588414,-0.07726011066879689,53.26,48.75,5,620.0,1244.0,0.0,527.0,1033.0,0.0,2,3,0,-0.0036111605249562473,0.07192427281753735,-0.0075311830605910976,-0.03739772262032118,0.18119291258747172,-0.02012463056149283,-0.041085083569303654,0.15592222722489207,-0.020160254524655526,30.76,45.07,4,1538.0,0.0,0.0,1352.0,0.0,0.0,4,0,0,0.07872071426186714,-0.04818630662459092,-0.007361271031371023,0.1401089053534673,-0.08037996131436806,-0.0129977390317745,0.21430388416084564,-0.11969584085886281,-0.02095023819805169
92,least_connections,373,measured,188,120,4,light,0,100.0,76.45,5,1756.0,0.0,0.0,1529.0,0.0,0.0,5,0,0,0.10907958568903006,-0.05441649669989834,-0.015560705309369706,0.4088031437118467,-0.35074398779878746,-0.10296518233230648,0.35485899350084793,-0.24063432157228506,-0.06990200489081623,53.26,48.75,5,1009.0,855.0,0.0,833.0,727.0,0.0,3,2,0,0.03981665975179695,0.021990441846252623,-0.006813927531010993,0.06672178837753256,0.06337862159274651,-0.018207999079445893,0.04934563867539196,0.05455463415585471,-0.018240230284212143,8.4,13.53,1,420.0,0.0,0.0,406.0,0.0,0.0,1,0,0,-0.05802819730048754,-0.04359713456510607,-0.006660197599811878,-0.0755395618230534,-0.07272472690347587,-0.011759859123986452,-0.091407596870346,-0.10829623696754255,-0.01895497741728486
92,least_connections,374,measured,399,338,5,medium,2,100.0,70.4,4,1606.0,0.0,0.0,1408.0,0.0,0.0,4,0,0,0.05560715349188888,-0.04923397320466993,-0.01407873337514402,0.3698695109773851,-0.31733979848461724,-0.09315897449113443,0.2663248036436243,-0.21771676713682936,-0.06324467109169088,40.37,36.19,4,558.0,855.0,0.0,431.0,727.0,0.0,2,2,0,-0.0070593033084648815,0.019896114051371427,-0.006164982051867089,-0.056217701672028386,0.057342562393437324,-0.016473903929022475,-0.06901466024607394,0.04935895471243995,-0.01650306549523956,16.38,24.8,2,819.0,0.0,0.0,744.0,0.0,0.0,2,0,0,-0.009417802092731353,-0.039445026511286445,-0.006025893066496461,0.003854682160094547,-0.06579856243647816,-0.010639872540749648,0.01923439648238537,-0.0979823096373004,-0.01714974147278154
92,least_connections,375,measured,160,118,6,light,2,74.73,49.45,3,1121.0,0.0,0.0,989.0,0.0,0.0,3,0,0,0.0072273338849516144,-0.04454502337565375,-0.012737901625130303,0.10604066866207862,-0.28711696053370134,-0.08428669120626449,0.0514129175823268,-0.1969818369333218,-0.05722136908295841,40.37,36.19,4,954.0,459.0,0.0,755.0,403.0,0.0,3,1,0,0.036696911519098666,-0.025082654180278455,-0.005577840904070224,0.05150371209265461,-0.05048598096376078,-0.014904960697687002,0.029165307396409296,-0.046949040974459094,-0.01493134497188341,19.58,28.73,3,979.0,0.0,0.0,862.0,0.0,0.0,3,0,0,0.03456303166666709,-0.03568835731973535,-0.005451998488734893,0.032439950525799816,-0.0595320326806231,-0.009626551346392538,0.052989850785650244,-0.08865066110041464,-0.015516432761088059
92,least_connections,376,measured,418,422,17,heavy,0,71.07,48.8,3,648.0,0.0,418.0,554.0,0.0,422.0,2,0,1,-0.03654488385465829,-0.04030264019702006,0.03155913208973471,-0.18936002994065898,-0.2597724881019203,0.17586759684512576,-0.15026926504456145,-0.17822166198729117,0.13913304702018048,40.37,36.19,4,954.0,459.0,0.0,755.0,403.0,0.0,3,1,0,0.03320196756489879,-0.02269382997263289,-0.005046617960825441,0.04659859665525892,-0.04567779230054547,-0.01348544063124062,0.026387659072941744,-0.042477703738796335,-0.013509312117418322,19.58,28.73,3,979.0,0.0,0.0,862.0,0.0,0.0,3,0,0,0.03127131436507975,-0.03228946614642723,-0.004932760537426808,0.02935043142810459,-0.053862315282468515,-0.008709736932450392,0.04794319832987404,-0.08020774099561324,-0.014038677260032054
92,least_connections,377,measured,195,100,5,light,0,71.53,47.8,3,655.0,0.0,418.0,534.0,0.0,422.0,2,0,1,-0.033064418725643224,-0.03646429351158958,0.028553500462140932,-0.16710351915265975,-0.23503225113983264,0.15911830190749476,-0.14500552551650797,-0.1612481703694539,0.12588228063730614,40.37,36.19,4,1413.0,0.0,0.0,1158.0,0.0,0.0,4,0,0,0.07312377564261818,-0.06361641305913951,-0.0045659876788420655,0.16081369629353354,-0.15998058759165,-0.012201112952074846,0.1378180010659949,-0.15237566052557763,-0.012222710963378482,19.58,28.73,3,979.0,0.0,0.0,862.0,0.0,0.0,3,0,0,0.028293093949357875,-0.02921427889438654,-0.004462973819576636,0.026555152244475577,-0.048732570969852465,-0.007880238176978926,0.04337717944131461,-0.07256890851984056,-0.01270166037812424
92,least_connections,378,measured,438,410,17,heavy,0,70.07,46.6,3,195.0,0.0,856.0,100.0,0.0,832.0,1,0,2,-0.07299932669281552,-0.032991503653342955,0.06891801969250393,-0.42864921574129533,-0.21264822722175333,0.408154654106781,-0.3275288088006501,-0.14589120176283926,0.2993696824813722,40.37,36.19,4,1413.0,0.0,0.0,1158.0,0.0,0.0,4,0,0,0.0661596065337974,-0.05755770705350718,-0.004131131709428536,0.14549810617033987,-0.14474434115434998,-0.011039102194734385,0.12469247715494775,-0.137863692856475,-0.011058643252580531,19.58,28.73,3,979.0,0.0,0.0,862.0,0.0,0.0,3,0,0,0.02559851357322855,-0.02643196661873068,-0.004037928693902671,0.02402609012595408,-0.044091373734628424,-0.007129739302980933,0.03924601949452275,-0.06565758389890336,-0.011491978437350503
92,least_connections,379,measured,351,308,7,medium,0,93.47,62.0,4,546.0,418.0,438.0,408.0,422.0,410.0,2,1,1,-0.02296310963817097,0.01323444454039946,0.01927049854265095,-0.17611119519450524,0.05973096902158828,0.11715579816010338,-0.15700225558154055,0.0589079603098121,0.07995352224505106,35.54,32.28,3,1244.0,0.0,0.0,1033.0,0.0,0.0,3,0,0,0.016774791399059324,-0.052076020667458874,-0.0037376905942448657,0.08795406884799462,-0.13095916580631664,-0.009987759128569206,0.07747474123542891,-0.12473381734633454,-0.010005439133287147,3.2,3.93,1,160.0,0.0,0.0,118.0,0.0,0.0,1,0,0,-0.063007240553927,-0.023914636464565854,-0.003653364056388131,-0.1264621089336606,-0.039892195283711435,-0.006450716512220844,-0.18887264902876513,-0.059404480670436376,-0.010397504300459978
92,least_connections,380,measured,356,304,7,medium,2,93.47,62.0,4,546.0,418.0,438.0,408.0,422.0,410.0,2,1,1,-0.020776146815488034,0.011974021250837602,0.01743521296716038,-0.15933870041407616,0.05404230530524656,0.1059981030972364,-0.14204965981186998,0.053297678375544305,0.07233890107885574,24.43,22.72,2,855.0,0.0,0.0,727.0,0.0,0.0,2,0,0,-0.02790670800856085,-0.04711639965151041,-0.0033817200614596403,-0.020980332266780366,-0.11848686430095315,-0.009036543973467377,-0.016421662691754824,-0.11285440617049315,-0.00905254016821218,10.32,14.07,2,516.0,0.0,0.0,422.0,0.0,0.0,2,0,0,-0.013922650750605142,-0.021637052039369106,-0.0033054246224464043,-0.049999050939978654,-0.03609293859002463,-0.005836362558676002,-0.07920223801015258,-0.05374691108277577,-0.009407265795654266
92,least_connections,381,measured,360,340,12,medium,1,93.47,62.0,4,546.0,856.0,0.0,408.0,832.0,0.0,2,2,0,-0.01879746616639394,0.05391753850132472,-0.027309183732659878,-0.144163586088926,0.3130858952761754,-0.1682874305310718,-0.12852112078216807,0.2336978994826353,-0.12002670854770194,34.71,33.34,3,855.0,360.0,0.0,727.0,340.0,0.0,2,1,0,-0.025248926293459817,0.0004547767325336627,-0.00305965148417777,-0.018982205384229844,-0.014141176544399794,-0.008175920737899056,-0.014857694816349576,-0.0059754151066366695,-0.008190393485525306,7.12,10.13,1,356.0,0.0,0.0,304.0,0.0,0.0,1,0,0,-0.05568058423920963,-0.01957638041657205,-0.0029906222774515085,-0.07418961751712357,-0.03265551586716514,-0.005280518505468764,-0.10724646931077297,-0.04862815764632093,-0.00851133571987767
92,least_connections,382,measured,434,402,18,heavy,2,80.47,57.0,3,351.0,856.0,0.0,308.0,832.0,0.0,1,2,0,-0.060091131520161406,0.04878253483453189,-0.024708309091454175,-0.2480527683661711,0.28326819096415873,-0.15226005619477925,-0.16151910927910443,0.21144095667476528,-0.1085955934479208,23.4,23.22,2,459.0,360.0,0.0,403.0,340.0,0.0,1,1,0,-0.065928166873221,0.00041146466276854865,-0.002768256104732268,-0.11954172323879295,-0.012794397825885526,-0.007397261620003908,-0.10504981911955436,-0.005406327953623655,-0.007410356010713373,15.8,23.53,2,356.0,0.0,434.0,304.0,0.0,402.0,1,0,1,-0.050377671454523,-0.017711963234041377,0.04037809911858695,-0.06712393965834991,-0.029545466736958938,0.07375572135219494,-0.09703251985260414,-0.04399690453714751,0.11353736292011068
92,least_connections,383,measured,421,438,20,heavy,1,80.47,57.0,3,351.0,856.0,0.0,308.0,832.0,0.0,1,2,0,-0.05436816661347936,0.04413657913600504,-0.022355136797029967,-0.22442869518844052,0.2562902680151912,-0.13775909846194315,-0.14613633696680875,0.19130372270574003,-0.09825315597669025,35.43,36.91,3,459.0,360.0,421.0,403.0,340.0,438.0,1,1,1,-0.05964929383767614,0.00037227755202869084,0.040579287560571026,-0.10815679721605076,-0.011575883747229773,0.10213717145945225,-0.09504507444150156,-0.004891439577088055,0.11713467789506884,15.8,23.53,2,356.0,0.0,434.0,304.0,0.0,402.0,1,0,1,-0.045579797982663664,-0.016025109592704104,0.036532565869197724,-0.06073118350041183,-0.026731612762010467,0.06673136693770018,-0.08779132748568946,-0.03980672315265727,0.102724280737243
92,least_connections,384,measured,154,114,8,light,2,80.47,57.0,3,351.0,856.0,0.0,308.0,832.0,0.0,1,2,0,-0.049190245983624176,0.03993309540876647,-0.02022607614969378,-0.20305453374192237,0.23188167106136348,-0.12463918432271047,-0.13221859058901744,0.1730843205432886,-0.0888957125503388,22.31,24.31,2,0.0,360.0,421.0,0.0,340.0,438.0,0,1,1,-0.09705230893703579,0.0003368225470735814,0.03671459350718331,-0.21650921108663096,-0.010473418628445988,0.09240982179664728,-0.1999366149708824,-0.004425588188793947,0.10597899428601468,18.88,27.33,3,356.0,154.0,434.0,304.0,114.0,402.0,1,1,1,-0.0412388648414576,0.02858499154764413,0.03305327388165508,-0.05494726126227738,0.0036809217867524342,0.060375998657919205,-0.07943024867752857,-0.001634654280975624,0.09294101590512463
92,least_connections,385,measured,356,339,9,medium,1,80.47,57.0,3,351.0,856.0,0.0,308.0,832.0,0.0,1,2,0,-0.044505460651850445,0.03612994346507442,-0.01829978318305628,-0.18371600671888214,0.20979770238885265,-0.11276878581578566,-0.1196263438662539,0.15660009953916587,-0.0804294542122113,32.49,34.91,3,0.0,716.0,421.0,0.0,679.0,438.0,0,2,1,-0.08780923189541333,0.043388644436014416,0.03321796555411824,-0.19588928622123752,0.08255126069671213,0.08360888638744277,-0.18089503259270312,0.09184411068632929,0.09588575673496566,18.88,27.33,3,510.0,0.0,434.0,418.0,0.0,402.0,2,0,1,0.005772546322581451,-0.01722128882650792,0.02990534303578317,-0.02184752209444145,-0.024536308859604943,0.054625903547641186,-0.03748451070824013,-0.035859925301835086,0.08408949058082704
92,least_connections,386,measured,356,344,12,medium,0,80.8,58.8,3,418.0,794.0,0.0,422.0,754.0,0.0,1,2,0,-0.04026684535167421,0.03268899646840068,-0.016556946689431872,-0.12580654576152828,0.15242014343118415,-0.1020289014523775,-0.056661930164705915,0.10640009005924533,-0.0727695061920007,32.49,34.91,3,360.0,356.0,421.0,340.0,339.0,438.0,1,1,1,-0.03636254767861659,-0.003827507641791947,0.030054349787059356,-0.08417193923418091,-0.01837198862134208,0.07564613530292441,-0.06753598186958852,-0.013033899855225878,0.08675377990306417,18.88,27.33,3,510.0,434.0,0.0,418.0,402.0,0.0,2,1,0,0.005222780006145122,0.027502734145631154,-0.016026685099144025,-0.01976680570449464,0.05633381579369077,-0.029109896790229406,-0.03391455730745535,0.08879340091738731,-0.04515712756972792
92,least_connections,387,measured,485,437,16,heavy,0,100.0,80.65,4,418.0,794.0,485.0,422.0,754.0,437.0,1,2,1,-0.036431907699133806,0.02957575870950538,0.028103805602985674,-0.11382496997471603,0.13790393929488087,0.20022781932086478,-0.05126555586330536,0.09626674814884101,0.1318513991596184,32.49,34.91,3,716.0,0.0,421.0,679.0,0.0,438.0,2,0,1,0.010184452327056642,-0.04654688333123579,0.02719203075972037,0.0158716468153329,-0.10864948630366325,0.06844174146455065,0.034744230689419925,-0.10764079034520437,0.07849151515039139,11.76,17.2,2,154.0,434.0,0.0,114.0,402.0,0.0,1,1,0,-0.03835852784024511,0.024883426131761522,-0.014500334137320785,-0.08230330039930467,0.050968690480005935,-0.026337525667350415,-0.12236713915118977,0.08033688654430281,-0.04085644875356336
92,least_connections,388,measured,153,106,7,light,2,100.0,80.65,4,856.0,356.0,485.0,832.0,344.0,437.0,2,1,1,0.010121698022779152,-0.016324880441966783,0.02542725268841561,0.16120597954668547,-0.1394202453998697,0.18115850319506815,0.13909306850462844,-0.09837770405581053,0.11929412304917857,32.49,34.91,3,716.0,0.0,421.0,679.0,0.0,438.0,2,0,1,0.009214504486384584,-0.04211384682349905,0.024602313544508904,0.014360061404348812,-0.09830191617950484,0.06192348037268868,0.03143525633804661,-0.09738928650280396,0.07101613275511602,14.82,20.73,3,307.0,434.0,0.0,220.0,402.0,0.0,2,1,0,0.00837856551415464,0.02251357602397471,-0.013119349933766424,-0.04677917655175184,0.04611452948191013,-0.023829189889507517,-0.07874487193044155,0.07268575449246445,-0.03696535839608114
92,least_connections,389,measured,177,118,3,light,1,100.0,80.65,4,856.0,841.0,0.0,832.0,781.0,0.0,2,2,0,0.009157726782514475,0.028313770303073138,-0.020078290651524198,0.14585302911366776,0.16639755574932424,-0.12863437012509704,0.12584610959942572,0.10868207728283813,-0.08975769819360034,37.54,38.59,4,893.0,421.0,0.0,797.0,438.0,0.0,3,1,0,0.0514208328572958,0.004980895957877277,-0.02082466416267788,0.05874753854951284,0.019890103048475216,-0.052803925921308885,0.061804517639185014,0.03572516935460594,-0.059586594173942645,14.82,20.73,3,307.0,434.0,0.0,220.0,402.0,0.0,2,1,0,0.007580606893758973,0.02036942592645331,-0.011869888035312479,-0.04232401688015642,0.041722669531252025,-0.021559743233363945,-0.07124536031801854,0.0657633016836583,-0.03344484807264484
92,least_connections,390,measured,183,103,8,light,2,100.0,80.65,4,856.0,841.0,0.0,832.0,781.0,0.0,2,2,0,0.008285562327036894,0.025617220750399516,-0.018166072494236178,0.1319622644361756,0.15055016948748384,-0.11638347773223066,0.11386076582805182,0.09833140325590112,-0.08120934598468603,37.54,38.59,4,893.0,421.0,0.0,797.0,438.0,0.0,3,1,0,0.046523610680410485,0.0045065249142699215,-0.018841362813851417,0.05315253487813068,0.017995807520049006,-0.047774980595469946,0.05591837310211978,0.032322772273214895,-0.05391168044309096,18.48,24.17,4,307.0,617.0,0.0,220.0,505.0,0.0,2,2,0,0.0068586443324485935,0.06151338082688179,-0.010739422508139862,-0.038293158129665335,0.07086336767113277,-0.01950643435399595,-0.06446008790677868,0.09056362215823052,-0.030259624446678665
92,least_connections,391,measured,485,406,17,heavy,0,100.0,100.0,5,1212.0,485.0,485.0,1176.0,437.0,406.0,3,1,1,0.050580361379790745,-0.0199064147859197,0.026647929874829397,0.3341245884581272,-0.0785181006224353,0.18724034554385477,0.258635930987285,-0.06665253991132761,0.1101915441090936,37.54,38.59,4,893.0,421.0,0.0,797.0,438.0,0.0,3,1,0,0.042092790615609485,0.0040773320652918305,-0.01704694730777033,0.048090388699261105,0.01628192108956815,-0.04322498244352043,0.050592813759060745,0.02924441300909919,-0.04877723468660611,18.48,24.17,4,490.0,434.0,0.0,323.0,402.0,0.0,3,1,0,0.049289340337068,0.012571063378516635,-0.009716620364507494,-0.0015319049744591112,0.03100018979769157,-0.017648678701234433,-0.027257539852164836,0.05087502322252603,-0.02737775545175689
92,least_connections,392,measured,469,444,16,heavy,1,100.0,100.0,5,1212.0,485.0,485.0,1176.0,437.0,406.0,3,1,1,0.04576318410552496,-0.018010565758689256,0.02411003179151231,0.30230319908116265,-0.07104018627744152,0.16940793168253526,0.2340039375599245,-0.060304678967391695,0.09969711133679898,45.89,48.78,4,716.0,421.0,469.0,679.0,438.0,444.0,2,1,1,-0.004999946812634493,0.0036890147257402223,0.02766047171020326,-0.002244750360532455,0.01473126193818071,0.08212977778919581,0.012411355305816885,0.026459230817756405,0.0814039305216421,15.4,20.37,3,336.0,434.0,0.0,209.0,402.0,0.0,2,1,0,0.0015112172210660635,0.011373819247229341,-0.008791227948840115,-0.02925267592927254,0.02804779076933999,-0.015967852158259726,-0.059042536056720565,0.04602978291561878,-0.024770350170637185
92,least_connections,393,measured,176,114,6,light,2,100.0,79.85,4,794.0,485.0,485.0,754.0,437.0,406.0,2,1,1,-0.0016791146074728869,-0.016295273781671227,0.021813838287558757,0.02138543408930582,-0.06427445425101846,0.15327384295086524,0.02081308636374124,-0.0545613762085925,0.09020214835234194,35.6,38.16,3,356.0,421.0,469.0,339.0,438.0,444.0,1,1,1,-0.04760766162866477,0.0033376799899554332,0.025026141071136283,-0.09509218910170623,0.01332828461073493,0.07430789419022478,-0.08490163091378473,0.02393930407320817,0.07365117523386666,18.92,24.17,4,946.0,0.0,0.0,725.0,0.0,0.0,4,0,0,0.08753509222495547,-0.032793301860216534,-0.007953968144188675,0.08391424558780106,-0.05315676073250192,-0.01444710433366356,0.1021996102343957,-0.07959210117158301,-0.022411269202005073
92,least_connections,394,measured,400,436,15,heavy,1,100.0,79.85,4,794.0,970.0,0.0,754.0,843.0,0.0,2,2,0,-0.0015191989305707032,0.02834055728143578,-0.02334757034753754,0.019348726080800516,0.23438660488399915,-0.15386334844128063,0.01883088766243257,0.13430161200174962,-0.10205519910978587,36.86,41.19,3,0.0,890.0,400.0,0.0,882.0,436.0,0,2,1,-0.08615749884316835,0.04610370593195514,0.0226426990643614,-0.17806300102399272,0.13329701940971256,0.049394217192516285,-0.1726639755886624,0.14719508463766454,0.06437487283064126,18.92,24.17,4,946.0,0.0,0.0,725.0,0.0,0.0,4,0,0,0.07919841677495972,-0.029670130254481626,-0.007196447368551659,0.07592241267467716,-0.04809421209131126,-0.013071189635219412,0.09246631402159611,-0.07201190106000367,-0.020276862611337924
92,least_connections,395,measured,484,406,17,heavy,1,88.4,59.35,3,356.0,970.0,0.0,344.0,843.0,0.0,1,2,0,-0.04445841354489276,0.02564145658796571,-0.02112399221920063,-0.2466844859268948,0.21206407108552305,-0.1392096962087777,-0.16843872068637056,0.12151098228729729,-0.09233565633742531,50.69,53.87,4,0.0,1290.0,484.0,0.0,1318.0,406.0,0,3,1,-0.07795202276286661,0.08479677702233583,0.02048625153442222,-0.16110461997408865,0.2240034257244338,0.06640429174560998,-0.1562197874373612,0.25645031467217266,0.0497617897039135,15.86,20.63,3,793.0,0.0,0.0,619.0,0.0,0.0,3,0,0,0.02857181018868238,-0.026844403563578614,-0.006511071428689596,0.041005992419945986,-0.043513810939757806,-0.011826314431865182,0.05169174443223776,-0.06515362476857475,-0.01834573283882955
92,least_connections,396,measured,155,121,7,light,0,98.73,65.4,4,996.0,485.0,0.0,902.0,406.0,0.0,3,1,0,0.0459435215319451,-0.019884487123359815,-0.019112183436419617,0.1628410206693175,-0.10067218965278074,-0.12595162990317985,0.10003163366471235,-0.087751968406731,-0.08354178430528957,50.69,53.87,4,421.0,869.0,484.0,438.0,880.0,406.0,1,2,1,-0.02744412036821718,0.033636993269641716,0.01853517995971534,-0.036931390860910115,0.09383983415884148,0.06008007348412332,-0.017502426729041093,0.10818718946529912,0.04502257163687412,15.86,20.63,3,793.0,0.0,0.0,619.0,0.0,0.0,3,0,0,0.02585068540880786,-0.02428779370038065,-0.005890969387862015,0.03710065980852256,-0.039369638469304684,-0.010699998771687546,0.04676872115297703,-0.05894851764775811,-0.016598520187512452
92,least_connections,397,measured,375,316,8,medium,2,98.73,65.4,4,996.0,485.0,0.0,902.0,406.0,0.0,3,1,0,0.04156794805271223,-0.017990726444944594,-0.01729197549009394,0.1473323520341444,-0.09108436206680165,-0.11395623657906748,0.0905048114109302,-0.07939463808228042,-0.07558542389526199,50.69,53.87,4,421.0,869.0,484.0,438.0,880.0,406.0,1,2,1,-0.02483039461886316,0.030433470101104407,0.01676992472545674,-0.03341411554082345,0.08490270709609468,0.05435816172373063,-0.01583552894532289,0.09788364761146112,0.04073470767145754,23.36,31.17,4,793.0,375.0,0.0,619.0,316.0,0.0,3,1,0,0.023388715369873775,0.021109229735936777,-0.005329924684256109,0.03356726363628232,0.032236993765867195,-0.009680951269622066,0.04231455723364588,0.04196721419171093,-0.015017708741082695
92,least_connections,398,measured,153,104,6,light,0,85.2,53.4,4,793.0,485.0,0.0,662.0,406.0,0.0,3,1,0,0.03760909585721582,-0.016277323926378442,-0.015645120681513563,0.010856255015019523,-0.08240966091758245,-0.10310326166677533,-0.026686123009158402,-0.0718332439792061,-0.06838681209571323,50.69,53.87,4,421.0,1353.0,0.0,438.0,1286.0,0.0,1,3,0,-0.02246559513135238,0.07061894460394708,-0.027911111189439366,-0.03023181882264979,0.20193238125020813,-0.07593445231798521,-0.014327383331482618,0.20335306212465526,-0.07793645496391936,19.7,27.73,3,985.0,0.0,0.0,832.0,0.0,0.0,3,0,0,0.021161218667981027,-0.02398507332281457,-0.004822312809565051,0.06511323852806497,-0.038690338973739205,-0.00875895591061044,0.1025226946399653,-0.05733125065194408,-0.013587450765741485
92,least_connections,399,measured,460,447,17,heavy,2,85.2,53.4,4,793.0,485.0,0.0,662.0,406.0,0.0,3,1,0,0.03402727720414765,-0.01472710260005669,-0.01415510918803608,0.009822325965970102,-0.07456112178257462,-0.09328390341279673,-0.02414458748447662,-0.06499198264785311,-0.061873782372311975,50.69,53.87,4,421.0,1353.0,0.0,438.0,1286.0,0.0,1,3,0,-0.020326014642652143,0.06389333083214259,-0.025252910123778474,-0.027352597982397406,0.18270072589304542,-0.06870259971627234,-0.012962870633246193,0.18398610382706904,-0.07051393544354609,25.38,38.83,3,809.0,0.0,460.0,718.0,0.0,447.0,2,0,1,-0.023938035717631673,-0.02170078062540366,0.03872085530381756,0.027064358668249244,-0.035005544785764044,0.07531332560468579,0.058377676102825765,-0.051871131542235126,0.12251611597385294
92,least_connections,400,measured,485,431,21,heavy,2,85.2,53.4,4,793.0,485.0,0.0,662.0,406.0,0.0,3,1,0,0.030786584137085973,-0.01332452140005129,-0.012807003551080264,0.008886866350163447,-0.06746006256518661,-0.08439972213538752,-0.02184510296214548,-0.05880227001472421,-0.05598104119399655,50.69,53.87,4,421.0,1353.0,0.0,438.0,1286.0,0.0,1,3,0,-0.01839020372430432,0.05780825170527186,-0.022847871064371,-0.02474758865074049,0.16530065676037442,-0.06215949498138926,-0.011728311525318003,0.16646361774830057,-0.06379832254416075,26.4,39.8,3,375.0,0.0,945.0,316.0,0.0,878.0,1,0,2,-0.06474212301890031,-0.019634039613460455,0.07811705502544944,-0.054046532633488784,-0.03167168337759604,0.1559025326899538,-0.06842019781172909,-0.04693102377630797,0.24083204143666062
92,least_connections,401,measured,467,418,19,heavy,2,85.2,53.4,4,1278.0,0.0,0.0,1068.0,0.0,0.0,4,0,0,0.07093842873173992,-0.055139419588708535,-0.011587288927167858,0.3005801806660209,-0.35357497724151804,-0.07636165336058871,0.16390204970091599,-0.2368687204895124,-0.050649513461234974,50.69,53.87,4,890.0,884.0,0.0,882.0,842.0,0.0,2,2,0,0.02644514447619631,0.009218803697060018,-0.020671883343954714,0.09884741979218717,0.02831964183081495,-0.056239543078399803,0.11492438481042658,0.025074225581795756,-0.05772229182566925,35.74,53.73,4,375.0,0.0,1412.0,316.0,0.0,1296.0,1,0,3,-0.058576206540909795,-0.017764131078845172,0.11376123572597353,-0.048899243811251755,-0.02865533257972975,0.22555943433852962,-0.061903988496326307,-0.04246140246427864,0.34395914860142307
92,least_connections,402,measured,445,425,18,heavy,0,100.0,74.65,5,1278.0,0.0,445.0,1068.0,0.0,425.0,4,0,1,0.06418238790014563,-0.04988804629454582,0.032600162625986445,0.27195349679306646,-0.31990116988518297,0.1993235834674039,0.1482923306817811,-0.21430979472860648,0.14643615448745406,50.69,53.87,4,1290.0,484.0,0.0,1318.0,406.0,0.0,3,1,0,0.0670104595147445,-0.03474307783417925,-0.01870313254929236,0.19283474035619652,-0.07777882745919462,-0.0508833961185522,0.22725301482848118,-0.10058760542599432,-0.052224930699415036,35.74,53.73,4,375.0,460.0,952.0,316.0,447.0,849.0,1,1,2,-0.05299752020368029,0.02701159115542126,0.0598429320967425,-0.04424217297208492,0.05731184195167308,0.12083948821105064,-0.05600837054429522,0.09639206443708123,0.17639161063938277
92,least_connections,403,measured,200,120,4,light,1,72.2,46.75,3,638.0,0.0,445.0,510.0,0.0,425.0,2,0,1,-0.028098020924811534,-0.04513680379030336,0.02949538523303536,-0.13997858226659066,-0.2894343918008798,0.18034038504193686,-0.11825931985934096,-0.1938993380877868,0.1324898540600775,44.37,43.94,4,1069.0,484.0,0.0,1000.0,406.0,0.0,3,1,0,0.060628510989530746,-0.03143421327854312,-0.016921881830312135,0.11734027528825947,-0.07037132008212846,-0.0460373583929758,0.11569915627338773,-0.09100783348066152,-0.04725112777566122,35.74,53.73,4,375.0,460.0,952.0,316.0,447.0,849.0,1,1,2,-0.047950137327139306,0.02443905866442876,0.05414360523038607,-0.04002863268902922,0.05185357128960898,0.10933096552428391,-0.05067424001626711,0.08721186782402587,0.1595924096261082
92,least_connections,404,measured,191,108,5,light,0,74.73,46.95,3,676.0,0.0,445.0,514.0,0.0,425.0,2,0,1,-0.02542201893197235,-0.04083806057217923,0.02668630092512723,-0.10372665379675661,-0.26186921162936744,0.1631651102760381,-0.10518700368226086,-0.17543273446037855,0.1198717727210225,44.37,43.94,4,1069.0,484.0,0.0,1000.0,406.0,0.0,3,1,0,0.05485436708576591,-0.028440478680586634,-0.015310274036949074,0.1061650109750919,-0.06366928959811621,-0.04165284806983525,0.10468018900925555,-0.08234042076821757,-0.04275102036845539,35.74,53.73,4,375.0,460.0,952.0,316.0,447.0,849.0,1,1,2,-0.04338345758169747,0.0221115292678165,0.04898707139892073,-0.03621638195674072,0.046915135928693834,0.09891849261720925,-0.04584812191947976,0.07890597565030912,0.14439313251885982
92,least_connections,405,measured,397,338,13,medium,0,100.0,63.85,4,676.0,397.0,445.0,514.0,338.0,425.0,2,1,1,-0.023000874271784516,0.006135178756690451,0.024144748456067497,-0.09384792486373217,0.0025310307480326255,0.14762557596403447,-0.09516919380775984,-0.00582009308319964,0.10845541341425845,44.37,43.94,4,1553.0,0.0,0.0,1406.0,0.0,0.0,4,0,0,0.09271404187578366,-0.06881576189014528,-0.013852152700096782,0.2211697038073961,-0.18272119399013237,-0.03768591015842237,0.20950231386551693,-0.18929014259981589,-0.038679494619078686,28.24,43.2,3,0.0,460.0,952.0,0.0,447.0,849.0,0,1,2,-0.08233559994353126,0.02000566933754826,0.044321636027594945,-0.10062434557990826,0.042447027745008706,0.08949768379652266,-0.13678322141921184,0.07139112082647016,0.13064140561230175
92,least_connections,406,measured,395,308,10,medium,2,100.0,63.85,4,676.0,842.0,0.0,514.0,763.0,0.0,2,2,0,-0.02081031481732884,0.0486347762447154,-0.02123865162364868,-0.0849100272576625,0.2707026786132994,-0.13484670111190533,-0.08610546106416367,0.18699610625805746,-0.09413557833948044,44.37,43.94,4,1553.0,0.0,0.0,1406.0,0.0,0.0,4,0,0,0.08388413312570903,-0.06226187980536954,-0.012532900061992328,0.200105922492406,-0.16531917551488168,-0.03409677585762024,0.1895497125449915,-0.171262509971262,-0.03499573322678548,36.14,53.47,4,0.0,1322.0,485.0,0.0,1173.0,431.0,0,3,1,-0.07449411423462353,0.10426816794939173,-0.0029833723922667033,-0.09104107457229796,0.1943854060550079,-0.0035306670412414143,-0.12375624795071548,0.2835443474144254,-0.007864125080933315
92,least_connections,407,measured,352,341,13,medium,0,100.0,80.9,5,676.0,1194.0,0.0,514.0,1104.0,0.0,2,3,0,-0.018828380072821338,0.08708679301959511,-0.0192159228975869,-0.07682335799502804,0.4572389314437788,-0.12200415814886673,-0.07790494096281475,0.3234488580430044,-0.08517028516429183,38.66,40.19,3,1353.0,0.0,0.0,1286.0,0.0,0.0,3,0,0,0.03281126783936032,-0.05633217696676292,-0.011339290532278773,0.12934753531625848,-0.149574492132512,-0.03084946387118022,0.13756878754070656,-0.1549517947359037,-0.03166280625280591,36.14,53.47,4,0.0,1807.0,0.0,0.0,1604.0,0.0,0,4,0,-0.06739943668846891,0.13742176646668322,-0.045783141914998673,-0.08237049604160292,0.26363441500215,-0.09095631779921842,-0.11196993862207591,0.38652425083527375,-0.13709928777163807
92,least_connections,408,measured,378,301,9,medium,1,92.33,60.6,4,191.0,1194.0,0.0,108.0,1104.0,0.0,1,3,0,-0.06011910124502429,0.07879281273201463,-0.017385835002578624,-0.36204653024946987,0.4136923665443713,-0.11038471451564133,-0.2541520894425467,0.2926442048960516,-0.07705882943435928,36.06,35.72,3,884.0,378.0,0.0,842.0,301.0,0.0,2,1,0,-0.013397515038764685,-0.007883307505075751,-0.010259358100633175,-0.004209372809099499,-0.03761501669132038,-0.02791141969297258,-0.001068716034598849,-0.05509031428486527,-0.028647300895395824,36.14,53.47,4,0.0,1807.0,0.0,0.0,1604.0,0.0,0,4,0,-0.060980442718138544,0.12433397918414196,-0.0414228426849988,-0.07452568689478359,0.2385263754781357,-0.08229381134215,-0.10130613494378296,0.3497124174223905,-0.12404221274576778
92,least_connections,409,measured,379,328,11,medium,1,79.6,55.2,3,0.0,1194.0,0.0,0.0,1104.0,0.0,0,3,0,-0.09747737278177934,0.07128873532896562,-0.01573004119280923,-0.4427722575272981,0.37429309354014545,-0.09987188456177072,-0.2788042714003994,0.2647733282392848,-0.06971989329775363,35.46,32.34,3,484.0,757.0,0.0,406.0,629.0,0.0,1,2,0,-0.05520546145230637,0.03595138391264121,-0.009282276376763349,-0.1072098407048315,0.06394015496635638,-0.02525318924602281,-0.12424074307892277,0.04289447755178857,-0.025918986524405746,36.14,53.47,4,855.0,952.0,0.0,755.0,849.0,0.0,2,2,0,0.030995018946627484,0.026324847379756572,-0.03747781004833225,0.087286283285672,0.061095292099265675,-0.07445630550004047,0.13604048108260905,0.08870806020755967,-0.11222866867474228
92,least_connections,410,measured,389,317,15,medium,0,100.0,71.05,4,0.0,1194.0,389.0,0.0,1104.0,317.0,0,3,1,-0.08819381346922893,0.06449933196430223,0.028851958195168066,-0.4006034710961269,0.33864613225060775,0.14427464412665192,-0.2522514836479804,0.23955682078792429,0.08032485844488957,35.46,32.34,3,862.0,379.0,0.0,707.0,328.0,0.0,2,1,0,-0.006863898230091259,-0.010556457639129602,-0.00839825005516684,0.0007149060289619591,-0.03986366931615373,-0.022848123603544445,-0.0273041246904539,-0.04629487745314366,-0.023450511617319484,36.14,53.47,4,855.0,952.0,0.0,755.0,849.0,0.0,2,2,0,0.02804311238028201,0.023817719057874998,-0.03390849480563394,0.07897330392513183,0.05527669285171655,-0.0673652287857509,0.12308424478902724,0.08025967352112542,-0.10154022403905254
92,least_connections,411,measured,191,102,1,light,1,100.0,71.05,4,397.0,1186.0,0.0,338.0,1083.0,0.0,1,3,0,-0.036710502435878326,0.05835653844389249,-0.01697974757398626,-0.12299044210284499,0.30156872282991487,-0.10410071880604511,-0.0753227709196013,0.2072418854747886,-0.07072988997843326,40.91,35.53,4,1053.0,379.0,0.0,809.0,328.0,0.0,3,1,0,0.03687370659000813,-0.009551080721117253,-0.007598416716579522,0.05002096940035333,-0.036067129381281926,-0.020672111831778306,0.004135553851494056,-0.041885841505225216,-0.021217129558527153,36.14,53.47,4,855.0,952.0,0.0,755.0,849.0,0.0,2,2,0,0.0253723397726361,0.02154936486188691,-0.030679114347954516,0.07145203688464308,0.05001224591345782,-0.06094949271091748,0.11136193576150083,0.07261589509054206,-0.09186972651152372
92,least_connections,412,measured,194,105,4,light,0,100.0,76.3,5,591.0,1186.0,0.0,443.0,1083.0,0.0,2,3,0,0.00986963611810554,0.05279877287780749,-0.015362628757416142,0.005738806351394232,0.2728478920842087,-0.09418636463404081,-0.02064917368916308,0.1875045630486183,-0.06399370998048723,21.63,19.66,2,378.0,379.0,0.0,301.0,328.0,0.0,1,1,0,-0.05280587544350737,-0.008641453985772748,-0.006874757981667186,-0.12923272836566674,-0.03263216467830268,-0.01870333927637085,-0.1398892608010292,-0.037896713742822816,-0.01919645055295314,36.14,53.47,4,855.0,952.0,0.0,755.0,849.0,0.0,2,2,0,0.022955926460956483,0.019497044398850055,-0.02775729393386361,0.06464708099086755,0.045249174874080894,-0.05514477911940153,0.10075603711754835,0.06570009555810949,-0.08312022874852147
92,least_connections,413,measured,377,322,12,medium,1,100.0,76.3,5,1388.0,389.0,0.0,1209.0,317.0,0.0,4,1,0,0.0950974712270388,-0.03839748213549843,-0.013899521256709842,0.4859224120957059,-0.23386778017777943,-0.08521623466889407,0.327841223805043,-0.17687682390839296,-0.05789907093472654,32.4,29.72,3,757.0,377.0,0.0,629.0,322.0,0.0,2,1,0,-0.00469284422213026,-0.007818458368080108,-0.006220019126270311,-0.01895206035805222,-0.030041346273566347,-0.016922068869097435,-0.0338283788199788,-0.035983931481601575,-0.017368217166957602,36.14,53.47,4,1322.0,485.0,0.0,1173.0,431.0,0.0,3,1,0,0.06385354797714657,-0.025443717199226362,-0.025113742130638505,0.14299497803935637,-0.04356503225678396,-0.04989289539374424,0.21722371612222632,-0.06662054846329774,-0.07520401648675752
92,least_connections,414,measured,156,110,4,light,1,100.0,76.3,5,1388.0,389.0,0.0,1209.0,317.0,0.0,4,1,0,0.08604056920541606,-0.03474057907497477,-0.012575757327499382,0.4396440871342101,-0.21159465825608614,-0.07710040279566606,0.29661825010932463,-0.16003141210759367,-0.05238487370284783,36.86,33.16,4,913.0,377.0,0.0,739.0,322.0,0.0,3,1,0,0.03883799354959189,-0.007073843285405806,-0.005627636352339806,0.023179428383530987,-0.027180265676083823,-0.015310443262516727,0.0004945620200191847,-0.032556890388115725,-0.015714101246294975,36.14,53.47,4,1807.0,0.0,0.0,1604.0,0.0,0.0,4,0,0,0.10085615792036617,-0.06610440626415265,-0.02272195716581579,0.21713831346417956,-0.12717788632756644,-0.0451411910705305,0.3265198701423317,-0.19025986130806302,-0.06804172920230442
92,least_connections,415,measured,185,116,4,light,1,100.0,76.3,5,1388.0,389.0,0.0,1209.0,317.0,0.0,4,1,0,0.07784622928109072,-0.031431952496405735,-0.011378066153451822,0.3977732216928568,-0.19144278604122084,-0.06975750729131691,0.26836889295605565,-0.14479032524020383,-0.047395838112100415,42.14,36.78,5,1098.0,377.0,0.0,855.0,322.0,0.0,4,1,0,0.07822303724781669,-0.006400143924890966,-0.005091670985450301,0.06879499302727637,-0.02459166894502822,-0.013852305808943706,0.03324507992287454,-0.029456234160676123,-0.014217520175219264,36.14,53.47,4,1807.0,0.0,0.0,1604.0,0.0,0.0,4,0,0,0.09125080954699796,-0.05980874852470954,-0.020557961245261904,0.19645847408663863,-0.11506570667732201,-0.04084203001619426,0.2954227396525858,-0.17213987451681892,-0.06156156451637067
92,least_connections,416,measured,353,329,11,medium,2,100.0,71.05,4,1194.0,389.0,0.0,1104.0,317.0,0.0,3,1,0,0.027348402456134235,-0.02843843321103376,-0.01029444080550403,0.24287418470623556,-0.17321013975158078,-0.06311393516833434,0.19530995076976465,-0.13100077045542255,-0.04288194876809085,42.14,36.78,5,1098.0,377.0,0.0,855.0,322.0,0.0,4,1,0,0.07077322417659605,-0.005790606408234686,-0.004606749939216939,0.062243088929440527,-0.022249605235977896,-0.012533038589044306,0.030078881834981724,-0.026650878526326013,-0.012863470634722192,26.1,39.27,3,952.0,353.0,0.0,849.0,329.0,0.0,2,1,0,-0.0036075441967070576,-0.011028777009884597,-0.01860006017428458,0.02303385750695877,-0.040230877469958015,-0.03695231287179481,0.039588827939641136,-0.05652337853109016,-0.055698558371954414
92,least_connections,417,measured,178,110,2,light,2,100.0,71.05,4,1194.0,389.0,0.0,1104.0,317.0,0.0,3,1,0,0.024743792698407166,-0.025730011000459116,-0.009314017871646504,0.2197433099723084,-0.15671393596571598,-0.05710308419992155,0.1767090030774061,-0.1185245066025252,-0.03879795364732029,31.34,27.38,4,720.0,377.0,0.0,554.0,322.0,0.0,3,1,0,0.020949016885400962,-0.0052391200836409,-0.004168011849767707,-0.041399110016220514,-0.020130595213503813,-0.011339415866278181,-0.05788994024454036,-0.024112699619056863,-0.011638378193320078,29.66,42.93,4,1130.0,353.0,0.0,959.0,329.0,0.0,3,1,0,0.03981993166783193,-0.009978417294657496,-0.016828625871971765,0.053049680601534116,-0.036399365329962005,-0.033433044979242925,0.06899306654856419,-0.0511401996233673,-0.050393933765101616
92,least_connections,418,measured,391,314,10,medium,0,100.0,69.85,4,1186.0,391.0,0.0,1083.0,314.0,0.0,3,1,0,0.022387241012844575,-0.023279533762320143,-0.008426968550537314,0.1939899788638345,-0.14058245000072717,-0.05166469522850045,0.15037957421289122,-0.10859360121180853,-0.0351029104428136,26.89,23.94,3,941.0,0.0,0.0,766.0,0.0,0.0,3,0,0,0.01895387242012468,-0.047824056492908655,-0.0037710583402660205,0.019672914066956954,-0.11566917798228576,-0.010259471498061211,0.007563863588273018,-0.11285791870295621,-0.01052996122252769,29.66,42.93,4,1130.0,353.0,0.0,959.0,329.0,0.0,3,1,0,0.03602755722327651,-0.009028091838023444,-0.015225899598450644,0.04799733006805468,-0.03293275910806086,-0.030248945457410265,0.06242229830584378,-0.04626970442114184,-0.045594511501758604
92,least_connections,419,measured,361,303,9,medium,1,100.0,69.85,4,1186.0,391.0,0.0,1083.0,314.0,0.0,3,1,0,0.020255122821145083,-0.021062435308765837,-0.007624400117152807,0.17551474278156454,-0.12719364523875315,-0.04674424806388136,0.13605771000213968,-0.09825135347735056,-0.03175977611492659,31.91,29.78,3,756.0,361.0,0.0,650.0,303.0,0.0,2,1,0,-0.025935158513311213,-0.00018548421920761005,-0.003411909926907352,-0.030023826048263424,-0.011333337902340174,-0.009282378974436335,-0.025954123420133923,-0.016439902636008003,-0.009527107772763149,26.1,39.27,3,952.0,353.0,0.0,849.0,329.0,0.0,2,1,0,-0.010487538929507184,-0.008168273567735501,-0.013775813922407726,0.011216631966335183,-0.029796305859674105,-0.027368093509085478,0.023302714340207864,-0.04186306590484262,-0.04125217707301969
92,least_connections,420,measured,415,439,15,heavy,1,52.0,31.55,2,389.0,391.0,0.0,317.0,314.0,0.0,1,1,0,-0.06784173694866918,-0.019056489088883383,-0.006898266772662064,-0.3219311057373145,-0.11507996473982424,-0.04229241491494028,-0.22342397666473077,-0.08889408171760288,-0.028735035532552633,32.94,33.25,3,377.0,361.0,415.0,322.0,303.0,439.0,1,1,1,-0.06654904364356275,-0.0001678190554735559,0.03999693410241262,-0.12513720315931315,-0.010253972387831586,0.09888056868299298,-0.11622039738012117,-0.014874197623054863,0.11550225963416666,16.76,25.33,2,838.0,0.0,0.0,760.0,0.0,0.0,2,0,0,-0.00948872569812556,-0.05047424297851806,-0.01246383164408318,-0.010480190125696759,-0.09083475292065753,-0.0247616084129821,-0.005757861628700789,-0.1370983294694608,-0.03732339830416067
92,least_connections,421,measured,200,114,5,light,0,65.33,37.25,3,980.0,0.0,0.0,745.0,0.0,0.0,3,0,0,0.02478718130948071,-0.06032548559288995,-0.006241288984789486,0.06520519004719161,-0.3399612379392061,-0.03826456587542216,-0.00852645507761357,-0.22247559774449785,-0.025998365481833336,32.94,33.25,3,738.0,415.0,0.0,625.0,439.0,0.0,2,1,0,-0.017127139260275592,-0.00015183628828559226,-0.006896197943622139,-0.01989964639584116,0.0046817800844789065,-0.017815539899060776,-0.019482145248681054,0.024994773579140844,-0.019619979378611103,7.06,10.97,1,353.0,0.0,0.0,329.0,0.0,0.0,1,0,0,-0.051668937763156675,-0.0456671722186592,-0.011276800058932402,-0.09724398154229708,-0.0821838240710711,-0.02240335999269809,-0.13519362083866582,-0.12404134571046453,-0.033768788941859654
92,least_connections,422,measured,165,125,4,light,2,65.33,37.25,3,980.0,0.0,0.0,745.0,0.0,0.0,3,0,0,0.02242649737524445,-0.054580201250709955,-0.005646880510047631,0.05899517194745907,-0.3075839771830912,-0.03462032150633433,-0.007714411736888471,-0.2012874455783552,-0.023522330674039686,32.94,33.25,3,738.0,415.0,0.0,625.0,439.0,0.0,2,1,0,-0.015495983140249359,-0.00013737568940125344,-0.006239417187086697,-0.018004441977189617,0.0042358962669094835,-0.01611882181343594,-0.017626702844044745,0.022614318952556015,-0.017751409913981473,10.36,15.13,2,518.0,0.0,0.0,454.0,0.0,0.0,2,0,0,-0.003664186320860574,-0.04131791772164404,-0.01020281910093884,-0.058125507109697355,-0.07435679320715956,-0.02026970666006018,-0.08461962520323732,-0.11222788421422981,-0.030552713804539687
92,least_connections,423,measured,195,125,7,light,2,65.33,37.25,3,980.0,0.0,0.0,745.0,0.0,0.0,3,0,0,0.020290640482364022,-0.049382086845880434,-0.00510908236623357,0.05337658414293922,-0.2782902650704159,-0.03132314802954059,-0.006979705857184826,-0.1821172126661309,-0.021282108705083527,32.94,33.25,3,738.0,415.0,0.0,625.0,439.0,0.0,2,1,0,-0.014020175222130365,-0.00012429229041065193,-0.0056451869787927265,-0.016289733217457275,0.0038324775748228568,-0.01458369592644204,-0.015947969239850007,0.020460574290407832,-0.016060799445983237,14.26,19.3,3,713.0,0.0,0.0,579.0,0.0,0.0,3,0,0,0.039768684031693036,-0.03738287793863032,-0.009231122043706571,-0.017304030242107138,-0.06727519385409675,-0.018339258406721116,-0.038862200580706774,-0.10153951428906507,-0.02764293153744067
92,least_connections,424,measured,150,100,4,light,0,75.33,42.25,4,1130.0,0.0,0.0,845.0,0.0,0.0,4,0,0,0.06144209875842005,-0.04467903095579658,-0.004622503093258945,0.13876929041504016,-0.25178643030180486,-0.028339991074346246,0.03892312327207087,-0.16477271622173748,-0.019255241209361288,32.94,33.25,3,738.0,415.0,0.0,625.0,439.0,0.0,2,1,0,-0.012684920439070324,-0.00011245492941916457,-0.00510755012366961,-0.014738330053889914,0.003467479710554014,-0.013194772504876131,-0.014429115026530936,0.018511948167511852,-0.014531199498746738,14.26,19.3,3,713.0,0.0,0.0,579.0,0.0,0.0,3,0,0,0.03598119031438893,-0.03382260384923696,-0.008351967563353564,-0.015656027361906466,-0.060868032534658965,-0.01659266236798577,-0.03516103862063946,-0.09186908435677317,-0.02501027139101775
92,least_connections,425,measured,417,409,17,heavy,1,49.4,26.4,3,741.0,0.0,0.0,528.0,0.0,0.0,3,0,0,0.012506570078479828,-0.04042388515048262,-0.00418226470342476,-0.10908175311655088,-0.22780677027306154,-0.025640944305360888,-0.10818860275384062,-0.149080076581572,-0.017421408713231643,34.09,35.97,3,361.0,415.0,417.0,303.0,439.0,409.0,1,1,1,-0.05456073300496385,-0.00010174493614115154,0.038462783448199145,-0.11079046188549221,0.0031372435476441085,0.09585779086293521,-0.1040965802620994,0.016748905484891677,0.10249260521541961,14.26,19.3,3,713.0,0.0,0.0,579.0,0.0,0.0,3,0,0,0.032554410284447124,-0.030601403482642963,-0.007556542081129414,-0.014164977136962992,-0.05507107705516764,-0.015012408809129983,-0.031812368275816655,-0.0831196477513662,-0.022628340782349394
92,least_connections,426,measured,161,102,6,light,0,46.8,25.8,3,702.0,0.0,0.0,516.0,0.0,0.0,3,0,0,0.011315468166243653,-0.036573991326627135,-0.0037839537792890687,-0.12221682424830799,-0.20611088738991282,-0.023198949609612232,-0.10331349772966536,-0.13488197404999372,-0.015762226931019106,34.09,35.97,3,361.0,415.0,417.0,303.0,439.0,409.0,1,1,1,-0.04936447271877681,-9.205494222294663e-05,0.034799661215037324,-0.10023898932496914,0.0028384584478684666,0.08672847744741757,-0.09418262023713754,0.015153771629187712,0.09273140471871298,10.96,15.13,2,548.0,0.0,0.0,454.0,0.0,0.0,2,0,0,-0.013629909969400444,-0.027686984103343634,-0.0068368714067361365,-0.04267307455249034,-0.0498262125737231,-0.013582655589212842,-0.06648103161462779,-0.07520349082266466,-0.02047326070783993
92,least_connections,427,measured,182,117,5,light,2,46.8,25.8,3,702.0,0.0,0.0,516.0,0.0,0.0,3,0,0,0.010237804531363304,-0.03309075405742455,-0.003423577228880586,-0.11057712670085013,-0.18648127906706397,-0.02098952583726821,-0.09347411699350677,-0.12203607175951812,-0.014261062461398239,34.09,35.97,3,361.0,415.0,417.0,303.0,439.0,409.0,1,1,1,-0.04466309436460758,-8.328780486838161e-05,0.031485407765986156,-0.09069241891306731,0.0025681290718809896,0.07846862245242542,-0.08521284688121968,0.013710555283550793,0.08389984236454984,7.54,8.07,2,377.0,0.0,0.0,242.0,0.0,0.0,2,0,0,-0.012331823305648026,-0.025050128474453762,-0.006185740796570791,-0.06955182935701507,-0.04508085899527328,-0.012289069342621143,-0.12408601273069497,-0.0680412536014585,-0.018523426354712318
92,least_connections,428,measured,374,349,15,medium,2,10.73,5.1,1,161.0,0.0,0.0,102.0,0.0,0.0,1,0,0,-0.07690502492513841,-0.029939253671003165,-0.0030975222547014827,-0.42636343209442,-0.1687211572511531,-0.018990523376576002,-0.2718575344226966,-0.11041358873480211,-0.01290286603650317,23.77,26.5,2,415.0,417.0,0.0,439.0,409.0,0.0,1,1,0,-0.04040946632988304,-7.535563297615677e-05,-0.014597102724198468,-0.06809586200978199,0.0028405521534705658,-0.036800498053247754,-0.038644956702055894,0.003922645256545967,-0.03973049976540729,15.02,19.7,3,377.0,0.0,374.0,242.0,0.0,349.0,2,0,1,-0.01115736394320535,-0.022664401953077215,0.03748727760128856,-0.06292784560872791,-0.040787443852866305,0.056557508690009445,-0.11226829723253354,-0.06156113421084341,0.08849467774256187
92,least_connections,429,measured,371,334,9,medium,0,35.47,21.8,2,161.0,371.0,0.0,102.0,334.0,0.0,1,1,0,-0.06958073683702999,0.01599600404823069,-0.0028025201352061034,-0.3857573909425705,0.07112530216959162,-0.017181902102616383,-0.24596634066815404,0.05119722923994095,-0.011674021652074295,23.77,26.5,2,415.0,417.0,0.0,439.0,409.0,0.0,1,1,0,-0.03656094572703704,-6.817890602604793e-05,-0.013206902464750994,-0.06161054181837419,0.0025700233769495595,-0.03329568871484321,-0.034964484635193416,0.003549059994017778,-0.03594664264489231,15.02,19.7,3,377.0,374.0,0.0,242.0,349.0,0.0,2,1,0,-0.010094757853376268,0.02257801274540179,-0.009166839539877245,-0.05693471745551573,0.03077326508550192,-0.016505111185229553,-0.10157607844848271,0.049555799206062304,-0.025187355058317037
92,least_connections,430,measured,199,110,8,light,0,48.73,27.3,3,161.0,570.0,0.0,102.0,444.0,0.0,1,2,0,-0.06295399999540809,0.05755647531801371,-0.002535613455662665,-0.34901859180518285,0.1843832098994718,-0.015545530473795775,-0.2225409748902346,0.09608320740756562,-0.010562210066162458,23.77,26.5,2,415.0,417.0,0.0,439.0,409.0,0.0,1,1,0,-0.03307895089589065,-6.168567688071003e-05,-0.011949102230012804,-0.055742871169005226,0.0023252592458115062,-0.030124670742000998,-0.03163453371755595,0.0032110542803018005,-0.032523152869188277,11.12,15.53,2,182.0,374.0,0.0,117.0,349.0,0.0,1,1,0,-0.05221725257028827,0.02042772581726829,-0.008293807202746079,-0.08679807769784757,0.027842477934501737,-0.01493319583425531,-0.12960057891370658,0.04483619928167541,-0.02278855933847732
92,least_connections,431,measured,428,416,13,heavy,1,48.73,27.3,3,731.0,0.0,0.0,546.0,0.0,0.0,3,0,0,0.029209419505288367,-0.034092894213407096,-0.0022941264598852684,0.028030797890548853,-0.1769866196147636,-0.014065003762005701,-0.0004894534721169852,-0.11392471710744063,-0.00955628529795651,36.0,39.5,3,415.0,845.0,0.0,439.0,825.0,0.0,1,2,0,-0.029928574620091533,0.04302808937624625,-0.010811092493821109,-0.050434026295766626,0.11274326176661859,-0.027255654480858045,-0.028621720982550614,0.12052428720598735,-0.029425709738789392,11.12,15.53,2,182.0,374.0,0.0,117.0,349.0,0.0,1,1,0,-0.04724418089692747,0.018482228120385594,-0.007503920802484547,-0.07853159410757639,0.025190813369311095,-0.013510986707183377,-0.11725766663621073,0.040566085064372995,-0.02061822035386043
92,least_connections,432,measured,183,122,5,light,2,38.0,22.2,2,570.0,0.0,0.0,444.0,0.0,0.0,2,0,0,-0.016656330198163122,-0.030845951907368326,-0.002075638225610481,-0.07174991301966216,-0.16013075108002423,-0.012725479594195635,-0.04658569599858206,-0.10307474404958915,-0.008646162888627318,36.0,39.5,3,415.0,845.0,0.0,439.0,825.0,0.0,1,2,0,-0.027078234180082816,0.03893017610231803,-0.009781464637266717,-0.04563078569616982,0.10200580826503586,-0.02465987786363347,-0.025895842793736273,0.10904578366255999,-0.026623261192238023,11.14,15.7,2,183.0,374.0,0.0,122.0,349.0,0.0,1,1,0,-0.042744735097220085,0.01672201591844411,-0.0067892616784384005,-0.0708714422878072,0.022791688286519562,-0.012224226068404008,-0.10458233330577796,0.03670264839157557,-0.018654580320159438
92,least_connections,433,measured,190,117,9,light,0,50.67,28.05,3,570.0,190.0,0.0,444.0,117.0,0.0,2,1,0,-0.015070013036433294,0.015175658024852691,-0.0018779583945999591,-0.06491658797017053,-0.030277028754942537,-0.011513529156653194,-0.04214896304633617,-0.040329530330580655,-0.007822718803996145,36.0,39.5,3,415.0,845.0,0.0,439.0,825.0,0.0,1,2,0,-0.024499354734360643,0.03522254028304965,-0.008849896576574649,-0.041284996582248906,0.0922909693826515,-0.02231131806709695,-0.023429572051475667,0.09866047093279237,-0.024087712507262972,11.14,15.7,2,183.0,374.0,0.0,122.0,349.0,0.0,1,1,0,-0.03867380794510389,0.015129442973830384,-0.006142665328110934,-0.06412178111753986,0.020621051306851032,-0.01106001406188934,-0.09462211108618004,0.033207158068568374,-0.016877953623001395
92,least_connections,434,measured,466,425,15,heavy,2,50.67,28.05,3,570.0,190.0,0.0,444.0,117.0,0.0,2,1,0,-0.01363477369963012,0.013730357260581007,-0.0016991052141618677,-0.05873405578253521,-0.02739350220685277,-0.01041700257030527,-0.03813477608954227,-0.03648862268004916,-0.007077697965520322,36.0,39.5,3,415.0,845.0,0.0,439.0,825.0,0.0,1,2,0,-0.022166082854897726,0.03186801263704492,-0.00800704928356754,-0.03735309214584426,0.08350135325097041,-0.020186430632135335,-0.021198184237049417,0.08926423560585978,-0.021793644649428404,20.46,29.87,3,183.0,374.0,466.0,122.0,349.0,425.0,1,1,1,-0.03499058814080827,0.013688543642989395,0.03752625064418081,-0.058014944820631305,0.018657141658579506,0.07431713013448107,-0.0856104814589248,0.03004457158584757,0.11290407370617334
92,least_connections,435,measured,437,420,13,heavy,0,79.8,49.05,4,760.0,437.0,0.0,561.0,420.0,0.0,3,1,0,0.030747676403282492,0.012422704188144722,-0.0015372856699559757,0.061462838418976096,0.12419952974935541,-0.009424907087419054,0.01842567877612844,0.10405791281328886,-0.006403631492613624,24.14,25.78,2,417.0,428.0,0.0,409.0,416.0,0.0,1,1,0,-0.020055027344907467,-0.014250936412288154,-0.007244473161323012,-0.033278647995899927,-0.03224707494980229,-0.018263913429074827,-0.027661452404949466,-0.034877001118507805,-0.019718059444720937,20.46,29.87,3,183.0,840.0,0.0,122.0,774.0,0.0,1,2,0,-0.03165815117501701,0.05546877304660491,-0.009131578215355684,-0.05248971198057118,0.1012040805482386,-0.01708450130689808,-0.07745710227236052,0.15535778699037003,-0.026023298392827292
92,least_connections,436,measured,397,307,13,medium,1,79.8,49.05,4,760.0,437.0,0.0,561.0,420.0,0.0,3,1,0,0.02781932626963654,0.011239589503559508,-0.0013908775109125495,0.055609234760025994,0.11237100310655967,-0.008527296888617239,0.016670852226020993,0.09414763540249943,-0.005793761826650422,35.49,35.38,3,417.0,825.0,0.0,409.0,723.0,0.0,1,2,0,-0.018145024740630566,0.030190195853734753,-0.006554523336435106,-0.03010925294867138,0.07344992538555303,-0.016524493102496273,-0.025027028366382847,0.05524521327373105,-0.017840149021414183,20.46,29.87,3,557.0,466.0,0.0,471.0,425.0,0.0,2,1,0,0.014440811068408638,0.007102132529694702,-0.008261904099607524,0.02018549868424513,0.023889406210311104,-0.015457405944336356,0.03517373286468968,0.035307839023033194,-0.023544889022081836
92,least_connections,437,measured,383,336,13,medium,1,79.8,49.05,4,760.0,437.0,0.0,561.0,420.0,0.0,3,1,0,0.02516986662490925,0.010169152407982412,-0.0012584129860637352,0.05031311716383302,0.10166900281069685,-0.0077151733754155976,0.015083152014018997,0.08518119393559473,-0.005241974986017049,46.43,45.88,4,845.0,780.0,0.0,825.0,643.0,0.0,2,2,0,0.02666697308047257,0.027314939105760022,-0.0059302830186793816,0.08339775073351502,0.05482204133522825,-0.014950731854639486,0.09497554576374886,0.027364716771470926,-0.016141087209850927,16.8,25.8,2,374.0,466.0,0.0,349.0,425.0,0.0,1,1,0,-0.030018404498197163,0.006425738955438062,-0.007475056090121094,-0.014851215476159155,0.02161422466647195,-0.01398527204487575,-0.004969797249407756,0.03194518768750623,-0.02130251863902642
92,least_connections,438,measured,379,322,10,medium,2,41.8,26.85,2,190.0,437.0,0.0,117.0,420.0,0.0,1,1,0,-0.06339506398335874,0.009200661702460283,-0.0011385641302481414,-0.2982881320898654,0.09198624063824953,-0.006980394958709351,-0.18721048151112568,0.07706869927506191,-0.0047427392730630446,46.43,45.88,4,845.0,780.0,0.0,825.0,643.0,0.0,2,2,0,0.024127261358522806,0.02471351633378288,-0.0053654941597575355,0.0754551078065136,0.04960089454139699,-0.013526852630388107,0.08593025569101087,0.024758553269426054,-0.014603840808912744,24.38,36.53,3,374.0,845.0,0.0,349.0,747.0,0.0,1,2,0,-0.027159508831702192,0.048897664043582284,-0.006763145986300037,-0.013436814002239228,0.0881366794601413,-0.012653341373935202,-0.0044964832256546294,0.1260138999712358,-0.019273707340071524
92,least_connections,439,measured,398,331,9,medium,0,68.33,43.4,3,190.0,835.0,0.0,117.0,751.0,0.0,1,2,0,-0.05735743884208648,0.05140830843374524,-0.0010301294511768898,-0.26987973855749725,0.32328913835524165,-0.006315595438832269,-0.16938091184339943,0.2194669183917227,-0.004291049818485612,46.43,45.88,4,845.0,780.0,0.0,825.0,643.0,0.0,2,2,0,0.021829426943425406,0.022359848111517838,-0.004854494715971104,0.06826890706303612,0.0448769998231687,-0.012238580951303526,0.07774642181567651,0.02240059581519499,-0.01321299882711153,24.38,36.53,3,374.0,845.0,0.0,349.0,747.0,0.0,1,2,0,-0.02457288894296865,0.04424074365847921,-0.0061190368447476525,-0.012157117430597386,0.0797427099877469,-0.011448261243084231,-0.004068246727973235,0.11401257616445143,-0.017438116164826618
92,least_connections,440,measured,480,444,18,heavy,0,100.0,65.6,4,190.0,835.0,480.0,117.0,751.0,444.0,1,2,1,-0.051894825619030624,0.04651227905910284,0.04215187834235923,-0.2441769063139261,0.2924996966071234,0.28380969936486605,-0.15324939642974234,0.19856530711632053,0.1969747644499416,46.43,45.88,4,845.0,780.0,0.0,825.0,643.0,0.0,2,2,0,0.01975043390119441,0.02023033876756375,-0.004392161885878617,0.06176710639036603,0.040602999840009785,-0.011073001813084142,0.070342000690374,0.02026720573755736,-0.011954617986434242,24.38,36.53,3,374.0,845.0,0.0,349.0,747.0,0.0,1,2,0,-0.02223261380554306,0.04002733950052881,-0.0055362714309621615,-0.010999296722921437,0.07214816617939004,-0.01035795064850478,-0.0036807946586424473,0.10315423557736081,-0.01577734319674789
92,least_connections,441,measured,354,300,7,medium,2,100.0,65.6,4,1025.0,0.0,480.0,868.0,0.0,444.0,3,0,1,0.039215339179153694,-0.044085262257183594,0.03813741373832502,0.2827288307953367,-0.23900821100625344,0.2567802041872598,0.20108387942070932,-0.16008376975190047,0.17821526307375668,46.43,45.88,4,845.0,780.0,0.0,825.0,643.0,0.0,2,2,0,0.017869440196318753,0.018303639837319585,-0.003973860753890178,0.05588452482937881,0.03673604747429457,-0.010018430211838033,0.063642762529386,0.018336995667313782,-0.010816082940107172,31.46,46.53,4,1107.0,466.0,0.0,971.0,425.0,0.0,3,1,0,0.06605257843897577,-0.006868688297707495,-0.005009007485156242,0.12268635058402347,-0.0033040401234090133,-0.009371479158170992,0.1842570588009108,-0.0037810884458799043,-0.014274739082771902
92,least_connections,442,measured,174,101,7,light,0,99.27,64.8,4,1009.0,0.0,480.0,852.0,0.0,444.0,3,0,1,0.03548054497161525,-0.039886665851737536,0.03450527909657978,0.24615148183070146,-0.21624552424375312,0.23232494664561595,0.17469493852349888,-0.14483769644219566,0.16124238087625603,34.51,33.09,3,825.0,383.0,0.0,723.0,336.0,0.0,2,1,0,0.016167588749050305,-0.02652346418346821,-0.003595397824948256,0.04539212110413185,-0.06938847405386953,-0.009064294001186793,0.028742261336111158,-0.07020998011052564,-0.009785979802954108,31.46,46.53,4,1573.0,0.0,0.0,1396.0,0.0,0.0,4,0,0,0.1028457569096402,-0.049298427734207007,-0.0045319591532366,0.19532574576649742,-0.08731317915927482,-0.00847895733358328,0.29488337066114156,-0.1315955879589707,-0.012915240122507912
92,least_connections,443,measured,396,310,14,medium,1,99.27,64.8,4,1009.0,0.0,480.0,852.0,0.0,444.0,3,0,1,0.03210144545050904,-0.036087935770619674,0.031219062039762657,0.22270848356111084,-0.19565071241101473,0.2101987612507954,0.1580573253307847,-0.1310436301143675,0.14588596364994594,45.83,42.78,4,1208.0,396.0,0.0,1059.0,310.0,0.0,3,1,0,0.057711718618755264,-0.023997419975518852,-0.0032529789844769935,0.14007586467244582,-0.059419503735813936,-0.00820102790583567,0.12100490311362438,-0.0708745058142851,-0.008853981726482288,23.98,34.9,3,1199.0,0.0,0.0,1047.0,0.0,0.0,3,0,0,0.04996702269148853,-0.044603339378568245,-0.004100343995785495,0.1090471033125453,-0.07899763828696293,-0.007671437587527729,0.16154527186801693,-0.1190626748200211,-0.011685217253697634
92,least_connections,444,measured,153,105,7,light,2,99.27,64.8,4,1009.0,480.0,0.0,852.0,444.0,0.0,3,1,0,0.029044164931412944,0.010432910720006239,-0.014838082190781629,0.20149815179338598,0.1125064982947962,-0.09934397791594704,0.14300424672785284,0.0822938584679532,-0.06886508050719176,33.6,29.78,3,780.0,396.0,0.0,643.0,310.0,0.0,2,1,0,0.009131464237830733,-0.02171195140642182,-0.002943171462145851,0.016095850349899965,-0.053760503380022126,-0.0074199776290894155,-0.008138420992435086,-0.06412455287959128,-0.008010745371579213,27.04,38.4,4,1352.0,0.0,0.0,1152.0,0.0,0.0,4,0,0,0.08829215885238985,-0.04035540229489508,-0.003709835043805924,0.12634737918754094,-0.07147405368820456,-0.00694082448395366,0.17782667454725345,-0.10772337245620957,-0.010572339420012145
92,least_connections,445,measured,458,438,17,heavy,1,99.27,64.8,4,1009.0,480.0,0.0,852.0,444.0,0.0,3,1,0,0.026278053985564084,0.009439300175243734,-0.013424931505945283,0.18230785162258734,0.10179159369529178,-0.08988264668585684,0.12938479465853348,0.07445634813767196,-0.062306501411268735,46.69,43.47,4,780.0,396.0,458.0,643.0,310.0,438.0,2,1,1,0.008261800977084954,-0.019644146510572114,0.040421030808625406,0.01456291222133807,-0.04864045543906763,0.1116812447301436,-0.007363333278869844,-0.05801745260534448,0.1165914684733331,27.04,38.4,4,1352.0,0.0,0.0,1152.0,0.0,0.0,4,0,0,0.07988338181882891,-0.03651203064776221,-0.003356517420586312,0.11431429545539418,-0.0646670009559946,-0.006279793580719978,0.1608908007808484,-0.09746400365085628,-0.00956544995143956
92,least_connections,446,measured,450,423,20,heavy,0,100.0,85.95,5,1009.0,480.0,450.0,852.0,444.0,423.0,3,1,1,0.023775382177415122,0.008540319206172903,0.030937533626140205,0.1649451990871028,0.09209715620050207,0.19010617680803427,0.11706243326248267,0.0673652673626556,0.13498459396123305,46.69,43.47,4,780.0,396.0,458.0,643.0,310.0,438.0,2,1,1,0.007474962788791145,-0.017773275414327147,0.03657140882685156,0.013175968200258237,-0.04400803111153738,0.10104493570822516,-0.006662063442787025,-0.052491980928645,0.10548751909492042,27.04,38.4,4,1352.0,0.0,0.0,1152.0,0.0,0.0,4,0,0,0.07227544069322615,-0.03303469439559438,-0.0030368490948161873,0.1034272196977376,-0.058508238960185595,-0.00568171800160379,0.14556786737314856,-0.08818171758886997,-0.008654454717969126
92,least_connections,447,measured,366,338,11,medium,1,100.0,85.95,5,1009.0,480.0,450.0,852.0,444.0,423.0,3,1,1,0.02151106006528035,0.007726955472251676,0.02799110185222209,0.14923613250737877,0.08332599846712091,0.17200082663584054,0.10591363009462718,0.06094952761383127,0.12212891834587752,57.14,54.03,5,780.0,762.0,458.0,643.0,648.0,438.0,2,2,1,0.006763061570811024,0.027003317709032804,0.03308841751000856,0.011921114085947926,0.054795454844663444,0.091421608497918,-0.006027581210140659,0.04807273154074976,0.095441088704928,27.04,38.4,4,1352.0,0.0,0.0,1152.0,0.0,0.0,4,0,0,0.06539206538910938,-0.02988853302458539,-0.00274762537150036,0.09357700829795307,-0.052936025725882206,-0.005140602001451048,0.13170426095665821,-0.07978345877088236,-0.0078302209353054
92,least_connections,448,measured,390,317,11,medium,2,73.6,48.4,3,174.0,480.0,450.0,101.0,444.0,423.0,1,1,1,-0.06670541277540394,0.006991054951084846,0.025325282628200937,-0.3686276261441176,0.0753901890892999,0.15561979552766525,-0.24391147753343256,0.0551448106982283,0.11049759278912728,57.14,54.03,5,780.0,1220.0,0.0,643.0,1086.0,0.0,2,3,0,0.00611896046882901,0.06751547339207276,-0.013146760574844865,0.010785769887286217,0.1679713979206819,-0.03567976918215583,-0.005453525856793928,0.16733366187020215,-0.03748782450506514,20.18,28.23,3,619.0,390.0,0.0,530.0,317.0,0.0,2,1,0,-0.027003550815749094,0.016041894156894394,-0.002485946764690802,-0.04797318296851863,0.02267692910515419,-0.00465102085845571,-0.06842630357889654,0.02341814047713818,-0.0070844856081334565
92,least_connections,449,measured,493,426,18,heavy,0,94.87,64.65,3,0.0,480.0,943.0,0.0,444.0,849.0,0,1,2,-0.10343641654736094,0.006325240193838677,0.06599725117608202,-0.4384726141303921,0.06821017108079513,0.43816394198534797,-0.2663722891969152,0.0498929239650637,0.2926882982377818,45.8,44.44,4,383.0,1220.0,0.0,336.0,1086.0,0.0,1,3,0,-0.037547697897816826,0.06108542830711344,-0.011894688139145354,-0.09286729663259138,0.151974121928236,-0.03228169592671242,-0.09173473767995642,0.15139712264446864,-0.033917555504582746,10.86,14.07,2,153.0,390.0,0.0,105.0,317.0,0.0,1,1,0,-0.0675156842981494,0.014514094713380644,-0.0022491899299583447,-0.1277281179238978,0.02051722157132998,-0.004208066490983737,-0.19008411593646193,0.021187841384077394,-0.006409772693073128
92,least_connections,450,measured,458,450,16,heavy,2,94.87,64.65,3,0.0,480.0,943.0,0.0,444.0,849.0,0,1,2,-0.09358532925713609,0.0057228363658540365,0.05971179868312183,-0.39671331754654526,0.06171396431119558,0.39643404274864813,-0.24100349974958993,0.04514121692077194,0.2648132222151359,34.86,33.94,3,396.0,824.0,0.0,310.0,776.0,0.0,1,2,0,-0.03397172666945332,0.012183868241583379,-0.010761860697321986,-0.08066224797370512,0.03513304909153325,-0.029207248695596953,-0.09034928647234151,0.049329539535471645,-0.03068731212319391,20.02,29.07,3,153.0,390.0,458.0,105.0,317.0,450.0,1,1,1,-0.06108561912689707,0.013131799978772965,0.04104891886155696,-0.11556353526447892,0.018563200469298553,0.07906889222244329,-0.17198086679965602,0.01916995172845097,0.12991496756341003
92,least_connections,451,measured,448,427,15,heavy,0,100.0,86.0,4,480.0,0.0,1391.0,444.0,0.0,1276.0,1,0,3,-0.04158854052969908,-0.037906095895746575,0.09710886094005808,-0.06940728730401713,-0.233687365623204,0.6289006418519515,-0.017193642630581346,-0.1600150894526349,0.43275958200417064,34.86,33.94,3,762.0,458.0,0.0,648.0,438.0,0.0,2,1,0,0.012347576097251983,-0.03206040038913431,-0.00973692158329132,0.021632115778892652,-0.06282520048181003,-0.02642560596268296,0.013820883667881478,-0.05093398803933519,-0.027764710968604014,16.96,25.57,2,0.0,390.0,458.0,0.0,317.0,450.0,0,1,1,-0.098351841341569,0.011881152361746972,0.03713949801759915,-0.1322431985726238,0.016795276615079645,0.07153852153459155,-0.1872684032949269,0.01734424204002706,0.11754211350975192
92,least_connections,452,measured,191,108,3,light,2,100.0,86.0,4,480.0,898.0,493.0,444.0,850.0,426.0,1,2,1,-0.03762772714591822,0.051871808928791646,0.0016925975398711518,-0.06279706946553931,0.33021936761075193,0.027354548977162496,-0.015556152856240263,0.23974825239999698,0.0070205741942495625,34.86,33.94,3,762.0,458.0,0.0,648.0,438.0,0.0,2,1,0,0.01117161646894227,-0.029007028923502473,-0.008809595718215957,0.019571914276140967,-0.05684184805497097,-0.02390888158528458,0.012504609032845143,-0.046083132035588975,-0.02512045278111792,20.78,29.17,3,581.0,458.0,0.0,425.0,450.0,0.0,2,1,0,-0.0028171988555238947,0.01074961404158059,-0.00948149725845337,-0.014515274899040559,0.027500488366024436,-0.01815086146870289,-0.04125871409223544,0.05580352057589749,-0.02936665920546254
92,least_connections,453,measured,401,419,14,heavy,1,100.0,86.0,4,480.0,1391.0,0.0,444.0,1276.0,0.0,1,3,0,-0.0340441340844022,0.09001553687661648,-0.04155250245258823,-0.05681639618310702,0.596134983393855,-0.27261572552859903,-0.014074614488979287,0.40962937121904486,-0.1863623376337742,46.31,47.03,4,762.0,859.0,0.0,648.0,857.0,0.0,2,2,0,0.010107652995709676,0.016839445486445614,-0.007970586602195389,0.01770792244031802,0.05223152522917593,-0.021631845243828905,0.011313693886859877,0.07677299958684808,-0.022728028706725734,20.78,29.17,3,581.0,458.0,0.0,425.0,450.0,0.0,2,1,0,-0.0025488942026168637,0.009725841275715769,-0.008578497519553049,-0.013132867765798584,0.024881394235926876,-0.016422207995493092,-0.037329312750117805,0.05048889956866917,-0.026569834519228012
92,least_connections,454,measured,392,342,13,medium,2,100.0,86.0,4,480.0,1391.0,0.0,444.0,1276.0,0.0,1,3,0,-0.03080183560017341,0.08144262860265301,-0.037595121266627445,-0.05140531083233496,0.5393602230706307,-0.2466523230973039,-0.012734175013838389,0.37061705015056445,-0.16861354357341474,46.31,47.03,4,762.0,859.0,0.0,648.0,857.0,0.0,2,2,0,0.009145019377070657,0.0152356887734508,-0.007211483116272018,0.016021453636478195,0.047257094254968685,-0.01957166950632139,0.01023619923096844,0.0694612853404816,-0.020563454544180425,28.62,40.57,4,581.0,850.0,0.0,425.0,792.0,0.0,2,2,0,-0.0023061423737961995,0.05188347090478592,-0.007761497755786092,-0.011882118454770135,0.09344507097536242,-0.014858188186398513,-0.03377414010724944,0.14882329008593878,-0.024039374088825345
92,least_connections,455,measured,369,333,5,medium,0,100.0,100.0,5,849.0,1391.0,0.0,777.0,1276.0,0.0,2,3,0,0.015215572778981418,0.07368618778335273,-0.03401463352694864,0.17606186162788734,0.4879925827781897,-0.22316162565946543,0.13912146070176526,0.3353201882314631,-0.15255511085213713,46.31,47.03,4,1220.0,401.0,0.0,1086.0,419.0,0.0,3,1,0,0.051357965377440334,-0.029299229431730453,-0.006524675200436588,0.13289015873232382,-0.07563813921149093,-0.01770770098190983,0.13310060882801905,-0.06099336088242141,-0.018605030301877528,24.8,36.97,3,390.0,850.0,0.0,317.0,792.0,0.0,1,2,0,-0.045170409993525354,0.046942187961472974,-0.0070223074933302735,-0.04531239288764917,0.08454554040628029,-0.01344312264483675,-0.06312898390655901,0.13464964341108748,-0.021749909889889597
92,least_connections,456,measured,395,314,10,medium,2,100.0,100.0,5,849.0,1391.0,0.0,777.0,1276.0,0.0,2,3,0,0.013766470609554604,0.0666684556135096,-0.0307751446196202,0.15929406528237428,0.4415170987040764,-0.20190813750142111,0.12587179777778762,0.30338493220941903,-0.1380260526757431,46.31,47.03,4,1220.0,401.0,0.0,1086.0,419.0,0.0,3,1,0,0.046466730579588875,-0.0265088266287085,-0.00590327756229977,0.12023395313876917,-0.06843450690563463,-0.016021253269346992,0.1204243603682077,-0.055184469369809835,-0.016833122654079668,32.7,47.43,4,390.0,1245.0,0.0,317.0,1106.0,0.0,1,3,0,-0.040868466184618174,0.08555540362047101,-0.006353516303489295,-0.040996926898349245,0.1479697746533012,-0.012162825250090393,-0.05711669972498194,0.21652428054653944,-0.0196784899003763
92,least_connections,457,measured,396,306,10,medium,1,100.0,100.0,5,849.0,1391.0,0.0,777.0,1276.0,0.0,2,3,0,0.012455378170549397,0.06031907888841345,-0.027844178465370656,0.14412320192214817,0.3994678512084501,-0.18267879107271434,0.11388400751323641,0.27449112914185536,-0.12488071432567234,46.31,46.91,4,824.0,797.0,0.0,776.0,725.0,0.0,2,2,0,-0.0010425725595102908,0.01909972375316396,-0.005341060651604554,0.006415753520110867,0.040450412119391765,-0.014495419624647279,0.02130656414266413,0.036589051522552984,-0.01522996811559589,32.7,47.43,4,390.0,1245.0,0.0,317.0,1106.0,0.0,1,3,0,-0.036976231309892624,0.07740726994233091,-0.005748419512680791,-0.03709245766993503,0.13387741516251062,-0.011004460940557974,-0.051677014036888416,0.19590292049448804,-0.017804348005102368
92,least_connections,458,measured,400,314,16,medium,1,100.0,80.45,4,369.0,1391.0,0.0,333.0,1276.0,0.0,1,3,0,-0.03181474854864125,0.05457440470856455,-0.025192351944859165,-0.15912662683234208,0.36142329395050243,-0.16528081097055108,-0.09781923129754802,0.24834911684263106,-0.1129873129613226,47.29,46.16,4,458.0,797.0,400.0,438.0,725.0,314.0,1,2,1,-0.044027180161552396,0.01728070244333882,0.03825151201816277,-0.08880751552262076,0.036597991917544925,0.09028645707429872,-0.0762881086328277,0.0331043799489765,0.0750002669430323,32.7,47.43,4,390.0,1245.0,0.0,317.0,1106.0,0.0,1,3,0,-0.03345468547085523,0.07003514899544225,-0.0052009509876635735,-0.03355984265375074,0.12112718514703341,-0.009956417041457215,-0.04675539365242283,0.177245499495013,-0.016108695814140237
92,least_connections,459,measured,363,319,11,medium,0,100.0,96.4,5,1267.0,856.0,0.0,1183.0,745.0,0.0,3,2,0,0.057383027957125035,0.0062929421286105625,-0.022793080331063056,0.397679083659627,0.004303615161565633,-0.14953978135430812,0.29602069549269466,-0.01551746571381002,-0.10222661648881569,47.29,46.16,4,458.0,797.0,400.0,438.0,725.0,314.0,1,2,1,-0.03983411538426168,0.015634921258258938,0.03460851087357584,-0.08034965690141876,0.033112468877778745,0.08168774687674646,-0.0690225744773203,0.02995158185859778,0.06785738437702922,24.9,36.87,3,853.0,392.0,0.0,764.0,342.0,0.0,2,1,0,0.012815375276935964,-0.022802665648114603,-0.0047056223221718044,0.05341728521803504,-0.044761118200303096,-0.009008186847032718,0.09250702479066505,-0.07004772267911517,-0.014574534308031644
92,least_connections,460,measured,477,408,17,heavy,2,100.0,79.75,4,1391.0,363.0,0.0,1276.0,319.0,0.0,3,1,0,0.05191797767549408,-0.03739028591991923,-0.020622310775723716,0.4345985360095038,-0.29347133231413913,-0.1352978974158026,0.3098996768743428,-0.20675389755059,-0.09249074825178562,47.29,46.16,4,1255.0,400.0,0.0,1163.0,314.0,0.0,3,1,0,0.050127410343944634,-0.028938019088332614,-0.011771438007807798,0.13332990225926059,-0.07266694992690766,-0.02949339908430422,0.14253612309194832,-0.0891063068898401,-0.027384985563640232,34.44,50.47,4,1245.0,0.0,477.0,1106.0,0.0,408.0,3,0,1,0.05467876357255658,-0.06371488343219439,0.03882643241145907,0.11926325805441265,-0.11143148789551233,0.07816402142411324,0.186839689096316,-0.16651936813824705,0.10986113562606661
92,least_connections,461,measured,195,117,2,light,0,100.0,85.6,5,1586.0,363.0,0.0,1393.0,319.0,0.0,4,1,0,0.09005730859982344,-0.033829306308498355,-0.018658281178035745,0.4589542309927257,-0.2655216816175545,-0.12241238337620235,0.33331399336250056,-0.18706305016481953,-0.08368210556113936,47.29,46.16,4,1255.0,400.0,0.0,1163.0,314.0,0.0,3,1,0,0.04535337126356895,-0.026182017270396166,-0.010650348673730865,0.12063181632980718,-0.06574628802910694,-0.026684503933418105,0.12896125422604848,-0.08061999194795057,-0.024776891700436402,34.44,50.47,4,1245.0,0.0,477.0,1106.0,0.0,408.0,3,0,1,0.049471262279932135,-0.05764679929579493,0.03512867694370106,0.10790485252542098,-0.10081896523879687,0.07071982890753103,0.16904543299190494,-0.15066038069650925,0.099398170328346
92,least_connections,462,measured,186,119,3,light,1,100.0,85.6,5,1586.0,363.0,0.0,1393.0,319.0,0.0,4,1,0,0.08148042206650692,-0.030607467612450895,-0.016881302018222816,0.4152443042315137,-0.24023390241588266,-0.11075406114989736,0.30156980351845286,-0.16924752157769388,-0.07571238122198323,39.51,36.19,4,983.0,400.0,0.0,844.0,314.0,0.0,3,1,0,0.04103400257180047,-0.023688491816072715,-0.009636029752423163,0.03883014674737656,-0.05948473678823961,-0.024143122606425906,0.02648577763309143,-0.07294189747671719,-0.022417187728966267,34.44,50.47,4,1245.0,0.0,477.0,1106.0,0.0,408.0,3,0,1,0.04475971349136716,-0.05215662793429065,0.03178308866334858,0.0976281999039523,-0.09121715902557812,0.06398460710681379,0.15294586794505688,-0.13631177301112743,0.08993167791612255
92,least_connections,463,measured,350,301,13,medium,1,100.0,79.75,4,1754.0,0.0,0.0,1595.0,0.0,0.0,4,0,0,0.07372038186969675,-0.07077637092373674,-0.015273558968868263,0.37569722763803626,-0.4363068640905605,-0.10020605532609761,0.36422982223098116,-0.2974382338083897,-0.06850167824846103,49.51,45.59,5,983.0,750.0,0.0,844.0,615.0,0.0,3,2,0,0.037126002326867094,0.02165145525031062,-0.008718312633144766,0.03513203753334071,0.03665666671540224,-0.021843777596290106,0.023963322620416033,0.01910911656868447,-0.02028221746906472,34.44,50.47,4,1245.0,477.0,0.0,1106.0,408.0,0.0,3,1,0,0.04049688363504647,-0.004105429809029407,-0.014327772388489606,0.08833027610357588,0.0037844751673340865,-0.02842345071288276,0.1383795948074324,-0.0002820803434009922,-0.04168086283779388
92,least_connections,464,measured,162,106,7,light,0,100.0,85.05,5,1916.0,0.0,0.0,1701.0,0.0,0.0,5,0,0,0.10978329334695919,-0.06403576416909515,-0.013818934305166524,0.33991653929155663,-0.39475382941526904,-0.09066262148551689,0.37749364868517343,-0.2691107829694954,-0.061977708891464735,49.51,45.59,5,983.0,750.0,0.0,844.0,615.0,0.0,3,2,0,0.033590192581451184,0.019589411893138176,-0.007887997144273837,0.031786129196832075,0.03316555559964965,-0.019763417825214857,0.021681101418471654,0.017289200705000257,-0.018350577710106175,34.44,50.47,4,1245.0,477.0,0.0,1106.0,408.0,0.0,3,1,0,0.036640037574565854,-0.003714436493883755,-0.01296322263720488,0.07991786885561628,0.0034240489609213276,-0.025716455406893924,0.12520058577815313,-0.00025521554879137653,-0.03771125685324209
92,least_connections,465,measured,357,342,11,medium,2,100.0,85.05,5,1916.0,0.0,0.0,1701.0,0.0,0.0,5,0,0,0.09932774159962973,-0.05793711996251466,-0.012502845323722093,0.30754353554950364,-0.35715822661381486,-0.08202808610594385,0.34154187261991886,-0.24348118459144824,-0.05607506994942048,44.2,41.88,4,797.0,750.0,0.0,725.0,615.0,0.0,2,2,0,-0.01269277360544438,0.0177237536176012,-0.007136759321009662,-0.019322753855927466,0.03000693125682588,-0.017881187556146774,-0.014029598716620878,0.015642610161666903,-0.016602903642477015,41.58,61.87,5,1245.0,834.0,0.0,1106.0,750.0,0.0,3,2,0,0.03315051018651197,0.03972321958943397,-0.01172863000509013,0.07230664325031949,0.0676979490598812,-0.02326726917766593,0.11327672046594806,0.1029119478368078,-0.034119708581504746
92,least_connections,466,measured,390,313,13,medium,1,67.87,42.55,3,1018.0,0.0,0.0,851.0,0.0,0.0,3,0,0,0.0037001562318645653,-0.05241929901370374,-0.011312098150034275,-0.012476483709179198,-0.32314315741249916,-0.07421588742918729,-0.07550973429626384,-0.22029250034464365,-0.05073458709709472,55.34,51.66,5,797.0,1140.0,0.0,725.0,928.0,0.0,2,3,0,-0.011483938023973489,0.05911967730934893,-0.00645706795710398,-0.01748249158393439,0.1279654548105976,-0.016178217312704225,-0.01269344645789508,0.10264986157484143,-0.01502167472414587,24.52,36.4,3,392.0,834.0,0.0,342.0,750.0,0.0,1,2,0,-0.056174481713337235,0.03594005581901169,-0.010611617623652975,-0.08893208467828237,0.06125052533989252,-0.021051338779792986,-0.1279242370387454,0.093110809947588,-0.03087021252612334
92,least_connections,467,measured,198,118,6,light,0,48.2,27.15,3,723.0,0.0,0.0,543.0,0.0,0.0,3,0,0,0.003347760400258415,-0.04742698482192243,-0.01023475546907863,-0.1892247551019558,-0.2923676186113088,-0.0671477076740266,-0.2076516643632863,-0.19931226221658235,-0.045902721659276176,32.57,29.0,3,400.0,740.0,0.0,314.0,614.0,0.0,1,2,0,-0.05347412986749528,0.01040533162455834,-0.005842109104046458,-0.11844334272560049,0.012376908093942013,-0.014637434711494299,-0.12768990393809554,0.004093922377237491,-0.013591039036131979,16.68,25.0,2,0.0,834.0,0.0,0.0,750.0,0.0,0,2,0,-0.09390843130072915,0.032517193360058205,-0.009600987373781263,-0.1513956956613031,0.05541714197418847,-0.019046449372193654,-0.21888383351124582,0.08424311376210342,-0.027930192285540164
92,least_connections,468,measured,482,412,15,heavy,2,48.2,27.15,3,723.0,0.0,0.0,543.0,0.0,0.0,3,0,0,0.0030289260764242987,-0.042910129124596484,-0.009260016852975903,-0.17120334985415053,-0.2645230835054698,-0.06075268789554788,-0.18787531537630664,-0.18033014200547928,-0.04153103388220226,32.57,29.0,3,400.0,740.0,0.0,314.0,614.0,0.0,1,2,0,-0.04838135559440049,0.009414347660314681,-0.005285717760803938,-0.10716302437078139,0.011198154942137994,-0.013243393310399604,-0.11552896070589598,0.0037040250079767856,-0.012296654366024172,26.32,38.73,3,0.0,834.0,482.0,0.0,750.0,412.0,0,2,1,-0.08496477117685018,0.02942031780195742,0.034397292602860036,-0.13697705797927423,0.05013931892902766,0.0699865458061105,-0.19803775412922242,0.07621996007047452,0.09898379428133668
92,least_connections,469,measured,161,103,5,light,0,58.93,32.3,4,884.0,0.0,0.0,646.0,0.0,0.0,4,0,0,0.045824357153046,-0.0388234501603492,-0.008378110486025816,-0.057787157804548905,-0.23933040888590126,-0.05496671761978141,-0.1233871901023727,-0.1631558427668622,-0.03757569732199252,32.57,29.0,3,750.0,390.0,0.0,615.0,313.0,0.0,2,1,0,-0.0006897072157954487,-0.03456615710552027,-0.004782316069298801,-0.006480831573564105,-0.08034452648092277,-0.011982117757028213,-0.019422035876763027,-0.08175290594516385,-0.011125544426402822,26.32,38.73,3,357.0,959.0,0.0,342.0,820.0,0.0,1,2,0,-0.03378898798086899,0.02661838277319957,-0.011962540252741146,-0.05933162388601,0.06798319331673931,-0.023897887127804784,-0.07603415849786792,0.09007202736534997,-0.034697201999425546
92,least_connections,470,measured,381,324,13,medium,1,34.73,16.35,3,521.0,0.0,0.0,327.0,0.0,0.0,3,0,0,-0.0016237675644776295,-0.03512597871650642,-0.0075801952016424055,-0.27123599991840136,-0.21653703661105353,-0.049731792132183185,-0.25594555294976573,-0.1476171910747801,-0.03399705948180276,43.46,39.12,4,750.0,771.0,0.0,615.0,637.0,0.0,2,2,0,-0.0006240208142911097,0.011809758083667604,-0.004326857396032249,-0.005863609518938939,0.02579712910229434,-0.010840963684930288,-0.017572318174214147,0.017640227954375587,-0.01006596876674541,26.32,38.73,3,834.0,482.0,0.0,750.0,412.0,0.0,2,1,0,0.012512911101209223,-0.01900060152719585,-0.010823250704861037,0.032633292674562386,-0.02480568223723585,-0.02162189787753766,0.05425480897811949,-0.04155388000277857,-0.03139270657090883
92,least_connections,471,measured,479,425,14,heavy,0,55.87,32.3,3,359.0,479.0,0.0,221.0,425.0,0.0,2,1,0,-0.04455302326128474,0.011303252816584897,-0.006858271849105034,-0.3431182856404584,0.09300617322491983,-0.044995430976737166,-0.27952216695455,0.05870349378948467,-0.03075924429305964,43.46,39.12,4,750.0,771.0,0.0,615.0,637.0,0.0,2,2,0,-0.000564590260549086,0.010685019218556413,-0.003914775739267273,-0.0053051705171352215,0.023340259663980595,-0.009808490953032165,-0.01589876406238422,0.01596020624443506,-0.009107305074674419,26.32,38.73,3,834.0,482.0,0.0,750.0,412.0,0.0,2,1,0,0.011321205282046443,-0.017191020429367668,-0.0097924649234457,0.02952536003888978,-0.022443236309880057,-0.01956266950824836,0.04908768431353669,-0.03759636762156157,-0.028402924992727032
92,least_connections,472,measured,186,102,7,light,0,68.27,37.4,4,545.0,479.0,0.0,323.0,425.0,0.0,3,1,0,0.002774022037975943,0.010226752548338713,-0.006205103101571221,-0.19824987748422424,0.08414844244159414,-0.04071015183609553,-0.20675815105411668,0.05311268485715279,-0.02782979245562539,43.46,39.12,4,1140.0,381.0,0.0,928.0,324.0,0.0,3,1,0,0.04257308046721295,-0.0334165018861587,-0.0035419399545751516,0.0960164103484423,-0.07969894873939169,-0.008874348957505293,0.07411242775308091,-0.0740568372074159,-0.008239942686610189,26.32,38.73,3,834.0,482.0,0.0,750.0,412.0,0.0,2,1,0,0.010242995255184878,-0.015553780388475505,-0.008859849216450872,0.026713420987566933,-0.020305785232748633,-0.01769955812651042,0.04441266675986652,-0.03401576118141286,-0.02569788451722922
92,least_connections,473,measured,173,105,1,light,2,55.07,31.5,3,347.0,479.0,0.0,205.0,425.0,0.0,2,1,0,-0.04057407076382674,0.009252776115163591,-0.005614140901421581,-0.29879750820001244,0.07613430506620422,-0.03683299451837215,-0.24044785095372462,0.04805433391837635,-0.025179336031280114,43.46,39.12,4,1140.0,381.0,0.0,928.0,324.0,0.0,3,1,0,0.03851850137509742,-0.030233977897000733,-0.0032046123398537085,0.0868719903152573,-0.07210857266897343,-0.008029172866314313,0.06705410130040654,-0.06700380509242393,-0.007455186240266361,29.78,42.23,4,1007.0,482.0,0.0,855.0,412.0,0.0,3,1,0,0.05235137212430559,-0.014072467970525457,-0.00801605405297936,0.055474047560179596,-0.018371900924867804,-0.01601388592398562,0.07184955563987921,-0.030776164878421164,-0.02325046694415977
92,least_connections,474,measured,352,310,11,medium,0,67.8,41.85,3,186.0,831.0,0.0,102.0,735.0,0.0,1,2,0,-0.07979377377498156,0.051455459569048234,-0.005079460815571906,-0.36745171376826524,0.2812008791868832,-0.03332509027852718,-0.26414329372003653,0.18371582592615002,-0.022781304028301055,32.03,29.31,3,740.0,381.0,0.0,614.0,324.0,0.0,2,1,0,-0.008233827554050166,-0.02735455143061971,-0.002899411164629546,-0.024802893116127767,-0.06524108955764261,-0.007264489736189141,-0.028111765490108354,-0.060622490321716904,-0.006745168503098136,26.32,38.73,3,834.0,482.0,0.0,750.0,412.0,0.0,2,1,0,0.004281626933328647,-0.012732232925713502,-0.0072526203336479925,0.018886043030638705,-0.0166221960748804,-0.014488753931225085,0.03334007415036694,-0.02784510155666678,-0.021036136759001695
92,least_connections,475,measured,188,105,2,light,0,80.33,47.1,4,374.0,831.0,0.0,207.0,735.0,0.0,2,2,0,-0.029110466522035472,0.04655493961009126,-0.004595702642660296,-0.2190594870601765,0.2544198430738467,-0.03015127215676269,-0.1914867895562235,0.16621908059985002,-0.020611656025605718,32.03,29.31,3,740.0,381.0,0.0,614.0,324.0,0.0,2,1,0,-0.0074496535012834875,-0.02474935605627497,-0.0026232767679981606,-0.022440712819353698,-0.05902765245691473,-0.006572633570837794,-0.025434454491050418,-0.05484891981488674,-0.006102771502803076,26.32,38.73,3,834.0,482.0,0.0,750.0,412.0,0.0,2,1,0,0.0038738529396782906,-0.011519639313740782,-0.006561894587586279,0.01708737226581597,-0.015039129782034658,-0.013108872604441744,0.030164828993189147,-0.025193187122698524,-0.019032695162906295
92,least_connections,476,measured,395,316,10,medium,1,80.33,47.1,4,374.0,831.0,0.0,207.0,735.0,0.0,2,2,0,-0.02633804113898447,0.04212113583770161,-0.004158016676692649,-0.19819667876873112,0.2301893818287184,-0.027279722427547195,-0.1732499524556308,0.15038869197129287,-0.018648641166024223,33.31,29.78,3,771.0,395.0,0.0,637.0,316.0,0.0,2,1,0,-0.006740162691637436,-0.022392274527105918,-0.002373440885331669,-0.01228989663247651,-0.049786923651494286,-0.005946668468853242,-0.01650914930142655,-0.05188711792775469,-0.005521555169202783,19.18,27.33,2,959.0,0.0,0.0,820.0,0.0,0.0,2,0,0,0.003504914564470829,-0.0535064310344276,-0.005936952245911395,0.03807905109764301,-0.10082587932660278,-0.011860408546875863,0.04840309924780606,-0.14704780422212407,-0.01722005752834379
92,least_connections,477,measured,157,101,6,light,2,67.8,41.85,3,186.0,831.0,0.0,102.0,735.0,0.0,1,2,0,-0.06691355649536236,0.03810959909125384,-0.003762015088436206,-0.29271762999710593,0.2082665835593166,-0.024681653624923652,-0.20424995698366594,0.1360659594025983,-0.016872580102593345,33.31,29.78,3,771.0,395.0,0.0,637.0,316.0,0.0,2,1,0,-0.006098242435291001,-0.02025967695309583,-0.0021473988962524625,-0.011119430286526372,-0.0450453118751615,-0.005380319090867219,-0.014936849367957361,-0.046945487648920925,-0.004995692772135851,12.78,17.1,2,639.0,0.0,0.0,513.0,0.0,0.0,2,0,0,0.003171113177378365,-0.04841058045972021,-0.005371528222491262,-0.02345228710213254,-0.09122341462883109,-0.01073084582812578,-0.048794021315477026,-0.13304325143906465,-0.015580052049453905
92,least_connections,478,measured,384,319,12,medium,2,67.8,41.85,3,1017.0,0.0,0.0,837.0,0.0,0.0,3,0,0,0.025626963624377358,-0.05168768698999936,-0.0034037279371565672,0.23639833476452327,-0.3128064243987136,-0.022331019946359495,0.1477024198719213,-0.20939270339764915,-0.015265667711870169,33.31,29.78,3,771.0,395.0,0.0,637.0,316.0,0.0,2,1,0,-0.005517457441453766,-0.018330183909943842,-0.0019428847156569898,-0.010060436925904831,-0.04075528217276517,-0.004867907748879865,-0.013514292285294743,-0.04247448882521418,-0.004519912508122913,20.46,27.73,3,639.0,384.0,0.0,513.0,319.0,0.0,2,1,0,0.002869102398580431,-0.0007161487606085343,-0.004859954106063523,-0.02121873594954851,-0.01304975609275194,-0.00970886051116142,-0.04414697166638398,-0.024166116381375946,-0.014096237568553533
92,least_connections,479,measured,433,403,20,heavy,0,84.27,56.9,3,831.0,0.0,433.0,735.0,0.0,403.0,2,0,1,-0.019897599804701654,-0.046765050133808946,0.04000433685504429,0.10169373145361627,-0.2830153363607409,0.2409703470326589,0.08749266559840502,-0.1894505411693016,0.16849772921306985,22.17,20.0,2,776.0,0.0,0.0,640.0,0.0,0.0,2,0,0,-0.004991985304172442,-0.059668352335754175,-0.0017578480760706099,-0.007809783069015919,-0.13898267026515487,-0.004404297487081783,-0.011379002543838113,-0.12777453750852713,-0.0040894446502064445,20.46,27.73,3,639.0,384.0,0.0,513.0,319.0,0.0,2,1,0,0.0025958545510965936,-0.0006479441167410588,-0.004397101334057473,-0.019197903954353418,-0.01180692217915652,-0.008784207129146047,-0.03994249817434742,-0.021864581487911566,-0.012753738752500816
92,least_connections,480,measured,404,432,15,heavy,1,84.27,56.9,3,831.0,0.0,433.0,735.0,0.0,403.0,2,0,1,-0.018002590299491972,-0.04231123583535095,0.036194400011706734,0.09200861417231948,-0.2560614948025751,0.21802079017240567,0.07916003077950934,-0.17140763248651097,0.15245032643087272,33.71,33.5,3,776.0,0.0,404.0,640.0,0.0,432.0,2,0,1,-0.004516558132346499,-0.0539856521133014,0.04149346625316967,-0.00706599420530013,-0.12574622547799727,0.10045053356610967,-0.010295288015853554,-0.11560553393628645,0.11844288341171799,20.46,27.73,3,639.0,384.0,0.0,513.0,319.0,0.0,2,1,0,0.002348630308135008,-0.0005862351532419097,-0.003978329778432952,-0.017369532149176914,-0.010682453400189237,-0.00794761597398928,-0.03613845072917149,-0.019782240393824757,-0.011539096966548357
92,least_connections,481,measured,397,307,9,medium,0,100.0,72.25,4,831.0,397.0,433.0,735.0,307.0,403.0,2,1,1,-0.016288057890016555,0.004802305899535078,0.03274731429630609,0.08324588901305091,0.007785631686559047,0.1972569053940813,0.07162098022907992,-0.01620214367827183,0.13793124772317056,33.71,33.5,3,776.0,404.0,0.0,640.0,432.0,0.0,2,1,0,-0.004086409738789681,-0.0057602612090867505,-0.005542192664365758,-0.006393042376223929,-0.009335020330432917,-0.013551558066036818,-0.009314784395296094,0.0175473740576456,-0.014980248341778971,20.46,27.73,3,639.0,384.0,0.0,513.0,319.0,0.0,2,1,0,0.002124951231169764,-0.0005304032338855347,-0.0035994412281060042,-0.01571529099211247,-0.009665076885885499,-0.007190700166942681,-0.03269669351686946,-0.01789821749917478,-0.01044013535068661
92,least_connections,482,measured,185,116,8,light,1,100.0,72.25,4,831.0,397.0,433.0,735.0,307.0,403.0,2,1,1,-0.01473681428144355,0.004344943432912696,0.029628522458562657,0.07531770910704605,0.007044142954505783,0.17847053345178784,0.06479993449297711,-0.01465908237557928,0.12479493841620194,39.0,37.12,4,776.0,589.0,0.0,640.0,548.0,0.0,2,2,0,-0.0036972278589049445,0.03787223532329793,-0.005014364791569019,-0.005784181197535931,0.0393771584765471,-0.012260933488319026,-0.008427662071934572,0.04867381462358411,-0.013553558023514307,20.46,27.73,3,639.0,384.0,0.0,513.0,319.0,0.0,2,1,0,0.0019225749234393075,-0.00047988864018215505,-0.003256637301619718,-0.0142185966119113,-0.008744593372944032,-0.006505871579614807,-0.029582722705739056,-0.01619362535639622,-0.009445836745859314
92,least_connections,483,measured,373,333,8,medium,2,100.0,72.25,4,1228.0,0.0,433.0,1042.0,0.0,403.0,3,0,1,0.029750592067356058,-0.03915276093031255,0.026806758414890025,0.30760491141431145,-0.23308704526338364,0.16147333978971282,0.197509464541265,-0.15214393167314316,0.11290970618608748,28.11,27.0,3,580.0,404.0,0.0,432.0,432.0,0.0,2,1,0,-0.003345110919961619,-0.008818544458059241,-0.0045368062399910175,-0.055899973464437286,-0.012196176344348539,-0.011093225537050546,-0.06643455139841697,0.01124059418324276,-0.012262742973655802,15.14,21.73,2,384.0,373.0,0.0,319.0,333.0,0.0,1,1,0,-0.04134442767697895,-0.0004341849601648129,-0.002946481368132126,-0.059007301696491196,-0.009902251146949356,-0.005886264762508636,-0.08527325705122424,-0.0104291531002315,-0.008546233246253665
92,least_connections,484,measured,151,117,6,light,2,100.0,72.25,4,1228.0,0.0,433.0,1042.0,0.0,403.0,3,0,1,0.026917202346655483,-0.03542392655599707,0.02425373380394812,0.27830920556532934,-0.21088827904782328,0.14609492647640684,0.17869903934685882,-0.1376540334185581,0.10215640083503152,28.11,27.0,3,580.0,404.0,0.0,432.0,432.0,0.0,2,1,0,-0.0030265289275843155,-0.007978683081101223,-0.004104729455229968,-0.05057616646782423,-0.011034635740124879,-0.010036727866855256,-0.060107451265234396,0.010170061403886307,-0.011094862690450487,18.16,25.63,3,908.0,0.0,0.0,769.0,0.0,0.0,3,0,0,0.04876093731720045,-0.043476734238335056,-0.0026658640949766854,0.041431488941269884,-0.07645441770438276,-0.005325668118460194,0.05856229123936857,-0.1098644718525904,-0.007732306270419983
92,least_connections,485,measured,359,341,16,medium,1,55.33,35.5,2,397.0,433.0,0.0,307.0,403.0,0.0,1,1,0,-0.06181414118749311,0.011033680961807638,-0.021140045832709068,-0.2494345282980353,0.0703709221313345,-0.1289934792197589,-0.17081991678141348,0.05776539833559027,-0.08988230400640006,38.37,37.66,4,580.0,404.0,359.0,432.0,432.0,341.0,2,1,1,-0.002738288077338197,-0.007218808501948726,0.039370097386311205,-0.04575938870898383,-0.009983718050589188,0.08372187206604254,-0.05438293209711681,0.009201484127325715,0.0863754813753067,18.16,25.63,3,908.0,0.0,0.0,769.0,0.0,0.0,3,0,0,0.044117038525086125,-0.03933609288230314,-0.0024119722764074773,0.03748563285162515,-0.06917304458967964,-0.004818461630987795,0.052984930168952504,-0.09940118881901037,-0.006995896149427604
92,least_connections,486,measured,196,115,2,light,0,68.4,41.25,3,593.0,433.0,0.0,422.0,403.0,0.0,2,1,0,-0.01284317989526021,0.00998285420354024,-0.019126708134355824,-0.10745663671409544,0.06366892954739789,-0.11670838596073424,-0.10252754375461223,0.0522639318274388,-0.0813220845772191,27.09,27.78,3,185.0,404.0,359.0,116.0,432.0,341.0,1,1,1,-0.045561398963396685,-0.006531302930334562,0.035620564301900616,-0.14351019522649555,-0.009032887760056882,0.07574836044070515,-0.13854884332596284,0.008325152305675654,0.07814924505384893,18.16,25.63,3,908.0,0.0,0.0,769.0,0.0,0.0,3,0,0,0.03991541580841125,-0.035589798322083796,-0.0021822606310353365,0.033915572580041825,-0.06258513558113872,-0.004359560523274671,0.04793874634333797,-0.08993440893148558,-0.006329620325672594
92,least_connections,487,measured,178,107,6,light,0,80.27,46.6,4,771.0,433.0,0.0,529.0,403.0,0.0,3,1,0,0.031463880321521934,0.009032106184155453,-0.017305116883464793,0.010142408052326357,0.057605221971455234,-0.10559330158352145,-0.044358253873220566,0.04728641451053986,-0.07357712414129347,27.09,27.78,3,185.0,763.0,0.0,116.0,773.0,0.0,1,2,0,-0.04122221810973986,0.03717462614693086,-0.010855770620275857,-0.12984255758587693,0.08463010835314583,-0.024268490213511674,-0.12535371539015686,0.10394597113370654,-0.025707230665565264,18.16,25.63,3,908.0,0.0,0.0,769.0,0.0,0.0,3,0,0,0.0361139476361816,-0.03220029371998058,-0.0019744262852224473,0.030685518048609278,-0.05662464647817313,-0.003944364282962798,0.04337315145349627,-0.08136922712848695,-0.005726799342275204
92,least_connections,488,measured,151,107,1,light,1,67.2,40.85,3,575.0,433.0,0.0,414.0,403.0,0.0,2,1,0,-0.014616579935856577,0.008171905595188267,-0.015657010513611003,-0.10904575779392689,0.05211901035512617,-0.09553679667080513,-0.09215746779005671,0.04278294646191699,-0.0665697789849798,31.4,31.13,4,740.0,359.0,0.0,655.0,341.0,0.0,3,1,0,0.048871507878035805,-0.009449714665248493,-0.00982188770405911,0.025992788034546715,-0.027865276115861246,-0.021957205431272466,0.03898056702795333,-0.02809650230759886,-0.023258922983130478,18.16,25.63,3,908.0,0.0,0.0,769.0,0.0,0.0,3,0,0,0.03267452405178335,-0.02913359907998243,-0.0017863856866298332,0.027763087758265553,-0.0512318230040614,-0.0035687105417282457,0.03924237512459186,-0.0736197769257739,-0.0051813898811061375
92,least_connections,489,measured,422,448,14,heavy,0,95.33,63.25,4,575.0,855.0,0.0,414.0,851.0,0.0,2,2,0,-0.013224524703870227,0.05047752909859437,-0.01416586665517186,-0.09866044752783859,0.3016949776228919,-0.08643805413072844,-0.08338056609576558,0.24137504679887725,-0.06022980003402934,27.09,27.78,3,589.0,359.0,0.0,548.0,341.0,0.0,2,1,0,0.0011331783295607523,-0.008549741839986733,-0.008886469827482051,-0.015516729193233242,-0.02521144029530302,-0.019866043009246517,0.00501515588243398,-0.0254206449449704,-0.021043787460927575,18.16,25.63,3,908.0,0.0,0.0,769.0,0.0,0.0,3,0,0,0.02956266461828018,-0.02635897059617458,-0.001616253716474611,0.02511898416224026,-0.046352601765579364,-0.0032288333472779364,0.035505006065106925,-0.06660836959950972,-0.004687924178143648
92,least_connections,490,measured,189,114,8,light,1,68.87,47.9,3,178.0,855.0,0.0,107.0,851.0,0.0,1,2,0,-0.05504894638740186,0.045670145374918716,-0.012816736497536445,-0.32872453189026674,0.2729621226111879,-0.0782058584992305,-0.21432051218188314,0.2183869471037461,-0.05449362860221702,27.2,27.72,3,404.0,548.0,0.0,432.0,455.0,0.0,1,2,0,-0.04205864364286907,0.03534841951438842,-0.008040139367721856,-0.06186207471224507,0.026046792113773476,-0.0179740389131278,-0.02826009705875021,0.009232511716455338,-0.01903961722655352,7.46,11.1,1,373.0,0.0,0.0,333.0,0.0,0.0,1,0,0,-0.05942062770364219,-0.023848592444157955,-0.0014623247910960765,-0.07408282385321119,-0.041938068264095615,-0.0029213254094419424,-0.0993684865760144,-0.060264715351937365,-0.0042414552087966335
92,least_connections,491,measured,171,114,4,light,2,68.87,47.9,3,178.0,855.0,0.0,107.0,851.0,0.0,1,2,0,-0.04980618958860168,0.041320607720164555,-0.011596094926342497,-0.2974174336150033,0.24696572998155097,-0.07075768149930378,-0.1939090348312276,0.19758819023672267,-0.049303759211529685,27.2,27.72,3,593.0,359.0,0.0,546.0,341.0,0.0,2,1,0,0.0050308416927329624,-0.011101996856596422,-0.007274411808891204,-0.007113305692031252,-0.0252909976113478,-0.016262225683306104,0.006663483613511684,-0.023878917970826113,-0.017226320347834136,3.42,3.8,1,171.0,0.0,0.0,114.0,0.0,0.0,1,0,0,-0.05376152030329531,-0.021577297925666723,-0.0013230557633726408,-0.10357969777195297,-0.03794396652465794,-0.0026431039418760433,-0.1559524402354416,-0.05452521865175285,-0.0038375070936731447
92,least_connections,492,measured,440,436,21,heavy,2,68.87,47.9,3,611.0,422.0,0.0,510.0,448.0,0.0,2,1,0,-0.0019788427343584436,-0.005698588479941813,-0.010491704933357498,-0.007917360572304522,-0.03772941890558085,-0.06401885468984628,0.0068680161050798105,-0.003539256452489009,-0.0446081630961459,27.2,27.72,3,593.0,359.0,0.0,546.0,341.0,0.0,2,1,0,0.0045517139124726935,-0.010044663822634858,-0.006581610684234899,-0.0064358480070758894,-0.022882331172171824,-0.014713442284896,0.006028866126510574,-0.021604735306937906,-0.015585718409945172,12.22,18.33,2,171.0,0.0,440.0,114.0,0.0,436.0,1,0,1,-0.048641375512505275,-0.01952231717084132,0.041886849774182125,-0.09371496465081458,-0.034330255427071465,0.07722766786211215,-0.14109982687968528,-0.04933234068491925,0.12802003326445446
92,least_connections,493,measured,463,403,15,heavy,2,57.0,42.55,2,433.0,422.0,0.0,403.0,448.0,0.0,1,1,0,-0.04487428174831977,-0.005155865767566409,-0.009492494939704403,-0.11452840559716443,-0.034136140914573176,-0.057921820909860915,-0.04219084257159447,-0.0032021844093948204,-0.040359766610798674,27.2,27.72,3,593.0,359.0,0.0,546.0,341.0,0.0,2,1,0,0.00411821734938006,-0.009088029172860113,-0.00595479061906967,-0.0058229101016401,-0.020703061536726894,-0.013312162067286857,0.005454688400176239,-0.019547141468181928,-0.014101364275664678,21.48,31.77,3,171.0,0.0,903.0,114.0,0.0,839.0,1,0,2,-0.04400886355893334,-0.017663048868856432,0.08098152621292215,-0.08478972992216557,-0.031060707291159898,0.15365360425619673,-0.12766174812923906,-0.04463402252445075,0.23736733168371277
92,least_connections,494,measured,387,302,6,medium,0,82.8,57.65,3,820.0,422.0,0.0,705.0,448.0,0.0,2,1,0,0.0024833595973252076,-0.0046648309325600795,-0.008588447802589699,0.1298076330311369,-0.030885079875090038,-0.05240545701368368,0.09844638053046212,-0.00289721446564295,-0.036515979314532133,27.2,27.72,3,952.0,0.0,0.0,887.0,0.0,0.0,3,0,0,0.046809906400005985,-0.05130640281172604,-0.005387667702967797,0.08753437385361817,-0.11153406247880733,-0.012044337108497633,0.10134888474301657,-0.11409919942359317,-0.012758377201791852,21.48,31.77,3,171.0,463.0,440.0,114.0,403.0,436.0,1,1,1,-0.0398175432199873,0.027103046488268216,0.030185099680172193,-0.07671451754862602,0.05567840768895057,0.05523897527941607,-0.11550348640264488,0.08115651930327472,0.09322123660272424
92,least_connections,495,measured,378,337,8,medium,0,100.0,74.5,4,820.0,800.0,0.0,705.0,785.0,0.0,2,2,0,0.0022468491594846984,0.03886333890682206,-0.007770500392819252,0.1174450013138858,0.20005635630349,-0.04741446110761857,0.08907053476565618,0.1498310916739421,-0.033038266998862406,15.66,14.22,2,548.0,0.0,0.0,455.0,0.0,0.0,2,0,0,-0.000732080150561476,-0.0464200787344188,-0.00487455649316134,-0.025237607329719608,-0.10091177081415902,-0.010897257383878811,-0.030446247137270732,-0.10323260900229858,-0.011543293658764057,18.06,27.97,2,0.0,463.0,440.0,0.0,403.0,436.0,0,1,1,-0.07910929647341254,0.024521803965576006,0.027310328282060557,-0.10035123016304258,0.050375702194764796,0.04997812049090025,-0.13888410674525015,0.07342732698867713,0.08434302359294099
92,least_connections,496,measured,182,120,4,light,1,100.0,74.5,4,1620.0,0.0,0.0,1490.0,0.0,0.0,4,0,0,0.08820066397876279,-0.05100573191877097,-0.007030452736360275,0.516418493252246,-0.30153631255081065,-0.04289879814498823,0.43570667431178417,-0.21955758372357623,-0.02989176537992313,20.86,17.97,3,730.0,0.0,0.0,575.0,0.0,0.0,3,0,0,0.04242154199529698,-0.04199911885495034,-0.004410313017622165,0.024213593368348912,-0.0913011259747153,-0.009859423347318924,0.006381966875802669,-0.09340093195446063,-0.010443932357929385,18.06,27.97,2,0.0,463.0,440.0,0.0,403.0,436.0,0,1,1,-0.07157507776165897,0.022186394064092577,0.02470934463615003,-0.09079397014751471,0.04557801627145386,0.045218299491766895,-0.12565704895998822,0.06643424822785073,0.07631035467932756
92,least_connections,497,measured,412,436,16,heavy,2,100.0,74.5,4,1620.0,0.0,0.0,1490.0,0.0,0.0,4,0,0,0.07980060074269014,-0.046148043164602304,-0.006360885809087868,0.46723577960917484,-0.2728185684983525,-0.03881319832165602,0.3942108005678047,-0.19864733765466422,-0.02704493058183521,20.86,17.97,3,730.0,0.0,0.0,575.0,0.0,0.0,3,0,0,0.03838139513860202,-0.0379992027735265,-0.003990283206420054,0.02190753685707758,-0.08260578064379004,-0.008920430647574265,0.005774160506678616,-0.08450560510165485,-0.009449272133364682,26.3,42.5,3,0.0,463.0,852.0,0.0,403.0,872.0,0,1,2,-0.06475840368912002,0.02007340415322662,0.06543997394517882,-0.08214692537156093,0.04123725281702968,0.11546417573064624,-0.11368971096379887,0.060107176968055426,0.20053476534478842
92,least_connections,498,measured,376,327,11,medium,1,100.0,74.5,4,1620.0,0.0,0.0,1490.0,0.0,0.0,4,0,0,0.0722005435291006,-0.04175299143464018,-0.005755087160603309,0.42273713393211065,-0.24683584768898562,-0.03511670324340307,0.3566669147994424,-0.17972854359231524,-0.024469222907374716,26.2,24.62,3,541.0,376.0,0.0,461.0,327.0,0.0,2,1,0,-0.008357876053736502,0.008703669145947668,-0.0036102562343800484,-0.029036038081691695,0.02245871547194507,-0.008070865823995764,-0.027007902398719336,0.015997904908026564,-0.008549341453996617,26.3,42.5,3,0.0,463.0,852.0,0.0,403.0,872.0,0,1,2,-0.05859093667110859,0.018161651376728847,0.05920759547420941,-0.07432340866950751,0.037309895405884,0.10446758756582279,-0.10286211944343708,0.054382683923478725,0.1814362162643324
92,least_connections,499,measured,191,122,8,light,1,79.13,54.35,3,1187.0,0.0,0.0,1087.0,0.0,0.0,3,0,0,0.02224040106147651,-0.03777651605991254,-0.005206983621498232,0.19368280371635416,-0.22332767171860604,-0.03177225531545992,0.14038911338997173,-0.16261153944066617,-0.02213882072571998,31.66,28.44,4,541.0,567.0,0.0,461.0,449.0,0.0,2,2,0,-0.007561887858142546,0.0509586485016624,-0.003266422307296234,-0.02627070112153057,0.06969393984876664,-0.007302211935996167,-0.024435721217888923,0.048968342535833556,-0.007735118458377891,26.3,42.5,3,0.0,1315.0,0.0,0.0,1275.0,0.0,0,3,0,-0.05301084746433634,0.10259977074674559,-0.0325990235958967,-0.06724498879622108,0.18792800060532364,-0.05965313505949366,-0.09306572711549069,0.3121875076767982,-0.09882755036401673
92,least_connections,500,measured,172,123,5,light,0,64.8,45.4,3,972.0,0.0,0.0,908.0,0.0,0.0,3,0,0,0.020122267627050175,-0.03417875262563516,-0.004711080419450782,0.045554282727495066,-0.20205836965016738,-0.028746326237797073,0.046042531162355405,-0.14712472616060274,-0.020030361608984745,26.46,24.69,3,550.0,376.0,0.0,463.0,327.0,0.0,2,1,0,-0.0068417080621289705,0.0030215436556990938,-0.0029553344685061167,-0.021442198973901816,0.013682272108067772,-0.006606763180187008,-0.021543033482851887,0.009810643246706552,-0.006998440509960949,26.3,42.5,3,0.0,1315.0,0.0,0.0,1275.0,0.0,0,3,0,-0.04796219532487574,0.0928283640089603,-0.029494354682001775,-0.06084070414896193,0.170030095785769,-0.05397188410144665,-0.084202324533063,0.2824553640885317,-0.08941540271030085
92,least_connections,501,measured,194,109,9,light,0,77.73,50.85,4,972.0,194.0,0.0,908.0,109.0,0.0,3,1,0,0.018205861186378722,0.012160266898801744,-0.004262406093788803,0.04121577961059075,-0.06579884238189748,-0.0260085808818164,0.04165752819451202,-0.08380332366911677,-0.01812270812241477,16.2,14.03,2,191.0,376.0,0.0,122.0,327.0,0.0,1,1,0,-0.04927401704487405,0.0027337775932515657,-0.0026738740429341056,-0.11220280587434653,0.012379198573966077,-0.005977547639216817,-0.11590500648448504,0.00887629627082974,-0.006331922366155145,26.3,42.5,3,463.0,852.0,0.0,403.0,872.0,0.0,1,2,0,-0.0003104669719397324,0.040903667209921,-0.02668536852181113,0.02873460100808206,0.07005580094902908,-0.04883170466321363,0.04535662700976839,0.1340151706832748,-0.08089965007122459
92,least_connections,502,measured,198,105,3,light,1,77.73,50.85,4,972.0,194.0,0.0,908.0,109.0,0.0,3,1,0,0.01647196964481884,0.011002146241773009,-0.0038564626562851076,0.037290467266724914,-0.05953228596457391,-0.023531573178786267,0.03769014455693942,-0.07582205474824852,-0.016396735920280032,21.86,17.31,3,765.0,0.0,0.0,554.0,0.0,0.0,3,0,0,0.04158654693672392,-0.040610482404291666,-0.0024192193721784766,0.04686412801844839,-0.08599705163035723,-0.005408257387862834,0.017276422704513544,-0.08442442242163024,-0.0057288821408070355,26.3,42.5,3,463.0,852.0,0.0,403.0,872.0,0.0,1,2,0,-0.0002808986888978571,0.03700807985659519,-0.02414390485306721,0.025997972340645673,0.0633838199062644,-0.044181066123859955,0.04103694824693331,0.12125182109439148,-0.07319492149301272
92,least_connections,503,measured,170,104,9,light,1,24.4,11.6,2,366.0,0.0,0.0,232.0,0.0,0.0,2,0,0,-0.028180689595730807,-0.033129577436581785,-0.0034891804985436687,-0.33178481533010606,-0.1708784174600113,-0.021290470971282813,-0.27170891682943576,-0.11791043048651056,-0.014835142023110506,26.71,20.56,4,765.0,170.0,0.0,554.0,104.0,0.0,3,1,0,0.03762592341894069,0.006341082813350621,-0.002188817527209098,0.042400877730977116,-0.03386127800569737,-0.004893185255685422,0.015631049113607492,-0.046979239333855935,-0.0051832743178730325,26.3,42.5,3,463.0,852.0,0.0,403.0,872.0,0.0,1,2,0,-0.00025414643281235216,0.033483500822633745,-0.021844485343251285,0.023521974974869894,0.057347265629477326,-0.0399733455406352,0.0371286674615111,0.10970402860921136,-0.06622397658891628
92,least_connections,504,measured,366,318,11,medium,0,48.8,27.5,3,366.0,366.0,0.0,232.0,318.0,0.0,2,1,0,-0.025496814396137407,0.013109520641278613,-0.003156877593920462,-0.3001862614891436,0.066157622298085,-0.01926280706925588,-0.24583187713139426,0.0371762771788714,-0.013422271354242838,26.71,20.56,4,765.0,170.0,0.0,554.0,104.0,0.0,3,1,0,0.03404250214094634,0.005737170164460084,-0.0019803587150939456,0.03836269889945548,-0.030636394386107144,-0.004427167612286811,0.0141423777694544,-0.04250502606396489,-0.0046896291447422675,26.3,42.5,3,463.0,852.0,0.0,403.0,872.0,0.0,1,2,0,-0.00022994201063974984,0.030294595982382905,-0.019764058167703543,0.021281786882025144,0.05188562128381283,-0.03616636025105089,0.033592603893748144,0.09925602588452453,-0.059916931199495684
92,least_connections,505,measured,414,415,18,heavy,0,64.93,42.1,3,194.0,366.0,414.0,109.0,318.0,415.0,1,1,1,-0.0661524465851674,0.011860994865918746,0.040227677641781714,-0.3753431254743046,0.05985689636493405,0.23228603169924472,-0.27806217454745197,0.03363567935231221,0.17559413544139935,21.06,17.28,3,737.0,0.0,0.0,553.0,0.0,0.0,3,0,0,0.030800359079903833,-0.037893127220817294,-0.0017917531231802365,0.027471013289983526,-0.07166422077110374,-0.0040055326015928285,0.012512746553315912,-0.06786169024834919,-0.0042429977976239566,26.3,42.5,3,463.0,852.0,0.0,403.0,872.0,0.0,1,2,0,-0.00020804277153120554,0.027409396365013106,-0.01788176691363654,0.01925495003611799,0.046944133542497324,-0.03272194498904604,0.03039330828481976,0.08980307103837937,-0.054210556799543716
92,least_connections,506,measured,193,104,4,light,0,77.8,47.3,4,387.0,366.0,414.0,213.0,318.0,415.0,2,1,1,-0.016768313350298852,0.010731376307259816,0.03639647024732631,-0.22318346273071998,0.05415623956827367,0.21016355248979282,-0.2045324436381708,0.030432281318758664,0.15887088444698033,21.06,17.28,3,737.0,0.0,0.0,553.0,0.0,0.0,3,0,0,0.02786699154848442,-0.034284257961691836,-0.0016211099685916426,0.024854726309985115,-0.06483905688814148,-0.0036240533062030355,0.011321056405381058,-0.06139867212945879,-0.0038389027692788177,26.3,42.5,3,1315.0,0.0,0.0,1275.0,0.0,0.0,3,0,0,0.08597957127927222,-0.06136882278993145,-0.0161787414932902,0.171592573842202,-0.11169816489012147,-0.029605569275803562,0.2904828344799163,-0.18173372937797425,-0.0490476466281586
92,least_connections,507,measured,387,343,8,medium,1,77.8,47.3,4,387.0,366.0,414.0,213.0,318.0,415.0,2,1,1,-0.01517133112646088,0.00970934046847316,0.032930139747580946,-0.20192789485160378,0.04899850246653334,0.1901479760621935,-0.1850531632916783,0.027533968812210208,0.1437403240234584,26.66,24.19,3,546.0,387.0,0.0,431.0,343.0,0.0,2,1,0,-0.017870907873366704,0.012064809689988562,-0.0014667185430114861,-0.02688654014130598,0.04137690771345022,-0.0032789053722789368,-0.024251187061798102,0.04142798712096586,-0.003473292981728454,26.3,42.5,3,1315.0,0.0,0.0,1275.0,0.0,0.0,3,0,0,0.0777910406812463,-0.05552417300041417,-0.014637908970119705,0.15525042395246846,-0.10106024442439561,-0.026785991249536557,0.2628178026246862,-0.1644257551515005,-0.04437644218738159
92,least_connections,508,measured,368,329,15,medium,1,77.8,47.3,4,753.0,0.0,414.0,531.0,0.0,415.0,3,0,1,0.029357457779007043,-0.034299258850519744,0.02979393596209705,0.0380652379914061,-0.17642992633980317,0.17203864500865126,-0.023571909644851785,-0.11894545678895267,0.13005076935455762,37.17,34.47,4,933.0,0.0,368.0,774.0,0.0,329.0,3,0,1,0.02691498357942558,-0.03216812003105343,0.04175686916403269,0.07571489905582521,-0.06260456649055184,0.09216262303052314,0.07503761646789697,-0.059496702128649936,0.08987833015938854,17.04,29.07,2,852.0,0.0,0.0,872.0,0.0,0.0,2,0,0,0.02729846991341786,-0.05023615652418425,-0.013243822401536876,0.05668371690937622,-0.09143545924111984,-0.02423494446386641,0.11624785316836689,-0.14876615942278618,-0.04015011436001192
92,least_connections,509,measured,476,432,14,heavy,2,77.8,47.3,4,753.0,414.0,0.0,531.0,415.0,0.0,3,1,0,0.02656150941910161,0.012051237457239503,-0.016127481975336228,0.03443997723031983,0.09008720950208288,-0.09406027356360126,-0.021326965869151615,0.0801207771909476,-0.07007311344111453,26.43,24.25,3,557.0,368.0,0.0,447.0,329.0,0.0,2,1,0,-0.01873224841680088,0.01397941067485188,-0.005303875745013505,-0.02869332262296087,0.03848702487589528,-0.011744021339730766,-0.024564180338569414,0.039190483788364344,-0.011702344141505604,26.56,43.47,3,852.0,476.0,0.0,872.0,432.0,0.0,2,1,0,0.024698615635949495,-0.002367860437980762,-0.011982505982342887,0.05128526767991182,0.003406013067558236,-0.02192685451492675,0.10517662905709385,-0.004312239477758939,-0.036326293944772686
92,least_connections,510,measured,381,326,12,medium,1,52.0,36.65,2,366.0,414.0,0.0,318.0,415.0,0.0,1,1,0,-0.06213595859813709,0.010903500556550025,-0.014591531311018492,-0.20226859202971065,0.08150747526378926,-0.08510215227182971,-0.1156529691197086,0.07249022698228594,-0.06339948358957981,37.31,34.44,4,557.0,749.0,0.0,447.0,655.0,0.0,2,2,0,-0.016948224758057934,0.05573193845638526,-0.004798744721678886,-0.025960625230297935,0.13331138985370117,-0.010625543116899266,-0.02222473459203897,0.1276306758085201,-0.010587835175647927,26.56,43.47,3,852.0,476.0,0.0,872.0,432.0,0.0,2,1,0,0.02234636652776384,-0.002142349920077835,-0.010841314936405468,0.046400956472301164,0.0030816308706479306,-0.0198385826563623,0.09515980724213252,-0.0039015500036866657,-0.032866646902413386
92,least_connections,511,measured,368,322,10,medium,0,76.53,52.75,3,366.0,782.0,0.0,318.0,737.0,0.0,1,2,0,-0.05621824825545736,0.05294897215887406,-0.013201861662350064,-0.18300491659830964,0.2957131125402538,-0.07699718538879831,-0.1046384006321173,0.21125306250778253,-0.05736143753342935,37.31,34.44,4,557.0,749.0,0.0,447.0,655.0,0.0,2,2,0,-0.015334108114433365,0.05042413479387238,-0.004341721414852325,-0.023488184732174316,0.12061506701049154,-0.009613586629575526,-0.02010809320232096,0.11547537335056582,-0.009579469920824315,26.56,43.47,3,852.0,476.0,0.0,872.0,432.0,0.0,2,1,0,0.020218141144167284,-0.0019383165943561431,-0.0098088087519859,0.041981817760653434,0.0027881422163005126,-0.01794919383194684,0.08609696845716752,-0.003529973812859355,-0.029736490054564493
92,least_connections,512,measured,184,115,5,light,0,88.8,58.5,4,550.0,782.0,0.0,433.0,737.0,0.0,2,2,0,-0.007780229147227868,0.047906212905647956,-0.01194454150403101,-0.05459174993815319,0.2675499589649915,-0.06966412011367466,-0.0426490291433442,0.19113372322132705,-0.05189844348262655,32.46,31.19,3,387.0,749.0,0.0,343.0,655.0,0.0,1,2,0,-0.05695761709219707,0.04562183624207501,-0.003928224137247342,-0.06519679298897404,0.10912791777139712,-0.008698006950568334,-0.04759779861162371,0.10447771874575003,-0.00866713945217438,26.56,43.47,3,852.0,476.0,0.0,872.0,432.0,0.0,2,1,0,0.01829260389234183,-0.0017537150139412677,-0.008874636489892004,0.03798354940249596,0.0025226048623671338,-0.016239746800332855,0.07789725717553253,-0.0031937858306822775,-0.026904443382701208
92,least_connections,513,measured,440,431,15,heavy,1,88.8,58.5,4,550.0,782.0,0.0,433.0,737.0,0.0,2,2,0,-0.007039254942729972,0.04334371643844339,-0.010806966122694724,-0.04939253565832907,0.2420690104921352,-0.0630294420076104,-0.03858721684397806,0.17293051148596256,-0.046955734579519265,45.03,44.66,4,387.0,749.0,440.0,343.0,655.0,431.0,1,2,1,-0.05153308213103544,0.04127689945711549,0.03952979267400977,-0.05898757460907175,0.09873478274554978,0.10587187126241097,-0.04306467493432624,0.09452745981758336,0.11401842144803269,9.52,14.4,1,0.0,476.0,0.0,0.0,432.0,0.0,0,1,0,-0.06961734931282451,-0.0015866945364230584,-0.008029433014664194,-0.11980536006440841,0.00228235678023693,-0.014693104247920202,-0.19250565620626423,-0.0028896157515696796,-0.02434211544149157
92,least_connections,514,measured,476,414,17,heavy,2,88.8,58.5,4,918.0,414.0,0.0,755.0,415.0,0.0,3,1,0,0.036715050516668346,-0.0038681567824514484,-0.009777731253866655,0.1772797693250039,-0.0029534349515601965,-0.0570266380068856,0.11075442285544845,0.010794272296823254,-0.042483759857660286,45.03,44.66,4,387.0,1189.0,0.0,343.0,1086.0,0.0,1,3,0,-0.046625169547127296,0.0804296664022428,-0.0073188497121770965,-0.05336971036058874,0.2030729667017559,-0.017952660694553348,-0.03896327732153325,0.20738496364448017,-0.018700594880351362,19.04,28.2,2,0.0,476.0,476.0,0.0,432.0,414.0,0,1,1,-0.06298712556874599,-0.0014355807710494384,0.03581917511825167,-0.10839532577255999,0.002064989467833414,0.07283957234711982,-0.17417178418662002,-0.002614414251420172,0.10283332412436477
92,least_connections,515,measured,179,100,7,light,2,64.4,42.6,3,552.0,414.0,0.0,437.0,415.0,0.0,2,1,0,-0.00986552118786696,-0.0034997608984084494,-0.008846518753498402,-0.06036592299166316,-0.0026721554323639873,-0.05159552962527745,-0.04365076027364187,0.009766246363792475,-0.03843768749026407,33.97,33.94,3,381.0,808.0,0.0,326.0,760.0,0.0,1,2,0,-0.042184677209305646,0.029685797946700412,-0.0066218164062554685,-0.04983790121060068,0.08524288824036419,-0.016242883485548268,-0.0400590366242444,0.09546139567833922,-0.01691958584412742,22.62,31.53,3,179.0,476.0,476.0,100.0,432.0,414.0,1,1,1,-0.013904451478298524,-0.0012988587928542544,0.032407825106989606,-0.06568148522279237,0.0018683238042302291,0.0659024702188227,-0.12742526505773558,-0.002365422417951568,0.0930396742077586
92,least_connections,516,measured,151,117,6,light,0,74.47,48.45,4,1117.0,0.0,0.0,969.0,0.0,0.0,4,0,0,0.0772418527121113,-0.04625035056341263,-0.008003993157927125,0.2861768633250032,-0.25213195015309126,-0.04668166966096531,0.20117312165718115,-0.17890196757561633,-0.03477695534833416,33.97,33.94,3,749.0,440.0,0.0,655.0,431.0,0.0,2,1,0,0.004916811323099873,-0.01622532113212366,-0.005991167224707329,0.05003781727204154,-0.01800473376892217,-0.014695942201210338,0.05677694305425507,-0.006650999148169273,-0.015308196716115286,22.62,31.53,3,655.0,0.0,476.0,532.0,0.0,414.0,2,0,1,0.030503682222582512,-0.04425905818219693,0.029321365572990594,0.02670722765556882,-0.084442945129506,0.059626044483696725,0.014996188757286866,-0.13242585837814666,0.08417875285463874
92,least_connections,517,measured,153,124,6,light,1,62.2,42.7,3,933.0,0.0,0.0,854.0,0.0,0.0,3,0,0,0.026801585560390945,-0.04184555527165905,-0.007241708095267399,0.14793779697659015,-0.22811938347184446,-0.042235796359920995,0.1299899672136401,-0.16186368494936715,-0.031464864362778525,38.34,37.81,4,902.0,440.0,0.0,779.0,431.0,0.0,3,1,0,0.04753244380480011,-0.014680052452873793,-0.005420579869973297,0.08482333127334374,-0.016289997219501,-0.013296328658237926,0.08642913895384982,-0.006017570657867427,-0.013850273219342402,22.62,31.53,3,655.0,476.0,0.0,532.0,414.0,0.0,2,1,0,0.027598569629955605,0.003039990442864904,-0.01655504566071826,0.024163682164562272,0.009732573454256488,-0.03218595975284583,0.013567980304211913,0.005043270991200638,-0.04869541408389829
92,least_connections,518,measured,187,102,8,light,0,74.67,47.8,4,933.0,187.0,0.0,854.0,102.0,0.0,3,1,0,0.024249053602258472,0.005223635933351567,-0.006552021610003837,0.13384848297881963,-0.09360007710944658,-0.03821333956373804,0.11760997033615056,-0.10030523876371317,-0.028468210613942474,38.34,37.81,4,902.0,440.0,0.0,779.0,431.0,0.0,3,1,0,0.04300554439481914,-0.013281952219266771,-0.0049043341680710785,0.07674491877112052,-0.014738568912881861,-0.012030011643167648,0.07819779238681648,-0.005444468690451482,-0.01253119957940503,22.62,31.53,3,655.0,476.0,0.0,532.0,414.0,0.0,2,1,0,0.02497013442710269,0.002750467543544438,-0.014978374645411758,0.021862379101270632,0.008805661696708253,-0.029120630252574796,0.012275791703810768,0.004562959468229155,-0.0440577555997175
92,least_connections,519,measured,389,316,14,medium,2,74.67,47.8,4,1120.0,0.0,0.0,956.0,0.0,0.0,4,0,0,0.06502352015261026,-0.03835775342991547,-0.005928019551908234,0.23389465920305907,-0.19747943484505484,-0.034573973891001086,0.1525518779231838,-0.1368952160243119,-0.025756952460233667,38.34,37.81,4,902.0,440.0,0.0,779.0,431.0,0.0,3,1,0,0.03890977826197922,-0.012017004388860414,-0.004437254723492881,0.06943587888815667,-0.013334895683083575,-0.010884296248580254,0.07075038358807204,-0.004925947862789437,-0.011337752000414076,30.4,42.07,4,655.0,865.0,0.0,532.0,730.0,0.0,2,2,0,0.02259202638642624,0.045572418480440434,-0.013551862774420161,0.019780247758292485,0.07835750343987888,-0.02634723689518672,0.011106668684400217,0.09942997920141369,-0.03986177887593488
92,least_connections,520,measured,401,426,16,heavy,0,100.0,69.1,5,1120.0,0.0,401.0,956.0,0.0,426.0,4,0,1,0.058830803947599764,-0.03470463405563781,0.037720453965507064,0.21161897737419633,-0.17867186962171627,0.21059180140020534,0.13802312764478536,-0.12385757640294887,0.16941037634550288,38.34,37.81,4,902.0,440.0,0.0,779.0,431.0,0.0,3,1,0,0.03520408509417168,-0.010872527780397517,-0.004014659035541178,0.06282293804166555,-0.012064905618028005,-0.009847696605858325,0.06401225181777945,-0.00445680997109521,-0.010257966095612735,30.4,42.07,4,655.0,865.0,0.0,532.0,730.0,0.0,2,2,0,0.020440404825814218,0.041232188148969916,-0.012261209176856337,0.017896414638455108,0.07089488406465232,-0.02383797623850227,0.010048890714457331,0.08996045737270761,-0.0360654189829887
92,least_connections,521,measured,386,346,9,medium,1,76.87,53.0,4,752.0,0.0,401.0,634.0,0.0,426.0,3,0,1,0.010143970011547182,-0.03139943081224374,0.034128029778315916,-0.030503464915409673,-0.1616555010863147,0.19053543936209055,-0.020788598797575164,-0.11206161674552516,0.1532760547887883,49.37,48.62,5,1342.0,386.0,0.0,1210.0,346.0,0.0,4,1,0,0.07493521531196032,-0.009837048944169188,-0.0036323105559658278,0.1705812976839559,-0.024875050661209014,-0.008909820738633722,0.17977596593037187,-0.028065089973848045,-0.009281016943649618,30.4,42.07,4,655.0,865.0,0.0,532.0,730.0,0.0,2,2,0,0.018493699604308106,0.037305313087163255,-0.011093474969536686,0.01619199419669748,0.06414299034420924,-0.02156769278721634,0.009091853503556624,0.08139279476578307,-0.03263061717508502
92,least_connections,522,measured,359,322,7,medium,0,90.73,63.25,4,960.0,401.0,0.0,839.0,426.0,0.0,3,1,0,0.009177877629495068,0.014674891396632084,-0.012206158998757256,0.09786194444161356,0.0956132767949216,-0.0694838088311244,0.07392936299267006,0.09132520389690581,-0.05403595042919153,38.49,38.44,4,961.0,386.0,0.0,884.0,346.0,0.0,3,1,0,0.024714627912635304,-0.008900187139962601,-0.003286376217302416,0.05584566389092607,-0.022505998217284356,-0.008061266382573368,0.07048182631795552,-0.02539222426205298,-0.00839711056806394,26.82,38.73,3,476.0,865.0,0.0,432.0,730.0,0.0,1,2,0,-0.02635150534666908,0.03375242612648104,-0.010036953543866526,-0.01774057667917847,0.05803413412095121,-0.019513626807481452,-0.021932767465036085,0.07364110002618468,-0.029522939348886442
92,least_connections,523,measured,464,447,20,heavy,2,63.13,42.5,3,546.0,401.0,0.0,424.0,426.0,0.0,2,1,0,-0.03478010618102373,0.013277282692190931,-0.01104366766554228,-0.16117252645758773,0.0865072504335005,-0.06286630322816017,-0.1208496239590128,0.08262756543053382,-0.048889669435935194,23.6,24.28,2,826.0,0.0,0.0,777.0,0.0,0.0,2,0,0,-0.020723046401039724,-0.05113645049624734,-0.0029733880061307573,0.015629070050973914,-0.1201448827408083,-0.00729352672709019,0.03351629524005498,-0.12080129814185746,-0.007597385752057851,26.58,39.23,3,0.0,865.0,464.0,0.0,730.0,447.0,0,2,1,-0.0669257383975532,0.030537909352530465,0.03400284702040194,-0.10218433128116149,0.05250707372847967,0.06630671860275487,-0.15012964675408025,0.06662766192845279,0.10809829297005512
92,least_connections,524,measured,484,405,16,heavy,1,63.13,42.5,3,546.0,401.0,0.0,424.0,426.0,0.0,2,1,0,-0.031467715116164335,0.012012779578648936,-0.00999188979263349,-0.14582276203305555,0.078268464677929,-0.05687903625404968,-0.10934013596291633,0.07475827348476868,-0.044233510442036605,37.43,36.94,3,826.0,0.0,484.0,777.0,0.0,405.0,2,0,1,-0.018749422934274035,-0.0462663123537476,0.0403936920307343,0.0141405871889764,-0.10870251295596942,0.11851674112446942,0.03032426712195449,-0.10929641260453771,0.10763510336718575,26.58,39.23,3,476.0,389.0,464.0,414.0,316.0,447.0,1,1,1,-0.017467958323409805,-0.015454363193515522,0.030764480637506517,-0.006319156873431819,-0.03862693329328029,0.059991793021540125,-0.0109744423013107,-0.06457497254092368,0.09780321744909748
92,least_connections,525,measured,386,317,6,medium,0,88.87,58.35,4,932.0,401.0,0.0,741.0,426.0,0.0,3,1,0,0.014613110359751547,0.01086870533306332,-0.00904028124095411,0.10089051689072748,0.07081432518479291,-0.05146198518223542,0.044477972224028106,0.06763843791479071,-0.04002079516184264,37.43,36.94,3,826.0,0.0,484.0,777.0,0.0,405.0,2,0,1,-0.01696376360720031,-0.04185999689148592,0.036546673742092944,0.012793864599550064,-0.09834989267444852,0.10722943244594853,0.027436241681768336,-0.0988872304517246,0.09738414114173949,26.58,39.23,3,476.0,389.0,464.0,414.0,316.0,447.0,1,1,1,-0.01580434324498982,-0.013982519079847378,0.027834530100601135,-0.00571733240929545,-0.03494817774153931,0.05427828892425059,-0.009929257320233503,-0.05842497515607381,0.0884886253110882
92,least_connections,526,measured,165,120,4,light,1,76.4,53.25,3,745.0,401.0,0.0,639.0,426.0,0.0,2,1,0,-0.029862514663172635,0.009833590539438247,-0.008179302075148956,-0.021511754559183027,0.06407010373862215,-0.04656084373630824,-0.005900882273498387,0.061196681922905866,-0.03620929086071477,42.14,40.69,4,991.0,484.0,0.0,897.0,405.0,0.0,3,1,0,0.027735733153576136,0.005210569705889151,-0.010017862079149469,0.05422846252884461,0.03613241002924046,-0.028098540712169023,0.05875183771207615,0.025039529591296794,-0.02639946753842617,26.58,39.23,3,865.0,0.0,464.0,730.0,0.0,447.0,2,0,1,0.028784732528909437,-0.05573475082280976,0.025183622471972457,0.06521765162968504,-0.10201025605186889,0.04910892807432196,0.08631797353566176,-0.1481622791094636,0.08006113718622265
92,least_connections,527,measured,398,332,12,medium,0,100.0,69.85,4,745.0,799.0,0.0,639.0,758.0,0.0,2,2,0,-0.027018465647632384,0.05198095833386816,-0.007400320925134769,-0.019463016029737046,0.2980316811603407,-0.042126477666183645,-0.00533889348554617,0.20555890269215293,-0.03276078696921812,42.14,40.69,4,991.0,484.0,0.0,897.0,405.0,0.0,3,1,0,0.02509423475799745,0.004714324971994949,-0.009063779976373329,0.04906384704990702,0.032691228121693755,-0.025422489215771973,0.05315642459664033,0.02265481248736377,-0.023885232534766536,26.58,39.23,3,865.0,0.0,464.0,730.0,0.0,447.0,2,0,1,0.026043329430918055,-0.050426679315875494,0.02278518223654651,0.05900644671257217,-0.09229499357073852,0.04443188730533892,0.07809721415131302,-0.13405158586094326,0.07243626697801098
92,least_connections,528,measured,155,104,7,light,2,100.0,69.85,4,745.0,799.0,0.0,639.0,758.0,0.0,2,2,0,-0.024445278443095964,0.047030390873499764,-0.0066955284560743155,-0.017609395455476407,0.2696477115260225,-0.03811443217416616,-0.004830427439303675,0.18598186434051933,-0.029640712019768777,29.57,27.22,3,551.0,484.0,0.0,466.0,405.0,0.0,2,1,0,-0.020379592588569195,0.00426534164132876,-0.008200562835766345,-0.06935039688681885,0.029577777824389598,-0.023001299766650832,-0.07376621107923018,0.020497211298091025,-0.02161044848383639,29.68,42.7,4,1020.0,0.0,464.0,834.0,0.0,447.0,3,0,1,0.06664691256901656,-0.04562413842864926,0.020615164880684936,0.08143440416851769,-0.08350499418304913,0.040200278990544736,0.10202446359721973,-0.12128476815990105,0.06553757488486708
92,least_connections,529,measured,172,114,3,light,1,79.0,53.75,3,787.0,398.0,0.0,743.0,332.0,0.0,2,1,0,-0.02211715668661063,-0.0005325941983528176,-0.006057859079305333,0.00940102315933089,0.0020939612219569304,-0.034484486252817,0.04267723231682047,-0.024444979882387252,-0.026817787065505083,34.49,30.78,4,723.0,484.0,0.0,580.0,405.0,0.0,3,1,0,0.024645221218051905,0.0038591186278688766,-0.007419556851407646,-0.018283012149298672,0.026760846603019167,-0.02081069978887456,-0.034508714785970174,0.018545095936368064,-0.01955231053299483,29.68,42.7,4,1020.0,464.0,0.0,834.0,447.0,0.0,3,1,0,0.06029958756244355,0.0018049178389318438,-0.024432084382328138,0.07367874662865886,0.008409767167717436,-0.04759022377045952,0.09230784801653213,0.02507568595056571,-0.07551362272321549
92,least_connections,530,measured,454,439,17,heavy,0,100.0,75.7,4,787.0,398.0,454.0,743.0,332.0,439.0,2,1,1,-0.02001076081169534,-0.00048187094136684094,0.03760298010738587,0.00850568762034698,0.0018945363436753127,0.24264102037443538,0.03861273400093279,-0.022116886560255122,0.17433152598835255,18.74,16.22,2,172.0,484.0,0.0,114.0,405.0,0.0,1,1,0,-0.06386974316099157,0.0034915835204527984,-0.006712932389368822,-0.1589771470466444,0.024212194545588775,-0.018828728380410317,-0.16297812290159205,0.01677889632338063,-0.017690185720328655,29.68,42.7,4,1020.0,464.0,0.0,834.0,447.0,0.0,3,1,0,0.05455676969935369,0.0016330209018907138,-0.02210521920305879,0.06666172314021515,0.007608836961268156,-0.04305782150660623,0.08351662439591001,0.022687525383845164,-0.0683218491305283
92,least_connections,531,measured,488,413,18,heavy,1,83.53,59.85,3,401.0,398.0,454.0,426.0,332.0,439.0,1,1,1,-0.06118887429448172,-0.0004359784707604758,0.03402174390668246,-0.2251297746927019,0.00171410431094432,0.2195323517673463,-0.10846943114201321,-0.02001051641165938,0.15772852351327135,32.69,29.12,3,172.0,484.0,488.0,114.0,405.0,413.0,1,1,1,-0.05778691047899237,0.0031590517566001536,0.03701029473161414,-0.14383646637553538,0.02190627125553271,0.109114143710241,-0.14745639691096424,0.015180906197344385,0.10076542720541692,20.16,28.9,3,544.0,464.0,0.0,420.0,447.0,0.0,2,1,0,0.006276986644086435,0.0014774951017106491,-0.019999960231338907,-0.02582034573028151,0.00688418582209975,-0.03895707660121516,-0.049294482689414776,0.020526808680621816,-0.06181500635619227
92,least_connections,532,measured,449,428,18,heavy,0,100.0,81.25,4,799.0,0.0,903.0,758.0,0.0,867.0,2,0,2,-0.012277462230154662,-0.0434783569383978,0.07386547804708912,0.03637464829390458,-0.23851263578216148,0.4694499055672816,0.052051467061988044,-0.1682952291343585,0.3363258069881979,27.77,25.56,2,0.0,484.0,488.0,0.0,405.0,413.0,0,1,1,-0.09536729542203617,0.0028581896845430027,0.033485504757174704,-0.17460034032616467,0.019819959707386745,0.09872232049974186,-0.1656450733956343,0.013735105607121115,0.09116871985252008,20.16,28.9,3,544.0,464.0,0.0,420.0,447.0,0.0,2,1,0,0.005679178392268669,0.0013367812825001157,-0.018095202114068534,-0.023361265184540417,0.006228549077137865,-0.03524687882967086,-0.04459977005232765,0.01857187452056258,-0.05592786289369777
92,least_connections,533,measured,169,119,4,light,1,100.0,81.25,4,799.0,454.0,449.0,758.0,439.0,428.0,2,1,1,-0.01110818011299708,0.003746339187254602,0.023746770387275642,0.03291039607543744,0.05804412318121896,0.1508991209100802,0.047094184484655854,0.04632812602129471,0.10569953965598858,32.6,29.28,3,653.0,0.0,488.0,524.0,0.0,413.0,2,0,1,-0.00011689540451800817,-0.04049791908359941,0.03029640906601521,0.010830984602857835,-0.10718330176134397,0.08932019473786168,-0.0017145902150977055,-0.10208192826022375,0.08248598462847054,12.38,18.37,2,155.0,464.0,0.0,104.0,447.0,0.0,1,1,0,-0.037945595967085716,0.0012094687794048653,-0.016371849531776294,-0.09152685897648895,0.005635353926934247,-0.03189003322684507,-0.13565376020607423,0.016803124566223293,-0.05060139976096465
92,least_connections,534,measured,456,430,17,heavy,2,100.0,81.25,4,799.0,454.0,449.0,758.0,439.0,428.0,2,1,1,-0.010050258197473544,0.003389544978944642,0.021485173207535107,0.029776072639681517,0.052516111449674274,0.13652777606150113,0.04260902405754574,0.04191592354307616,0.09563291683160872,32.6,29.28,3,653.0,0.0,488.0,524.0,0.0,413.0,2,0,1,-0.00010576250884963834,-0.0366409744089709,0.027411036774013763,0.009799462259728525,-0.0969753682602636,0.080813509524732,-0.0015512959088979372,-0.09235983985448816,0.0746301765686162,21.5,32.7,3,155.0,464.0,456.0,104.0,447.0,430.0,1,1,1,-0.034331729684506124,0.0010942812766044085,0.02827127445991215,-0.08281001526444239,0.0050986535529405075,0.053661398509044944,-0.12273435447216242,0.015202826988487739,0.08390032085119073
92,least_connections,535,measured,500,448,15,heavy,1,100.0,81.25,4,799.0,454.0,449.0,758.0,439.0,428.0,2,1,1,-0.009093090750095123,0.0030667311714260986,0.019438966235388908,0.026940256197807155,0.04751457702589579,0.12352513072231053,0.038551021766350946,0.03792393082468795,0.08652501999050313,46.89,43.28,4,653.0,488.0,500.0,524.0,413.0,448.0,2,1,1,-9.568988895919395e-05,0.009932542428164645,0.02480046184315531,0.008866180139754376,0.038410040961802325,0.07621902562441737,-0.001403553441383848,0.03320716870308213,0.07741837403827183,18.4,29.23,2,0.0,464.0,456.0,0.0,447.0,430.0,0,1,1,-0.07414594136988195,0.0009900640121658921,0.025578772130396707,-0.10297096619163836,0.004613067500279497,0.04855078912723114,-0.14241044769703584,0.013754938703869846,0.07590981410345828
92,least_connections,536,measured,176,107,3,light,2,86.73,59.95,3,398.0,903.0,0.0,332.0,867.0,0.0,1,2,0,-0.05131098233398629,0.04585856176280955,-0.025496264109024544,-0.21749849836071417,0.3138147760393025,-0.15906456426711588,-0.15783478983044438,0.227931175508051,-0.11533450572287811,46.89,43.28,4,653.0,988.0,0.0,524.0,861.0,0.0,2,2,0,-8.657656620117415e-05,0.05207048623319205,-0.02064538713056923,0.008021782031206348,0.16400364250285518,-0.06029162987722781,-0.0012698816850615913,0.15671124787421714,-0.056621471108230265,21.92,32.8,3,640.0,0.0,456.0,554.0,0.0,430.0,2,0,1,0.01908337730933582,-0.04218812802527394,0.02314269859416845,0.022645316302803392,-0.07978817702355664,0.043926904448447227,0.03823181716299931,-0.12236457926792728,0.06868030799836701
92,least_connections,537,measured,446,411,15,heavy,0,100.0,80.5,4,398.0,903.0,446.0,332.0,867.0,411.0,1,2,1,-0.04642422211170187,0.041491079690161026,0.02001585174716373,-0.19678435565969377,0.2839276545117499,0.12510031486943485,-0.14280290508468782,0.20622344450728425,0.08157830434596741,42.06,39.56,3,484.0,988.0,0.0,405.0,861.0,0.0,1,2,0,-0.04316223140570129,0.04711139230622138,-0.018679159784800732,-0.036429272039792904,0.14838424797877375,-0.0545495698889204,-0.0347947739055319,0.1417863671242917,-0.051228950050303576,21.92,32.8,3,640.0,456.0,0.0,554.0,430.0,0.0,2,1,0,0.01726591280368478,0.004913689156271425,-0.022145268165366865,0.0204886195120602,0.010324982692972565,-0.04277089597521442,0.03459069171890414,0.01897172986870073,-0.06754321339830287
92,least_connections,538,measured,152,121,5,light,1,100.0,80.5,4,398.0,1349.0,0.0,332.0,1278.0,0.0,1,3,0,-0.042002867624873125,0.08062344851785544,-0.02497432007456161,-0.17804298845400868,0.5259027985265039,-0.1558298738482891,-0.1292026284099557,0.3725116878875429,-0.11211962940126757,46.4,43.34,4,636.0,988.0,0.0,526.0,861.0,0.0,2,2,0,0.004032357526360969,0.0426245930389622,-0.016900192186248282,0.006332699446990109,0.13425241483793815,-0.04935437275664227,0.0027303236092806604,0.1282829035886449,-0.04635000242646514,21.92,32.8,3,640.0,456.0,0.0,554.0,430.0,0.0,2,1,0,0.015621540155714791,0.004445718760436049,-0.020036195006760498,0.018537322415673504,0.009341651007927568,-0.038697477310908286,0.03129634012662755,0.017164898452633998,-0.06111052640798831
92,least_connections,539,measured,174,119,5,light,2,89.93,63.9,3,0.0,1349.0,0.0,0.0,1278.0,0.0,0,3,0,-0.08108649474449972,0.07294502484948825,-0.02259581340079384,-0.40115000542664275,0.4758168177144559,-0.1409889334817854,-0.2670880923709123,0.3370343842792055,-0.10144156945828971,46.4,43.34,4,636.0,988.0,0.0,526.0,861.0,0.0,2,2,0,0.003648323476231341,0.03856510798763246,-0.015290650073272256,0.005729585213943428,0.1214664705676583,-0.04465395630362872,0.002470292789349182,0.11606548419925011,-0.04193571648108751,21.88,33.2,3,638.0,456.0,0.0,566.0,430.0,0.0,2,1,0,0.014133774426599105,0.00402231697372786,-0.018127985958497593,0.01640995837608554,0.00845196995955351,-0.03501200328129797,0.0319347839240916,0.0155301462190498,-0.05529047627389418
92,least_connections,540,measured,152,105,7,light,0,100.0,69.15,4,606.0,895.0,0.0,544.0,839.0,0.0,2,2,0,0.012803829018014995,0.022913979398970108,-0.020443831172146806,0.0025785665187518236,0.1566596604718093,-0.12756141600732965,0.004444106902507905,0.10634063339547162,-0.09178046760511926,32.57,30.69,3,152.0,988.0,0.0,121.0,861.0,0.0,1,2,0,-0.039783036129214716,0.034892240560238895,-0.013834397685341565,-0.1199317358268403,0.10989823527550036,-0.04040119856042598,-0.1122739017620174,0.10501162856122628,-0.03794183872098394,21.88,33.2,3,638.0,456.0,0.0,566.0,430.0,0.0,2,1,0,0.012787700671684915,0.003639239166706165,-0.016401511105307347,0.014847105197410726,0.007647020439596031,-0.031677526778317214,0.028893375931320964,0.014051084674378378,-0.0500247166287614
92,least_connections,541,measured,172,109,3,light,1,100.0,69.15,4,606.0,895.0,0.0,544.0,839.0,0.0,2,2,0,0.011584416730584995,0.020731695646687254,-0.01849679963194235,0.0023329887550611605,0.14173969280782744,-0.1154127097209173,0.004020858626078594,0.09621295402447433,-0.083039470690346,37.49,34.09,4,324.0,988.0,0.0,230.0,861.0,0.0,2,2,0,0.007089724681277387,0.03156917003069233,-0.01251683600102332,-0.06404708071407998,0.09943173667783367,-0.03655346536419494,-0.07076269683230146,0.09501052107920471,-0.03432833027136642,21.88,33.2,3,638.0,456.0,0.0,566.0,430.0,0.0,2,1,0,0.011569824417238722,0.003292644960353197,-0.01483946242861141,0.013433095178609702,0.0069187327786821295,-0.028660619466096528,0.026141625842623722,0.012712886133961376,-0.0452604579022127
92,least_connections,542,measured,356,303,12,medium,2,100.0,69.15,4,606.0,895.0,0.0,544.0,839.0,0.0,2,2,0,0.010481138946719759,0.01875724844224086,-0.01673519966699546,0.0021107993498172273,0.12824067444517723,-0.10442102308082994,0.003637919709309212,0.08704981554595292,-0.07513094967221781,37.49,34.09,4,812.0,500.0,0.0,643.0,448.0,0.0,3,1,0,0.049498413033627384,-0.014521317818035728,-0.011324756381878243,0.06820230112263514,-0.036187612393524665,-0.03307218294855733,0.05274744096125103,-0.030808933309290937,-0.031058965483617237,29.0,43.3,4,638.0,812.0,0.0,566.0,733.0,0.0,2,2,0,0.010467936377501708,0.046062959952791215,-0.01342618029255318,0.01215375278064687,0.07067885346642667,-0.02593103665980162,0.023651947190945266,0.1028830874545365,-0.04094993810200197
92,least_connections,543,measured,365,309,12,medium,0,100.0,84.6,5,1055.0,811.0,0.0,972.0,720.0,0.0,3,2,0,0.052566835464265715,0.0169708438286941,-0.015141371127281608,0.27273516766570766,0.06536061021230316,-0.09447616373979852,0.19691049878461309,0.02492602358919549,-0.06797562113200659,33.14,30.31,3,1160.0,0.0,0.0,970.0,0.0,0.0,3,0,0,0.0447842784589962,-0.05622223539545636,-0.010246208155032696,0.15166602754632974,-0.161992873798223,-0.029922451239170915,0.14017923229827473,-0.15454141585126324,-0.028100968770891785,19.72,28.4,3,174.0,812.0,0.0,119.0,733.0,0.0,1,2,0,-0.03361291017092248,0.04167601138585872,-0.012147496455167163,-0.0729656522460814,0.06394753408867175,-0.023461414120772895,-0.1134101430177162,0.09308469817315207,-0.037049943997049396
92,least_connections,544,measured,177,110,5,light,1,100.0,84.6,5,1055.0,811.0,0.0,972.0,720.0,0.0,3,2,0,0.047560470181954695,0.015354572987866077,-0.013699335781826217,0.24676038979278314,0.059135790192083815,-0.08547843385981771,0.17815711794798328,0.022552116580700665,-0.061501752452767865,33.29,30.34,3,1165.0,0.0,0.0,971.0,0.0,0.0,3,0,0,0.040519109081948945,-0.050867736786365275,-0.009270378806934345,0.13851416097729155,-0.1465649810555351,-0.027072693978297493,0.1271115673174867,-0.13982318577019057,-0.025424686030806852,16.24,24.43,2,456.0,356.0,0.0,430.0,303.0,0.0,1,1,0,-0.030411680630834617,-0.0053770327824090025,-0.01099059203086553,-0.014987971079787929,-0.024656992967392224,-0.021226993728318332,-0.008815526222378162,-0.04546305085921162,-0.03352137790209231
92,least_connections,545,measured,184,120,8,light,2,100.0,84.6,5,1501.0,365.0,0.0,1383.0,309.0,0.0,4,1,0,0.08611480181995447,-0.029191667523449955,-0.012394637135938006,0.49167209870140693,-0.21551206284208285,-0.07733763063507317,0.34711834481008014,-0.16552427547460416,-0.0556444426953614,33.29,30.34,3,1165.0,0.0,0.0,971.0,0.0,0.0,3,0,0,0.03666014631223952,-0.04602319042575906,-0.008387485587226313,0.1253223361223114,-0.13260641143119842,-0.02449434217084059,0.11500570376344035,-0.12650669188731528,-0.0230032873612062,19.92,28.43,3,456.0,540.0,0.0,430.0,423.0,0.0,1,2,0,-0.027515330094564652,0.038218965804577794,-0.009943868980306908,-0.013560545262665272,0.010986530172359413,-0.019205375278002302,-0.00797595229643741,-0.004942760301191479,-0.03032886572094066
92,least_connections,546,measured,368,309,7,medium,1,100.0,84.6,5,1501.0,365.0,0.0,1383.0,309.0,0.0,4,1,0,0.07791339212281595,-0.026411508711692816,-0.01121419550394391,0.4448461845393682,-0.19498710447617018,-0.06997214200316143,0.3140594548281678,-0.1497600587627371,-0.05034497196246984,43.8,40.0,4,1533.0,0.0,0.0,1280.0,0.0,0.0,4,0,0,0.07625260403306931,-0.04164002943282962,-0.007588677436061902,0.2085161272399144,-0.1199772293901319,-0.022161547678379582,0.19141885102406508,-0.11445843551709478,-0.02081249808871037,19.92,28.43,3,640.0,356.0,0.0,550.0,303.0,0.0,2,1,0,0.018189077760246503,-0.008504835927377455,-0.008996833839325298,0.021026173333779027,-0.02335504412977006,-0.01737629191819256,0.028974138398461385,-0.04066249741536368,-0.027440402318946313
92,least_connections,547,measured,182,116,5,light,2,84.0,57.4,3,895.0,365.0,0.0,839.0,309.0,0.0,2,1,0,-0.0156747313900146,-0.023896126929626824,-0.01014617688452068,0.03755924632926966,-0.17641690404986826,-0.06330812847905082,0.038053792463580316,-0.13549719602342883,-0.0455502127279489,43.8,40.0,4,1533.0,0.0,0.0,1280.0,0.0,0.0,4,0,0,0.06899045126801509,-0.03767431234398871,-0.0068659462516750544,0.18865744845516064,-0.10855082659107172,-0.02005092408996248,0.1731884842598684,-0.10355763213451433,-0.0188303554135951,23.56,32.3,4,1178.0,0.0,0.0,969.0,0.0,0.0,4,0,0,0.10262458509373776,-0.05077875178009887,-0.008139992521294317,0.11637606158770483,-0.08554980183169672,-0.015721406973602792,0.15257977601130635,-0.12817083099485285,-0.024827030669522854
92,least_connections,548,measured,164,112,4,light,0,94.93,63.0,4,1424.0,0.0,0.0,1260.0,0.0,0.0,4,0,0,0.07198590062445391,-0.06470420554403877,-0.00917987432409014,0.35306154032965675,-0.3797740242990872,-0.05727878290961741,0.22488200270514414,-0.2623784154497689,-0.041212097230049004,43.8,40.0,4,1533.0,0.0,0.0,1280.0,0.0,0.0,4,0,0,0.0624199320996327,-0.034086282596942165,-0.006212046608658383,0.170690072411812,-0.09821265263001727,-0.018141312271870814,0.1566943429017857,-0.09369500050265582,-0.017036988231347947,23.56,32.3,4,1178.0,0.0,0.0,969.0,0.0,0.0,4,0,0,0.09285081508481036,-0.04594268018199422,-0.007364755138313906,0.10529262715078055,-0.07740220165724941,-0.014224130118973955,0.1380483687721343,-0.11596408518581924,-0.022462551558139726
92,least_connections,549,measured,169,124,3,light,0,100.0,69.2,5,1593.0,0.0,0.0,1384.0,0.0,0.0,5,0,0,0.10821400079173948,-0.05854190025413032,-0.008305600578938697,0.36527790156810214,-0.34360506960393605,-0.051823660727749084,0.2595599072094161,-0.2373899949307433,-0.037287135589091955,24.8,23.66,2,868.0,0.0,0.0,757.0,0.0,0.0,2,0,0,-0.02969262379194229,-0.030839969968661958,-0.005620423122119489,-0.01747088686550341,-0.08885906666525373,-0.016413568245978356,-0.00610095166028915,-0.08477166712145051,-0.015414417923600524,23.56,32.3,4,1178.0,0.0,0.0,969.0,0.0,0.0,4,0,0,0.08400788031482842,-0.0415671868313281,-0.006663349887045915,0.09526475789832525,-0.07003056340417804,-0.012869451060024056,0.12490090507955007,-0.1049198865966936,-0.02032326093355499
92,least_connections,550,measured,466,400,16,heavy,1,76.27,47.8,4,1144.0,0.0,0.0,956.0,0.0,0.0,4,0,0,0.05482400525148312,-0.052966481182308386,-0.007514590999992155,0.115759371260029,-0.31088077726070407,-0.04688807399177298,0.04122086842756695,-0.21478142398495823,-0.033735979818702244,23.83,22.16,2,368.0,0.0,466.0,309.0,0.0,400.0,1,0,1,-0.06994865508613372,-0.027902829971646535,0.03799875549722069,-0.1450586935585847,-0.08039629841142004,0.10561221376384272,-0.1321865753116902,-0.0766981750146457,0.09914885997388524,23.56,32.3,4,1178.0,0.0,0.0,969.0,0.0,0.0,4,0,0,0.07600712980865429,-0.03760840713310638,-0.006028745135898685,0.08619192381277047,-0.06336098593711346,-0.011643789054307479,0.11300558078625958,-0.09492751644462755,-0.01838771227321642
92,least_connections,551,measured,361,341,11,medium,1,76.27,47.8,4,1144.0,0.0,0.0,956.0,0.0,0.0,4,0,0,0.04960267141800856,-0.04792205440304092,-0.006798915666659569,0.10473466923526431,-0.2812730841882561,-0.042422543135413646,0.03729507143446531,-0.19432605027210506,-0.03052302935977822,34.14,32.81,3,368.0,361.0,466.0,309.0,341.0,400.0,1,1,1,-0.06328687841126385,0.017838482633362882,0.034379826402247286,-0.13124357988633853,0.02058021980463358,0.09555390769109579,-0.1195973776629578,0.027020103558177716,0.08970611140494379,14.44,17.97,3,722.0,0.0,0.0,539.0,0.0,0.0,3,0,0,0.025684455314406038,-0.03402665407281053,-0.0054545789324797625,-0.004531116550350545,-0.05732660632405504,-0.010534856763421052,-0.027439395161638153,-0.08588680059275826,-0.01663650158052914
92,least_connections,552,measured,385,339,12,medium,1,24.33,15.45,1,365.0,0.0,0.0,309.0,0.0,0.0,1,0,0,-0.08437309320683578,-0.04335804922179893,-0.006151399888882467,-0.37511307704111013,-0.2544851714084222,-0.03838230093204092,-0.25894731632119805,-0.17581880738904743,-0.027616074182656485,45.14,43.41,4,368.0,1212.0,0.0,309.0,1080.0,0.0,1,3,0,-0.05725955665781014,0.1023073799789383,-0.011978343005676488,-0.11874419132573485,0.2386065934286821,-0.03400904950397456,-0.10820715121886659,0.2333902127431132,-0.03193256587171752,10.8,14.1,2,540.0,0.0,0.0,423.0,0.0,0.0,2,0,0,-0.01984558351372334,-0.03078602035159048,-0.004935095224624547,-0.03703291497412668,-0.051866929531287895,-0.009531537071666667,-0.059810246416085316,-0.07770710529820986,-0.015052072858573984
92,least_connections,553,measured,200,121,1,light,0,37.67,21.5,2,565.0,0.0,0.0,430.0,0.0,0.0,2,0,0,-0.0332536602937131,-0.03922871120067522,-0.00556555228041747,-0.2187531014498933,-0.2302484884171439,-0.034726843700417974,-0.1795475719096554,-0.159074159066281,-0.024985971879546345,34.63,33.75,3,0.0,1212.0,0.0,0.0,1080.0,0.0,0,3,0,-0.09489016577429987,0.09256381998094418,-0.010837548433707298,-0.2025644724239642,0.2158821559592838,-0.030770092408357937,-0.18526777967421262,0.21116257343424527,-0.02889136912203014,7.12,10.1,1,356.0,0.0,0.0,303.0,0.0,0.0,1,0,0,-0.061039428167745144,-0.027854018413343767,-0.004465086155612685,-0.06680120878611463,-0.046927221956879525,-0.008623771636269841,-0.0903045086621724,-0.07030642860314225,-0.013618542110138366
92,least_connections,554,measured,364,305,8,medium,2,24.33,15.45,1,365.0,0.0,0.0,309.0,0.0,0.0,1,0,0,-0.07317054525440254,-0.03549264346727758,-0.005035499682282473,-0.3185543933753003,-0.20832006094884448,-0.03141952525275912,-0.21718589839445016,-0.14392423915520663,-0.02260635551006574,34.63,33.75,3,0.0,1212.0,0.0,0.0,1080.0,0.0,0,3,0,-0.08585300712912845,0.08374821807799712,-0.009805400963830412,-0.18327261790739618,0.1953219506298282,-0.027839607417085754,-0.16762322922904951,0.19105185215479334,-0.026139810158027268,7.28,10.17,1,0.0,364.0,0.0,0.0,305.0,0.0,0,1,0,-0.09831004952138393,0.01788264547182729,-0.004039839855078144,-0.12485823652077038,0.02340870394377567,-0.00780246005186319,-0.17308503164672742,0.028373548724141148,-0.012321538099648997
92,least_connections,555,measured,351,328,11,medium,0,23.4,16.4,1,0.0,351.0,0.0,0.0,328.0,0.0,0,1,0,-0.10928582212359776,0.010971508518268128,-0.004555928283969857,-0.50837460987924,0.023234230570093106,-0.02842718951440111,-0.3362872414045025,0.018163783621479718,-0.02045336927101186,34.63,33.75,3,361.0,851.0,0.0,341.0,739.0,0.0,1,2,0,-0.03459263003293028,0.032688297081906695,-0.00887155325298942,-0.07249835497744009,0.08340013220249762,-0.025188216234506157,-0.05524542168342575,0.07644274718767013,-0.023650304428691336,7.28,10.17,1,364.0,0.0,0.0,305.0,0.0,0.0,1,0,0,-0.04586328743544714,-0.026904363847485055,-0.0036550932022135587,-0.04710030923307797,-0.04468736309848868,-0.00705936861835241,-0.06461661593434069,-0.06631282099561833,-0.011148058280634808
92,least_connections,556,measured,432,447,17,heavy,0,52.2,38.75,2,0.0,351.0,432.0,0.0,328.0,447.0,0,1,1,-0.09887764858801702,0.009926602945099741,0.038961869874594164,-0.4599579803669314,0.021021446706274705,0.23485159043935136,-0.3042598850802642,0.016433899467053092,0.18370885637384643,34.63,33.75,3,361.0,851.0,0.0,341.0,739.0,0.0,1,2,0,-0.03129809383931788,0.02957512593124892,-0.00802664341937138,-0.0655937497414934,0.07545726246892642,-0.022789338497886523,-0.049983952951670935,0.06916248555074919,-0.021397894483101684,7.28,10.17,1,364.0,0.0,0.0,305.0,0.0,0.0,1,0,0,-0.04149535529873788,-0.024342043481057906,-0.003306989087717029,-0.042614565496594356,-0.04043142375577548,-0.006387047797556942,-0.058462652512022525,-0.05999731423413087,-0.010086338444383874
92,least_connections,557,measured,168,114,5,light,2,52.2,38.75,2,0.0,351.0,432.0,0.0,328.0,447.0,0,1,1,-0.08946072967487255,0.00898121218842357,0.03525121560082329,-0.41615245842722365,0.01901940416281997,0.21248477230227028,-0.2752827531678581,0.014868766184476606,0.16621277481443247,34.63,33.75,3,746.0,466.0,0.0,680.0,400.0,0.0,2,1,0,0.014766577229279293,-0.016325452955627387,-0.007262201188955058,0.040177083567220245,-0.03125295300430467,-0.020618925307611616,0.05062463780563106,-0.03327263212075071,-0.019359999770425334,10.64,13.97,2,532.0,0.0,0.0,419.0,0.0,0.0,2,0,0,0.0055404835278992925,-0.022023753625719057,-0.0029920377460296932,-0.008156035449299659,-0.03658081196951115,-0.0057787575311229475,-0.018513828463258497,-0.05428328430707079,-0.009125734783013982
92,least_connections,558,measured,495,407,16,heavy,0,85.2,59.1,3,0.0,351.0,927.0,0.0,328.0,854.0,0,1,2,-0.08094066018202754,0.00812585864666894,0.07497785719893083,-0.37651889095796426,0.017208032337789475,0.49081955589253023,-0.24906534810425257,0.013452693214526468,0.3345020343559151,34.63,33.75,3,746.0,466.0,0.0,680.0,400.0,0.0,2,1,0,0.013360236540776504,-0.0147706479122343,-0.006570562980483147,0.03635069465605642,-0.028276481289608996,-0.01865521813545813,0.04580324372890429,-0.030103810014012522,-0.017516190268480065,10.64,13.97,2,532.0,0.0,0.0,419.0,0.0,0.0,2,0,0,0.005012818430004118,-0.01992625328041248,-0.0027070817702173414,-0.0073792701684139705,-0.03309692511527199,-0.0052283996710160005,-0.0167506067048529,-0.049113447706397376,-0.008256617184631698
92,least_connections,559,measured,454,402,15,heavy,2,85.2,59.1,3,351.0,432.0,495.0,328.0,447.0,407.0,1,1,1,-0.03014812565221993,0.007351967346986191,0.024753208667513377,-0.12894566324768195,0.06442631497228571,0.1835034077122893,-0.07696388638003804,0.06600481767028585,0.10043041203630412,34.63,33.75,3,1212.0,0.0,0.0,1080.0,0.0,0.0,3,0,0,0.05517173328745992,-0.05644781976639793,-0.00594479507757999,0.15335130877044564,-0.1460460681055646,-0.016878530693985927,0.15453626813567534,-0.14033201858410657,-0.015847981671481964,19.72,27.37,3,532.0,0.0,454.0,419.0,0.0,402.0,2,0,1,0.0045354071509561,-0.01802851487275415,0.0406346357679893,-0.006676482533326922,-0.029944837009055612,0.07742192410717601,-0.015155310828200264,-0.044435976496264296,0.113767822547238
92,least_connections,560,measured,375,340,8,medium,0,100.0,76.1,4,351.0,1302.0,0.0,328.0,1194.0,0.0,1,3,0,-0.027276875590103736,0.0928195804341213,-0.020688140003769073,-0.11666512389075986,0.5830523802130204,-0.13254453587935733,-0.06963399243908203,0.3976472159874015,-0.09325343672905816,34.63,33.75,3,1212.0,0.0,0.0,1080.0,0.0,0.0,3,0,0,0.04991728249817802,-0.051071836931502884,-0.005378624117810467,0.1387464222208794,-0.1321369187621775,-0.015271051580272981,0.13981852831323008,-0.12696706443323927,-0.014338650083721777,19.72,27.37,3,532.0,454.0,0.0,419.0,402.0,0.0,2,1,0,0.004103463612769809,0.026772386770455993,-0.0063192297700051464,-0.006040627053962452,0.05505943318228302,-0.012103973426840763,-0.013711947892181164,0.08103411650337992,-0.018305303409641822
92,least_connections,561,measured,490,444,17,heavy,1,100.0,76.1,4,726.0,927.0,0.0,668.0,854.0,0.0,2,2,0,0.018404822311901603,0.04089572016601904,-0.018717840955791067,0.12063631647978867,0.3013331059070185,-0.11992124674798997,0.09080734017416389,0.2059665287505061,-0.08437215704057643,48.63,47.62,4,1212.0,0.0,490.0,1080.0,0.0,444.0,3,0,1,0.045163255593589635,-0.046207852461835945,0.03821752602492885,0.12553247724746233,-0.11955245030863679,0.1128500009511816,0.12650247799768435,-0.11487496305864506,0.11256264992425175,19.72,27.37,3,532.0,454.0,0.0,419.0,402.0,0.0,2,1,0,0.0037126575544107754,0.024222635649460183,-0.005717398363337989,-0.005465329239299363,0.04981567764111321,-0.010951214052855929,-0.012406048092925837,0.07331658159829613,-0.016561941180152126
92,least_connections,562,measured,435,440,17,heavy,2,100.0,76.1,4,726.0,927.0,0.0,668.0,854.0,0.0,2,2,0,0.016651982091720502,0.037000889674017226,-0.01693518943619192,0.10914714348171356,0.27263471486825486,-0.10850017562913378,0.08215902206233877,0.18635066886950555,-0.07633671351290248,38.31,36.97,3,851.0,0.0,490.0,739.0,0.0,444.0,2,0,1,-0.0022219070706524513,-0.04180710460832776,0.03457776164160229,0.020257275332737995,-0.10816650266019519,0.10210238181297383,0.018040932474095356,-0.10393449038639314,0.10184239755051347,17.78,28.07,2,0.0,454.0,435.0,0.0,402.0,440.0,0,1,1,-0.08280872933285736,0.021915717968559213,0.03791101599326109,-0.10121148835936608,0.045071327389578614,0.06880604442836843,-0.13758959906820273,0.06633405001750602,0.11771379924970363
92,least_connections,563,measured,403,409,14,heavy,2,100.0,76.1,4,726.0,927.0,0.0,668.0,854.0,0.0,2,2,0,0.015066079035366164,0.03347699541934892,-0.01532231425179269,0.09875217743583609,0.24666950392842107,-0.09816682556921627,0.074334353294497,0.16860298612002883,-0.06906655032119749,38.31,36.97,3,851.0,0.0,490.0,739.0,0.0,444.0,2,0,1,-0.002010296873447448,-0.03782547559801083,0.03128464148525922,0.018328011015334378,-0.09786493097827184,0.09237834544983348,0.016322748428943434,-0.09403596749245094,0.09214312159332172,25.84,41.7,3,0.0,857.0,435.0,0.0,811.0,440.0,0,2,1,-0.07492218368210904,0.0629124069602157,0.03430044304152194,-0.09157229899180741,0.11370262954295207,0.062253087816142874,-0.1244858277283739,0.18336572779361654,0.10650296122592234
92,least_connections,564,measured,389,306,10,medium,1,100.0,76.1,4,726.0,927.0,0.0,668.0,854.0,0.0,2,2,0,0.013631214365331296,0.03028871014131569,-0.013863046227812433,0.08934720815623265,0.2231771702209524,-0.08881760408643377,0.06725489107597349,0.15254555887050225,-0.062488783623940586,38.43,35.94,3,466.0,879.0,0.0,400.0,750.0,0.0,1,2,0,-0.04490274025511458,0.051944751102933506,-0.014778748406760934,-0.0829413233670784,0.13868002843462482,-0.04308625887872211,-0.08108001332619402,0.12697341036397297,-0.04216812808223274,25.84,41.7,3,0.0,857.0,435.0,0.0,811.0,440.0,0,2,1,-0.06778673761714628,0.05692074915448088,0.031033734180424613,-0.08285112765925433,0.10287380768171854,0.056324222309843554,-0.1126300346113859,0.16590232514660544,0.09635982206154878
92,least_connections,565,measured,412,437,17,heavy,1,100.0,76.1,4,726.0,927.0,0.0,668.0,854.0,0.0,2,2,0,0.012333003473394971,0.027404071080238013,-0.012542756110877915,0.08083795023659146,0.2019222016284808,-0.08035878464963056,0.06084966335445219,0.1380174104066449,-0.05653747089785101,50.2,49.59,4,466.0,879.0,412.0,400.0,750.0,437.0,1,2,1,-0.040626288802246516,0.04699763195027317,0.029712651668259378,-0.07504214971307094,0.12547240667894627,0.06752059570836708,-0.07335810729512793,0.11488070461502317,0.08540443173512276,25.84,41.7,3,0.0,1292.0,0.0,0.0,1251.0,0.0,0,3,0,-0.06133085784408473,0.09458362565224007,-0.015005759777801764,-0.07496054407265867,0.17179058790250729,-0.027754275052998684,-0.10190336464839678,0.28280051640248427,-0.045515716547487615
92,least_connections,566,measured,455,425,18,heavy,2,86.8,59.7,3,807.0,495.0,0.0,787.0,407.0,0.0,2,1,0,0.01115843171402403,-0.018289740677970595,-0.011348207909841923,0.12199624069024945,-0.07787991281232687,-0.07270556706395145,0.10888779065402815,-0.07734139058446418,-0.05115294985996044,36.89,37.09,3,0.0,879.0,412.0,0.0,750.0,437.0,0,2,1,-0.07984101866688517,0.042521667002628105,0.026882875318901343,-0.1883578633458397,0.11352265366190378,0.061090062783760696,-0.1794668589813062,0.1039396851278781,0.07727067633177773,34.94,55.87,4,0.0,1292.0,455.0,0.0,1251.0,425.0,0,3,1,-0.055489823763695705,0.08557566130440769,0.029507260427793867,-0.06782144463716737,0.1554295795308399,0.057222322571096426,-0.09219828230093041,0.255867133887962,0.08699371677449533
92,least_connections,567,measured,152,114,5,light,0,96.93,65.4,4,1454.0,0.0,0.0,1308.0,0.0,0.0,4,0,0,0.09626352438525076,-0.05963176084015934,-0.010267426204142692,0.5006315193546702,-0.3690342068302005,-0.06578122734357512,0.33420800106793025,-0.25409459148118185,-0.046281240349488016,36.89,37.09,3,389.0,490.0,412.0,306.0,444.0,437.0,1,1,1,-0.029153211900424456,-0.004611915795808136,0.024322601479005976,-0.0698611960884128,0.002153149231518381,0.05527196156625967,-0.07585692003070564,0.007522810353794485,0.06991156430017986,34.94,55.87,4,454.0,838.0,455.0,402.0,849.0,425.0,1,2,1,-0.007121178416586368,0.03434169809627816,0.026697045148956357,0.02079012151875334,0.05847438148028371,0.05177257756432534,0.037820601727729636,0.11026074018434653,0.07870860089121005
92,least_connections,568,measured,186,106,3,light,1,71.93,48.4,3,1079.0,0.0,0.0,968.0,0.0,0.0,3,0,0,0.04401166945513618,-0.05395254552204892,-0.009289576089462437,0.22676185084470157,-0.33388809189399093,-0.059516348548948925,0.14856914382336545,-0.22989510657821216,-0.0418735031733463,42.2,40.41,4,575.0,902.0,0.0,412.0,881.0,0.0,2,2,0,0.016707184697801913,0.03891121450674048,-0.021077736983847198,-0.015126116188836053,0.10845148876048943,-0.05649543613392832,-0.03866221336111461,0.1303628998439093,-0.06030322753793251,34.94,55.87,4,454.0,838.0,455.0,402.0,849.0,425.0,1,2,1,-0.006442970948340052,0.031071060182346913,0.024154469420484322,0.018810109945538736,0.05290539276787573,0.04684185589153245,0.03421863965842205,0.09975971730964686,0.07121254366347576
92,least_connections,569,measured,445,409,15,heavy,0,100.0,68.85,4,1079.0,0.0,445.0,968.0,0.0,409.0,3,0,1,0.03982008188798035,-0.04881420785328236,0.03467904566962469,0.20516548409758717,-0.30208922599932514,0.214564573535078,0.13441970155447353,-0.20800033452314434,0.14713825903363906,42.2,40.41,4,575.0,902.0,0.0,412.0,881.0,0.0,2,2,0,0.015116024250392213,0.03520538455371758,-0.019070333461576036,-0.013685533694661217,0.09812277554520474,-0.05111491840688753,-0.034980097802913224,0.11794738557306081,-0.05456006301051037,34.94,55.87,4,454.0,838.0,455.0,402.0,849.0,425.0,1,2,1,-0.005829354667545764,0.028111911593551975,0.02185404376139058,0.017018670903106478,0.047866783932839954,0.042380726759005546,0.03095972159571518,0.09025879185158525,0.06443039664790665
92,least_connections,570,measured,492,417,18,heavy,0,100.0,89.7,5,1079.0,445.0,492.0,968.0,409.0,417.0,3,1,1,0.03602769313674413,-0.0010813354500219113,0.031376279415374714,0.18562591418353125,-0.004906125110500481,0.2224790585952293,0.12161782521595227,-0.0031669693304639535,0.13674413912567343,42.2,40.41,4,575.0,902.0,0.0,412.0,881.0,0.0,2,2,0,0.013676402893212009,0.03185249078669686,-0.017254111227140222,-0.012382149533264913,0.0887777493028043,-0.04624683093956491,-0.03164865991692148,0.10671430123276929,-0.04936386653331891,34.94,55.87,4,857.0,890.0,0.0,811.0,865.0,0.0,2,2,0,0.03780972219421596,0.025434586679880355,-0.023311193966451604,0.08832165462662014,0.05271756641542663,-0.04398886626566165,0.15136038303104388,0.08648811326254541,-0.0698804347788781
92,least_connections,571,measured,465,425,17,heavy,1,100.0,89.7,5,1079.0,445.0,492.0,968.0,409.0,417.0,3,1,1,0.03259648426657802,-0.0009783511214483953,0.028388062328196174,0.16794725568986157,-0.004438875099976647,0.20129057682425508,0.11003517519538542,-0.0028653532037531126,0.1237208877803712,50.17,50.38,4,879.0,412.0,465.0,750.0,437.0,425.0,2,1,1,0.012373888331953714,-0.0142649799911745,0.027473037687916216,0.06738213681684196,-0.046343941106986586,0.07836171078257054,0.06693097436088055,-0.028984679837018273,0.07550114456509241,34.94,55.87,4,857.0,890.0,0.0,811.0,865.0,0.0,2,2,0,0.0342087962709573,0.023012245091320327,-0.021091080255360974,0.07991006847170394,0.04769684580443362,-0.03979945043083673,0.13694510845665875,0.07825115009468395,-0.0632251552761278
92,least_connections,572,measured,451,428,16,heavy,1,100.0,84.0,4,927.0,445.0,492.0,854.0,409.0,417.0,2,1,1,-0.013591843033186779,-0.0008851748241675977,0.025684437344558442,0.06026973927495405,-0.004016125090455069,0.18212004569813556,0.04798420612915821,-0.0025924624224432924,0.11193794608700251,63.06,63.75,5,879.0,412.0,916.0,750.0,437.0,853.0,2,1,2,0.011195422776529546,-0.012906410468205495,0.06794045813487204,0.060964790453333195,-0.04193023243013072,0.18748372472164546,0.0605565958503205,-0.026224234138254615,0.18932246413032167,34.94,55.87,4,1292.0,455.0,0.0,1251.0,425.0,0.0,3,1,0,0.07403471590048064,-0.022263297525086587,-0.019082405945326595,0.15101387147439882,-0.035559996653131476,-0.03600902658028085,0.25660112987348493,-0.06189975308893675,-0.057203711916496584
92,least_connections,573,measured,379,333,8,medium,0,100.0,78.3,4,495.0,824.0,492.0,407.0,742.0,417.0,1,2,1,-0.05538128201868826,0.04228302776679621,0.023238300454600496,-0.2060416644655178,0.2249695376165724,0.16477527944117026,-0.1588000039783807,0.1482972959035037,0.1012771893168118,63.06,63.75,5,879.0,412.0,916.0,750.0,437.0,853.0,2,1,2,0.010129192035907675,-0.011677228518852598,0.061469938312503275,0.05515861993396812,-0.037936876960594446,0.16962813189101256,0.05478930100743282,-0.023726688029849397,0.17129175326076723,34.94,55.87,4,1292.0,455.0,0.0,1251.0,425.0,0.0,3,1,0,0.06698379057662533,-0.02014298347507834,-0.017265033950533585,0.13663159800064656,-0.0321733303052142,-0.03257959547739696,0.23216292702839111,-0.05600453850903803,-0.05175573935302072
92,least_connections,574,measured,384,334,5,medium,0,100.0,74.65,4,763.0,937.0,0.0,667.0,826.0,0.0,2,2,0,-0.007022973980627262,0.03825607274138705,-0.022058771244023584,-0.0247678551513415,0.2717025975261052,-0.14767950907703645,-0.026057146456630154,0.17217374391269383,-0.09701111442764646,51.94,54.19,4,490.0,1328.0,0.0,444.0,1290.0,0.0,1,3,0,-0.03391939314665042,0.07560268893645762,-0.030552141980297487,-0.050652405093756764,0.20246527458667307,-0.0833160439353424,-0.03694658480279886,0.21970859178251723,-0.08619734228787725,25.86,42.47,3,838.0,455.0,0.0,849.0,425.0,0.0,2,1,0,0.01752048172352269,-0.018224604096499453,-0.01562074500286372,0.041466683905346885,-0.029109203609479523,-0.02947677686050201,0.088814076835211,-0.05067077293674871,-0.0468266213193997
92,least_connections,575,measured,359,309,11,medium,2,100.0,74.65,4,763.0,937.0,0.0,667.0,826.0,0.0,2,2,0,-0.006354119315805623,0.03461263724220733,-0.019957935887449908,-0.02240901180359467,0.24582615966647614,-0.1336147939268425,-0.023575513460760644,0.15577624449243727,-0.0877719606726325,51.94,54.19,4,902.0,916.0,0.0,881.0,853.0,0.0,2,2,0,0.012394925475026047,0.02531853262051381,-0.027642414172650107,0.06067503484714526,0.07667946612263618,-0.07538118260816692,0.09012868517842007,0.07522741637465843,-0.0779880715937937,33.04,52.77,4,838.0,814.0,0.0,849.0,734.0,0.0,2,2,0,0.015851864416520534,0.026594972710876907,-0.014133055002590985,0.03751747591436147,0.038625006258089956,-0.026669464778549437,0.08035559332709566,0.047345491152465474,-0.04236694309850449
92,least_connections,576,measured,388,337,10,medium,0,100.0,91.5,5,763.0,1325.0,0.0,667.0,1163.0,0.0,2,3,0,-0.005748965095252717,0.07440009582684971,-0.018057180088645156,-0.02027482020325233,0.45644589049189105,-0.1208895754576194,-0.021330226464497726,0.2933927926360147,-0.07941272632285798,51.94,54.19,4,902.0,916.0,0.0,881.0,853.0,0.0,2,2,0,0.011214456382166421,0.022907243799512506,-0.02500980329906438,0.054896460099798094,0.06937665982524224,-0.06820202235977008,0.0815450008757134,0.06806290052945288,-0.07056063620390858,33.04,52.77,4,838.0,814.0,0.0,849.0,734.0,0.0,2,2,0,0.014342163043518569,0.024062118166983865,-0.012787049764248987,0.03394438297013655,0.03494643423350996,-0.02412951575202092,0.07270267967689606,0.04283639675699258,-0.03833199613674216
92,least_connections,577,measured,169,100,4,light,1,100.0,91.5,5,1208.0,880.0,0.0,1076.0,754.0,0.0,3,2,0,0.037882455616766814,0.024230472188011415,-0.016337448651631333,0.2500688134668987,0.14456215488948876,-0.10937628255689374,0.16572503319878779,0.08042681238496568,-0.07184960953020483,56.77,57.31,5,1071.0,916.0,0.0,981.0,853.0,0.0,3,2,0,0.05323031314395556,0.020725601532892268,-0.02262791727058206,0.0933553006345112,0.06276935888950488,-0.06170659165883959,0.10205261983993116,0.06158071952664784,-0.06384057561306014,24.98,39.13,3,890.0,359.0,0.0,865.0,309.0,0.0,2,1,0,0.012976242753659661,-0.021313412361391004,-0.01156923550098718,0.040121108401552114,-0.05071513093158622,-0.021831466632780832,0.07060401177115994,-0.0894178632516099,-0.03468132983800481
92,least_connections,578,measured,386,333,10,medium,2,100.0,91.5,5,1208.0,880.0,0.0,1076.0,754.0,0.0,3,2,0,0.034274602700884255,0.021922808170105557,-0.014781501160999778,0.22625273599386075,0.13079433061429935,-0.09895949374195148,0.14994169670366514,0.07276711596734992,-0.06500678957494722,42.77,43.44,4,581.0,916.0,0.0,537.0,853.0,0.0,2,2,0,0.005076859284440516,0.018751734720235863,-0.020472877530526627,-0.04220234704496603,0.05679132470955203,-0.055829773405616775,-0.033202391573395634,0.05571588909553854,-0.0577605207927687,32.7,50.23,4,890.0,745.0,0.0,865.0,642.0,0.0,2,2,0,0.011740410110453986,0.02380033666168932,-0.01046740354851221,0.036300050458547145,0.023962500585707702,-0.019752279334420753,0.06387982017390662,0.019526695153305323,-0.031378346043909114
92,least_connections,579,measured,193,104,1,light,1,100.0,74.8,4,1212.0,492.0,0.0,1079.0,417.0,0.0,3,1,0,0.031010354824609565,-0.023248978549042815,-0.013373739145666466,0.20711755478809624,-0.11569401833309423,-0.08953478005224182,0.13701867796998274,-0.08661546650573101,-0.05881566675828558,48.29,46.69,5,774.0,916.0,0.0,641.0,853.0,0.0,3,2,0,0.04767724910315593,0.016965855223070536,-0.01852307967047647,0.01170808056475861,0.05138262711816613,-0.05051265212889137,-0.0006354971378341456,0.05040961394358251,-0.05225951881250501,24.0,35.57,3,814.0,386.0,0.0,734.0,333.0,0.0,2,1,0,0.010622275814220261,-0.021550262294752737,-0.009470507972463429,0.019090521843447422,-0.0432815470891216,-0.01787110987399973,0.01828809126845521,-0.0755234662898666,-0.02838993213496539
92,least_connections,580,measured,375,331,8,medium,2,100.0,74.8,4,1212.0,492.0,0.0,1079.0,417.0,0.0,3,1,0,0.02805698769845627,-0.021034790115800645,-0.012100049703222041,0.1873920733797061,-0.10467554039660903,-0.0810076581425045,0.12396928006807961,-0.07836637445756614,-0.05321417468606791,42.77,43.44,4,581.0,916.0,0.0,537.0,853.0,0.0,2,2,0,5.265848562180375e-05,0.015350059487540008,-0.01675897684471681,-0.03929813118970818,0.046489043583102685,-0.04570192335471124,-0.029979735505659466,0.04560869832990799,-0.04728242178274263,31.5,46.6,4,814.0,761.0,0.0,734.0,664.0,0.0,2,2,0,0.009610630498580242,0.02358604386483823,-0.008568554832228816,0.017272376905976244,0.028697647871747126,-0.01616909940980928,0.016546368290507096,0.0314946416107556,-0.025686129074492494
92,least_connections,581,measured,478,406,16,heavy,0,100.0,78.45,4,1325.0,0.0,478.0,1163.0,0.0,406.0,3,0,1,0.02538489363193662,-0.06211537699819605,0.032136236209556475,0.2377039394070356,-0.3914683460731225,0.2150248172361467,0.1501626819663578,-0.25954576736636936,0.13552050861736714,37.94,40.31,3,1328.0,0.0,0.0,1290.0,0.0,0.0,3,0,0,0.04313154361851043,-0.07227965139335948,-0.015162883811886636,0.15754658878754296,-0.19472760002345132,-0.04134935922569112,0.18577726311392714,-0.19991058246341656,-0.04277933399391,31.5,46.6,4,1575.0,0.0,0.0,1398.0,0.0,0.0,4,0,0,0.09486313280937304,-0.06482804648056587,-0.007752501991064167,0.1533321505339785,-0.11174022335413356,-0.014629185180303634,0.21522449194537946,-0.17175881632042747,-0.02323983106739797
92,least_connections,582,measured,425,407,16,heavy,1,100.0,78.45,4,1325.0,0.0,478.0,1163.0,0.0,406.0,3,0,1,0.02296728471460932,-0.05619962680789166,0.02907564228483681,0.21506546898731793,-0.3541856464471108,0.19454626321365653,0.13586147416003802,-0.23482712285528656,0.12261379351095122,38.31,39.38,3,916.0,0.0,425.0,853.0,0.0,407.0,2,0,1,-0.0040601226671526935,-0.0653958750701824,0.029365100587431366,0.036038750399613684,-0.17618211430693215,0.07245262056451075,0.04452764281736263,-0.1808714793716626,0.07636929305312906,31.5,46.6,4,1575.0,0.0,0.0,1398.0,0.0,0.0,4,0,0,0.0858285487322899,-0.05865394681575007,-0.007014168468105674,0.1387290885783615,-0.10109829732040655,-0.013235929448846145,0.19472692128391472,-0.1554008338137201,-0.02102651382288388
92,least_connections,583,measured,374,312,12,medium,1,100.0,78.45,4,1325.0,478.0,0.0,1163.0,406.0,0.0,3,1,0,0.02077992426559891,-0.007763381170858896,-0.016777366730952634,0.19458304336947807,-0.03213621980135423,-0.11229941264796152,0.12292228614479633,-0.028795968297640223,-0.07273037729961557,49.0,49.12,4,916.0,374.0,425.0,853.0,312.0,407.0,2,1,1,-0.0036734443179000653,-0.016083796265312422,0.026568424341009332,0.032606488456793314,-0.06272259321647601,0.06555237098693831,0.040286914929994755,-0.07543133847912328,0.06909602704806915,31.5,46.6,4,1575.0,0.0,0.0,1398.0,0.0,0.0,4,0,0,0.07765440123397657,-0.053067856642821494,-0.006346152423524182,0.12551679442804137,-0.0914698880517964,-0.011975364739432226,0.17618150020925621,-0.14060075440288963,-0.01902398869689494
92,least_connections,584,measured,403,404,16,heavy,0,100.0,78.2,4,880.0,478.0,403.0,754.0,406.0,404.0,2,1,1,-0.024283016367405985,-0.007024011535538999,0.027904377946371652,-0.09236137345936102,-0.029075627439320517,0.14147513458835229,-0.07380840777375569,-0.0260534951264364,0.1169582300622526,49.0,49.12,4,916.0,799.0,0.0,853.0,719.0,0.0,2,2,0,-0.003323592478100046,0.028531894081950893,-0.01904580201346321,0.02950110860376537,0.05311493266808634,-0.05055465754242997,0.03645006588904287,0.04682700328079323,-0.052558951718413634,22.4,32.43,3,1120.0,0.0,0.0,973.0,0.0,0.0,3,0,0,0.027174843746840482,-0.04801377505779088,-0.005741756954617117,0.031229480672989807,-0.08275847014210151,-0.010834853811867252,0.03122770653853335,-0.12721020636451918,-0.017212180249571614
92,least_connections,585,measured,153,118,5,light,2,100.0,78.2,4,880.0,478.0,403.0,754.0,406.0,404.0,2,1,1,-0.02197034814193874,-0.006355058055963855,0.025246818141955306,-0.08356505217751709,-0.026306520064147132,0.12800131224660447,-0.06677903560482656,-0.0235722098762996,0.10581935100870474,49.0,49.12,4,916.0,799.0,0.0,853.0,719.0,0.0,2,2,0,-0.0030070598611381394,0.025814570836050807,-0.017231916107419094,0.026691479212930552,0.04805636765207813,-0.045739928252674734,0.03297863104246737,0.04236728868262246,-0.04755333726904091,25.46,36.37,4,1273.0,0.0,0.0,1091.0,0.0,0.0,4,0,0,0.0676706636167559,-0.04344103457609651,-0.005194922958939296,0.055940958704133625,-0.07487671108094898,-0.0098029629726418,0.06384094083645087,-0.11509494861551736,-0.01557292498770765
92,least_connections,586,measured,159,120,8,light,0,100.0,67.35,4,492.0,1040.0,0.0,417.0,930.0,0.0,1,3,0,-0.06296183425994004,0.08041798602192839,-0.02024154095546447,-0.3096382218114044,0.315182989783232,-0.1272686539991039,-0.2128715084043669,0.21572038154049084,-0.08702058718260049,49.0,49.12,4,916.0,799.0,0.0,853.0,719.0,0.0,2,2,0,-0.0027206732076964224,0.02335604028023644,-0.015590781240045848,0.02414943357360383,0.043479570732832595,-0.04138374460956286,0.02983780903842287,0.038332308808086996,-0.04302444800532273,18.28,26.07,3,914.0,0.0,0.0,782.0,0.0,0.0,3,0,0,0.01814193828364083,-0.03930379318789684,-0.004700168391421268,-0.01434865641054578,-0.06774559573990623,-0.008869347451437819,-0.03542962495749685,-0.10413352493784904,-0.014089789274592635
92,least_connections,587,measured,393,303,14,medium,2,100.0,67.35,4,651.0,881.0,0.0,537.0,810.0,0.0,2,2,0,-0.013881568865569321,0.029675229983558787,-0.01831377515018214,-0.18424410544841346,0.18926080028006703,-0.11514782980871305,-0.1383123171277605,0.14088986901282502,-0.078732912212829,49.0,49.12,4,916.0,799.0,0.0,853.0,719.0,0.0,2,2,0,-0.0024615614736301084,0.021131655491642504,-0.014105944931470053,0.02184948751897489,0.03933865923446761,-0.0374424355991283,0.026996112939525474,0.03468161273112633,-0.03892688152862533,26.14,36.17,4,914.0,393.0,0.0,782.0,303.0,0.0,3,1,0,0.01641413463757979,0.00752332543770784,-0.004252533306524004,-0.012982117704779528,0.00982065147341818,-0.008024647694158027,-0.03205537496154476,-0.002835093991387219,-0.01274790458177429
92,least_connections,588,measured,359,309,11,medium,0,93.27,61.95,4,159.0,1240.0,0.0,120.0,1119.0,0.0,1,3,0,-0.05564341491465341,0.0699329178309296,-0.016569606088260032,-0.4634589525485645,0.38777564469783843,-0.10418136982693085,-0.3137825726394024,0.2672575005354131,-0.07123453962113101,22.83,22.47,2,374.0,425.0,0.0,312.0,407.0,0.0,1,1,0,-0.04531102727432747,-0.023964783353366534,-0.01276252160466338,-0.12034025959167578,-0.06108815184908713,-0.03387648935159227,-0.12853625495947693,-0.05683568371945713,-0.03521955947828006,10.92,14.03,2,153.0,393.0,0.0,118.0,303.0,0.0,1,1,0,-0.07131691673379968,0.006806818253164232,-0.003847530134474099,-0.14945048744718148,0.008885351333092636,-0.007260395532809644,-0.22925645036203252,-0.0025650850398265396,-0.01153381843112912
92,least_connections,589,measured,357,347,13,medium,1,93.27,61.95,4,159.0,1240.0,0.0,120.0,1119.0,0.0,1,3,0,-0.05034404206563879,0.06327263994226963,-0.0149915483655686,-0.4193200046867964,0.35084463091709195,-0.09425933460531839,-0.2838985181023165,0.24180440524632613,-0.06445029775245187,33.03,33.31,3,374.0,782.0,0.0,312.0,754.0,0.0,1,2,0,-0.04099569134343914,0.02140147719275909,-0.011547043356600202,-0.10887928248770666,0.037015481660349736,-0.03065015703239301,-0.11629470686809817,0.046687357587157835,-0.031865315718443865,10.92,14.03,2,153.0,393.0,0.0,118.0,303.0,0.0,1,1,0,-0.06452482942581876,0.006158549848100978,-0.003481098693095613,-0.13521710769030704,0.008039127396607615,-0.006568929291589678,-0.20742250270850562,-0.0023207912265097302,-0.010435359532926347
92,least_connections,590,measured,481,424,15,heavy,2,93.27,61.95,4,637.0,762.0,0.0,526.0,713.0,0.0,2,2,0,-0.0024654711659634343,0.014162774006724665,-0.013563781854562067,-0.09106730582773642,0.029113396226575272,-0.0852822551190976,-0.07319389733066728,0.03510874760381888,-0.05831217415698026,33.03,33.31,3,374.0,782.0,0.0,312.0,754.0,0.0,1,2,0,-0.037091339786921126,0.019363241269639175,-0.010447324941685897,-0.09850982701268697,0.03349019769269737,-0.02773109445787939,-0.10521902049970788,0.042240942578857105,-0.028830523745258737,17.48,24.23,2,0.0,393.0,481.0,0.0,303.0,424.0,0,1,1,-0.10146350780249815,0.005572021291138984,0.039934334742528,-0.15002500219599207,0.007273496215978309,0.08109477825999029,-0.2232552802283305,-0.0020997634906516627,0.11843150010513014
92,least_connections,591,measured,384,323,11,medium,2,93.27,61.95,4,637.0,762.0,0.0,526.0,713.0,0.0,2,2,0,-0.002230664388252618,0.012813938387036594,-0.012271993106508537,-0.08239422908223765,0.026340691824044304,-0.07716013558394544,-0.06622304996584183,0.031765057355836124,-0.05275863376107738,33.03,33.31,3,799.0,357.0,0.0,719.0,347.0,0.0,2,1,0,0.00952506899097158,-0.025564777173274295,-0.009452341613906288,0.020736006852466904,-0.07956329052293366,-0.025090037842843256,0.019876243357407175,-0.07685640909531975,-0.026084759579043618,25.16,35.0,3,0.0,1258.0,0.0,0.0,1050.0,0.0,0,3,0,-0.09180031658321261,0.09120915305025953,-0.006952835459708222,-0.13573690674875474,0.16310459181445655,-0.013666629193342116,-0.20199287258753712,0.22338592827036274,-0.020720706254088613
92,least_connections,592,measured,181,119,6,light,1,93.27,61.95,4,996.0,403.0,0.0,835.0,404.0,0.0,3,1,0,0.04106568006595737,-0.031490336924200446,-0.011103231858269629,0.14199252289384845,-0.19270762803221392,-0.0698115512426173,0.0798696214594764,-0.11104590048757679,-0.047734001974308105,38.2,37.03,4,980.0,357.0,0.0,838.0,347.0,0.0,3,1,0,0.05170181979001737,-0.02313003649010531,-0.00855211860305807,0.0655502647032524,-0.07198583428265425,-0.022700510429239137,0.051629101132892236,-0.06953675108624167,-0.023600496761991843,25.16,35.0,3,0.0,1258.0,0.0,0.0,1050.0,0.0,0,3,0,-0.08305742928957331,0.08252256704547291,-0.006290660654021725,-0.12280958229649239,0.1475708211654607,-0.012365045460642867,-0.18275545615062883,0.20211107795889963,-0.018747305658461125
92,least_connections,593,measured,396,325,11,medium,2,93.27,61.95,4,1399.0,0.0,0.0,1239.0,0.0,0.0,4,0,0,0.08023856314357594,-0.0715751574438911,-0.010045781205101093,0.37154879055475165,-0.41743388567993955,-0.06316283207665375,0.255024895606193,-0.2832320052030457,-0.043187906548183524,38.2,37.03,4,980.0,357.0,0.0,838.0,347.0,0.0,3,1,0,0.04677783695287285,-0.020927175872000034,-0.0077376311170525396,0.05930738235056168,-0.06513004054144907,-0.020538557055025886,0.04671204388214062,-0.06291420336374247,-0.021352830403706904,33.08,45.83,4,0.0,1654.0,0.0,0.0,1375.0,0.0,0,4,0,-0.07514719792866156,0.11774717517266142,-0.0056915501155434655,-0.11111343160158835,0.20517360010208346,-0.011187422083438784,-0.1653501746124737,0.28087827688344885,-0.016961847976702922
92,least_connections,594,measured,459,448,16,heavy,0,100.0,78.35,4,1240.0,0.0,459.0,1119.0,0.0,448.0,3,0,1,0.029512894998382763,-0.06475847578256815,0.03399486008880876,0.24025842954953713,-0.3776782775199453,0.21970981859731326,0.1764510960246508,-0.25625752851704137,0.163591894075453,38.2,37.03,4,980.0,357.0,0.0,838.0,347.0,0.0,3,1,0,0.04232280486212306,-0.01893411150323812,-0.00700071386780944,0.053659060221936755,-0.058927179537501526,-0.018582504002166277,0.04226327779812725,-0.05692237447195746,-0.01931922750811577,33.08,45.83,4,393.0,1261.0,0.0,303.0,1072.0,0.0,1,3,0,-0.024906421708698334,0.06344925826279343,-0.005149497723586945,-0.029416914306198985,0.11451897152093266,-0.010121953313587471,-0.05822158655414286,0.1627470124183585,-0.015346433883683596
92,least_connections,595,measured,396,320,10,medium,0,100.0,94.35,5,1240.0,396.0,459.0,1119.0,320.0,448.0,3,1,1,0.026702143093774874,-0.015507101671756673,0.030757254366065072,0.21737667435434305,-0.1028517748989981,0.19878507396899772,0.15964622973658882,-0.08709014484875172,0.14801171368731464,27.51,27.28,3,963.0,0.0,0.0,873.0,0.0,0.0,3,0,0,0.03829206154192086,-0.06021476301540138,-0.00633397921373235,0.04415411571100397,-0.1456007814863109,-0.01681274171624568,0.04813403705544844,-0.14961131499843772,-0.017479301078771412,33.08,45.83,4,777.0,877.0,0.0,626.0,749.0,0.0,2,2,0,0.020549518680792217,0.01432257153481764,-0.004659069368959617,0.04287041086581997,0.034126688518939075,-0.009157957759912475,0.044736024863712004,0.049834598537245006,-0.013884868751904207
92,least_connections,596,measured,393,346,13,medium,1,100.0,94.35,5,1240.0,855.0,0.0,1119.0,768.0,0.0,3,2,0,0.024159081846748698,0.029053665380882276,-0.015255908181269921,0.19667413393964372,0.1838007750913826,-0.09700398069471634,0.14444182690453278,0.12387082132731986,-0.0687513066638582,38.74,38.09,4,963.0,393.0,0.0,873.0,346.0,0.0,3,1,0,0.0346451985379284,-0.011396123453843887,-0.005730743098138793,0.039948961833765506,-0.03014220365768265,-0.015211528219460377,0.043549843050167625,-0.0375352373795389,-0.01581460573793604,33.08,45.83,4,777.0,877.0,0.0,626.0,749.0,0.0,2,2,0,0.018592421663573916,0.01295851710293025,-0.004215348476677749,0.038787514592884736,0.030876527707611567,-0.008285771306587477,0.04047545106716799,0.0450884462956026,-0.012562500299341901
92,least_connections,597,measured,367,305,9,medium,1,100.0,74.05,4,762.0,855.0,0.0,713.0,768.0,0.0,2,2,0,-0.02122568331779426,0.026286649630322068,-0.013802964544958501,-0.11037419627683032,0.16629593936839376,-0.0877655063428386,-0.05298120422923225,0.11207360024852747,-0.06220356317206218,49.23,47.62,5,963.0,760.0,0.0,873.0,651.0,0.0,3,2,0,0.031345655820030446,0.03277312186375576,-0.005184958041173194,0.03614429880197831,0.06759923070427351,-0.013762811246178437,0.03940223895015166,0.05227466618041718,-0.014308452810513562,33.08,45.83,4,1173.0,481.0,0.0,951.0,424.0,0.0,3,1,0,0.059905615065229,-0.03135952760982047,-0.003813886716994154,0.10675060844118142,-0.0437212368359705,-0.007496650229769621,0.1346365192195012,-0.05722156446270876,-0.011366071699404578
92,least_connections,598,measured,154,103,4,light,0,100.0,79.2,5,1312.0,459.0,0.0,1136.0,448.0,0.0,4,1,0,0.06696361078503421,-0.019300741037418356,-0.01248839649305769,0.2318836636860424,-0.08839891200002464,-0.07940688669113968,0.14342176760212316,-0.04336198072752276,-0.05627941429853245,31.91,31.19,3,357.0,760.0,0.0,347.0,651.0,0.0,1,2,0,-0.05780744518777289,0.02965187216244569,-0.004691152513442414,-0.12395107659412845,0.06116120873243794,-0.012452067317970966,-0.11307059333081516,0.04729612654418697,-0.01294574301903608,33.08,45.83,4,1654.0,0.0,0.0,1375.0,0.0,0.0,4,0,0,0.09728421861910741,-0.07145680615945207,-0.0034506594106137583,0.1836219790658308,-0.12659540475635425,-0.006782683541220134,0.24968700945256456,-0.17964490752975237,-0.010283588680413666
92,least_connections,599,measured,403,401,16,heavy,1,94.13,63.75,4,953.0,459.0,0.0,827.0,448.0,0.0,3,1,0,0.01750222381684502,-0.017462575224330895,-0.011299025398480768,-0.006740177299929928,-0.07997996800002227,-0.07184432605388828,-0.010023162645698025,-0.03923226827728252,-0.0509194700796246,43.43,43.72,4,724.0,393.0,403.0,652.0,346.0,401.0,2,1,1,-0.009218073990751446,-0.016256015889306502,0.03883952414316661,-0.01727546385727266,-0.03953441658901875,0.09291071460346845,-0.01606684634692801,-0.043443385507640375,0.10166516107801497,33.08,45.83,4,1654.0,0.0,0.0,1375.0,0.0,0.0,4,0,0,0.08801905494109719,-0.06465139604902807,-0.0031220251810314954,0.1661341715357517,-0.11453869954146337,-0.00613671368015155,0.22590729426660605,-0.162535868717395,-0.00930419928227903
92,least_connections,600,measured,368,331,10,medium,0,91.8,60.1,4,550.0,827.0,0.0,423.0,779.0,0.0,2,2,0,-0.027248554868659486,0.02728442740474371,-0.0102229277414826,-0.24917762073168265,0.14960542577775765,-0.0650020092868513,-0.19183048048896487,0.11424223346341106,-0.04606999673870797,43.43,43.72,4,724.0,393.0,403.0,652.0,346.0,401.0,2,1,1,-0.008340162182108452,-0.014707823899848746,0.03514052184381741,-0.015630181585151448,-0.035769234056731256,0.08406207511742383,-0.014536670504363441,-0.03930592022119844,0.09198276478487069,33.08,45.83,4,1654.0,0.0,0.0,1375.0,0.0,0.0,4,0,0,0.07963628780384983,-0.058494120234834926,-0.0028246894495046865,0.15031186948472772,-0.1036302519660859,-0.005552264758232355,0.20439231386026263,-0.1470562621728812,-0.008418085064919123
92,least_connections,601,measured,390,324,11,medium,0,100.0,76.3,5,550.0,1217.0,0.0,423.0,1103.0,0.0,2,3,0,-0.024653454404977626,0.0677698107358112,-0.009249315575627115,-0.22544641875723664,0.370595385227495,-0.05881134173572261,-0.17356091091858725,0.24993344932403855,-0.04168237800168816,43.43,43.72,4,724.0,796.0,0.0,652.0,747.0,0.0,2,2,0,-0.007545861021907657,0.02977682146022756,-0.011290094749017805,-0.01414159286275607,0.07181423041125676,-0.028120707546820615,-0.013152225694424063,0.0778154769427252,-0.03015547471845032,25.22,35.73,3,1261.0,0.0,0.0,1072.0,0.0,0.0,3,0,0,0.028967979214821055,-0.05292325164104112,-0.0025556714066947163,0.06488216762903937,-0.093760704159792,-0.005023477638400702,0.0935454268259519,-0.13305090387070204,-0.0076163626777839685
92,least_connections,602,measured,194,107,7,light,2,100.0,71.15,4,396.0,1217.0,0.0,320.0,1103.0,0.0,1,3,0,-0.0653894065931657,0.06131554304668632,-0.008368428377948342,-0.29686422014543634,0.33530058663440027,-0.053210261570415696,-0.20362653845015036,0.22613026367413008,-0.0377126277158131,33.23,32.88,3,760.0,403.0,0.0,651.0,401.0,0.0,2,1,0,-0.006827207591249773,-0.016142966524646724,-0.010214847630063728,-0.0034886520458949632,-0.03661705683879489,-0.025442544923313888,-0.012182370866383685,-0.027422901813724837,-0.027283524745264576,21.42,28.53,3,1071.0,0.0,0.0,856.0,0.0,0.0,3,0,0,0.02620912405150476,-0.04788294196094196,-0.0023122741298666483,0.024321961188178504,-0.08483111328743086,-0.004545051196648255,0.01949348141395646,-0.12037938921634946,-0.006890994803709305
92,least_connections,603,measured,188,105,2,light,1,100.0,71.15,4,1223.0,390.0,0.0,1099.0,324.0,0.0,3,1,0,0.02700595639303148,-0.03069183293508425,-0.0075714351990961186,0.2302339595509545,-0.19545819939427278,-0.048142617611328486,0.1681712271165306,-0.14781071381864416,-0.034120948885735664,38.6,36.16,4,948.0,403.0,0.0,756.0,401.0,0.0,3,1,0,0.036906902882293285,-0.014605541141347031,-0.009242004998629087,0.04544223998568689,-0.03312971809224298,-0.023019445406807802,0.018665354930414768,-0.02481119687908437,-0.02468509381714414,21.42,28.53,3,1071.0,0.0,0.0,856.0,0.0,0.0,3,0,0,0.0237130169989805,-0.04332266177418559,-0.002092057546069825,0.02200558393216151,-0.07675195964100887,-0.0041121891779198495,0.017636959374532024,-0.10891468548145904,-0.006234709584308419
92,least_connections,604,measured,161,121,4,light,2,100.0,71.15,4,1223.0,390.0,0.0,1099.0,324.0,0.0,3,1,0,0.02443396054607609,-0.027768801226980985,-0.006850346132515536,0.2083069157841969,-0.1768431327852944,-0.04355760641024958,0.1521549197720991,-0.13373350297877326,-0.03087133470614179,38.6,36.16,4,948.0,403.0,0.0,756.0,401.0,0.0,3,1,0,0.03339195975064631,-0.013214537223123504,-0.008361814046378698,0.041114407606097664,-0.029974506845362694,-0.020827117272826108,0.016887702079899092,-0.022448225747742995,-0.02233413250122565,16.72,21.73,3,836.0,0.0,0.0,652.0,0.0,0.0,3,0,0,0.021454634427649014,-0.039196693986167916,-0.001892813970253651,-0.022613995489949107,-0.06944224919900802,-0.0037205521133560544,-0.04556656056589958,-0.09854185829274865,-0.0056409277191361885
92,least_connections,605,measured,499,420,15,heavy,2,81.13,55.15,3,1217.0,0.0,0.0,1103.0,0.0,0.0,3,0,0,0.022106916684545036,-0.0682080537178354,-0.006197932215133104,0.18484911428094009,-0.3952390249009807,-0.039409262942606764,0.13947349884142302,-0.26756840745698535,-0.027931207591271146,33.23,32.88,3,760.0,403.0,0.0,651.0,401.0,0.0,2,1,0,-0.012872127119029741,-0.011956009868540313,-0.007565450803866441,-0.011399889716932066,-0.027119791907709093,-0.018843582294461717,-0.014408150499138905,-0.0203102994860532,-0.020207072263013683,17.08,21.6,3,355.0,0.0,499.0,228.0,0.0,420.0,2,0,1,-0.023672564316027295,-0.035463675511294784,0.04137135425367073,-0.10749837687185872,-0.06282870165624535,0.08692902427839214,-0.16909990400406788,-0.08915691940772498,0.12156297015887679
92,least_connections,606,measured,432,440,16,heavy,0,100.0,77.15,4,1217.0,0.0,432.0,1103.0,0.0,440.0,3,0,1,0.020001496047921702,-0.06171204860185108,0.037476247270208374,0.16724443673037437,-0.3575972130056492,0.2249154287662129,0.12619030847557322,-0.24208570198489152,0.17377652646504038,22.74,23.34,2,393.0,403.0,0.0,346.0,401.0,0.0,1,1,0,-0.05473011047730808,-0.010817342262012669,-0.006844931679688685,-0.10518493423368684,-0.024536954583165363,-0.017048955409274886,-0.09927106473731614,-0.018375985249286242,-0.018282589190345713,17.08,21.6,3,355.0,499.0,0.0,228.0,420.0,0.0,2,1,0,-0.021418034381167544,0.010997717621300182,-0.005652674949626706,-0.09726043621739601,0.0334502223110161,-0.011645168510026158,-0.1529951512417757,0.04600088244062979,-0.016681122237206723
92,least_connections,607,measured,448,400,18,heavy,1,100.0,77.15,4,1217.0,0.0,432.0,1103.0,0.0,440.0,3,0,1,0.018096591662405348,-0.055834710639770024,0.03390708086352186,0.15131639513700534,-0.3235403355765397,0.20349491174085932,0.11417218385885197,-0.21902992084347328,0.1572263810874175,35.54,35.84,3,393.0,403.0,448.0,346.0,401.0,400.0,1,1,1,-0.04951771900327874,-0.00978711918944003,0.03689086680227713,-0.09516732144952621,-0.022200101765721028,0.10038427843922748,-0.08981667761947651,-0.016625891416020888,0.0965538478754015,17.08,21.6,3,355.0,499.0,0.0,228.0,420.0,0.0,2,1,0,-0.019378221582961125,0.009950315943081114,-0.005114324954424163,-0.08799753753002494,0.030264486852824096,-0.01053610484240462,-0.13842418445684468,0.04161984601771267,-0.015092443928901321
92,least_connections,608,measured,386,302,10,medium,1,100.0,77.15,4,1217.0,432.0,0.0,1103.0,440.0,0.0,3,1,0,0.016373106742176263,-0.007433218923510745,-0.0124060651597614,0.13690530988586203,-0.03215554171210738,-0.07645698461541299,0.10329864253896132,0.0008776906654289485,-0.05679517901614607,46.57,45.28,4,796.0,386.0,448.0,747.0,302.0,400.0,2,1,1,-0.0017178455381138824,-0.008855012599969556,0.033377450916345974,0.01807310372253751,-0.02448036418259114,0.09082387096882487,0.032115267868092656,-0.04303354461449509,0.08735824331583945,13.86,17.57,2,194.0,499.0,0.0,107.0,420.0,0.0,1,1,0,-0.06061657689705552,0.009002666805644821,-0.004627246387336147,-0.10875015300335589,0.02738215477160276,-0.009532666285985132,-0.16173299228635152,0.03765605115888289,-0.013655068316625005
92,least_connections,609,measured,177,108,3,light,2,100.0,77.15,4,1217.0,432.0,0.0,1103.0,440.0,0.0,3,1,0,0.014813763242921385,-0.006725293311747815,-0.011224535144546029,0.12386670894435137,-0.029093109168097153,-0.06917536703299271,0.09346067658286977,0.0007941010782452351,-0.051386114347941686,35.34,34.47,3,403.0,386.0,448.0,401.0,302.0,400.0,1,1,1,-0.04463814142790802,-0.008011678066639119,0.030198646067170168,-0.08523998098573136,-0.02214890092710628,0.08217397849560346,-0.06877071002410665,-0.03893511179406699,0.07903841061909284,13.52,17.6,2,177.0,499.0,0.0,108.0,420.0,0.0,1,1,0,-0.054843569573526416,0.008145269967011981,-0.004186556255208895,-0.10146918605065534,0.024774330507640593,-0.0086247933063675,-0.14602826286225454,0.03406976057232261,-0.012354585619803576
92,least_connections,610,measured,468,424,16,heavy,2,54.8,38.2,2,390.0,432.0,0.0,324.0,440.0,0.0,1,1,0,-0.07276487180515728,-0.006084789186819456,-0.010155531797446406,-0.386755517304317,-0.026322336866373586,-0.06258723683937435,-0.26784510213930823,0.0007184724041266466,-0.04649219869575676,35.34,34.47,3,403.0,386.0,448.0,401.0,302.0,400.0,1,1,1,-0.04038688986334535,-0.007248661107911586,0.027322584536963485,-0.07712188755851886,-0.020039481791191388,0.07434788530554598,-0.06222111859323934,-0.03522700590891774,0.07151094294108401,22.88,31.73,3,177.0,499.0,468.0,108.0,420.0,424.0,1,1,1,-0.0496203724712858,0.007369529970153693,0.039296063614901705,-0.09180545404583103,0.02241487045929387,0.07688232986566751,-0.13212080925632552,0.03082502147019664,0.11669505745509835
92,least_connections,611,measured,351,317,12,medium,0,78.2,54.05,3,390.0,783.0,0.0,324.0,757.0,0.0,1,2,0,-0.06583488401418992,0.037578614772015954,-0.009188338292927702,-0.3499216585134297,0.18789883807328106,-0.056626547616576796,-0.24233604479270746,0.1440548083656384,-0.04206437024854184,35.34,34.47,3,789.0,448.0,0.0,703.0,400.0,0.0,2,1,0,0.006543380826587758,-0.006558312430967619,-0.01836346659807612,0.03000536703889109,-0.002103748831486091,-0.048542389485458394,0.02909160698706917,-0.004163719631877949,-0.04839486114854304,22.88,31.73,3,177.0,499.0,468.0,108.0,420.0,424.0,1,1,1,-0.04489462271211572,0.006667669972996199,0.035553581365863444,-0.08306207747003759,0.020280120891742068,0.0695602032117944,-0.11953787504143737,0.027889305139701726,0.1055812424593747
92,least_connections,612,measured,171,107,4,light,0,63.6,43.2,3,171.0,783.0,0.0,107.0,757.0,0.0,1,2,0,-0.05956489506045755,0.03399969907944301,-0.008313258455506015,-0.44869102436929365,0.1700037106377305,-0.05123354308166472,-0.31742308814578296,0.13033530280700614,-0.03805823974868071,35.34,34.47,3,789.0,448.0,0.0,703.0,400.0,0.0,2,1,0,0.005920201700246069,-0.005933711247065945,-0.016614565017306963,0.027147713035187176,-0.0019033917999159988,-0.043919304772557594,0.02632097775020542,-0.003767174905032422,-0.0437858267534437,19.34,28.13,2,0.0,967.0,0.0,0.0,844.0,0.0,0,2,0,-0.08370284458533826,0.04911655401184917,-0.010916374229071393,-0.10717997485384353,0.10303439509252853,-0.021750292332186016,-0.14072474408511002,0.15310619671369838,-0.03234712983834353
92,least_connections,613,measured,350,328,7,medium,2,63.6,43.2,3,171.0,783.0,0.0,107.0,757.0,0.0,1,2,0,-0.053892047911842544,0.030761632500448444,-0.007521519554981633,-0.40595854585793234,0.15381288105318475,-0.046354158026268084,-0.2871923178461846,0.11792241682538651,-0.034433645486901594,35.34,34.47,3,789.0,448.0,0.0,703.0,400.0,0.0,2,1,0,0.005356372966889289,-0.005368595890202527,-0.015032225491849157,0.024562216555645527,-0.0017221163904001802,-0.03973651384183782,0.023814217964471557,-0.00340839634264839,-0.03961574801502049,26.34,39.07,3,849.0,468.0,0.0,748.0,424.0,0.0,2,1,0,0.010436655352494412,0.001354886736344263,-0.009876719540588403,0.0566562132274749,0.002926357464668669,-0.019678835919596873,0.09826491408172586,0.011857987502869982,-0.029266450806120337
92,least_connections,614,measured,355,334,8,medium,0,87.27,59.9,4,171.0,1138.0,0.0,107.0,1091.0,0.0,1,3,0,-0.048759471920238495,0.07091585344144882,-0.006805184359269096,-0.3672958272047959,0.3532910193655799,-0.041939476309480646,-0.2598406685275004,0.2577869485563021,-0.03115425067862525,35.34,34.47,3,789.0,448.0,0.0,703.0,400.0,0.0,2,1,0,0.004846242208137924,-0.004857301043516574,-0.013600584968815903,0.022222957836060236,-0.0015581053056001604,-0.03595208395213898,0.02154619720595044,-0.0030837871671580697,-0.035842819632637586,26.34,39.07,3,849.0,468.0,0.0,748.0,424.0,0.0,2,1,0,0.00944268817606636,0.001225849904311474,-0.008936079584341889,0.051260383396286816,0.002647656753747854,-0.017804661070111458,0.08890635083584722,0.01072865535973952,-0.02647916977696602
92,least_connections,615,measured,198,107,8,light,1,87.27,59.9,4,958.0,351.0,0.0,881.0,317.0,0.0,3,1,0,0.04205208776377514,-0.02200583781601341,-0.0061570715631482295,0.14238314046550216,-0.15505415708193568,-0.03794524047048249,0.1150489189513092,-0.1169070465442981,-0.028187179185422847,29.49,25.28,3,386.0,646.0,0.0,302.0,507.0,0.0,1,2,0,-0.038699204895584954,0.03868919928262333,-0.012305291162262007,-0.08407038508710196,0.04977395914527333,-0.032528075956697176,-0.09388379776604484,0.02746288303923794,-0.032429217762862575,26.34,39.07,3,849.0,468.0,0.0,748.0,424.0,0.0,2,1,0,0.008543384540250526,0.0011091022943770512,-0.008085024385833138,0.046378442120449975,0.0023954989676766153,-0.016108979063434177,0.0804390793276713,0.009706878658811952,-0.023957344083921635
92,least_connections,616,measured,397,338,12,medium,1,75.87,54.55,3,1138.0,0.0,0.0,1091.0,0.0,0.0,3,0,0,0.03804712702436798,-0.06299394396505521,-0.00557068379522935,0.23739426994497814,-0.35200138021698946,-0.034331408044722254,0.19909187905118447,-0.2491778040162697,-0.02550268592966829,40.83,35.84,4,584.0,845.0,0.0,409.0,738.0,0.0,2,2,0,0.008070333892656684,0.035004513636659206,-0.011133358670618007,-0.02488000827608544,0.09647575895456703,-0.029430163960821255,-0.054689507502612006,0.0901598703688343,-0.02934072083306614,26.34,39.07,3,849.0,468.0,0.0,748.0,424.0,0.0,2,1,0,0.007729728869750485,0.0010034735044363863,-0.007315022063372839,0.041961447632788085,0.0021673562088502657,-0.01457479058120235,0.07277821462979786,0.00878241402463939,-0.02167569226640529
92,least_connections,617,measured,448,400,18,heavy,0,100.0,74.55,4,1138.0,0.0,448.0,1091.0,0.0,400.0,3,0,1,0.03442359111728531,-0.05699452073028805,0.03804375774535938,0.2147852918549802,-0.31847743924394284,0.23916047208652116,0.18013074771297638,-0.22544658458614877,0.15787852225410964,40.83,35.84,4,584.0,845.0,0.0,409.0,738.0,0.0,2,2,0,0.0073017306647846225,0.03167075043316786,-0.010073038797225816,-0.02251048367836303,0.08728759143508447,-0.026627291202647802,-0.04948098297855372,0.08157321604799295,-0.026546366468012225,26.34,39.07,3,849.0,468.0,0.0,748.0,424.0,0.0,2,1,0,0.006993564215488524,0.0009079045992519685,-0.006618353295432569,0.03796511928680826,0.001960941331816915,-0.013186715287754508,0.06584695609362665,0.00794599364134041,-0.01961134062198574
92,least_connections,618,measured,163,117,1,light,2,100.0,74.55,4,1138.0,0.0,448.0,1091.0,0.0,400.0,3,0,1,0.03114515386802004,-0.051566471136927285,0.034420542721991826,0.19432954977355354,-0.2881462545540435,0.21638328426875725,0.1629754384069786,-0.20397548129222984,0.14284247251562301,29.8,26.41,3,646.0,397.0,0.0,507.0,338.0,0.0,2,1,0,0.006606327744328955,-0.014429411739605491,-0.009113701768918596,-0.004339417205593776,-0.036835036320637865,-0.024091358707157534,-0.017060175075834322,-0.03929089976610162,-0.024018141090106297,29.6,42.97,4,1012.0,468.0,0.0,865.0,424.0,0.0,3,1,0,0.04941141070743746,0.0008214374945613029,-0.005988033933962801,0.06384463173568364,0.001774185014501009,-0.011930837641301697,0.09486153170375744,0.007189232342165147,-0.017743593896082335
92,least_connections,619,measured,377,311,9,medium,1,100.0,74.55,4,1138.0,0.0,448.0,1091.0,0.0,400.0,3,0,1,0.028178948737732412,-0.046655378647696116,0.03114239579608784,0.1758219736046437,-0.2607037541203251,0.1957753524336375,0.14745396808250444,-0.18454924497868413,0.1292384275141351,40.57,36.12,4,646.0,774.0,0.0,507.0,649.0,0.0,2,2,0,0.005977153673440483,0.030028718176638117,-0.00824573017187873,-0.003926139376489612,0.0641288446894909,-0.02179694359219015,-0.015435396497183451,0.05238263830686046,-0.021730699081524744,26.34,39.07,3,1317.0,0.0,0.0,1172.0,0.0,0.0,3,0,0,0.044705562068633894,-0.042340694874535234,-0.005417744987871106,0.11295466680847568,-0.08308049927259432,-0.010794567389749155,0.178414401700225,-0.12136847232534265,-0.016053727810741162
92,least_connections,620,measured,458,415,17,heavy,2,100.0,74.55,4,1138.0,0.0,448.0,1091.0,0.0,400.0,3,0,1,0.025495239334138844,-0.042212009252677436,0.02817645333931757,0.15907702373753474,-0.2358748251564846,0.17713008077329107,0.13341073302702783,-0.16697312640928566,0.11693000584612225,40.57,36.12,4,646.0,774.0,0.0,507.0,649.0,0.0,2,2,0,0.005407900942636629,0.027168840255053534,-0.007460422536461708,-0.00355222134063346,0.05802133567144416,-0.019721044202457755,-0.01396535873554694,0.047393815610969,-0.019661108692808103,18.52,27.97,2,468.0,0.0,458.0,424.0,0.0,415.0,1,0,1,-0.04571991096284597,-0.038308247743627115,0.03818213095201684,-0.051431491935188686,-0.07516807077044249,0.07310967712356028,-0.06416474766805039,-0.10980957019911954,0.11063392880615483
92,least_connections,621,measured,450,443,12,heavy,2,100.0,74.55,4,1138.0,448.0,0.0,1091.0,400.0,0.0,3,1,0,0.0230671213023161,0.004892082331477782,-0.01759091863404147,0.14392683100062664,0.05681166612825997,-0.10996167295114938,0.12070494892921563,0.029881457058265337,-0.07515856613922274,40.57,36.12,4,1420.0,0.0,0.0,1156.0,0.0,0.0,4,0,0,0.09106066321113836,-0.06158646879418059,-0.006749906104417736,0.19686771810677378,-0.14758613847413557,-0.0178428495165094,0.17086169923926706,-0.140616904923409,-0.017788622150635904,27.52,42.73,3,468.0,450.0,458.0,424.0,443.0,415.0,1,1,1,-0.041365633728289206,0.00842405703014236,0.034545737528015236,-0.04653325460802786,0.013419364541028211,0.06614685073084027,-0.05805381931871226,0.03425165870873312,0.10009736415794959
92,least_connections,622,measured,500,439,20,heavy,2,53.27,35.85,2,351.0,448.0,0.0,317.0,400.0,0.0,1,1,0,-0.06529754784665731,0.004426169728479895,-0.015915593049847045,-0.34447889893594097,0.051401031258901886,-0.09948913267008754,-0.24093361763547158,0.02703560400509719,-0.06800060745929677,40.57,36.12,4,1420.0,0.0,0.0,1156.0,0.0,0.0,4,0,0,0.08238821909579185,-0.05572109081378244,-0.006107057903996999,0.17811841162041436,-0.13353031576231314,-0.016143530514937075,0.15458915645457494,-0.1272248187402272,-0.01609446766009915,37.52,57.37,4,468.0,450.0,958.0,424.0,443.0,854.0,1,1,2,-0.037426049563690236,0.007621765884414516,0.07433956751400925,-0.042101516073929965,0.012141329822835056,0.1503233411374269,-0.05252488414550155,0.030989595974568046,0.2229611072540179
92,least_connections,623,measured,163,118,6,light,0,40.73,25.9,2,163.0,448.0,0.0,118.0,400.0,0.0,1,1,0,-0.05907873376602328,0.004004629754338948,-0.014399822283194946,-0.425068210148391,0.046505694948530296,-0.09001397717769824,-0.3080113683368553,0.02446078457604034,-0.06152435912983994,34.91,32.78,3,1222.0,0.0,0.0,1049.0,0.0,0.0,3,0,0,0.0314578218122924,-0.05041432026008887,-0.00552543334171157,0.10997107990146335,-0.12081314283256903,-0.014606051418276401,0.10961340345890114,-0.11510816933639605,-0.014561661216280183,37.52,57.37,4,468.0,908.0,500.0,424.0,858.0,439.0,1,2,1,-0.033861663890957835,0.049979783645989546,0.02417570847639386,-0.03809184787641283,0.09386120317304125,0.05313064198148149,-0.047522514226882334,0.15319693604048218,0.07656798592823841
92,least_connections,624,measured,386,339,13,medium,0,66.47,42.85,3,163.0,834.0,0.0,118.0,739.0,0.0,1,2,0,-0.053452187693068684,0.04670713667115927,-0.01302841063717638,-0.3845855234675919,0.2749019779693052,-0.08144121744648888,-0.27867695230477385,0.17548832890213173,-0.05566489635556947,34.91,32.78,3,1222.0,0.0,0.0,1049.0,0.0,0.0,3,0,0,0.028461838782550264,-0.045612956425794694,-0.004999201594881897,0.09949764372037159,-0.10930712922946721,-0.013214998902250077,0.09917403170091055,-0.10414548654245356,-0.013174836338539213,37.52,57.37,4,468.0,908.0,500.0,424.0,858.0,439.0,1,2,1,-0.03063674352039042,0.0452198042511334,0.021873260050070634,-0.03446405284056399,0.08492204096608494,0.04807058084038802,-0.04299656049098877,0.13860675165567435,0.0692757967922157
92,least_connections,625,measured,447,417,18,heavy,0,96.27,63.7,4,163.0,834.0,447.0,118.0,739.0,417.0,1,2,1,-0.04836150315087166,0.042258837940572676,0.0312962906026454,-0.3479583307563926,0.24872083721032373,0.19593413659603387,-0.2521362901805097,0.15877515472097634,0.1382793794878181,22.11,20.28,2,774.0,0.0,0.0,649.0,0.0,0.0,2,0,0,-0.01733271275683093,-0.04126886533762377,-0.004523087157274098,-0.02578784615775903,-0.09889692644570842,-0.01195642757822626,-0.02336635227060474,-0.0942268687765056,-0.011920090020583097,37.52,57.37,4,468.0,908.0,500.0,424.0,858.0,439.0,1,2,1,-0.02771895842321037,0.04091315622721593,0.019790092426254385,-0.031181762093843615,0.07683422754074351,0.04349243028416059,-0.03890164996803744,0.12540610864084822,0.06267810185962372
92,least_connections,626,measured,162,118,5,light,1,96.27,63.7,4,163.0,834.0,447.0,118.0,739.0,417.0,1,2,1,-0.0437556457079315,0.038234186708137184,0.028315691497631558,-0.3148194421129267,0.22503313842838812,0.17727374263450682,-0.22812331016331833,0.14365371141421668,0.12510991477469258,26.74,23.97,3,936.0,0.0,0.0,767.0,0.0,0.0,3,0,0,0.02740192201819605,-0.03733849721023103,-0.004092316951819421,0.018545690211007104,-0.08947817154611715,-0.01081772018982376,0.012222109850405227,-0.08525288127398126,-0.010784843351956135,28.16,43.23,3,450.0,458.0,500.0,443.0,415.0,439.0,1,1,1,-0.02507905762099985,-0.006067235068800095,0.017905321718992062,-0.03146921332300137,-0.011911889367898734,0.03935029406662149,-0.029466572193303703,-0.02014050488050237,0.05670875882537384
92,least_connections,627,measured,461,420,15,heavy,1,96.27,63.7,4,163.0,834.0,447.0,118.0,739.0,417.0,1,2,1,-0.03958844135479517,0.0345928355930765,0.0256189589740476,-0.28483663810217175,0.2036014109590178,0.16039052905026807,-0.20639728062395468,0.12997240556524367,0.11319468479615043,39.91,37.09,4,936.0,0.0,461.0,767.0,0.0,420.0,3,0,1,0.02479221515932023,-0.033782449856875695,0.039381327746539796,0.016779434000435023,-0.08095644092267743,0.10938260690308461,0.011058099388461862,-0.0771335592478878,0.1089922845863254,28.16,43.23,3,450.0,458.0,500.0,443.0,415.0,439.0,1,1,1,-0.02269057594280939,-0.005489403157485806,0.016200052983849966,-0.028472145387477443,-0.010777423713813142,0.03560264701265753,-0.026660231984417637,-0.018222361558549754,0.05130792465152871
92,least_connections,628,measured,397,320,8,medium,2,96.27,63.7,4,611.0,386.0,447.0,518.0,339.0,417.0,2,1,1,0.007265786620037934,-0.011785620404450053,0.0231790581193764,0.012512882986924045,-0.08601142183072996,0.14511524056929018,-0.005788015802625668,-0.0633582997266843,0.10241423862508849,17.8,16.81,2,162.0,461.0,0.0,118.0,420.0,0.0,1,1,0,-0.0637367486427012,0.01251882654672698,-0.007453175122745171,-0.18490023998600094,0.04592376433526463,-0.020204852257753363,-0.17349207674377262,0.048962494013815805,-0.02013793299332464,36.1,53.9,4,450.0,1355.0,0.0,443.0,1174.0,0.0,1,3,0,-0.020529568710160873,0.08120119759674187,-0.028426709431845495,-0.025760512493431975,0.15256328330655003,-0.05826427175045272,-0.024121162271615953,0.2124178633517883,-0.085975369759728
92,least_connections,629,measured,398,326,10,medium,1,85.4,57.8,3,448.0,833.0,0.0,400.0,756.0,0.0,1,2,0,-0.03651009328481829,0.03242071986082637,-0.02211237145208348,-0.08699628047214802,0.19179918977219668,-0.13832430615159458,-0.05861772858332798,0.13131868119966658,-0.09598235552968185,29.17,27.0,3,162.0,859.0,0.0,118.0,746.0,0.0,1,2,0,-0.05766658210530108,0.05441045757855797,-0.006743348920578964,-0.16729069332066754,0.14443442623530747,-0.018280580614157806,-0.15696902181579428,0.13647201839345238,-0.018220034613008005,36.1,53.9,4,847.0,958.0,0.0,763.0,854.0,0.0,2,2,0,0.024509528536611813,0.030383849979818606,-0.025719403771669733,0.04853096488689487,0.06619535156306905,-0.052715293488504844,0.07468402778599828,0.09567965414368151,-0.07778723930642058
92,least_connections,630,measured,380,350,11,medium,0,100.0,75.3,4,834.0,827.0,0.0,739.0,767.0,0.0,2,2,0,0.010050958683350347,0.029333032255033392,-0.020006431313789815,0.1541144763982153,0.16991355265103508,-0.12515056270858557,0.10032205509127468,0.12378833060922212,-0.0868411788125693,29.17,27.0,3,162.0,859.0,0.0,118.0,746.0,0.0,1,2,0,-0.05217452666670097,0.049228509237742926,-0.006101125213857158,-0.15135824633774683,0.1306787665938496,-0.01653957293661897,-0.14201959116667104,0.12347468330836167,-0.016484793221292957,36.1,53.9,4,1305.0,500.0,0.0,1178.0,439.0,0.0,3,1,0,0.06525918795035852,-0.015593750245016719,-0.023269936745796426,0.12678515870719062,-0.022985158109604192,-0.047694789346742476,0.19272999339368097,-0.03859142402873261,-0.0703789308010472
92,least_connections,631,measured,180,123,5,light,1,100.0,75.3,4,834.0,827.0,0.0,739.0,767.0,0.0,2,2,0,0.009093724523031255,0.026539410135506397,-0.01810105690295269,0.13943690721743285,0.15373130954141268,-0.11323146149824409,0.09076757365401039,0.11199896578929619,-0.07857059035422936,29.69,27.16,3,180.0,859.0,0.0,123.0,746.0,0.0,1,2,0,-0.04720552412701516,0.04454007978652932,-0.005520065669680286,-0.13229011403347163,0.11823316977538775,-0.01496437551408383,-0.12708022534127378,0.11171518965994628,-0.014914812914503152,36.1,53.9,4,1305.0,500.0,0.0,1178.0,439.0,0.0,3,1,0,0.059044027193181525,-0.014108631174062747,-0.021053752293815814,0.11471038168745817,-0.020796095432499023,-0.043152428456576526,0.17437475592761612,-0.03491605031171047,-0.06367617548666174
92,least_connections,632,measured,400,442,17,heavy,1,100.0,75.3,4,834.0,827.0,0.0,739.0,767.0,0.0,2,2,0,0.00822765552083779,0.024011847265458172,-0.0163771467217191,0.12615720176815354,0.1390902324422305,-0.1024475127841256,0.08212304282981892,0.10133239761888702,-0.0710876769871599,41.11,40.97,4,578.0,461.0,400.0,449.0,420.0,442.0,2,1,1,0.00037414030231508466,-0.0027857328008498855,0.03808955509704663,-0.016806701812596775,0.004088514150520861,0.0898621636505228,-0.022804727689723886,0.008903028739951413,0.11147588355354476,36.1,53.9,4,1305.0,500.0,0.0,1178.0,439.0,0.0,3,1,0,0.053420786508116616,-0.012764952014628198,-0.019048633027738116,0.10378558343150979,-0.018815514915118153,-0.039042673365474,0.1577676363154622,-0.03159071218678566,-0.057611777821265385
92,least_connections,633,measured,432,425,17,heavy,0,100.0,96.55,5,834.0,827.0,432.0,739.0,767.0,425.0,2,2,1,0.007444069280757998,0.021725004668747883,0.02826648176424961,0.11414223017118652,0.12584354363820854,0.1678808217667435,0.07430180065555042,0.0916816930837549,0.12794448272590295,41.11,40.97,4,578.0,461.0,400.0,449.0,420.0,442.0,2,1,1,0.00033850789257078295,-0.0025204249150546643,0.03446197842113743,-0.01520606354473042,0.0036991318504712434,0.081303862350473,-0.020632848862131126,0.00805512124090843,0.10085913273892146,27.1,39.13,3,855.0,500.0,0.0,735.0,439.0,0.0,2,1,0,0.005249192328205282,-0.011549242298949325,-0.017234477501286868,0.012472670723746943,-0.017023561113678337,-0.03532432352114314,0.009138972539386447,-0.028582072930901314,-0.05212494183828773
92,least_connections,634,measured,434,407,15,heavy,2,100.0,96.55,5,1214.0,447.0,432.0,1089.0,417.0,425.0,3,1,1,0.049819010528395546,-0.023427943621699754,0.025574435881940125,0.33247789078980367,-0.11534790496225578,0.15189217207467268,0.2255587720216885,-0.0753832300670789,0.11575929389486457,41.11,40.97,4,578.0,461.0,400.0,449.0,420.0,442.0,2,1,1,0.0003062690456592798,-0.00228038444695422,0.03117988523817196,-0.013757867016660846,0.0033468335789977877,0.07356063736471366,-0.01866781563716624,0.007287966837012397,0.09125350104950036,35.78,52.7,4,855.0,500.0,434.0,735.0,439.0,407.0,2,1,1,0.004749269249328586,-0.010449314460954151,0.02749080153511687,0.011284797321485324,-0.01540226957904231,0.046573231099918115,0.008268594202302026,-0.025859970747005967,0.07558537008281903
92,least_connections,635,measured,453,422,21,heavy,1,100.0,76.55,4,766.0,447.0,432.0,689.0,417.0,425.0,2,1,1,0.0019904426322671642,-0.02119671089582359,0.023138775321755352,0.03059110753998112,-0.10436239020394572,0.13742625092470387,0.0231246032577182,-0.06820387482259518,0.10473459923821081,54.06,54.16,5,1039.0,400.0,453.0,869.0,442.0,422.0,3,1,1,0.04336100079187767,-0.002063204975815719,0.02821037235834606,0.10672247405975582,-0.012740619959138041,0.08025554264970691,0.10186007156637339,0.012814112852535031,0.07690792952097651,35.78,52.7,4,1355.0,434.0,0.0,1174.0,407.0,0.0,3,1,0,0.04738085811900704,-0.00945414165514899,-0.018211270266413532,0.10068624519562958,-0.025878243904847817,-0.03639564805245504,0.13987793443700342,-0.03304791004094193,-0.0543592683377669
92,least_connections,636,measured,375,350,12,medium,0,100.0,94.05,5,1213.0,807.0,0.0,1106.0,775.0,0.0,3,2,0,0.0448847768940467,0.023905923701964593,-0.02214881779278824,0.2972967163456971,0.12271974219643011,-0.136233392020506,0.20956511723317373,0.10024411325574722,-0.09750202926066641,48.91,50.31,4,859.0,400.0,453.0,746.0,442.0,422.0,2,1,1,-0.0038525185579156573,-0.0018667092638332689,0.025523670228979767,0.05002781666630968,-0.011527227582077262,0.07261215763544912,0.05738232665529022,0.011593721152293596,0.06958336480469303,27.84,42.03,3,958.0,434.0,0.0,854.0,407.0,0.0,2,1,0,-0.0002155047857509973,-0.008553747211801466,-0.016476863574374147,0.019258983748426745,-0.023413649247243262,-0.03292939585698314,0.030048289887447566,-0.029900490037042704,-0.04918219516274148
92,least_connections,637,measured,198,112,3,light,2,100.0,77.1,4,827.0,807.0,0.0,767.0,775.0,0.0,2,2,0,-0.0024738639892865344,0.021629169063682258,-0.020039406574427456,0.036157346534995805,0.11103214770153202,-0.12325878325664828,0.036249391782395224,0.090697054850438,-0.08821612171203151,48.91,50.31,4,859.0,400.0,453.0,746.0,442.0,422.0,2,1,1,-0.0034856120285903514,-0.001688927429182488,0.023092844492886455,0.045263262698089696,-0.010429396383784192,0.06569671405112062,0.05191734316431021,0.010489557233027552,0.06295637768043655,22.64,31.93,3,698.0,434.0,0.0,551.0,407.0,0.0,2,1,0,-0.00019498052044136793,-0.007739104620201331,-0.014907638472052799,-0.029622824227613864,-0.02118377789036295,-0.02979326291822284,-0.06419440438754745,-0.02705282431922912,-0.04449817657581372
92,least_connections,638,measured,199,102,6,light,2,100.0,77.1,4,827.0,807.0,0.0,767.0,775.0,0.0,2,2,0,-0.0022382578950687626,0.019569248200474426,-0.018130891662577222,0.03271378972213912,0.10045765744424323,-0.11151985151791988,0.032797068755500425,0.08205924010277726,-0.07981458631088566,48.91,50.31,4,859.0,400.0,453.0,746.0,442.0,422.0,2,1,1,-0.003153648978248408,-0.0015280771978317814,0.020893525969754412,0.040952475774462094,-0.009436120537709508,0.059439884141490096,0.04697283429151877,0.009490551782263018,0.05696053218706164,26.62,35.33,4,897.0,434.0,0.0,653.0,407.0,0.0,3,1,0,0.04290748927969136,-0.007002047037325015,-0.013487863379476342,0.0092079209369208,-0.019166275234137914,-0.02695580930696352,-0.027318746826828638,-0.024476364860254923,-0.04026025499716479
92,least_connections,639,measured,183,112,6,light,0,100.0,82.7,5,1010.0,807.0,0.0,879.0,775.0,0.0,3,2,0,0.04105880975026657,0.017705510276619707,-0.016404140075665107,0.13997914308193538,0.09089026149717244,-0.10089891327811798,0.08034020506450035,0.07424407437870328,-0.07221319713842035,37.54,40.12,3,461.0,400.0,453.0,420.0,442.0,422.0,1,1,1,-0.04593720168326783,-0.0013825460361335112,0.018903666353587326,-0.06583211375507855,-0.008537442391260988,0.05377894279468151,-0.049673388021959225,0.008586689707761774,0.051535719597817664,26.62,35.33,4,897.0,434.0,0.0,653.0,407.0,0.0,3,1,0,0.03882106172924456,-0.006335185414722638,-0.012203304962383357,0.00833097608578548,-0.01734091568802955,-0.024388589372966996,-0.024716961414749716,-0.022145282492611607,-0.03642594499743481
92,least_connections,640,measured,467,441,16,heavy,1,100.0,82.7,5,1010.0,807.0,0.0,879.0,775.0,0.0,3,2,0,0.03714844691690784,0.01601927120265592,-0.014841841020839859,0.12664779612175103,0.08223404611648932,-0.09128949296591626,0.07268875696311933,0.06717321015216016,-0.06533574979190412,50.89,53.91,4,461.0,400.0,920.0,420.0,442.0,863.0,1,1,2,-0.04156223009438517,-0.0012508749850731748,0.06018721740381257,-0.059562388635547275,-0.0077243526397123285,0.1693782271543717,-0.04494258916272503,0.007768909735593993,0.17131505582659695,22.66,31.6,3,699.0,434.0,0.0,541.0,407.0,0.0,2,1,0,-0.007960082471726582,-0.0057318344228442925,-0.011041085442156371,-0.0282910216366703,-0.015689399908217216,-0.02206586657554157,-0.05614074286731324,-0.020036207969505726,-0.03295680737863149
92,least_connections,641,measured,455,404,14,heavy,2,95.8,65.2,4,1005.0,432.0,0.0,879.0,425.0,0.0,3,1,0,0.03361049959148804,-0.02859027390054486,-0.013428332352188444,0.11157022823713991,-0.15178824398984303,-0.08259525554059091,0.065766018204727,-0.0975575717670932,-0.0591132974307704,50.89,53.91,4,461.0,400.0,920.0,420.0,442.0,863.0,1,1,2,-0.037603922466348486,-0.0011317440341138268,0.05445510146059233,-0.053889780194066594,-0.006988700007358781,0.1532469674253839,-0.04066234257579884,0.007029013570299336,0.15499933622406392,31.76,45.07,4,699.0,889.0,0.0,541.0,811.0,0.0,2,2,0,-0.007201979379181184,0.037897954796564916,-0.009989553495284336,-0.025596638623654078,0.06813816198780348,-0.019964355473109038,-0.05079400545137866,0.10371327215457418,-0.029818063818761825
92,least_connections,642,measured,162,105,4,light,0,100.0,70.45,5,1167.0,432.0,0.0,984.0,425.0,0.0,4,1,0,0.07349339985715131,-0.025867390671921536,-0.012149443556741926,0.1986587779288409,-0.13733222075271512,-0.0747290407272013,0.10700258789951489,-0.08826637445594146,-0.05348345958022084,37.71,40.78,3,400.0,920.0,0.0,442.0,863.0,0.0,1,2,0,-0.03402259651717243,0.04205994133874962,-0.03689889913202644,-0.06452612765857725,0.12809865917701552,-0.09917111110492474,-0.030569500425722762,0.12539232180169943,-0.10376548151156123,21.76,30.43,3,633.0,455.0,0.0,509.0,404.0,0.0,2,1,0,-0.006516076581163932,-0.008795274458436725,-0.0090381674481144,-0.035101720659496544,-0.01688452010627306,-0.01806298828519389,-0.05560727477346958,-0.02891021408236938,-0.026978248216974983
92,least_connections,643,measured,157,116,4,light,1,76.8,49.6,4,1152.0,0.0,0.0,992.0,0.0,0.0,4,0,0,0.06649402844218452,-0.06648772988230542,-0.010992353694195076,0.17069127526895123,-0.3848243902048375,-0.0676119892293726,0.10043091286146583,-0.2721219578410899,-0.04838979676305695,42.2,44.41,4,557.0,920.0,0.0,558.0,863.0,0.0,2,2,0,0.012301550996934696,0.038054232639821085,-0.03338471826230963,-0.017795748153678737,0.1158987868744426,-0.08972624338064619,0.005139499614822268,0.11345019591582328,-0.09388305470093636,21.76,30.43,3,633.0,455.0,0.0,509.0,404.0,0.0,2,1,0,-0.005895497859148308,-0.00795762927191894,-0.008177389595913027,-0.03175869964430639,-0.015276470572342299,-0.016342703686603996,-0.05031134384266295,-0.026156860360238954,-0.024408891243929746
92,least_connections,644,measured,180,117,6,light,2,76.8,49.6,4,1152.0,0.0,0.0,992.0,0.0,0.0,4,0,0,0.06016126382864315,-0.06015556513160966,-0.009945462866176497,0.15443496333857487,-0.34817444828056726,-0.06117275215990854,0.09086606401751668,-0.24620558090384323,-0.04378124469038486,42.2,44.41,4,557.0,920.0,0.0,558.0,863.0,0.0,2,2,0,0.011129974711512336,0.03443002000745717,-0.03020522128494681,-0.016100914996185517,0.10486080717211474,-0.0811808868682037,0.00465002346102969,0.10264541535241156,-0.08494181139608528,21.38,30.93,3,614.0,455.0,0.0,524.0,404.0,0.0,2,1,0,-0.005334021872562766,-0.0071997598174504684,-0.007398590586778453,-0.03217215682103909,-0.013821568613071614,-0.014786255716451235,-0.04099597776240935,-0.02366573080212095,-0.022084234934984057
92,least_connections,645,measured,177,108,7,light,2,64.6,44.0,3,969.0,0.0,0.0,880.0,0.0,0.0,3,0,0,0.011347719427729303,-0.05442646369050398,-0.008998275926540641,0.02934591921109153,-0.3150149770157513,-0.05534677576372678,0.03154548649203892,-0.22275743034157244,-0.03961160233891963,42.2,44.41,4,557.0,920.0,0.0,558.0,863.0,0.0,2,2,0,0.010069977119939733,0.03115097048293744,-0.027328533543523305,-0.014567494520358326,0.09487406363191334,-0.07344937383313668,0.004207164083788767,0.09286966150932474,-0.0768521150726486,24.92,34.53,4,791.0,455.0,0.0,632.0,404.0,0.0,3,1,0,0.03825788043729582,-0.006514068406264714,-0.006693962911847172,0.0029204295428693905,-0.012505228745160038,-0.013378040886313022,-0.004520170356465597,-0.02141185167810944,-0.019980974464985576
92,least_connections,646,measured,154,123,2,light,0,64.07,44.9,3,961.0,0.0,0.0,898.0,0.0,0.0,3,0,0,0.010266984244136051,-0.04924299095807503,-0.008141297266870105,0.021725672937019436,-0.2850135506332988,-0.050075654262419465,0.03668401158803519,-0.2015424369757084,-0.03583906878283205,42.2,44.41,4,557.0,920.0,0.0,558.0,863.0,0.0,2,2,0,0.009110931679945478,0.02818421138932435,-0.02472581606318775,-0.01318011408984801,0.08583843852411208,-0.06645419537283795,0.0038064817900946013,0.08402493184177001,-0.06953286601811064,24.92,34.53,4,791.0,455.0,0.0,632.0,404.0,0.0,3,1,0,0.03461427277660098,-0.005893680939001403,-0.006056442634528394,0.002642293395929446,-0.011314254578954325,-0.01210394175428321,-0.004089677941564118,-0.01937262770876569,-0.01807802451593933
92,least_connections,647,measured,366,350,13,medium,0,88.47,62.4,4,961.0,366.0,0.0,898.0,350.0,0.0,3,1,0,0.009289176220885015,-0.001469282068643843,-0.007365935622406285,0.01965656122873194,-0.03710749819203224,-0.04530654433266523,0.03319029619869851,-0.024014585835164748,-0.032425824136848046,37.71,40.78,3,400.0,920.0,0.0,442.0,863.0,0.0,1,2,0,-0.03484067632585432,0.025500000780817267,-0.02237097643812225,-0.05250989914251554,0.07766334914086331,-0.06012522438494862,-0.029353659332771537,0.07602255738064906,-0.0629106883021001,24.92,34.53,4,791.0,455.0,0.0,632.0,404.0,0.0,3,1,0,0.031317675369305645,-0.005332377992429846,-0.005479638574097118,0.0023906464058409127,-0.010236706523815822,-0.010951185396732429,-0.003700184804272283,-0.01752761554602611,-0.016356307895373682
92,least_connections,648,measured,186,123,4,light,1,53.2,38.75,2,432.0,366.0,0.0,425.0,350.0,0.0,1,1,0,-0.07776330768223783,-0.0013293504430587216,-0.006664417944081877,-0.30129485730098865,-0.03357345074517204,-0.040991635348601875,-0.1839468748678442,-0.021727482422291916,-0.029337650409529185,43.03,44.62,4,586.0,920.0,0.0,565.0,863.0,0.0,2,2,0,0.011561383550984405,0.023071429277882277,-0.02024040725353918,0.0005726762860233658,0.07026683969887634,-0.05439901253876304,0.008218712984635279,0.06878231382058725,-0.05691919417809057,24.92,34.53,4,1246.0,0.0,0.0,1036.0,0.0,0.0,4,0,0,0.07141893984660533,-0.04790843269609866,-0.004957768233706916,0.08449629912909415,-0.09159511542630955,-0.009908215358948388,0.1184934835897854,-0.13769958866862678,-0.014798564286290474
92,least_connections,649,measured,375,316,9,medium,0,78.2,54.55,3,432.0,741.0,0.0,425.0,666.0,0.0,1,2,0,-0.07035727837916755,0.04188115458779948,-0.006029711473216936,-0.27260010898660886,0.19581449694484432,-0.037087670077306456,-0.16642812488043043,0.12329418257030733,-0.0265435884657645,31.6,30.81,3,1106.0,0.0,0.0,986.0,0.0,0.0,3,0,0,0.053544199630028974,-0.06529365015447838,-0.018312749419868782,0.13493990439483747,-0.17424836952414588,-0.04921815420173799,0.1264687165099081,-0.1817713589242306,-0.05149831854208194,16.24,20.97,3,812.0,0.0,0.0,629.0,0.0,0.0,3,0,0,0.02153323582493316,-0.04334572482027974,-0.004485599830496734,-0.0020843007879624564,-0.08287177109999436,-0.008964575800953304,-0.015537641831464,-0.12458534212875756,-0.013389177211405668
92,least_connections,650,measured,166,107,7,light,0,60.47,38.65,3,166.0,741.0,0.0,107.0,666.0,0.0,1,2,0,-0.0636565852001992,0.037892473198485245,-0.005455453237672466,-0.40708263828947144,0.1771654972358115,-0.03355551102232489,-0.29443497012991326,0.1115518794683733,-0.024015627659501215,31.6,30.81,3,1106.0,0.0,0.0,986.0,0.0,0.0,3,0,0,0.04844475204621669,-0.0590752072826233,-0.016568678046547946,0.12208848492866248,-0.15765328671232245,-0.044530710944429605,0.1144240768422978,-0.16445980093144674,-0.04659371677616938,12.64,17.07,2,632.0,0.0,0.0,512.0,0.0,0.0,2,0,0,-0.023601448766103567,-0.03921756055168167,-0.004058399846639902,-0.03445722452244221,-0.07497922147142347,-0.00811080667705299,-0.04934358070465791,-0.11272007144982828,-0.01211401747698608
92,least_connections,651,measured,394,322,12,medium,2,60.47,38.65,3,541.0,366.0,0.0,423.0,350.0,0.0,2,1,0,-0.014510153049613339,-0.008800233999556428,-0.004935886262656041,-0.14212238702380753,-0.06589788345331343,-0.030359748067817757,-0.12344116345087389,-0.042024490004805126,-0.021728425025263006,31.6,30.81,3,1106.0,0.0,0.0,986.0,0.0,0.0,3,0,0,0.04383096613705319,-0.053448997065230604,-0.014990708708781475,0.11046101017355175,-0.14263868797781556,-0.04028969085448393,0.1035265457144599,-0.14879696274749943,-0.04215621994034372,20.52,27.8,3,632.0,394.0,0.0,512.0,322.0,0.0,2,1,0,-0.021353691740760378,0.007601345441902524,-0.00367188557553134,-0.031175584091733433,0.003456894859188292,-0.007338348898286038,-0.044644192066119054,-0.0048737154387335085,-0.01096030152679693
92,least_connections,652,measured,159,110,5,light,0,71.07,44.15,4,700.0,366.0,0.0,533.0,350.0,0.0,3,1,0,0.029955666515202442,-0.00796211647578915,-0.004465801856688799,-0.03268215968820681,-0.05962189455299788,-0.027468343489930352,-0.06192295740793352,-0.038022157623395114,-0.019659051213333195,26.29,26.97,2,920.0,0.0,0.0,863.0,0.0,0.0,2,0,0,-0.0034273118170425887,-0.0483586163923515,-0.013563022165088002,0.051859281313485606,-0.1290540510275474,-0.03645257743977118,0.058890088979749455,-0.13462582343821378,-0.03814134185078718,16.98,24.2,2,455.0,394.0,0.0,404.0,322.0,0.0,1,1,0,-0.062403907039826276,0.0068774077807689515,-0.003322182187385498,-0.060235052273473116,0.0031276667773608297,-0.006639458527020701,-0.07296379282172677,-0.004409552063616026,-0.009916463286149603
92,least_connections,653,measured,162,110,6,light,1,71.07,44.15,4,1066.0,0.0,0.0,883.0,0.0,0.0,4,0,0,0.07018664612146434,-0.0502877198953285,-0.004040487394147009,0.19119233171066996,-0.27470552364318856,-0.024852310776603652,0.10230780044044108,-0.19273433308783366,-0.017786760621587176,30.91,30.41,3,1082.0,0.0,0.0,973.0,0.0,0.0,3,0,0,0.03998299905895693,-0.043753033878794215,-0.012271305768412955,0.08879785316118088,-0.11676318902492384,-0.03298090339788821,0.08438269955310665,-0.12180431644409818,-0.03450883310309316,16.98,24.2,2,455.0,394.0,0.0,404.0,322.0,0.0,1,1,0,-0.05646067779793805,0.0062224165635528655,-0.0030057838838249743,-0.054498380628380416,0.0028297937509455112,-0.006007129143494921,-0.0660148601720385,-0.003989594724224013,-0.008972038211278212
92,least_connections,654,measured,471,417,15,heavy,2,71.07,44.15,4,1066.0,0.0,0.0,883.0,0.0,0.0,4,0,0,0.06350220363370584,-0.04549841323863055,-0.003655679070894913,0.1729835382144157,-0.24854309282002776,-0.022485424035974734,0.09256420039849428,-0.1743786823175638,-0.016092783419531256,30.91,30.41,3,1082.0,0.0,0.0,973.0,0.0,0.0,3,0,0,0.03617509438667531,-0.03958607827129,-0.011102609980945054,0.08034091476487795,-0.10564288530826443,-0.029839864979041713,0.07634625197662029,-0.11020390535418408,-0.031222277569465242,26.4,38.1,3,455.0,394.0,471.0,404.0,322.0,417.0,1,1,1,-0.05108347038861061,0.005629805462262119,0.04036438147472525,-0.04930805866377275,0.002560289584188802,0.07979354982255223,-0.05972773063184436,-0.0036096333219169524,0.1176443463802721
92,least_connections,655,measured,153,106,6,light,1,71.07,44.15,4,1066.0,0.0,0.0,883.0,0.0,0.0,4,0,0,0.057454374716210066,-0.041165231025427636,-0.0033075191593811117,0.15650891552732848,-0.22487232207526323,-0.020343955080167616,0.08374856226530436,-0.1577711887635101,-0.0145601373795759,35.29,33.72,4,1235.0,0.0,0.0,1079.0,0.0,0.0,4,0,0,0.07581374752898741,-0.03581597557878619,-0.010045218554188383,0.11224041948114807,-0.09558165813604877,-0.026997973076275834,0.09904541845503739,-0.09970829532045226,-0.028248727324754266,17.3,24.63,2,0.0,865.0,0.0,0.0,739.0,0.0,0,2,0,-0.08930227819740506,0.04817753374023262,-0.006563745559148809,-0.1269453864100801,0.08754502390950414,-0.01303440730340514,-0.1758806451748433,0.12249604604207512,-0.019321781846420485
92,least_connections,656,measured,435,406,18,heavy,2,71.07,44.15,4,1066.0,0.0,0.0,883.0,0.0,0.0,4,0,0,0.05198252950514243,-0.03724473283252976,-0.0029925173346781486,0.1416033045247258,-0.20345591044904768,-0.01840643554872308,0.07577250871622776,-0.14274536126222342,-0.013173457629140099,9.0,6.75,2,315.0,0.0,0.0,216.0,0.0,0.0,2,0,0,-0.017574409832049942,-0.03240493028556846,-0.009088531072837108,-0.13627227353066196,-0.08647864307547269,-0.024426737545201947,-0.15439045473115662,-0.09021226719469491,-0.025558372341444337,26.0,38.17,3,394.0,471.0,435.0,322.0,417.0,406.0,1,1,1,-0.03771339909470435,0.000505296966786431,0.037145273292289394,-0.043560111513882005,0.007912164489551371,0.0669212505350144,-0.062018996428032824,0.01371864483171878,0.10496283229768305
92,least_connections,657,measured,480,419,14,heavy,1,49.4,33.3,2,741.0,0.0,0.0,666.0,0.0,0.0,2,0,0,-0.03913598804410015,-0.03369761541990788,-0.00270751568375642,-0.06791447050937505,-0.1840791570729479,-0.01665344168693993,-0.029610587351984352,-0.12915056495153548,-0.011918842616841042,22.71,19.84,3,315.0,480.0,0.0,216.0,419.0,0.0,2,1,0,-0.01590065651471184,0.013765153777909711,-0.00822295668494786,-0.12329396176583701,0.04583905082287165,-0.022100381588516047,-0.13968660189961787,0.03684663920479986,-0.023124241642259163,26.0,38.17,3,394.0,471.0,435.0,322.0,417.0,406.0,1,1,1,-0.034121646799970595,0.00045717344614010225,0.03360762821683326,-0.039411529464940864,0.007158625014356004,0.06054779810310826,-0.05611242533964875,0.012412107228697955,0.0949663720788561
92,least_connections,658,measured,425,419,20,heavy,0,52.73,38.45,2,366.0,0.0,425.0,350.0,0.0,419.0,1,0,1,-0.07849265131427655,-0.030488318713249987,0.04063424317954918,-0.2876369018894346,-0.1665478087802862,0.24128180672768926,-0.16974291236608113,-0.11685051114662734,0.17876390429904856,22.71,19.84,3,315.0,480.0,0.0,216.0,419.0,0.0,2,1,0,-0.014386308275215476,0.012454186751442123,-0.0074398179530480646,-0.11155167969290014,0.041473426934979116,-0.01999558334199071,-0.12638311600441618,0.0333374354710094,-0.020921932914424957,26.0,38.17,3,394.0,471.0,435.0,322.0,417.0,406.0,1,1,1,-0.030871966152354338,0.0004136331179362823,0.030406901719992,-0.03565805046827983,0.006476851203464959,0.05478134114090747,-0.05076838483111076,0.011230001778345766,0.08592195569039361
92,least_connections,659,measured,395,321,8,medium,0,79.07,54.5,3,366.0,395.0,425.0,350.0,321.0,419.0,1,1,1,-0.07101716071291687,0.015499230914769284,0.03676431525768735,-0.260242911233298,0.08756785554799501,0.21830258703933791,-0.15357692071216866,0.03949239467686097,0.16173877055628205,18.09,16.41,2,153.0,480.0,0.0,106.0,419.0,0.0,1,1,0,-0.05610008390433327,0.011268073727495248,-0.006731263862281582,-0.1428052612187464,0.037523576750695384,-0.01809124207132493,-0.14544781924209083,0.030162441616627553,-0.018929367874955912,26.0,38.17,3,394.0,471.0,435.0,322.0,417.0,406.0,1,1,1,-0.027931778899749155,0.00037423948765663573,0.027511006318087998,-0.032262045661776984,0.00586000823170639,0.049564070556059145,-0.04593330056148115,0.010160477799455697,0.0777389122913085
92,least_connections,660,measured,462,402,18,heavy,1,54.67,37.0,2,395.0,0.0,425.0,321.0,0.0,419.0,1,0,1,-0.06425362159740097,-0.02906078654196611,0.03326295189981237,-0.21796580857615855,-0.15902590847244893,0.19751186446416286,-0.15206959493005737,-0.10948307148284007,0.14633507812235041,31.29,28.97,3,153.0,480.0,462.0,106.0,419.0,402.0,1,1,1,-0.05075721877058724,0.010194923848686172,0.03699370911326451,-0.12920476015029436,0.03394990277443867,0.10306030479261077,-0.1315956459809393,0.027289828129329702,0.09653414335123035,26.0,38.17,3,394.0,906.0,0.0,322.0,823.0,0.0,1,2,0,-0.025271609480725418,0.04342249785844671,-0.018192989748487275,-0.029189469884464886,0.08401619792392483,-0.033870602830232195,-0.04155870050800675,0.131637257691571,-0.05210923808564151
92,least_connections,661,measured,152,124,5,light,0,64.8,43.2,3,547.0,0.0,425.0,445.0,0.0,419.0,2,0,1,-0.015050328837557803,-0.026293092585588384,0.030095051718877858,-0.10552462045779426,-0.14388058385602523,0.17870121070567116,-0.08149153827005193,-0.09905611229399816,0.1323984040154599,26.91,25.66,2,0.0,480.0,462.0,0.0,419.0,402.0,0,1,1,-0.08900709816205059,0.009223978720239875,0.033470498721525035,-0.15645056530604864,0.030716578700682604,0.09324503766950498,-0.14903296541132607,0.024690796878917357,0.08734041541301794,26.0,38.17,3,394.0,906.0,0.0,322.0,823.0,0.0,1,2,0,-0.022864789530180132,0.03928702187192797,-0.016460324058155153,-0.02640952037165871,0.0760146552645034,-0.030644831132114844,-0.037600729031053715,0.11910037600665946,-0.047146453506056604
92,least_connections,662,measured,384,334,9,medium,1,64.8,43.2,3,547.0,0.0,425.0,445.0,0.0,419.0,2,0,1,-0.013616964186361824,-0.02378898852981806,0.027228856317079966,-0.09547465660467097,-0.13017767110783235,0.1616820477813215,-0.07373043938718984,-0.0896221968374269,0.11978903220446371,37.89,36.09,3,0.0,864.0,462.0,0.0,753.0,402.0,0,2,1,-0.08053023167042672,0.05142940478316487,0.030282832176617886,-0.14155051146737735,0.12705649637544753,0.08436455789145689,-0.13483934965786645,0.11677381622378237,0.07902228061177814,26.0,38.17,3,865.0,435.0,0.0,739.0,406.0,0.0,2,1,0,0.02239670969945154,-0.007538499485489195,-0.014892674147854662,0.06133424347326116,-0.016453407141639786,-0.027726275786199146,0.09174219754333235,-0.01800442170826047,-0.042656315076908355
92,least_connections,663,measured,498,439,15,heavy,0,98.0,65.15,4,547.0,0.0,923.0,445.0,0.0,858.0,2,0,2,-0.012320110454327377,-0.021523370574597293,0.06771953213268686,-0.08638183216613088,-0.11777979766899117,0.4466647098973861,-0.06670849277888605,-0.08108674951957673,0.30697579104213385,37.89,36.09,3,0.0,864.0,462.0,0.0,753.0,402.0,0,2,1,-0.07286068579705275,0.04653136623238727,0.027398752921701897,-0.12806951037524616,0.11495587767302395,0.07632983809227052,-0.12199750683330775,0.10565250039294596,0.07149634912494213,18.12,27.43,2,471.0,435.0,0.0,417.0,406.0,0.0,1,1,0,-0.02282021049868216,-0.006820547153537845,-0.013474324229011361,-0.015802351143239884,-0.014886415985293139,-0.025085678092275417,-0.014106265714762783,-0.01628971487890235,-0.03859380887910756
92,least_connections,664,measured,423,405,18,heavy,2,98.0,65.15,4,547.0,923.0,0.0,445.0,858.0,0.0,2,2,0,-0.011146766601534297,0.06669427469554576,-0.024897747571559957,-0.07815499100745177,0.4501674846486905,-0.15260494501347602,-0.06035530299042072,0.31477865519657344,-0.11040285572378367,37.89,36.09,3,864.0,462.0,0.0,753.0,402.0,0.0,2,1,0,0.020246227589514637,-0.0009840926831688884,-0.018294552345217555,0.10747452462647797,8.933150008288981e-05,-0.050368241726040965,0.10252308905557872,-0.003650713930191757,-0.048973541267909496,26.58,40.93,3,471.0,435.0,423.0,417.0,406.0,405.0,1,1,1,-0.020646857117855286,-0.006170971234153291,0.030892844971937564,-0.014297365320074182,-0.013468662081931884,0.05384629124984605,-0.012762811837166321,-0.01473831346186405,0.08722464910937888
92,least_connections,665,measured,192,108,1,light,1,98.0,65.15,4,547.0,923.0,0.0,445.0,858.0,0.0,2,2,0,-0.010085169782340558,0.06034243901025568,-0.022526533517125677,-0.07071165853055161,0.40729439087262476,-0.1380711407264783,-0.05460717889609493,0.2847997356540426,-0.09988829803580428,43.37,39.47,4,1056.0,462.0,0.0,861.0,402.0,0.0,3,1,0,0.06140191566488966,-0.0008903695704861325,-0.016552214026625406,0.14687150867565693,8.082373817022703e-05,-0.04557126632356087,0.12329469962171405,-0.0033030268892211,-0.044309394480489546,26.58,40.93,3,471.0,435.0,423.0,417.0,406.0,405.0,1,1,1,-0.018680489773297643,-0.005583259688043449,0.02795066926032446,-0.012935711480067114,-0.012185932359843138,0.048718073035574995,-0.011547305947912395,-0.01333466456073415,0.07891753967039042
92,least_connections,666,measured,397,319,14,medium,2,87.87,58.95,3,395.0,923.0,0.0,321.0,858.0,0.0,1,2,0,-0.052208577648875015,0.054595540056898,-0.020381149372637516,-0.15565975454351494,0.3685044488847557,-0.12492150827633751,-0.10550173328694304,0.25767595130603854,-0.09037512679429911,37.89,36.09,3,864.0,462.0,0.0,753.0,402.0,0.0,2,1,0,0.01247021394623804,-0.0008055724685350762,-0.01497581269075632,0.0832510928834175,7.312623929686679e-05,-0.04123114572131698,0.08101663299107464,-0.002988452899771482,-0.040089452149014354,34.52,51.57,4,471.0,832.0,423.0,417.0,725.0,405.0,1,2,1,-0.016901395509174064,0.03803237955662282,0.025288700759341178,-0.011703738958155963,0.060812727864903826,0.044078256555996426,-0.010447562524301707,0.0841416526990183,0.07140158351130561
92,least_connections,667,measured,367,339,9,medium,0,86.0,59.85,3,0.0,1290.0,0.0,0.0,1197.0,0.0,0,3,0,-0.09032023238526334,0.09247986504014127,-0.01844008752762442,-0.37908898426952936,0.5547738664512869,-0.11302422177382918,-0.24066823487866276,0.38649252737213013,-0.08176797186150872,37.89,36.09,3,864.0,462.0,0.0,753.0,402.0,0.0,2,1,0,0.011282574522786804,-0.0007288512810555425,-0.013549544815446195,0.07532241737071108,6.616183555430144e-05,-0.037304369938334414,0.07330076318240086,-0.002703838337888481,-0.036271409087203464,34.52,51.57,4,906.0,397.0,423.0,823.0,319.0,405.0,2,1,1,0.02779216143274274,-0.008673652056479575,0.02288025306797535,0.06812518856166841,-0.02369324621746796,0.03988032736018725,0.1129918878748381,-0.04631628247866598,0.06460143270070508
92,least_connections,668,measured,170,110,5,light,0,97.33,65.35,4,170.0,1290.0,0.0,110.0,1197.0,0.0,1,3,0,-0.038634405264671365,0.0836722588458421,-0.016683888715469716,-0.24044558894227258,0.5019382601225929,-0.10226001017632164,-0.16798554584259964,0.34968371524145114,-0.07398054596993646,37.89,36.09,3,864.0,462.0,0.0,753.0,402.0,0.0,2,1,0,0.010208043615854728,-0.0006594368733359723,-0.01225911197587989,0.06814885381159574,5.986070835864443e-05,-0.03375157280135018,0.06631973811741029,-0.002446329924756241,-0.03281698917413647,34.52,51.57,4,906.0,820.0,0.0,823.0,724.0,0.0,2,2,0,0.025145288915338668,0.0352363102708949,-0.022382718879541574,0.06163707536531904,0.05510611056514804,-0.04046065619792582,0.1022307556962821,0.08023764918596887,-0.06369394184221923
92,least_connections,669,measured,390,347,13,medium,1,97.33,65.35,4,537.0,923.0,0.0,449.0,858.0,0.0,2,2,0,0.008128962130149936,0.03261957206233787,-0.015094946933044029,0.00381907032207085,0.2327695369363142,-0.09252096158810053,0.0013702204281241248,0.16302336140893192,-0.06693477968708537,49.03,46.94,4,864.0,852.0,0.0,753.0,749.0,0.0,2,2,0,0.009235848985773315,0.042487266865167676,-0.011091577501986567,0.06165848678191996,0.1008704862191272,-0.03053713729645969,0.06000357258241884,0.09589677292522056,-0.02969156163374252,25.1,37.67,3,435.0,820.0,0.0,406.0,724.0,0.0,1,2,0,-0.020333400731927145,0.031880471197476334,-0.02025103136720428,-0.0294616937170923,0.04985790955894347,-0.03660726036955193,-0.03326741151288762,0.07259596831111467,-0.057627852142960255
92,least_connections,670,measured,461,450,17,heavy,2,97.33,65.35,4,537.0,923.0,0.0,449.0,858.0,0.0,2,2,0,0.0073547752606118455,0.02951294615163902,-0.013657332939420789,0.003455349339016478,0.21060100960904615,-0.08370944143685285,0.001239723244493257,0.14749732698903362,-0.060560038764505816,49.03,46.94,4,864.0,852.0,0.0,753.0,749.0,0.0,2,2,0,0.008356244320461559,0.03844086049705647,-0.010035236787511656,0.05578624994554662,0.09126377324587698,-0.027628838506320672,0.05428894662218847,0.08676374693234243,-0.026863793859100375,34.32,52.67,4,435.0,820.0,461.0,406.0,724.0,450.0,1,2,1,-0.01839688637650551,0.02884423584533574,0.024761538513572542,-0.026655818124988268,0.04510953721999647,0.05029819299897682,-0.030099086606898334,0.06568206656719897,0.08357480044208357
92,least_connections,671,measured,183,119,7,light,0,100.0,71.3,5,1643.0,0.0,0.0,1426.0,0.0,0.0,5,0,0,0.135906021154159,-0.05946561107822229,-0.012356634564237856,0.5839834113067293,-0.3661863881314979,-0.0757371136809621,0.4430978448402558,-0.2546928946289696,-0.05479241602502907,24.34,23.41,2,462.0,390.0,0.0,402.0,347.0,0.0,1,1,0,-0.03552348869872071,-0.008304074062753894,-0.009079499950605785,-0.053445093586682285,-0.036856586110873196,-0.024997520553337753,-0.05012250067516283,-0.03516018134692829,-0.024305337301090815,34.32,52.67,4,435.0,820.0,461.0,406.0,724.0,450.0,1,2,1,-0.016644801959695463,0.026097165764827568,0.022403296750375157,-0.024117168779751286,0.040813390818092043,0.04550788890383617,-0.027232506930050887,0.05942663165603715,0.07561529563807562
92,least_connections,672,measured,417,407,18,heavy,1,100.0,71.3,5,1643.0,0.0,0.0,1426.0,0.0,0.0,5,0,0,0.12296259056804865,-0.05380221954696303,-0.011179812224786631,0.5283659435632312,-0.3313114940237362,-0.06852405523515619,0.4008980500935648,-0.23043642847382964,-0.04957409068931202,36.26,36.12,3,462.0,390.0,417.0,402.0,347.0,407.0,1,1,1,-0.032140299298842545,-0.007513209866301149,0.03486911455716166,-0.04835508467366492,-0.03334643505269477,0.08517911405718422,-0.045348929182290165,-0.03181159264722082,0.09308386148948927,34.32,52.67,4,435.0,820.0,461.0,406.0,724.0,450.0,1,2,1,-0.015059582725438753,0.023611721406272573,0.020269649440815617,-0.02182029556263211,0.036926401216368976,0.04117380424632796,-0.024638934841474613,0.05376695245070026,0.06841383891063985
92,least_connections,673,measured,378,327,11,medium,1,98.2,65.8,4,1473.0,0.0,0.0,1316.0,0.0,0.0,4,0,0,0.06816796743004855,-0.04867819863772845,-0.01011506820337838,0.46175966322387585,-0.299758018402428,-0.06199795473656988,0.3129553786560825,-0.20849010195251252,-0.04485274871890135,47.06,46.34,4,462.0,768.0,417.0,402.0,674.0,407.0,1,2,1,-0.029079318413238492,0.036286234157246806,0.03154824650409864,-0.04374983851426825,0.06754370161899043,0.07706681748030952,-0.04102998354588158,0.06367343998584785,0.08421873182382363,34.32,52.67,4,832.0,884.0,0.0,725.0,855.0,0.0,2,2,0,0.029458563475169924,0.021362986034246606,-0.02474469358982895,0.05209592306238048,0.04499055348147668,-0.046166558062846134,0.07391397958787219,0.0881542268204748,-0.07381605050942108
92,least_connections,674,measured,428,419,19,heavy,0,100.0,86.75,5,1473.0,0.0,428.0,1316.0,0.0,419.0,4,0,1,0.06167578005575822,-0.044042179719849556,0.03393217185227217,0.41778255244064955,-0.27120963569743484,0.20206534253992883,0.28315010449836037,-0.18863390176655895,0.14896656068289876,47.06,46.34,4,462.0,768.0,417.0,402.0,674.0,407.0,1,2,1,-0.026309859516739587,0.03283040233274711,0.028543651598946392,-0.03958318722719509,0.06111096813146755,0.0697271205774229,-0.03712236606532143,0.057609302844338545,0.0761979002215547,25.62,39.13,3,397.0,884.0,0.0,319.0,855.0,0.0,1,2,0,-0.01643091422541315,0.01932841593574694,-0.022388056105083338,-0.031579879134036704,0.04070573886419318,-0.041769743009241744,-0.055569891483988665,0.07975858617090578,-0.06678595046090478
92,least_connections,675,measured,492,429,17,heavy,2,100.0,86.75,5,1473.0,0.0,428.0,1316.0,0.0,419.0,4,0,1,0.055801896240924104,-0.03984768641319722,0.030700536437770057,0.37799373792249236,-0.24538014658339344,0.18282102420279275,0.2561834278794689,-0.1706687682649819,0.13477926918928937,47.06,46.34,4,852.0,378.0,417.0,749.0,327.0,407.0,2,1,1,0.01927974161637394,-0.013380202878081407,0.025825208589522926,0.06500296665838812,-0.045525450602141596,0.06308644242719215,0.06452321641709016,-0.04598741647416989,0.0689409573433114,35.46,53.43,4,820.0,461.0,492.0,724.0,450.0,429.0,2,1,1,0.02821783497519309,-0.025596285808700603,0.022828039941205778,0.04797058554539538,-0.039713855313349034,0.05123689918211461,0.07186533627639122,-0.04998032679775191,0.06895556863060995
92,least_connections,676,measured,156,108,6,light,1,100.0,69.8,4,1106.0,0.0,428.0,977.0,0.0,419.0,3,0,1,0.007403529705507311,-0.03605266865955939,0.0277766758246491,0.12062925494574706,-0.22201060881354645,0.16540949808824107,0.07842786331951945,-0.15441459985879313,0.12194314831411895,51.51,49.72,5,1008.0,795.0,0.0,857.0,734.0,0.0,3,2,0,0.06052747597490521,0.030978002384683706,-0.019718235312427102,0.0991387385412627,0.0666062249654093,-0.050717708552268335,0.08891386247260538,0.07346674223765581,-0.052699252879861117,35.46,53.43,4,820.0,461.0,492.0,724.0,450.0,429.0,2,1,1,0.025530422120412788,-0.023158544303110068,0.02065394089918618,0.04340195835059582,-0.03593158337874436,0.046357194498103695,0.06502101853578252,-0.0452202956741565,0.062388371618170915
92,least_connections,677,measured,383,347,9,medium,0,100.0,87.15,5,1106.0,383.0,428.0,977.0,347.0,419.0,3,1,1,0.006698431638316155,0.010464819058584582,0.02513127812706347,0.1091407544747236,0.03014913170837863,0.14965621255602762,0.07095854300337473,0.01726774298490144,0.11032951514134573,51.51,49.72,5,1386.0,417.0,0.0,1184.0,407.0,0.0,4,1,0,0.09784685468024304,-0.015056183783472107,-0.017840308139815,0.18741123963257106,-0.037451510745582076,-0.045887450594909444,0.17290123271330962,-0.025985447499263764,-0.04768027641511244,35.46,53.43,4,820.0,461.0,492.0,724.0,450.0,429.0,2,1,1,0.023098953347040152,-0.020952968655194817,0.018686898908787497,0.03926843850768194,-0.03250952781886393,0.04194222359352239,0.058828540579993704,-0.04091360084804638,0.05644662194024988
92,least_connections,678,measured,396,322,10,medium,2,54.07,38.3,2,0.0,383.0,428.0,0.0,347.0,419.0,0,1,1,-0.12319121491227177,0.00946816962443367,0.022737823067343142,-0.5683647142054088,0.027277785831390178,0.13540323993164405,-0.37777560394932763,0.015623196033958453,0.09982194227074137,38.31,37.16,4,924.0,417.0,0.0,782.0,407.0,0.0,3,1,0,0.045444206388700614,-0.01362226151837953,-0.016141231174118333,0.05013397871518335,-0.033884700198383785,-0.04151721720491807,0.042773734359661086,-0.023510642975524354,-0.043139297708911256,43.38,64.17,5,820.0,1349.0,0.0,724.0,1201.0,0.0,2,3,0,0.02089905302827441,0.06721035262262419,-0.02617670597594963,0.03552858722123603,0.1312723319734088,-0.05108084532014641,0.053225822429518094,0.18947499605811677,-0.07831019919691677
92,least_connections,679,measured,484,401,16,heavy,0,86.33,58.35,3,383.0,428.0,484.0,347.0,419.0,401.0,1,1,1,-0.0683748180272028,0.008566439184011412,0.02057231610854856,-0.28321886840806826,0.05182275860935298,0.15628547104926527,-0.18482078452558215,0.04670670117358147,0.08217223348305173,38.31,37.16,4,924.0,417.0,0.0,782.0,407.0,0.0,3,1,0,0.04111618673263388,-0.01232490327853386,-0.014603971062297539,0.04535931407564209,-0.030657585893775804,-0.037563196518735395,0.03870004537302668,-0.021271534120712504,-0.03903079316520542,43.38,64.17,5,820.0,1349.0,0.0,724.0,1201.0,0.0,2,3,0,0.01890866702558161,0.060809366658564734,-0.023683686359192525,0.032144912247784985,0.1187702051187984,-0.046216002908703896,0.04815669648384968,0.17142975833829613,-0.07085208498768661
92,least_connections,680,measured,466,427,15,heavy,0,100.0,79.7,4,383.0,428.0,950.0,347.0,419.0,828.0,1,1,2,-0.06186293059604063,0.0077505878331531886,0.06169694813449178,-0.25624564284539514,0.04688725778941458,0.4224805055525098,-0.16721880504695524,0.04225844391895467,0.2675129731513325,38.31,37.16,4,924.0,417.0,0.0,782.0,407.0,0.0,3,1,0,0.03720035942476399,-0.011151102966292542,-0.013213116675412058,0.04103937940177141,-0.027737815808654295,-0.03398574923123679,0.035014326766071746,-0.01924567372826369,-0.03531357476851919,35.44,53.53,4,884.0,888.0,0.0,855.0,751.0,0.0,2,2,0,0.017107841594573847,0.011934098178610714,-0.02142809718212657,0.040664444414662604,0.024039709393198577,-0.04181447882216067,0.08307828094570524,0.01938882897274416,-0.06410426736981169
92,least_connections,681,measured,461,450,18,heavy,0,100.0,100.0,5,383.0,1378.0,461.0,347.0,1247.0,450.0,1,3,1,-0.05597122292022723,0.09318023706446286,0.012737148085401863,-0.23184129590773844,0.6154376776824861,0.08729188597608034,-0.1512932045662928,0.4128052587838162,0.0710355471369199,38.31,37.16,4,924.0,417.0,0.0,782.0,407.0,0.0,3,1,0,0.03365746805097694,-0.010089093159978968,-0.011954724611087101,0.0371308670777932,-0.02509611906497293,-0.03074901120921424,0.03167962897882681,-0.01741275242081,-0.031950377171517365,35.44,53.53,4,1280.0,492.0,0.0,1177.0,429.0,0.0,3,1,0,0.058562423574228945,-0.03228638282706196,-0.01938732602192404,0.10844878304183758,-0.04990692959662986,-0.03783214750576441,0.17227717482389204,-0.07956883727862832,-0.05799909904887724
92,least_connections,682,measured,476,447,17,heavy,1,100.0,100.0,5,383.0,1378.0,461.0,347.0,1247.0,450.0,1,3,1,-0.05064063026115796,0.08430592877260926,0.011524086362982633,-0.20976117248795378,0.5568245655222495,0.07897837302597743,-0.13688432794093158,0.37349047223297654,0.06427025693340371,36.31,36.91,3,378.0,417.0,476.0,327.0,407.0,447.0,1,1,1,-0.05571580555024988,-0.009128227144742873,0.03226772081672618,-0.10754826312009187,-0.022706012487356472,0.09522708509642522,-0.09998331187629957,-0.015754395047399505,0.09747644446386523,26.98,40.03,3,857.0,492.0,0.0,772.0,429.0,0.0,2,1,0,0.009901149673735482,-0.029211489224484632,-0.017540914019836037,0.021577470371186375,-0.04515388868266511,-0.03422908583854876,0.03372696769780714,-0.07199085277590181,-0.052475375329936555
92,least_connections,683,measured,391,316,12,medium,1,100.0,100.0,5,383.0,1378.0,461.0,347.0,1247.0,450.0,1,3,1,-0.045817713093428636,0.07627679269902743,0.010426554328412857,-0.18978391796529148,0.5037936545201305,0.07145662321397958,-0.12384772527989046,0.33791995106793116,0.05814928008260334,47.49,46.78,4,795.0,391.0,476.0,734.0,316.0,447.0,2,1,1,-0.007325638128230616,-0.00825887217857689,0.029194604548466545,0.010490346972978098,-0.027264623542982397,0.08615783889676568,0.024613313064300396,-0.03998314313812337,0.08819297356254474,26.98,40.03,3,857.0,492.0,0.0,772.0,429.0,0.0,2,1,0,0.008958183038141637,-0.02642944263167657,-0.015870350779851654,0.019522473192978146,-0.04085351833193508,-0.030969172901544113,0.030514875536111236,-0.06513458108295878,-0.047477720536609265
92,least_connections,684,measured,366,303,14,medium,2,100.0,100.0,5,383.0,1378.0,461.0,347.0,1247.0,450.0,1,3,1,-0.041454121370244956,0.06901233625150101,0.009433549154278298,-0.17170925911145418,0.45581330647059426,0.06465123052693389,-0.11205270382466276,0.30573709858527104,0.052611253408069686,36.69,36.56,3,417.0,391.0,476.0,407.0,316.0,447.0,1,1,1,-0.04971185853325173,-0.0074723129234743335,0.02641416602004116,-0.08822301940540077,-0.02466799272936504,0.07795233043040704,-0.07018616913229961,-0.03617522474401641,0.07979364274706428,34.3,50.13,4,857.0,858.0,0.0,772.0,732.0,0.0,2,2,0,0.008105022748794821,0.0191715473695262,-0.014358888800818164,0.017663190031742132,0.029265864366344457,-0.028019727863301817,0.027608696913624442,0.032449664734465894,-0.042956032866456
92,least_connections,685,measured,472,430,17,heavy,1,100.0,100.0,5,383.0,1839.0,0.0,347.0,1697.0,0.0,1,4,0,-0.037506109811174,0.10552363302573448,-0.03454878432526748,-0.1553559963389347,0.4859898169654584,-0.21956952158674237,-0.1013810177461234,0.4801907082438166,-0.1559707707260322,50.17,50.0,4,417.0,867.0,472.0,407.0,763.0,430.0,1,2,1,-0.04497739581579918,0.03632323615313773,0.02389853116098962,-0.07982082708107689,0.10072895895914594,0.0694942853554023,-0.06350177207208058,0.09365396332684231,0.06738770058067721,34.3,50.13,4,1349.0,366.0,0.0,1201.0,303.0,0.0,3,1,0,0.05041701604709553,-0.02573821451147175,-0.012991375581692624,0.10500955288586192,-0.06254993223997406,-0.025351182352511166,0.15436024958851732,-0.1000217319069118,-0.038864982117269714
92,least_connections,686,measured,178,119,5,light,1,100.0,84.85,4,428.0,1411.0,0.0,419.0,1278.0,0.0,1,3,0,-0.03393409935296694,0.05238986298700239,-0.03125842391333724,-0.11341733002094095,0.38602253281001786,-0.1986581385784812,-0.0591542541512545,0.24491064079202457,-0.14111641160926722,55.26,53.72,5,595.0,867.0,472.0,526.0,763.0,430.0,2,2,1,0.002390065917224765,0.03286388032902938,0.021622480574228706,-0.026205238107368883,0.09113572477256063,0.06287578198822112,-0.023808150922358634,0.08473453824809543,0.06096982433489842,34.3,50.13,4,1349.0,366.0,0.0,1201.0,303.0,0.0,3,1,0,0.045615395471181666,-0.02328695598656967,-0.011754101716769516,0.09500864308720838,-0.05659279583616701,-0.022936784033224387,0.13965927343722995,-0.09049585267768209,-0.03516355524895831
92,least_connections,687,measured,447,440,14,heavy,0,100.0,100.0,5,428.0,1858.0,0.0,419.0,1718.0,0.0,1,4,0,-0.03070228036697009,0.09048425245309287,-0.028281431159686073,-0.10261567954275613,0.40294102174874635,-0.1797383158567211,-0.053520515660658824,0.4206334369070698,-0.1276767533607656,55.26,53.72,5,595.0,867.0,472.0,526.0,763.0,430.0,2,2,1,0.0021624405917747835,0.029733986964359915,0.01956319671001645,-0.023709501144762335,0.08245613193707868,0.0568876122750572,-0.021540707977372092,0.07666458222446729,0.055163174398241435,25.08,35.13,3,888.0,366.0,0.0,751.0,303.0,0.0,2,1,0,-0.0018128281337834729,-0.02106915065451541,-0.010634663458029563,0.0025411532693790373,-0.051203005756532055,-0.02075232841101254,-0.009355895461553854,-0.08187720004171237,-0.031814645225247996
92,least_connections,688,measured,473,444,16,heavy,2,100.0,100.0,5,1378.0,908.0,0.0,1247.0,890.0,0.0,3,2,0,0.05838954678816084,-0.004301095853097375,-0.025587961525430258,0.4801731153343317,0.007486321264738693,-0.16262038101322385,0.3261481048784516,0.006001681011158444,-0.1155170625645022,55.26,53.72,5,986.0,948.0,0.0,842.0,877.0,0.0,3,2,0,0.045040394095505976,0.026902178682039923,-0.025383865108171054,0.07962337651528303,0.09554194250089432,-0.07054386100283941,0.06985602611571096,0.10159533629832754,-0.07166784221111488,26.62,39.2,3,492.0,366.0,473.0,429.0,303.0,444.0,1,1,1,-0.04472407806208527,-0.0190625648778949,0.033462061859968716,-0.06935800418484754,-0.04632652901781471,0.0668145600090839,-0.10557596890965987,-0.07407937146631119,0.10512008289144228
92,least_connections,689,measured,401,450,19,heavy,2,100.0,100.0,5,1378.0,908.0,0.0,1247.0,890.0,0.0,3,2,0,0.052828637570240755,-0.003891467676611915,-0.023151012808722615,0.43444234244534774,0.006773338287144548,-0.1471327256786311,0.29508638060431336,0.005430092343429116,-0.10451543755835914,55.26,53.72,5,986.0,948.0,0.0,842.0,877.0,0.0,3,2,0,0.04075083275307684,0.02434006642660755,-0.022966354145488095,0.0720401977995418,0.08644270988176153,-0.06382539805018804,0.06320307124754801,0.0919195899842011,-0.06484233342910395,34.64,54.2,4,492.0,366.0,874.0,429.0,303.0,894.0,1,1,2,-0.04046464205617238,-0.01724708250857157,0.07335909905244335,-0.06275247997676682,-0.04191447863516569,0.1330131733415521,-0.09552111472778749,-0.06702419323142439,0.23082293213987637
92,least_connections,690,measured,163,104,2,light,2,100.0,100.0,5,1378.0,908.0,0.0,1247.0,890.0,0.0,3,2,0,0.04779733875402735,-0.003520851707410788,-0.020946154445987127,0.3930668812600765,0.006128258450273649,-0.13312008513780907,0.26698291578485495,0.004912940691673973,-0.09456158636232494,43.34,41.0,4,569.0,948.0,0.0,435.0,877.0,0.0,2,2,0,-0.00621409916444976,0.02202196486216873,-0.02077908232210828,-0.04261669178680913,0.0782100708454033,-0.05774678871207489,-0.05789067363317088,0.0831653433190391,-0.058666873102522624,37.9,57.67,5,655.0,839.0,401.0,533.0,747.0,450.0,2,2,1,0.0064730336045061565,0.027479397004716424,0.02328861796354852,-0.027280815217074733,0.04766785266342152,0.03475477588045189,-0.05505878634101408,0.0732638251715684,0.07493503384084052
92,least_connections,691,measured,169,109,3,light,1,100.0,100.0,5,1378.0,908.0,0.0,1247.0,890.0,0.0,3,2,0,0.04324521125364379,-0.003185532497181176,-0.018951282593988355,0.3556319401876883,0.005544614788342894,-0.12044198179135106,0.2415559714243926,0.004445041578181208,-0.08555572099448447,43.09,40.69,4,560.0,948.0,0.0,425.0,877.0,0.0,2,2,0,-0.005622280196406926,0.019924634875295527,-0.018800122100955108,-0.040884489847929334,0.0707614926696506,-0.05224709454902014,-0.055204657096678406,0.07524483443151156,-0.05307955185466333,37.9,57.67,5,1021.0,473.0,401.0,836.0,444.0,450.0,3,1,1,0.048940454440358175,-0.01822158865106155,0.02107065434797247,0.041545929089313316,-0.023100514256904348,0.031444797225170754,0.041565859977177766,-0.025094634368580976,0.06779836395123667
92,least_connections,692,measured,479,424,16,heavy,1,100.0,100.0,5,1839.0,447.0,0.0,1697.0,440.0,0.0,4,1,0,0.08221051993243508,-0.04596604867658795,-0.017146398537418034,0.3953495331856862,-0.27304693582641987,-0.10897131685884143,0.42212206938397423,-0.19954972428640746,-0.07740755709024785,56.77,53.94,5,1036.0,472.0,479.0,872.0,430.0,424.0,3,1,1,0.0379970752871511,-0.025056849625299513,0.02607426594494084,0.08605689013758774,-0.059025316156030405,0.07655194846925387,0.07643685786491003,-0.05830526884768003,0.0718565959410189,24.8,39.9,3,366.0,473.0,401.0,303.0,444.0,450.0,1,1,1,-0.04188834167414304,-0.016486199255722353,0.019063925362451283,-0.08093463558585938,-0.02090046528005632,0.02845005463229735,-0.12313882510001375,-0.02270466919062089,0.06134137690826175
92,least_connections,693,measured,484,428,13,heavy,2,100.0,85.9,4,1411.0,447.0,0.0,1278.0,440.0,0.0,3,1,0,0.03129704637877913,-0.04158832975500815,-0.015513408200521078,0.30401465700927166,-0.2470424657477132,-0.09859309620561843,0.1923723484902624,-0.18054498864008292,-0.07003540879593853,56.77,53.94,5,1036.0,472.0,479.0,872.0,430.0,424.0,3,1,1,0.03437830621218432,-0.022670482994318605,0.02359100252161314,0.07786099583876988,-0.05340385747450371,0.06926128671027731,0.06915715711587098,-0.052752386100281934,0.06501311061330281,34.48,54.17,4,366.0,957.0,401.0,303.0,872.0,450.0,1,2,1,-0.037898975800415124,0.028167815185865724,0.01724831342317021,-0.07322657505387277,0.06867100760375855,0.025740525619697606,-0.11141131794763148,0.10853704533546998,0.05549934101223683
92,least_connections,694,measured,371,337,10,medium,0,100.0,100.0,5,1858.0,371.0,0.0,1718.0,337.0,0.0,4,1,0,0.07140027552184325,-0.03762753644500737,-0.014035940752852404,0.3287434198337855,-0.26935588170824853,-0.08920327751936906,0.37309879149118974,-0.20994546591245597,-0.063365369862992,51.94,50.53,4,867.0,951.0,0.0,763.0,854.0,0.0,2,2,0,-0.011979718415733448,0.022572510850945304,-0.021739659850059764,0.026758588071812223,0.07550535344143541,-0.06115815556144977,0.03175230881912133,0.07215260305212584,-0.06105956658796413,34.48,54.17,4,366.0,1358.0,0.0,303.0,1322.0,0.0,1,3,0,-0.03428954953370891,0.06856906634730255,-0.02747828332007956,-0.06625261552493251,0.1346928164034006,-0.04927285777265454,-0.10080071623833323,0.23391446958923473,-0.08550059622702381
92,least_connections,695,measured,374,344,7,medium,1,85.27,61.35,3,908.0,371.0,0.0,890.0,337.0,0.0,2,1,0,-0.021567551171847027,-0.03404396154548285,-0.012699184490675985,-0.05964484237260681,-0.24370294059317724,-0.08070772727942915,-0.03700585531749495,-0.1899506596350792,-0.05733057273318324,51.46,51.41,4,1322.0,479.0,0.0,1221.0,424.0,0.0,3,1,0,0.032245107374427096,-0.022661152313997332,-0.019669216054815978,0.14182919873163966,-0.053699238042782954,-0.05533356931750217,0.1582223270268241,-0.05629645438140993,-0.055244369770062786,34.48,54.17,4,366.0,1358.0,0.0,303.0,1322.0,0.0,1,3,0,-0.031023878149546158,0.06203867907613088,-0.02486130395626246,-0.059942842617796074,0.12186492912688626,-0.044580204651449344,-0.09120064802515862,0.21163690105692667,-0.07735768230064059
92,least_connections,696,measured,405,435,16,heavy,0,100.0,83.1,4,908.0,371.0,405.0,890.0,337.0,435.0,2,1,1,-0.01951349867929017,-0.030801679493532103,0.031594161878050524,-0.05396438119426328,-0.22049313672716034,0.17126443722337364,-0.03348148814440016,-0.17186012062221448,0.1449151960985485,51.46,51.41,4,1322.0,479.0,0.0,1221.0,424.0,0.0,3,1,0,0.029174144767338803,-0.020502947331711874,-0.017795957382928742,0.12832165599529302,-0.04858502489585126,-0.05006370557297815,0.14315353397665037,-0.05093488729746612,-0.049983001220532994,34.48,54.17,4,366.0,1358.0,0.0,303.0,1322.0,0.0,1,3,0,-0.028069223087684614,0.0561302334498327,-0.0224935607223327,-0.05423400046372025,0.11025874540051614,-0.040334470875120834,-0.08251487202276256,0.19148100571817175,-0.06999028398629387
92,least_connections,697,measured,419,431,16,heavy,0,100.0,100.0,5,1279.0,0.0,824.0,1227.0,0.0,866.0,3,0,2,0.025428829993113883,-0.07095208643519117,0.07166909430689831,0.17495286145915867,-0.42327156814997047,0.4076836971703539,0.12215960596459036,-0.3079448710391465,0.32608993932725816,51.46,51.41,4,1322.0,479.0,0.0,1221.0,424.0,0.0,3,1,0,0.026395654789497014,-0.018550285681072642,-0.01610110429884029,0.11610054590050323,-0.04395787966767495,-0.0452957336136469,0.12951986407411226,-0.04608394565008839,-0.045222715390006045,34.48,54.17,4,839.0,885.0,0.0,747.0,878.0,0.0,2,2,0,0.017687936480757005,0.007700596704043661,-0.0203513168440153,0.036521618628062635,0.014167436314752702,-0.036493092696537895,0.05924844912226243,0.0393399575545364,-0.06332454265426588
92,least_connections,698,measured,495,442,20,heavy,1,100.0,100.0,5,1279.0,405.0,419.0,1227.0,435.0,431.0,3,1,1,0.023007036660436367,-0.0211108446431775,0.02175956605091254,0.15829068417733405,-0.1386742759452113,0.12457096410651067,0.11052535777748651,-0.08183107379732305,0.09824804034370976,65.6,65.22,5,1322.0,479.0,495.0,1221.0,424.0,442.0,3,1,1,0.023881782904783017,-0.016783591806684775,0.02851623443256853,0.10504335105283624,-0.0397714149374202,0.08697732945159839,0.11718463892419684,-0.04169499844531807,0.08405444798047071,27.16,44.07,3,473.0,885.0,0.0,444.0,878.0,0.0,1,2,0,-0.027080529125120073,0.006967206541753784,-0.01841309619220432,-0.03318520219365763,0.012818156665728636,-0.033017560058772384,-0.037775212698905436,0.03559329493029484,-0.05729363383005008
92,least_connections,699,measured,358,317,7,medium,2,100.0,82.15,4,818.0,824.0,0.0,777.0,866.0,0.0,2,2,0,-0.022268009914933995,0.02398361221626344,-0.02339667379974126,-0.13484811114114226,0.12726295668449134,-0.14002309596712526,-0.10357229534417889,0.1209385522786125,-0.10608510635569117,52.0,51.25,4,846.0,479.0,495.0,774.0,424.0,442.0,2,1,1,-0.021476572836715585,-0.015185154491762415,0.02580040258184772,-0.028008396666481472,-0.03598366113385637,0.07869377426573188,-0.020359731449536234,-0.03772404621243064,0.07604926245852112,34.32,54.63,4,1315.0,401.0,0.0,1189.0,450.0,0.0,3,1,0,0.06166636934031086,-0.03678023716517061,-0.016659467983422955,0.12233719801526216,-0.07598357254053126,-0.02987303052936549,0.1905049662882919,-0.09687590776147931,-0.05183709727480722
92,least_connections,700,measured,380,324,11,medium,0,100.0,98.35,5,818.0,1204.0,0.0,777.0,1190.0,0.0,2,3,0,-0.02014724706589266,0.06478335889861477,-0.021168419152146855,-0.12200543388960494,0.34434902430184133,-0.12668756301787523,-0.09370826721616182,0.2559920234901732,-0.0959817628932444,52.0,51.25,4,846.0,479.0,495.0,774.0,424.0,442.0,2,1,1,-0.019431184947504565,-0.013738949302070758,0.023343221383576508,-0.02534093031729273,-0.03255664578777481,0.07119912909756694,-0.018420709406723246,-0.034131279906484846,0.06880647555770959,34.32,54.63,4,1315.0,401.0,0.0,1189.0,450.0,0.0,3,1,0,0.05579338178409078,-0.03327735743515435,-0.01507285198500172,0.11068603629952292,-0.06874704182238545,-0.027027980002759255,0.1723616361655974,-0.08764963083181462,-0.04690023086768272
92,least_connections,701,measured,493,402,18,heavy,1,100.0,76.35,4,371.0,1204.0,0.0,337.0,1190.0,0.0,1,3,0,-0.0613123618578031,0.05861351519398479,-0.019152379232894774,-0.3800049163763093,0.3115538791302374,-0.11462208082569664,-0.2838312893860512,0.2316118307768234,-0.0868406426176973,66.09,63.81,5,1325.0,0.0,988.0,1198.0,0.0,844.0,3,0,2,0.025503304321872283,-0.05551437816672615,0.06420395766904087,0.10089562086938819,-0.15327914210730645,0.19186043653045173,0.10321459625105994,-0.15076163420110533,0.17591419217126106,34.32,54.63,4,1716.0,0.0,0.0,1639.0,0.0,0.0,4,0,0,0.0935636266028395,-0.07319198552523035,-0.013637342272144415,0.17270641379480645,-0.13476160926787253,-0.024453886669163136,0.29166052795935005,-0.2150163326573561,-0.0424335422136177
92,least_connections,702,measured,351,307,7,medium,0,100.0,91.7,5,722.0,1204.0,0.0,644.0,1190.0,0.0,2,3,0,-0.012389189073159723,0.05303127565170053,-0.017328343115476225,-0.1320996862452321,0.28188208111783386,-0.10370569217563029,-0.11791878563499869,0.20955356117903073,-0.07857010522553566,41.91,39.62,3,479.0,0.0,988.0,424.0,0.0,844.0,1,0,2,-0.06309338225753505,-0.05022729453179985,0.05808929503389412,-0.12740736343109776,-0.13868112857327727,0.17358801400374205,-0.12545465101094577,-0.13640338332480959,0.1591604595835219,34.32,54.63,4,1716.0,0.0,0.0,1639.0,0.0,0.0,4,0,0,0.08465280502161669,-0.06622132023711318,-0.012338547770035423,0.1562581839095868,-0.12192717028997992,-0.02212494508162379,0.26388333482036436,-0.19453858668998886,-0.03839225247898744
92,least_connections,703,measured,442,407,17,heavy,1,100.0,91.7,5,722.0,1204.0,0.0,644.0,1190.0,0.0,2,3,0,-0.011209266304287369,0.047980677970586194,-0.01567802472352611,-0.1195187637456861,0.2550361686304211,-0.09382895958747503,-0.10668842509833215,0.18959607916198018,-0.07108723806119893,54.54,52.34,4,479.0,0.0,1430.0,424.0,0.0,1251.0,1,0,3,-0.05708448870919838,-0.045443742671628436,0.09564088144789967,-0.11527332881861224,-0.12547340204248897,0.2713143255952224,-0.11350658900990332,-0.12341258491292297,0.2590767253374722,34.32,54.63,4,1716.0,0.0,0.0,1639.0,0.0,0.0,4,0,0,0.07659063311479605,-0.05991452783357859,-0.011163447982413002,0.14137645210867375,-0.11031505883379135,-0.02001780745480248,0.2387515886469963,-0.17601110224332325,-0.03473584748098864
92,least_connections,704,measured,469,412,16,heavy,1,100.0,74.85,4,731.0,824.0,0.0,631.0,866.0,0.0,2,2,0,-0.01014171713245049,0.00032718936567777135,-0.014184879511761717,-0.10270745291276367,0.0015406605068889467,-0.0848928681981917,-0.10240857508896717,0.024967881146553517,-0.06431702491251332,67.94,65.22,5,479.0,495.0,1404.0,424.0,442.0,1221.0,1,1,3,-0.05164787073689377,0.00196813304766498,0.08653222607190923,-0.10429491655017298,0.01443562944455079,0.23875377757935085,-0.1026964376756268,0.013311232697831604,0.22592060863866537,24.86,39.83,3,1243.0,0.0,0.0,1195.0,0.0,0.0,3,0,0,0.026212386877105726,-0.054208382325618726,-0.01010026246027843,0.04232155190784767,-0.09980886275438265,-0.018111349601964147,0.08210858020442519,-0.1592481401249115,-0.03142767153041829
92,least_connections,705,measured,157,125,5,light,2,100.0,74.85,4,1136.0,419.0,0.0,1066.0,431.0,0.0,3,1,0,0.03390806091644502,-0.042787871753048906,-0.01283393860587965,0.15135992355511851,-0.24289178335091,-0.07680783313169724,0.10413033682426781,-0.17419572658168966,-0.058191593968464427,67.94,65.22,5,479.0,988.0,911.0,424.0,844.0,819.0,1,2,2,-0.04672902590480864,0.04486459203178759,0.035207161457350984,-0.09436206735491842,0.14050298446343712,0.08857314570104535,-0.09291582456366235,0.12570421053613334,0.09074364591117337,28.0,44.0,4,1400.0,0.0,0.0,1320.0,0.0,0.0,4,0,0,0.06679986930604351,-0.04904567924698837,-0.009138332702156676,0.06670045172614791,-0.09030325677777479,-0.01638645916368185,0.11198712812146411,-0.14408165058920566,-0.028434559956092738
92,least_connections,706,measured,496,421,17,heavy,0,100.0,95.9,5,1555.0,0.0,496.0,1497.0,0.0,421.0,4,0,1,0.07376262200830286,-0.081796736574754,0.031472241488104354,0.3565002482959009,-0.47248939128574396,0.22968180176973424,0.28918935236481375,-0.352581847859624,0.1378028435523417,67.94,65.22,5,479.0,1899.0,0.0,424.0,1663.0,0.0,1,4,0,-0.04227864248530305,0.12675957419656064,-0.05431370199210194,-0.08537520379730715,0.3626183464873275,-0.15535899062422429,-0.08406669841474212,0.3452948809612635,-0.14946110608036695,11.16,19.17,2,558.0,0.0,0.0,575.0,0.0,0.0,2,0,0,-0.02572982346233252,-0.04437466217584662,-0.008268015301951278,-0.09201387700967573,-0.0817029466084629,-0.014825844005235959,-0.12336085233454833,-0.13035958862832894,-0.025726506626941047
92,least_connections,707,measured,156,119,2,light,2,100.0,95.9,5,1555.0,0.0,496.0,1497.0,0.0,421.0,4,0,1,0.06673761038846449,-0.07400657118668219,0.02847488515590394,0.3225478436962913,-0.42749040163948265,0.207807344458331,0.2616475092824505,-0.3190026242539455,0.12467876321402345,67.94,65.22,5,479.0,1899.0,0.0,424.0,1663.0,0.0,1,4,0,-0.038252105105750375,0.1146872337968882,-0.049140968469044616,-0.07724423200708744,0.3280832658694868,-0.14056289627906007,-0.07606034618476668,0.3124096542030479,-0.1352267150250939,14.28,23.13,3,714.0,0.0,0.0,694.0,0.0,0.0,3,0,0,0.01980453614178984,-0.04014850387338503,-0.007480585273194014,-0.05502207919923041,-0.0739217135981331,-0.013413858861880153,-0.07572331084236911,-0.11794438971134523,-0.02327636313866095
92,least_connections,708,measured,400,305,8,medium,2,100.0,95.9,5,1555.0,0.0,496.0,1497.0,0.0,421.0,4,0,1,0.06038164749432501,-0.06695832631176007,0.025762991331532138,0.29182900143950163,-0.38677703005477004,0.1880161687956328,0.23672869887459813,-0.28862142194404594,0.11280459528887836,54.26,51.97,4,0.0,1899.0,0.0,0.0,1663.0,0.0,0,4,0,-0.07769294770338867,0.10376464010194646,-0.04446087623389751,-0.1937107677343036,0.29683724054858324,-0.12717595377629246,-0.18869745607193175,0.28265635380275766,-0.12234798026079924,14.26,18.3,3,313.0,400.0,0.0,244.0,305.0,0.0,2,1,0,-0.025165510384185602,0.006759063388932812,-0.00676814858050887,-0.12234378594216085,0.005499401982641483,-0.012136348494082043,-0.2042258526669054,-0.014727463707090119,-0.021059566649264668
92,least_connections,709,measured,157,101,9,light,2,100.0,80.55,4,1204.0,496.0,0.0,1190.0,421.0,0.0,3,1,0,0.011547114172870021,-0.017497442626739843,-0.01977452711727591,0.0854960806674856,-0.05076651925590303,-0.12906473616903064,0.07530215612463631,-0.0706812865208035,-0.08839108045291957,54.26,51.97,4,0.0,1899.0,0.0,0.0,1663.0,0.0,0,4,0,-0.07029361935068498,0.0938822934255706,-0.04022650706876441,-0.17526212318817944,0.2685670271630039,-0.11506395817855032,-0.17072626977936683,0.25573670105963786,-0.11069579166453264,14.28,17.7,3,557.0,157.0,0.0,430.0,101.0,0.0,2,1,0,-0.02276879510950125,0.006115343066177309,-0.006123563001412787,-0.06653961585243126,-0.03899577915856248,-0.010980505780359943,-0.1286805333652953,-0.0748486576397482,-0.019053893635048984
92,least_connections,710,measured,361,328,15,medium,2,100.0,80.55,4,1204.0,496.0,0.0,1190.0,421.0,0.0,3,1,0,0.01044738901354908,-0.01583101951943129,-0.01789123882039249,0.07735359679439169,-0.045931612660102705,-0.11677285653388486,0.06813052220800431,-0.06394973542358409,-0.07997288231454629,54.26,51.97,4,0.0,1899.0,0.0,0.0,1663.0,0.0,0,4,0,-0.06359898893633403,0.0849411226231353,-0.03639541115745352,-0.15857049240835283,0.24298921505224164,-0.10410548597106933,-0.15446662503847475,0.2313808247682438,-0.10015333531552953,18.36,24.47,3,400.0,157.0,361.0,305.0,101.0,328.0,1,1,1,-0.06368423865916326,0.005532929440827089,0.03754353370166961,-0.08861203339029493,-0.03528189542917558,0.055389066198721956,-0.15412365717177512,-0.06772021405501026,0.08168139782225728
92,least_connections,711,measured,385,331,16,medium,2,88.0,64.35,3,824.0,496.0,0.0,866.0,421.0,0.0,2,1,0,-0.033631500643070106,-0.014323303374723553,-0.016187311313688443,-0.15921976163047102,-0.04155717335914055,-0.10565163210208631,-0.08492952752609134,-0.05785928443086183,-0.07235641733220854,54.26,51.97,4,495.0,1404.0,0.0,442.0,1221.0,0.0,1,3,0,-0.014458042144211522,0.03376759167036504,-0.032929181523410324,-0.015509357076945063,0.09188820137379683,-0.09419067778334844,-0.014785279796715234,0.08437431764745873,-0.09061492242833624,26.06,35.5,4,557.0,361.0,385.0,406.0,328.0,331.0,2,1,1,-0.0145351728458189,0.005005983779795942,0.03396795906341536,-0.051763268305504956,0.004992570802174481,0.05445677417979605,-0.10898489617128862,0.007189647601022461,0.07480697898204229
92,least_connections,712,measured,389,339,9,medium,0,86.93,59.55,3,419.0,885.0,0.0,431.0,760.0,0.0,1,2,0,-0.07351240080858269,0.030124720982959874,-0.014645662617146686,-0.3883416890942357,0.19703557330998395,-0.09558957190188762,-0.27362671538074934,0.10100826646731553,-0.06546532996723631,54.26,51.97,4,988.0,911.0,0.0,844.0,819.0,0.0,2,2,0,0.03000281447723266,-0.012532269667855672,-0.029793068997371247,0.11340990142017898,-0.04430523277064641,-0.08522013704207716,0.10028355637440048,-0.037322045938013526,-0.08198492981611374,26.06,35.5,4,557.0,361.0,385.0,406.0,328.0,331.0,2,1,1,-0.013150870670026626,0.004529223419815376,0.03073291534309009,-0.04683343322879022,0.0045170878686340565,0.049270414734101195,-0.09860538225021351,0.00650491925806794,0.06768250479327637
92,least_connections,713,measured,200,116,8,light,0,72.33,43.8,3,0.0,1085.0,0.0,0.0,876.0,0.0,0,3,0,-0.10959512000595123,0.07033960016372107,-0.013250837605989859,-0.6040869250535148,0.2989052012487157,-0.0864858031493269,-0.4425432186778208,0.1438646220418569,-0.05923053663702332,54.26,51.97,4,1899.0,0.0,0.0,1663.0,0.0,0.0,4,0,0,0.11331320402815381,-0.09750652062919368,-0.02695563385476446,0.3381055570672368,-0.2755822854319454,-0.07710393351426029,0.32229524148160044,-0.26533006537248843,-0.07417684126219815,26.06,35.5,4,557.0,746.0,0.0,406.0,659.0,0.0,2,2,0,-0.01189840679669077,0.047181769035161754,-0.01527792920205681,-0.042373106254619736,0.07375355569066891,-0.025088672383432254,-0.0892143934644789,0.10571079996364878,-0.03858884486957536
92,least_connections,714,measured,452,439,15,heavy,0,100.0,65.75,4,589.0,496.0,452.0,455.0,421.0,439.0,2,1,1,-0.01298968907567924,-0.022527209829195677,0.031095047154671304,-0.19128499568333884,-0.08483180204481278,0.1943858606426725,-0.19456291213707597,-0.07567010386689135,0.14500570494745507,54.26,51.97,4,1899.0,0.0,0.0,1663.0,0.0,0.0,4,0,0,0.10252147031118679,-0.08822018533117523,-0.024388430630501178,0.30590502782273804,-0.24933635348604585,-0.0697607017509974,0.2916004565785909,-0.24006053533701335,-0.06711238018960784,26.06,35.5,4,557.0,746.0,0.0,406.0,659.0,0.0,2,2,0,-0.010765225197005929,0.04268826722228921,-0.013822888325670447,-0.03833757232560833,0.06672940752965283,-0.022699275013581564,-0.08071778456309997,0.09564310472901556,-0.03491371678675866
92,least_connections,715,measured,397,312,13,medium,0,100.0,81.35,5,589.0,1345.0,0.0,455.0,1172.0,0.0,2,3,0,-0.01175257583037645,0.06578603917948055,-0.014950286134435711,-0.17306737704683045,0.43534265529278837,-0.0967619991010741,-0.17603311098116395,0.2712746679299554,-0.06739960028563588,54.26,51.97,4,1899.0,0.0,0.0,1663.0,0.0,0.0,4,0,0,0.09275752075774042,-0.07981826291868235,-0.02206572295140583,0.276771215649144,-0.22559003410642245,-0.06311682539375955,0.26382898452348696,-0.21719762720967875,-0.06072072493345471,26.06,35.5,4,557.0,746.0,0.0,406.0,659.0,0.0,2,2,0,-0.00973996565443394,0.03862271796302357,-0.01250642277084469,-0.0346863749612647,0.060374225860162084,-0.020537439298002367,-0.07303037650947142,0.08653423761196646,-0.031588600902305454
92,least_connections,716,measured,194,121,6,light,1,100.0,81.35,5,1085.0,849.0,0.0,876.0,751.0,0.0,3,2,0,0.03245061733260725,0.01643680188801075,-0.013526449359727548,0.1425898334655662,0.09470684685220537,-0.08754657061525752,0.0311843281598993,0.054986604317578736,-0.06098059073462294,59.8,55.75,5,2093.0,0.0,0.0,1784.0,0.0,0.0,5,0,0,0.12700737138852253,-0.07221652359309357,-0.019964225527462416,0.3005617121179329,-0.20410526895342984,-0.05710569916578245,0.2729137240926787,-0.19651213890399505,-0.05493779874931617,18.06,25.33,3,157.0,746.0,0.0,101.0,659.0,0.0,1,2,0,-0.051896250104578545,0.03494436387130704,-0.0113153348879071,-0.10376386306019188,0.0546242995877657,-0.018581492698192616,-0.15805922954031543,0.07829288164892204,-0.028580162721133506
92,least_connections,717,measured,471,433,15,heavy,2,100.0,81.35,5,1085.0,849.0,0.0,876.0,751.0,0.0,3,2,0,0.029360082348549407,0.01487139218439068,-0.012238216087372543,0.12900984932598847,0.08568714715199532,-0.07920880198523299,0.028214392144670808,0.04974978485876169,-0.055172915426563614,59.8,55.75,5,2093.0,0.0,0.0,1784.0,0.0,0.0,5,0,0,0.11491143125628228,-0.06533875944137037,-0.01806287071532314,0.27193678715432024,-0.18466667191024605,-0.05166706114999365,0.24692194084575697,-0.17779669710361456,-0.049705627439857486,27.48,39.77,4,157.0,746.0,471.0,101.0,659.0,433.0,1,2,1,-0.046953750094618676,0.031616329216896846,0.03284621628055571,-0.09388159038779266,0.049421985341311814,0.06841674470163525,-0.1430059695840949,0.07083641672997706,0.10472905912532365
92,least_connections,718,measured,472,426,14,heavy,2,100.0,81.35,5,1085.0,849.0,0.0,876.0,751.0,0.0,3,2,0,0.02656388402963994,0.013455069119210628,-0.011072671698098967,0.11672319700922762,0.07752646647085293,-0.07166510655806795,0.025527307178511704,0.04501171011030819,-0.049918352052605176,45.66,41.94,4,1598.0,0.0,0.0,1342.0,0.0,0.0,4,0,0,0.06088358519559328,-0.05911602044695414,-0.016342597313863793,0.11807886184710609,-0.16707936982355595,-0.046746388659518065,0.09843532743187533,-0.16086367833184176,-0.04497175815987106,33.78,50.6,4,361.0,1328.0,0.0,328.0,1190.0,0.0,1,3,0,-0.04248196437132165,0.07168915047061641,-0.0133658950205403,-0.0480262008270505,0.15002941530880592,-0.02332770717471096,-0.06092603597291124,0.22423294846997924,-0.035832438569151616
92,least_connections,719,measured,399,339,12,medium,1,100.0,81.35,5,1085.0,849.0,0.0,876.0,751.0,0.0,3,2,0,0.024033990312531367,0.012173633965000097,-0.010018131536375256,0.1056067020559679,0.07014299347362885,-0.06483985831444243,0.023096135066272505,0.040724880575993105,-0.0451642232856904,42.97,39.97,4,1105.0,399.0,0.0,940.0,339.0,0.0,3,1,0,0.012001248283541321,-0.01040202303477257,-0.014786159474448194,-0.02060892091384281,-0.048024191745122055,-0.04229435164432587,-0.024600179942589007,-0.049695113728809207,-0.04068873357321667,33.78,50.6,4,361.0,1328.0,0.0,328.0,1190.0,0.0,1,3,0,-0.03843606300262435,0.0648616123305577,-0.0120929526376317,-0.043452276938759984,0.13574089956511015,-0.02110602077711944,-0.055123556356443504,0.20287742956807645,-0.03241982537208956
92,least_connections,720,measured,194,118,5,light,1,100.0,81.35,5,1085.0,849.0,0.0,876.0,751.0,0.0,3,2,0,0.021745038854195042,0.011014240254047708,-0.009064023771006185,0.09554892090778044,0.06346270838090229,-0.05866463371306696,0.02089650315519892,0.03684632052113662,-0.040862868687053217,22.49,18.06,3,388.0,399.0,0.0,239.0,339.0,0.0,2,1,0,-0.032225627970219994,-0.009411354174318043,-0.013377953810215034,-0.20399310531660608,-0.04345045919796757,-0.03826631815439008,-0.2204567104242472,-0.044962245754636906,-0.03681361609005318,33.78,50.6,4,746.0,943.0,0.0,659.0,859.0,0.0,2,2,0,0.008308414652954371,0.015600415691366276,-0.010941242862619157,0.030352701817312394,0.05314652817795679,-0.019095923560250923,0.049951702979090795,0.08373037278381518,-0.02933222295570008
92,least_connections,721,measured,414,435,14,heavy,1,89.67,58.6,3,893.0,452.0,0.0,733.0,439.0,0.0,2,1,0,-0.02340981745391424,-0.033118635234999916,-0.00820078341186274,-0.029360500131055733,-0.18204167654426295,-0.05307752574039392,-0.045784116192915225,-0.10780571000468595,-0.03697116690733386,34.31,31.66,4,388.0,813.0,0.0,239.0,774.0,0.0,2,2,0,-0.029156520544484754,0.03456886549761247,-0.012103862971146935,-0.18456519052454834,0.06770808793653274,-0.034621906901591025,-0.19946083324098557,0.08231094431723329,-0.03330755741481002,33.78,50.6,4,746.0,943.0,0.0,659.0,859.0,0.0,2,2,0,0.007517137066958723,0.014114661815998047,-0.009899219732845905,0.027461968310901683,0.04808495406577043,-0.017277264173560358,0.04519439793346311,0.07575605156630896,-0.026538677912300072
92,least_connections,722,measured,470,442,18,heavy,0,100.0,80.7,4,1345.0,0.0,470.0,1172.0,0.0,442.0,3,0,1,0.02190358919702544,-0.07304837972509062,0.035664143806500605,0.2460706586115844,-0.43733929465115856,0.23546954020313568,0.15717151392069573,-0.29613373762328726,0.16650227756003128,28.77,27.88,3,194.0,813.0,0.0,118.0,774.0,0.0,1,2,0,-0.06946360929081499,0.03127659259307794,-0.01095111411675199,-0.2171372131956798,0.06125969860924391,-0.03132458243477283,-0.21467587293232032,0.07447180676321108,-0.030135409089590018,33.78,50.6,4,746.0,943.0,0.0,659.0,859.0,0.0,2,2,0,0.006801219251057894,0.012770408309712517,-0.008956436901146295,0.02484654275748248,0.04350543463093515,-0.015631810442745087,0.04089016955884758,0.06854118951237476,-0.024011184777795305
92,least_connections,723,measured,167,122,6,light,1,87.93,59.65,3,849.0,0.0,470.0,751.0,0.0,442.0,2,0,1,-0.02326636714373434,-0.0660913911798439,0.03226755868207198,-0.0765392453831697,-0.39568793325581014,0.21304386970759895,-0.04824958264318002,-0.2679305245163075,0.15064491779240924,33.54,31.69,4,361.0,813.0,0.0,240.0,774.0,0.0,2,2,0,-0.019764127226837153,0.02829786948897528,-0.009908150867537515,-0.15328741057840417,0.05542544159883972,-0.028341288869556374,-0.15973650408162315,0.06737925373814335,-0.027265370128676684,33.78,50.6,4,746.0,943.0,0.0,659.0,859.0,0.0,2,2,0,0.006153484084290478,0.011554178946882765,-0.008103442910560933,0.022480205352007954,0.0393620599041794,-0.01414306659105508,0.03699586769610019,0.06201345717786286,-0.021724405275148132
92,least_connections,724,measured,391,349,15,medium,0,100.0,77.1,4,849.0,0.0,861.0,751.0,0.0,791.0,2,0,2,-0.021050522653854875,-0.05979697297223972,0.07227835808196534,-0.0692497934419154,-0.3580033681838282,0.42859524719576403,-0.04365438429621049,-0.2424133317052306,0.2941787351455132,33.54,31.69,4,760.0,414.0,0.0,579.0,435.0,0.0,3,1,0,0.025202070831047557,-0.0174810659272083,-0.008964517451581562,-0.035545752428079946,-0.05299602902962121,-0.025642118501027197,-0.04867528940718285,-0.034886032332156036,-0.024668668211659858,33.78,50.6,4,746.0,943.0,0.0,659.0,859.0,0.0,2,2,0,0.005567437981024714,0.01045378095194155,-0.007331686442888463,0.020339233413721486,0.035613292294257554,-0.012796107868097453,0.03347245172504304,0.056107413637113995,-0.019655414296562597
92,least_connections,725,measured,465,433,16,heavy,0,100.0,98.75,5,849.0,391.0,935.0,751.0,349.0,875.0,2,1,2,-0.01904571097253535,-0.011018122938602382,0.06539470493130198,-0.06265457501887584,-0.08806653946790804,0.43241157285965953,-0.039496823887047616,-0.06144539535235152,0.30416171275070236,28.0,28.0,3,566.0,414.0,0.0,461.0,435.0,0.0,2,1,0,-0.020282026617714333,-0.01581620250556942,-0.00811075388476427,-0.08231010253697027,-0.04794878816965727,-0.023200011977119846,-0.07740264279697495,-0.03156355306242689,-0.022319271239120822,26.56,39.67,3,1328.0,0.0,0.0,1190.0,0.0,0.0,3,0,0,0.048121106019113055,-0.07670961768747238,-0.0066334305911848,0.12371644927908135,-0.1384165450671003,-0.011577430928278648,0.19042745632265798,-0.20829964162991274,-0.01778347007784235
92,least_connections,726,measured,355,340,6,medium,1,100.0,98.75,5,849.0,861.0,465.0,751.0,791.0,433.0,2,2,1,-0.017231833737055807,0.03311512232992664,0.016082737568230143,-0.056687472636125724,0.20381281349728952,0.10773745480953328,-0.035735221612090695,0.14435892801453915,0.07524154963158786,38.14,38.62,4,921.0,414.0,0.0,801.0,435.0,0.0,3,1,0,0.024733495191682497,-0.014309897505038999,-0.0073383011338343405,0.01729766233049626,-0.043382236915404174,-0.020990487026917956,0.026099989850355998,-0.028557500389814805,-0.020193626359204554,26.56,39.67,3,1328.0,0.0,0.0,1190.0,0.0,0.0,3,0,0,0.04353814354110229,-0.06940393981247502,-0.006001675296786247,0.11193393030012122,-0.1252340169654717,-0.010474818458918777,0.17229150810145247,-0.188461580522302,-0.016089806260904983
92,least_connections,727,measured,432,405,16,heavy,2,100.0,98.75,5,849.0,1326.0,0.0,751.0,1224.0,0.0,2,3,0,-0.015590706714479069,0.07304520138240528,-0.02853285195073962,-0.05128866571839952,0.46487825983088105,-0.1829994456485175,-0.032331867172843975,0.3264914110607735,-0.12780526461903957,38.14,38.62,4,921.0,414.0,0.0,801.0,435.0,0.0,3,1,0,0.022377924221046064,-0.01294705012360671,-0.006639415311564404,0.015650265918068035,-0.039250595304413285,-0.01899139302435434,0.023614276531274486,-0.025837738447927694,-0.01827042384880412,27.5,42.13,3,943.0,0.0,432.0,859.0,0.0,405.0,2,0,1,-0.0036922465467124355,-0.06279404078271549,0.03765381305347457,0.03160688931915728,-0.11330696773066488,0.06869421187050206,0.05605739621877445,-0.17051285856779705,0.10758541338299074
92,least_connections,728,measured,197,120,4,light,2,100.0,83.15,4,452.0,1326.0,0.0,439.0,1224.0,0.0,1,3,0,-0.057189777730333666,0.06608851553646192,-0.02581543747924061,-0.28586434834839314,0.4206041398469876,-0.16557092701532536,-0.17039549887066838,0.2953969909597475,-0.11563333465532152,38.14,38.62,4,1335.0,0.0,0.0,1236.0,0.0,0.0,4,0,0,0.06333059356960857,-0.054797897957639626,-0.0060070900437963655,0.12118017256532687,-0.14253285153392495,-0.017182688926796783,0.14435636924258166,-0.1463680728814584,-0.01653038348225135,31.44,46.13,4,1140.0,0.0,432.0,979.0,0.0,405.0,3,0,1,0.03974329620830326,-0.05681365594626639,0.03406773561981033,0.06424432843161851,-0.10251582794679204,0.062151905978073296,0.08690907276936735,-0.15427353870419733,0.09733918353699161
92,least_connections,729,measured,462,409,16,heavy,0,100.0,81.65,4,0.0,1326.0,462.0,0.0,1224.0,409.0,0,3,1,-0.09482703245896401,0.05979437119965601,0.01972707584077777,-0.5312740929501335,0.3805466027187031,0.12886439936708657,-0.352762594216319,0.2672639442016763,0.08040317340709005,33.37,34.81,3,1168.0,0.0,0.0,1114.0,0.0,0.0,3,0,0,0.01421520824098374,-0.04957905053310252,-0.005434986230101474,0.06646913572237056,-0.1289582942449797,-0.015546242362339946,0.09611409598138343,-0.1324282564165576,-0.01495606124584646,31.44,46.13,4,1140.0,432.0,0.0,979.0,405.0,0.0,3,1,0,0.035958220378941044,-0.008318931343674132,-0.012260710856452785,0.05812582096194055,-0.014580987189954694,-0.021938751734124164,0.07863201821990382,-0.017437963589511857,-0.03407407203795997
92,least_connections,730,measured,160,110,4,light,1,100.0,81.65,4,0.0,1326.0,462.0,0.0,1224.0,409.0,0,3,1,-0.08579588651049125,0.05409966918064116,0.017848306713084648,-0.48067656028821604,0.34430406912644573,0.11659159942736405,-0.3191661566719077,0.2418102352300881,0.07274572832070053,37.94,38.25,4,1328.0,0.0,0.0,1224.0,0.0,0.0,4,0,0,0.05594527911145694,-0.044857236196616565,-0.004917368493901333,0.10149928606173664,-0.11667655193593401,-0.014065647851640904,0.11806156303077547,-0.11981604151974258,-0.013531674460527748,31.44,46.13,4,1140.0,432.0,0.0,979.0,405.0,0.0,3,1,0,0.03253362796189904,-0.007526652168086123,-0.011093024108219187,0.052590028489374774,-0.013192321743292351,-0.01984934680706472,0.071143254579913,-0.015777205152415485,-0.030828922320059023
92,least_connections,731,measured,172,116,2,light,0,100.0,87.45,5,172.0,1788.0,0.0,116.0,1633.0,0.0,1,4,0,-0.0345409494732109,0.09203121996162318,-0.02693543224825221,-0.33115180851473514,0.41646558635249853,-0.17317902908952776,-0.23629318936982124,0.4038044985415083,-0.11920624580508046,26.54,27.66,3,929.0,0.0,0.0,885.0,0.0,0.0,3,0,0,0.0075332570645608166,-0.04058511846360546,-0.004449047684958349,-0.011310169753666888,-0.10556449937060697,-0.012726062341960819,0.010969390361177778,-0.10840498994643376,-0.012242943559525106,31.44,46.13,4,1140.0,432.0,0.0,979.0,405.0,0.0,3,1,0,0.02943518720362294,-0.006809828152077924,-0.01003654562172212,0.047581454347529556,-0.01193591014869308,-0.01795893282543951,0.06436770652468315,-0.014274614185518758,-0.0278928344800534
92,least_connections,732,measured,432,428,15,heavy,1,100.0,87.45,5,563.0,1397.0,0.0,465.0,1284.0,0.0,2,3,0,0.011832564989090355,0.04018244164328265,-0.024370152986513904,-0.06377227119587148,0.31467521304908597,-0.15668578822385845,-0.05590812371555251,0.20746597487088847,-0.10785327001412041,28.74,30.41,3,574.0,0.0,432.0,545.0,0.0,428.0,2,0,1,-0.036268096215964246,-0.03671986908611923,0.03905857136893791,-0.10200171821250134,-0.09551073752578726,0.10015941298312389,-0.08620626586369631,-0.09808070518963054,0.10993495582709634,8.64,13.5,1,0.0,432.0,0.0,0.0,405.0,0.0,0,1,0,-0.10261986463889897,-0.006161273089975258,-0.009080684133939062,-0.16323582701890185,-0.0107991568011985,-0.016248558270635746,-0.2370165194935406,-0.01291512712023124,-0.02523637405338165
92,least_connections,733,measured,398,316,14,medium,2,100.0,81.65,4,861.0,927.0,0.0,791.0,842.0,0.0,2,2,0,0.010705654037748424,-0.006728357787596867,-0.02204918603541734,0.1220473101878623,0.0012140816475857408,-0.1417633322025386,0.09689264997164293,-0.012245070354910459,-0.09758153001277561,28.74,30.41,3,574.0,432.0,0.0,545.0,428.0,0.0,2,1,0,-0.03281399181444383,0.009861161529792342,-0.007745192797718308,-0.09228726885892982,0.02525899257870949,-0.021053048117309684,-0.07799614530524904,0.032272219114143796,-0.021546944727865225,16.6,24.03,2,0.0,830.0,0.0,0.0,721.0,0.0,0,2,0,-0.09284654419709906,0.037509415050113085,-0.008215857073563914,-0.14768955777900644,0.06224838194177279,-0.014701076530575199,-0.21444351763701294,0.08361647228804475,-0.022832909857821493
92,least_connections,734,measured,383,305,16,medium,2,100.0,81.65,4,1326.0,462.0,0.0,1224.0,409.0,0.0,3,1,0,0.0527699681656726,-0.0491714620345831,-0.019949263555853785,0.39089994731282784,-0.2793777356521843,-0.1282620624689635,0.2835457309267245,-0.2069598255592047,-0.08828805096393984,24.17,26.97,2,414.0,432.0,0.0,435.0,428.0,0.0,1,1,0,-0.07277274996363511,0.00892200328885974,-0.007007555388411802,-0.12485854937576644,0.022853374237880017,-0.019047995915661142,-0.1016691314666539,0.029198674436606287,-0.019494854753782823,24.26,34.2,3,0.0,830.0,383.0,0.0,721.0,305.0,0,2,1,-0.08400401617832773,0.03393708980724517,0.03565050573162811,-0.13362388560957725,0.05631996461398492,0.05600378790090815,-0.19402032548110695,0.07565299873680237,0.07132577996990755
92,least_connections,735,measured,456,440,19,heavy,1,100.0,81.65,4,1326.0,462.0,0.0,1224.0,409.0,0.0,3,1,0,0.047744256911799024,-0.04448846565033708,-0.01804933369339152,0.3536713809020824,-0.25277033225673823,-0.11604662794810983,0.2565413756003698,-0.18724936598213757,-0.07987966515785033,25.37,27.12,2,0.0,432.0,456.0,0.0,428.0,440.0,0,1,1,-0.10892591209861771,0.008072288689920715,0.036743731065813356,-0.2199876671222921,0.020676862405700963,0.1006436499538576,-0.21497742846982973,0.026417848299786634,0.10676655998467269,24.26,34.2,3,0.0,830.0,383.0,0.0,721.0,305.0,0,2,1,-0.07600363368515366,0.03070498601607896,0.03225521947147306,-0.12089780126580799,0.05095615846027207,0.050670093815107384,-0.17554219924481104,0.0684479512380593,0.06453284854420206
92,least_connections,736,measured,173,124,6,light,1,100.0,81.65,4,1326.0,462.0,0.0,1224.0,409.0,0.0,3,1,0,0.043197184824961016,-0.04025146892173355,-0.016330349532116137,0.3199883922447412,-0.22869696727990602,-0.10499456814352794,0.23210886363842986,-0.1694160930314578,-0.07227207799995983,30.31,31.0,3,173.0,432.0,456.0,124.0,428.0,440.0,1,1,1,-0.0554681154815158,0.007303499290880644,0.03324432810716447,-0.1543153722943187,0.01870763741468183,0.0910585404344426,-0.15944386385365547,0.023901862747425992,0.09659831617660863,24.26,34.2,3,432.0,781.0,0.0,405.0,621.0,0.0,1,2,0,-0.025681292155048316,0.02778070163359525,-0.01390060641923413,-0.03121229638335009,0.03723652432119855,-0.023460391310140945,-0.03668103741197187,0.031770368580466335,-0.03359726401556322
92,least_connections,737,measured,200,120,6,light,1,100.0,81.65,4,1326.0,462.0,0.0,1224.0,409.0,0.0,3,1,0,0.03908316722258377,-0.03641799569109226,-0.014775078148105076,0.28951330726905156,-0.20691630372943876,-0.09499508546319194,0.210003257577627,-0.15328122702846184,-0.06538902295234461,36.03,34.75,4,373.0,432.0,456.0,244.0,428.0,440.0,2,1,1,-0.007101537589852158,0.0066079279298443955,0.030078201620767853,-0.08791798989894142,0.016925957660902602,0.08238629848830521,-0.11033016253425974,0.021625494866718747,0.08739847654074114,24.26,34.2,3,432.0,781.0,0.0,405.0,621.0,0.0,1,2,0,-0.02323545480694847,0.02513492052563379,-0.012576739141211832,-0.028239696727792946,0.033690188671560595,-0.02122606832822276,-0.03318760527749834,0.028744619191850507,-0.03039752458550958
92,least_connections,738,measured,159,109,6,light,2,100.0,81.65,4,1788.0,0.0,0.0,1633.0,0.0,0.0,4,0,0,0.07844486104719031,-0.07603351537584084,-0.013367927848285544,0.36689299229104666,-0.4658766557552065,-0.08594793446669746,0.3750267568559483,-0.3237068244543226,-0.05916149695688322,36.03,34.75,4,373.0,432.0,456.0,244.0,428.0,440.0,2,1,1,-0.006425200676532905,0.005978601460335409,0.027213610990218535,-0.07954484800380415,0.015313961693197597,0.07453998434656187,-0.09982252800718737,0.019565923927031242,0.0790748121082896,27.44,37.83,4,591.0,781.0,0.0,514.0,621.0,0.0,2,2,0,0.02206134587761352,0.022741118570811514,-0.01137895446109642,0.003221226770092095,0.030481599274269106,-0.01920453801124916,0.002846134907660225,0.02600703641167426,-0.027502522244032476
92,least_connections,739,measured,389,336,8,medium,0,100.0,81.0,4,1397.0,389.0,0.0,1284.0,336.0,0.0,3,1,0,0.02789002167308148,-0.02570832797043196,-0.01209479186273454,0.26982381842205805,-0.1868725298102662,-0.07776241689844056,0.1814289704887151,-0.14087760307772043,-0.05352706867527529,36.03,34.75,4,373.0,432.0,456.0,244.0,428.0,440.0,2,1,1,-0.0058132768025773995,0.005409210845065376,0.024621838514959627,-0.07196914819391806,0.013855489150988304,0.06744093821831788,-0.09031562057793145,0.017702502600647305,0.07154387762178582,27.44,37.83,4,591.0,781.0,0.0,514.0,621.0,0.0,2,2,0,0.019960265317840814,0.020575297754543753,-0.01029524451242057,0.0029144432681785654,0.02757858981957681,-0.017375534391130192,0.0025750744402640025,0.02353017580103861,-0.02488323441126748
92,least_connections,740,measured,180,104,4,light,0,99.73,64.1,4,1496.0,0.0,0.0,1282.0,0.0,0.0,4,0,0,0.06831772935954537,-0.06634381600952914,-0.010942906923426489,0.3038405976199573,-0.40371006665373294,-0.07035647243192242,0.16324525901359932,-0.27946068849888994,-0.04842925261096336,36.03,34.75,4,805.0,456.0,0.0,672.0,440.0,0.0,3,1,0,0.03782426883394924,0.004894047907440108,-0.020806998713222467,0.04655852578373401,0.01874000038830914,-0.05685955929907293,0.03929777185806202,0.01940940711487138,-0.05967458691362236,27.44,37.83,4,989.0,383.0,0.0,830.0,305.0,0.0,3,1,0,0.061143187895280005,-0.02446815463931301,-0.009314745035047181,0.07465592486168537,-0.047066990163240036,-0.015720721591974934,0.09763141655706425,-0.07401238062445713,-0.02251340256257534
92,least_connections,741,measured,449,429,16,heavy,0,98.67,63.9,4,1031.0,0.0,449.0,849.0,0.0,429.0,3,0,1,0.01872737871759321,-0.06002535734195494,0.03318317491508578,-0.00557279262956234,-0.36526148887718696,0.20716954081556227,-0.04818286089245777,-0.252845384832329,0.1502544857329379,36.03,34.75,4,805.0,456.0,0.0,672.0,440.0,0.0,3,1,0,0.03422195751643026,0.004427948106731527,-0.01882537978815366,0.04212438047099745,0.016955238446565407,-0.0514443631753517,0.03555512691919899,0.017560892151550295,-0.0539912929218488,27.44,37.83,4,989.0,383.0,0.0,830.0,305.0,0.0,3,1,0,0.05532002714334858,-0.022137854197473675,-0.008427626460280783,0.06754583677962009,-0.04258441967150288,-0.014223510011786846,0.08833318640877241,-0.06696358246974692,-0.020369268985187212
92,least_connections,742,measured,486,416,19,heavy,0,100.0,84.7,5,1031.0,0.0,935.0,849.0,0.0,845.0,3,0,2,0.016943818839727204,-0.05430865664272114,0.07310677276897784,-0.0050420504743659,-0.33047468041269296,0.4805819654997944,-0.04359401699793797,-0.2287648719911548,0.32413501090122954,31.09,30.88,3,632.0,456.0,0.0,548.0,440.0,0.0,2,1,0,-0.012121176759510938,0.004006238763233291,-0.01703248647499617,-0.006608553723519289,0.015340453832606793,-0.046544900015794394,-0.002890599454058035,0.015888426232355035,-0.04884926502452987,27.44,37.83,4,989.0,383.0,0.0,830.0,305.0,0.0,3,1,0,0.05005145312969633,-0.020029487131047602,-0.00762499536882547,0.061112899943465776,-0.03852876065516926,-0.01286889001066429,0.07992050198888934,-0.0605860984250091,-0.018429338605645572
92,least_connections,743,measured,162,114,5,light,1,100.0,84.7,5,1031.0,449.0,486.0,849.0,429.0,416.0,3,1,1,0.015330121807372227,-0.006052503402371276,0.023060322754698773,-0.004561855191092978,-0.028175504500372983,0.16398685767441717,-0.03944220585527719,-0.012906312753901972,0.09919358129158862,30.0,30.69,3,594.0,456.0,0.0,542.0,440.0,0.0,2,1,0,-0.010966778972890862,0.003624692214353936,-0.015410344905948916,-0.01580229690631338,0.013879458229501387,-0.042112052395242544,-0.004311732839385851,0.014375242781654557,-0.044196954069812736,18.8,24.33,3,940.0,0.0,0.0,730.0,0.0,0.0,3,0,0,0.04528464806972525,-0.061205817154848054,-0.006898805333699235,0.04642595709170713,-0.10416411678324838,-0.011643281438220071,0.04215029545026497,-0.14680012079723045,-0.016674163500345993
92,least_connections,744,measured,171,111,5,light,1,100.0,79.5,4,851.0,449.0,486.0,745.0,429.0,416.0,2,1,1,-0.029213790020087255,-0.005476074506907347,0.020864101539965558,-0.11269882136336984,-0.025492123119385035,0.14836906170542505,-0.08273342434525083,-0.011677140110673223,0.08974657354953257,34.89,34.16,4,765.0,456.0,0.0,653.0,440.0,0.0,3,1,0,0.03316157639414183,0.003279483432034519,-0.013942693010144258,0.029906765384083822,0.012557605064786967,-0.03810138073855278,0.027482836954841383,0.013006172040544606,-0.03998772034887819,15.62,20.7,2,781.0,0.0,0.0,621.0,0.0,0.0,2,0,0,-0.0021120757827202408,-0.05537669171152919,-0.006241776254299308,0.013233008797258833,-0.0942437247086533,-0.010534397491722922,0.0052629657248428885,-0.13281915691177992,-0.015086147928884469
92,least_connections,745,measured,174,120,5,light,2,88.27,59.05,3,389.0,449.0,486.0,336.0,429.0,416.0,1,1,1,-0.06951542453064584,-0.0049545436014876015,0.01887704425044503,-0.38063226694781077,-0.023064301869919757,0.13423867487633695,-0.2598778601218936,-0.01056503152870436,0.08119928083052946,34.89,34.16,4,765.0,456.0,0.0,653.0,440.0,0.0,3,1,0,0.03000333102327117,0.002967151676602664,-0.012614817485368614,0.027058502014171065,0.011361642677664402,-0.034472677811071564,0.02486542391152316,0.011767488989064157,-0.03617936602993741,19.1,24.7,3,955.0,0.0,0.0,741.0,0.0,0.0,3,0,0,0.041172974518581915,-0.05010272107233593,-0.005647321372937469,0.04345843653085321,-0.08526813187925775,-0.009531121540130263,0.04095220708438166,-0.12016971339637231,-0.013649371935657377
92,least_connections,746,measured,372,340,10,medium,0,100.0,76.05,4,389.0,821.0,486.0,336.0,769.0,416.0,1,2,1,-0.06289490790867956,0.038601217920649536,0.017079230512307406,-0.344381574857543,0.20351325068912018,0.12145403917382866,-0.23512758772933232,0.1442506857597437,0.07346601598952665,34.89,34.16,4,765.0,456.0,0.0,653.0,440.0,0.0,3,1,0,0.027145870925816773,0.0026845658026405095,-0.011413406296285889,0.024481501822345236,0.010279581470267793,-0.03118956563858856,0.02249728830090189,0.010646775752010423,-0.03273371212232432,19.1,24.7,3,955.0,0.0,0.0,741.0,0.0,0.0,3,0,0,0.037251738850145544,-0.04533103335116108,-0.0051094812421815195,0.039319537813629096,-0.07714735741456653,-0.008623395679165476,0.037051996885869104,-0.10872497878719399,-0.012349431751309056
92,least_connections,747,measured,157,117,2,light,2,87.13,59.25,3,0.0,1307.0,0.0,0.0,1185.0,0.0,0,3,0,-0.09998881690603888,0.07800881167877362,-0.027631263096574477,-0.5462182502679358,0.4772738934806325,-0.18325586931891694,-0.3647344841360626,0.3187030014016729,-0.1217212236285235,22.54,20.78,3,789.0,0.0,0.0,665.0,0.0,0.0,3,0,0,0.024560549885262795,-0.04065500735770167,-0.010326415220449138,0.028354011852870148,-0.1085769773092135,-0.02821913081586584,0.023747546557958854,-0.11477196479580011,-0.029616215729722006,14.28,18.07,3,714.0,0.0,0.0,542.0,0.0,0.0,3,0,0,0.03370395419775073,-0.04101379207962193,-0.004622863981021375,-0.008034703882907002,-0.06979999004175068,-0.007802119900197336,-0.026492637738181918,-0.09837021890269933,-0.011173295394041527
92,least_connections,748,measured,436,400,14,heavy,0,100.0,79.25,4,0.0,1743.0,0.0,0.0,1585.0,0.0,0,4,0,-0.09046607243879708,0.11366330126945731,-0.02499971423023405,-0.4941974645281324,0.5482319353713659,-0.165802929383782,-0.3299978665992947,0.46930271555389447,-0.1101287261400927,17.91,17.22,2,627.0,0.0,0.0,551.0,0.0,0.0,2,0,0,-0.020862450330567217,-0.03678310189506341,-0.009342947104215887,-0.016223921248763734,-0.09823631280357412,-0.02553159454768814,-0.010746267399942,-0.10384130148191438,-0.026795623755462766,14.28,18.07,3,714.0,0.0,0.0,542.0,0.0,0.0,3,0,0,0.030494053797964937,-0.03710771664346746,-0.004182591220924101,-0.007269493989296799,-0.06315237194253633,-0.007059060862083304,-0.023969529382164595,-0.08900162662625177,-0.01010917202318043
92,least_connections,749,measured,181,115,3,light,1,100.0,79.25,4,372.0,1371.0,0.0,340.0,1245.0,0.0,1,3,0,-0.03876635578929713,0.059754324731323055,-0.022618789065449854,-0.22275008695402454,0.41820984628837876,-0.15001217420437418,-0.14475997454221903,0.2707976950249522,-0.09964027603151245,18.2,17.34,2,637.0,0.0,0.0,555.0,0.0,0.0,2,0,0,-0.018875550299084637,-0.0332799493336288,-0.008453142618100089,-0.012093751878133163,-0.08888047348894801,-0.023100014114574983,-0.008591860980899896,-0.09395165372173206,-0.024243659588275835,11.14,14.17,2,557.0,0.0,0.0,425.0,0.0,0.0,2,0,0,-0.015494042028598609,-0.033573648391708656,-0.0037842491998837107,-0.03498668503793523,-0.05713786032896144,-0.006386769351408704,-0.05697243134576799,-0.08052528123327542,-0.009146393735258483
92,least_connections,750,measured,368,342,12,medium,1,100.0,79.25,4,821.0,922.0,0.0,769.0,816.0,0.0,2,2,0,0.008009578322155209,0.010979536434915865,-0.020464618678264154,0.06928960386699368,0.1075549402926601,-0.13572530047062425,0.06309811827132566,0.050936009784480485,-0.09015072593327317,28.71,28.03,3,637.0,368.0,0.0,555.0,342.0,0.0,2,1,0,-0.017077878842028965,0.012973469877283691,-0.00764808141637627,-0.010941965984977625,0.014713585210679697,-0.020900012770329747,-0.007773588506528484,0.011692551394623371,-0.02193473962748766,0.0,0.0,0,0.0,0.0,0.0,0.0,0.0,0.0,0,0,0,-0.10018621943177063,-0.030376158068688784,-0.0034238445141805,-0.13244509598670332,-0.051696159345250826,-0.005778505603655494,-0.17972108867791706,-0.07285620683010632,-0.008275308617614819
92,least_connections,751,measured,195,123,3,light,2,100.0,79.25,4,821.0,922.0,0.0,769.0,816.0,0.0,2,2,0,0.0072467613390928,0.00993386629825721,-0.01851560737557233,0.06269059397489901,0.09731161264574006,-0.12279908137818385,0.05708877367405657,0.04608496123357758,-0.08156494251105667,28.71,28.03,3,637.0,368.0,0.0,555.0,342.0,0.0,2,1,0,-0.015451414190407159,0.01173790131754239,-0.006919692710054721,-0.009899873986408347,0.013312291381091149,-0.018909535363631675,-0.007033246744001964,0.010578975071325908,-0.01984571680582217,3.9,4.1,1,195.0,0.0,0.0,123.0,0.0,0.0,1,0,0,-0.04756077449722558,-0.027483190633575568,-0.0030977640842585474,-0.08454556303558872,-0.04677271559808408,-0.005228171736640685,-0.12550955642287734,-0.06591752046533429,-0.007487183987365789
92,least_connections,752,measured,367,323,10,medium,2,100.0,79.25,4,821.0,922.0,0.0,769.0,816.0,0.0,2,2,0,0.0065565935925125385,0.008987783793661275,-0.016752216196946394,0.05672006121538481,0.0880438400128124,-0.11110393077073777,0.05165174760986074,0.041695917306570185,-0.0737968527480989,23.54,24.44,2,456.0,368.0,0.0,440.0,342.0,0.0,1,1,0,-0.057063751160935275,0.010620005953966921,-0.006260674356716176,-0.05574614449110413,0.012044454106701519,-0.01710862723376199,-0.03887829467314463,0.009571453635961541,-0.01795564853860101,11.24,14.87,2,195.0,367.0,0.0,123.0,323.0,0.0,1,1,0,-0.04303117692606123,0.018218156320188996,-0.002802738933376781,-0.07649360465124694,0.024091352554114404,-0.004730250618865382,-0.11355626533498425,0.03777303703930071,-0.006774118845711904
92,least_connections,753,measured,180,111,8,light,1,100.0,79.25,4,821.0,922.0,0.0,769.0,816.0,0.0,2,2,0,0.005932156107511355,0.008131804384741148,-0.015156767035332452,0.051318150623443415,0.07965871239254452,-0.10052260403066751,0.046732533551778754,0.03772487756308729,-0.06676858105780377,28.69,27.91,3,456.0,548.0,0.0,440.0,453.0,0.0,1,2,0,-0.05162910819322715,0.052692477042251246,-0.00566441965607654,-0.05043698787290371,0.05742797548429457,-0.015479234163879895,-0.03517559994236896,0.040043815194441404,-0.01624558677301996,11.24,14.87,2,195.0,367.0,0.0,123.0,323.0,0.0,1,1,0,-0.038932969599769676,0.01648309381350433,-0.0025358114159123256,-0.06920849944636626,0.021796938025151126,-0.0042797505599258216,-0.10274138292212862,0.034175604940319695,-0.006128964669929818
92,least_connections,754,measured,457,443,17,heavy,2,100.0,79.25,4,1307.0,436.0,0.0,1185.0,400.0,0.0,3,1,0,0.048451089085934304,-0.03572655340246775,-0.013713265412919838,0.3395735648497821,-0.2210706887876978,-0.09094902269441346,0.23047229226113314,-0.15405844410958763,-0.060409668576108175,15.66,14.16,2,180.0,368.0,0.0,111.0,342.0,0.0,1,1,0,-0.04671205027006266,0.004590245668612811,-0.005124951117402583,-0.11698040399385165,0.005428032240892361,-0.014005021386367524,-0.12484637613833383,0.004846189937827927,-0.014698388032732344,16.48,25.53,2,0.0,367.0,457.0,0.0,323.0,443.0,0,1,1,-0.07830896795988232,0.014913275355075348,0.04078959465997955,-0.09790292807052185,0.019721039165612922,0.07882308282673378,-0.13005172740573542,0.030920785422194008,0.1280579208541905
92,least_connections,755,measured,384,342,13,medium,1,100.0,79.25,4,1743.0,0.0,0.0,1585.0,0.0,0.0,4,0,0,0.08692059987593602,-0.07540792473375199,-0.0124072401354989,0.4236459237529775,-0.46300046445871074,-0.08228721100923123,0.38947493109340614,-0.3203385922896269,-0.054656366806955015,26.63,24.84,3,548.0,384.0,0.0,453.0,342.0,0.0,2,1,0,0.000820616649081618,0.004153079414459207,-0.004636860534792814,-0.010710161436614074,0.009047131211147502,-0.012671209825761094,-0.016259816506111552,0.0043846480389871795,-0.013298541553424503,16.48,25.53,2,367.0,0.0,457.0,323.0,0.0,443.0,1,0,1,-0.027767070784564724,-0.029590936810260624,0.03690487135902912,-0.02216931587332928,-0.04856667885015974,0.07131612255752104,-0.0202531501924908,-0.06943674969738002,0.11586192839188664
92,least_connections,756,measured,401,436,16,heavy,2,91.4,62.25,3,1371.0,0.0,0.0,1245.0,0.0,0.0,3,0,0,0.03555854728004189,-0.0682262176162518,-0.011225598217832339,0.3054891691098368,-0.4189051821293097,-0.07445033377025682,0.198572556703558,-0.28983015492871006,-0.049450998539625965,26.63,24.84,3,548.0,384.0,0.0,453.0,342.0,0.0,2,1,0,0.000742462682502415,0.003757548041653569,-0.004195254769574451,-0.009690146061698435,0.008185499667228702,-0.01146442793759337,-0.014711262553148557,0.003967062511464586,-0.012032013786431693,24.5,40.07,3,367.0,0.0,858.0,323.0,0.0,879.0,1,0,2,-0.02512258785270141,-0.026772752352140564,0.07647402193254561,-0.020057952456821723,-0.04394128086443024,0.13708601564728096,-0.018324278745586925,-0.06282372591667716,0.23631952251329424
92,least_connections,757,measured,180,121,7,light,0,73.47,46.85,3,1102.0,0.0,0.0,937.0,0.0,0.0,3,0,0,0.03217201896765694,-0.061728482605180206,-0.01015649362565783,0.11414099427397928,-0.3790094504979469,-0.06735982579213713,0.040327551303219134,-0.26222728303073767,-0.04474137963109016,26.63,24.84,3,548.0,384.0,0.0,453.0,342.0,0.0,2,1,0,0.0006717519508355196,0.0033996863234008468,-0.003795706696281646,-0.008767275008203346,0.007405928270349776,-0.010372577657822573,-0.013310189929039179,0.003589247034182244,-0.010886107711533437,24.5,40.07,3,367.0,457.0,401.0,323.0,443.0,436.0,1,1,1,-0.02272996043815842,0.018860933812915905,0.026106881521736288,-0.018147671270457744,0.04293884112265835,0.041334966538016084,-0.01657910934124532,0.07676266067856194,0.08020972671837735
92,least_connections,758,measured,410,443,20,heavy,0,100.0,69.0,4,1102.0,0.0,410.0,937.0,0.0,443.0,3,0,1,0.029108017161213418,-0.055849579499924945,0.033894691708305044,0.1032704233907431,-0.34291331235528527,0.1863569830134632,0.03648683213148396,-0.23725325607542933,0.1599244660480613,26.63,24.84,3,548.0,384.0,0.0,453.0,342.0,0.0,2,1,0,0.0006077755745654834,0.003075906673553147,-0.0034342108204452985,-0.007932296435993497,0.00670060176841171,-0.009384713118982329,-0.012042552792940225,0.0032474139833077453,-0.009849335548530253,24.5,40.07,3,367.0,858.0,0.0,323.0,879.0,0.0,1,2,0,-0.020565202301190952,0.06014855462891938,-0.01946338837375787,-0.01641932162565224,0.11141133244430994,-0.035163601703699726,-0.015000146546840995,0.20094399458219092,-0.058921358365912564
92,least_connections,759,measured,414,437,12,heavy,1,100.0,69.0,4,1102.0,0.0,410.0,937.0,0.0,443.0,3,0,1,0.026335825050621667,-0.05053057192850352,0.030666625831323614,0.0934351449725771,-0.3102549016547819,0.1686086989169429,0.03301189573800928,-0.2146577078777694,0.14469356451967452,38.46,38.5,4,548.0,798.0,0.0,453.0,779.0,0.0,2,2,0,0.0005498921865116357,0.04586686340759117,-0.003107143123260032,-0.007176839632565546,0.11308285738230449,-0.008490930917174488,-0.01089564300313639,0.1264946840801356,-0.008911303591527373,24.5,40.07,3,367.0,858.0,0.0,323.0,879.0,0.0,1,2,0,-0.01860661160583943,0.05442012085473658,-0.017609732338161883,-0.014855576708923443,0.10080072935437566,-0.03181468725572832,-0.013571561161427562,0.18180647128864894,-0.053309800426301845
92,least_connections,760,measured,196,100,9,light,2,100.0,69.0,4,1102.0,0.0,410.0,937.0,0.0,443.0,3,0,1,0.02382765123627674,-0.04571813650674128,0.027745994799768983,0.08453655973709351,-0.2807068157828979,0.15255072759151977,0.029867905667722683,-0.19421411665131516,0.13091322504161026,38.46,38.5,4,548.0,798.0,0.0,453.0,779.0,0.0,2,2,0,0.0004975215020819601,0.0414985907021063,-0.0028112247305686006,-0.006493331096130733,0.10231306144113264,-0.007682270829824537,-0.009857962717123414,0.11444757131059888,-0.008062608011381908,28.42,43.4,4,367.0,1054.0,0.0,323.0,979.0,0.0,1,3,0,-0.016834553357664248,0.0923211524286619,-0.015932614972622657,-0.013440759879502162,0.12666732655872082,-0.028784717040897054,-0.012279031527005893,0.1946502994198887,-0.04823267657617786
92,least_connections,761,measured,182,118,6,light,0,80.53,54.1,4,798.0,0.0,410.0,639.0,0.0,443.0,3,0,1,0.0215583511185361,-0.04136402826800402,0.02510351910455289,-0.10687962055532807,-0.25397283332738385,0.13802208686851788,-0.10778618058634615,-0.17571753411309468,0.11844529884717118,33.31,35.03,3,752.0,414.0,0.0,684.0,437.0,0.0,2,1,0,0.0004501385018836901,-0.005537556258185,-0.0025434890419430197,0.046859775266766074,-0.006696345770948034,-0.006950625988888867,0.05639339087498357,0.006851374042922798,-0.007294740581726488,28.42,43.4,4,367.0,1054.0,0.0,323.0,979.0,0.0,1,3,0,-0.015231262561696227,0.0835286617211703,-0.014415223070468119,-0.012160687510025761,0.11460377164836646,-0.026043315417954477,-0.011109599953005325,0.1761121756656136,-0.04363908833082759
92,least_connections,762,measured,183,105,5,light,1,51.47,34.1,3,362.0,0.0,410.0,239.0,0.0,443.0,2,0,1,-0.02357872540522471,-0.03742459700438459,0.02271270776126214,-0.3596847360579953,-0.22978494443906158,0.12487712621437333,-0.27847321100669414,-0.15898253086422853,0.10716479419505964,28.03,27.62,3,567.0,414.0,0.0,447.0,437.0,0.0,2,1,0,0.0004072681683709445,-0.005010169947881671,-0.0023012519903293986,-0.005426189724626607,-0.006058598554667269,-0.006288661608994689,-0.01598633682739581,0.006198862229311097,-0.006600003383466823,21.08,32.63,3,196.0,858.0,0.0,100.0,879.0,0.0,1,2,0,-0.013780666127248972,0.03248965085430147,-0.01304234468280449,-0.04194538393764237,0.06822246006280777,-0.023562999663863576,-0.07730551106859213,0.12918085734825357,-0.03948298468027258
92,least_connections,763,measured,375,328,10,medium,0,76.47,50.5,4,362.0,375.0,410.0,239.0,328.0,443.0,2,1,1,-0.02133313250948901,0.0092235505561237,0.020549592736380032,-0.32542904690961477,0.01828981217418238,0.11298406657490923,-0.2519519528155804,0.004539614932364683,0.09695862331933967,28.03,27.62,3,567.0,414.0,0.0,447.0,437.0,0.0,2,1,0,0.00036848072376419183,-0.004533010905226273,-0.002082085134107551,-0.0049094097508526335,-0.00548158916850848,-0.0056897414557570995,-0.014463828558120007,0.005608494397948138,-0.005971431632660459,21.08,32.63,3,196.0,858.0,0.0,100.0,879.0,0.0,1,2,0,-0.012468221734177637,0.029395398391987043,-0.011800216617775491,-0.03795058546739072,0.06172508291396893,-0.02131890445778133,-0.06994308144301192,0.1168779185531818,-0.035722700425008524
92,least_connections,764,measured,380,334,7,medium,1,64.47,44.45,3,182.0,785.0,0.0,118.0,771.0,0.0,1,2,0,-0.06238530583058076,0.05142901739658357,-0.024491411560508766,-0.4030072329182229,0.263849512602038,-0.14507790801952655,-0.28269462397600137,0.20451203255785377,-0.11268029318726411,38.89,38.06,4,1361.0,0.0,0.0,1218.0,0.0,0.0,4,0,0,0.08650118777501567,-0.047185195807676376,-0.0018837913118115938,0.200809853762834,-0.11197994122048727,-0.005147861317113566,0.20490475035217712,-0.11848219554471359,-0.005402723858121367,21.08,32.63,3,653.0,401.0,0.0,543.0,436.0,0.0,2,1,0,0.03180312818154904,-0.016488063586388144,-0.010676386463701636,0.04835899410093221,-0.026848734506409067,-0.0192885326046593,0.0703213390118781,-0.027856486388391055,-0.032320538479769616
92,least_connections,765,measured,188,116,8,light,0,77.0,50.25,4,182.0,973.0,0.0,118.0,887.0,0.0,1,3,0,-0.05644384813243021,0.08961491596652346,-0.022158896173793644,-0.3646255916879159,0.35211781298914546,-0.13126096439861926,-0.2557713264544774,0.23751088659996292,-0.10194883669323895,38.89,38.06,4,1361.0,0.0,0.0,1218.0,0.0,0.0,4,0,0,0.07826297941549037,-0.042691367635516723,-0.0017043826154485848,0.18168510578542124,-0.1013151849137742,-0.0046575888107217986,0.18539001222339835,-0.10719817692140754,-0.004888178728776475,21.08,32.63,3,1054.0,0.0,0.0,979.0,0.0,0.0,3,0,0,0.0718581590576827,-0.058001672043013305,-0.009659587752872909,0.1163152803770339,-0.0968536169343701,-0.017451529499453652,0.19511613212185797,-0.15669555117679826,-0.029242391957886794
92,least_connections,766,measured,382,341,12,medium,2,77.0,50.25,4,745.0,410.0,0.0,562.0,443.0,0.0,3,1,0,0.03509955690512549,-0.005087638388564936,-0.02004852510962282,0.009687956726806224,-0.021004518406646133,-0.11875992017017933,-0.03055500964928909,0.014033659304728358,-0.09223942367483524,38.89,38.06,4,1361.0,0.0,0.0,1218.0,0.0,0.0,4,0,0,0.07080936232830082,-0.038625523098800844,-0.0015420604615963387,0.16438176237728588,-0.09166611968389095,-0.004214008923986389,0.16773382058307468,-0.09698882673841634,-0.00442263789746443,28.72,44.0,4,1054.0,382.0,0.0,979.0,341.0,0.0,3,1,0,0.06501452486171291,-0.009393803050254668,-0.008739627014504061,0.1052376346268402,-0.018505653416811055,-0.015789479070934257,0.17653364334834767,-0.038930895509166674,-0.02645740224761186
92,least_connections,767,measured,436,412,18,heavy,0,93.93,64.95,4,563.0,410.0,436.0,444.0,443.0,412.0,2,1,1,-0.011327158264977155,-0.0046031013991778,0.02494475846090815,-0.10101248359638165,-0.019004088082203607,0.15553467540158378,-0.08102596111126156,0.012697120323325678,0.1029262357227681,33.66,34.78,3,1178.0,0.0,0.0,1113.0,0.0,0.0,3,0,0,0.020981713308371938,-0.034946901851296,-0.0013951975604919254,0.10142023398761241,-0.0829360130473299,-0.00381267474074959,0.12207167100373428,-0.08775179562047193,-0.004001434288182103,28.72,44.0,4,1054.0,382.0,0.0,979.0,341.0,0.0,3,1,0,0.05882266535107358,-0.008499155140706607,-0.007907281584551293,0.09521500275761732,-0.01674321023425762,-0.01428571915941671,0.1597209154104098,-0.03522319117496031,-0.023937649652601208
92,least_connections,768,measured,174,124,5,light,1,93.93,64.95,4,563.0,410.0,436.0,444.0,443.0,412.0,2,1,1,-0.010248381287360275,-0.0041647107897322955,0.022569067178916897,-0.09139224706339294,-0.017194174931517536,0.1407218491728615,-0.07330920291018903,0.011487870768723235,0.09312373708250447,27.66,27.97,3,968.0,0.0,0.0,895.0,0.0,0.0,3,0,0,0.018983454898050797,-0.031618625484505905,-0.0012623216023498372,0.03747544979831599,-0.07503734513806039,-0.0034495628606782004,0.048808892812902405,-0.07939448175185555,-0.003620345308355236,28.72,44.0,4,1054.0,382.0,0.0,979.0,341.0,0.0,3,1,0,0.05322050674620943,-0.0076897117939726395,-0.0071542071479273606,0.08614690725689186,-0.01514861878337595,-0.012925174477567499,0.14450939965703746,-0.03186860153924981,-0.021657873495210617
92,least_connections,769,measured,362,316,12,medium,1,93.93,64.95,4,563.0,410.0,436.0,444.0,443.0,412.0,2,1,1,-0.00927234497427834,-0.0037680716669006437,0.02041963220949624,-0.08268822353354599,-0.015556634461849184,0.12731976829925568,-0.06632737406159958,0.01039378783836864,0.08425480974131357,38.0,37.84,4,968.0,362.0,0.0,895.0,316.0,0.0,3,1,0,0.017175506812522168,0.014476572407442503,-0.0011421004973641384,0.033906359341333514,0.02568729997712904,-0.0031210330644231335,0.044160426830721244,0.017512135557844977,-0.003275550517083309,24.8,40.67,3,858.0,382.0,0.0,879.0,341.0,0.0,2,1,0,0.0050679868293368735,-0.0069573582897847625,-0.006472854086219993,0.04247577323242599,-0.013705893184959198,-0.011694205479703927,0.1005878695309704,-0.028833496630749827,-0.01959521887661913
92,least_connections,770,measured,184,107,4,light,2,93.93,64.95,4,563.0,410.0,436.0,444.0,443.0,412.0,2,1,1,-0.008389264500537535,-0.003409207698624392,0.01847490533240136,-0.07481315462558924,-0.014075050227387365,0.11519407608027893,-0.06001048129382816,0.009403903282333537,0.07623054214690275,38.0,37.84,4,968.0,362.0,0.0,895.0,316.0,0.0,3,1,0,0.015539744258948635,0.013097851225781318,-0.0010333290214246966,0.030677182261206526,0.02324089045549771,-0.002823791820192359,0.039954671894462085,0.01584431312376451,-0.0029635933249801366,28.48,44.23,4,1042.0,382.0,0.0,986.0,341.0,0.0,3,1,0,0.04766922164377645,-0.006294752738376694,-0.0058563917922942795,0.07172569959124256,-0.012400570024486898,-0.010580471624494029,0.12327791370262403,-0.026087449332583168,-0.017729007555036355
92,least_connections,771,measured,431,427,17,heavy,0,100.0,86.3,5,973.0,436.0,431.0,887.0,412.0,427.0,3,1,1,0.035493613297699594,-0.0030845212511363546,0.016715390538839327,0.1796134950212922,0.002947970429189206,0.10120733867580789,0.1461095645436793,-0.005515516077888721,0.07575620479957867,15.31,13.75,2,174.0,362.0,0.0,124.0,316.0,0.0,1,1,0,-0.0721080318382755,0.011850436823325955,-0.0009349167336699636,-0.17749615482489478,0.02102747231687889,-0.002554859265888325,-0.18184160638120095,0.01433533092150123,-0.002681346341648695,19.34,29.47,3,967.0,0.0,0.0,884.0,0.0,0.0,3,0,0,0.0431292957729406,-0.04877915270433628,-0.005298640193028158,0.0513232520111242,-0.08034337287929767,-0.009572807660256501,0.0807752552547551,-0.12644420018979746,-0.016040530645032892
92,least_connections,772,measured,398,305,12,medium,1,100.0,86.3,5,973.0,436.0,431.0,887.0,412.0,427.0,3,1,1,0.03211326917410916,-0.002790757322456705,0.015123448582759394,0.16250744787640725,0.002667211340694975,0.09156854451620713,0.13219436792047173,-0.004990228832375515,0.06854132815199976,26.69,23.28,3,174.0,760.0,0.0,124.0,621.0,0.0,1,2,0,-0.0652406002346302,0.053805724019290374,-0.0008458770447490147,-0.16059175912728574,0.12190920964724417,-0.0023115393358037225,-0.1645233581544199,0.09920518035754872,-0.0024259800233964383,11.32,14.93,2,566.0,0.0,0.0,448.0,0.0,0.0,2,0,0,-0.004062156432192071,-0.044133519113447116,-0.004794007793692143,-0.02612658151374478,-0.07269162308126932,-0.008661111692613025,-0.05840968969014221,-0.11440189540981675,-0.014512861059791665
92,least_connections,773,measured,161,100,6,light,2,85.13,64.1,3,410.0,436.0,431.0,443.0,412.0,427.0,1,1,1,-0.057112937867415975,-0.0025249709107941637,0.01368312014630612,-0.19255675350864737,0.002413191213009702,0.08284773075275884,-0.08125271473862081,-0.004514968943577863,0.06201358261371406,21.71,19.41,2,0.0,760.0,0.0,0.0,621.0,0.0,0,2,0,-0.10211110996285136,0.04868136935078653,-0.0007653173262014895,-0.19027689771380274,0.11029880872845901,-0.0020913927323938444,-0.1839139907111418,0.08975706794254407,-0.002194934306882492,14.54,18.27,3,727.0,0.0,0.0,548.0,0.0,0.0,3,0,0,0.03940861583572644,-0.039930326816928347,-0.00433743562286432,0.005494997678040431,-0.06576861135924367,-0.007836243912364165,-0.022688131941874717,-0.10350647679935801,-0.013130683816001982
92,least_connections,774,measured,487,405,12,heavy,1,85.13,64.1,3,410.0,867.0,0.0,443.0,839.0,0.0,1,2,0,-0.05167361045147159,0.04079940273603884,-0.03070393438009945,-0.1742180150792524,0.26215161744669124,-0.18501078328718645,-0.07351436095399025,0.18908169476533432,-0.13705913953997298,35.63,32.06,3,362.0,885.0,0.0,316.0,710.0,0.0,1,2,0,-0.04930234212058433,0.04404504846023543,-0.0006924299618013476,-0.07857705711520929,0.1321070854481976,-0.0018922124721658592,-0.07705313445293785,0.10637246623373034,-0.001985892944322255,10.86,14.7,2,543.0,0.0,0.0,441.0,0.0,0.0,2,0,0,-0.007428485899195342,-0.03612743854864946,-0.0039243465159248606,-0.028323573529391993,-0.059504934086934747,-0.0070899349683294826,-0.052797198741061285,-0.09364871710418106,-0.01188014250019227
92,least_connections,775,measured,436,437,15,heavy,2,85.13,64.1,3,410.0,867.0,0.0,443.0,839.0,0.0,1,2,0,-0.04675231421799811,0.03691374533260657,-0.02777975015342331,-0.15762582316694262,0.2371847967374826,-0.1673907086884068,-0.06651299324408641,0.17107391431149294,-0.12400588815521364,35.63,32.06,3,362.0,885.0,0.0,316.0,710.0,0.0,1,2,0,-0.04460688096624296,0.039850281940213006,-0.0006264842511536003,-0.07109352786614176,0.11952545826265498,-0.0017120017605310154,-0.0697147406955152,0.09624175516385125,-0.0017967602829582305,19.58,29.27,3,543.0,0.0,436.0,441.0,0.0,437.0,2,0,1,-0.006721011051652931,-0.03268673011544475,0.039533300998063445,-0.02562609033611657,-0.05383779750722668,0.07248053502865427,-0.047768894099055464,-0.08472979166568763,0.12104495043633398
92,least_connections,776,measured,384,347,11,medium,0,100.0,81.45,4,410.0,1251.0,0.0,443.0,1186.0,0.0,1,3,0,-0.04229971286390305,0.07648205076578236,-0.02513405966262109,-0.14261384000818617,0.44621481609581765,-0.15144873643236806,-0.060178422458935316,0.3117573510437317,-0.11219580356900281,35.63,32.06,3,362.0,885.0,0.0,316.0,710.0,0.0,1,2,0,-0.04035860658850553,0.036055016993526055,-0.000566819084377067,-0.064322715688414,0.10814208128525926,-0.001548953973813776,-0.06307524158165662,0.08707587371967493,-0.0016256402560098277,19.58,29.27,3,543.0,436.0,0.0,441.0,437.0,0.0,2,1,0,-0.006080914761019324,0.01351019202706926,-0.007315675514223773,-0.023185510304105483,0.030184849874413958,-0.013317611164550892,-0.04321947561343112,0.05513336309612389,-0.022276790875062905
92,least_connections,777,measured,358,304,11,medium,1,100.0,81.45,4,410.0,1251.0,0.0,443.0,1186.0,0.0,1,3,0,-0.03827116878162656,0.06919804593094595,-0.022740339694752414,-0.12903156953121603,0.40371816694383506,-0.137025047248333,-0.05444714412951293,0.2820661747538525,-0.10151048894338349,45.86,41.56,4,760.0,845.0,0.0,621.0,709.0,0.0,2,2,0,0.006568970456204748,0.03262120585128547,-0.0005128363144363939,0.04468761097578869,0.08750269939414618,-0.0014014345477362735,0.029167043330882103,0.0785001952701821,-0.0014708173744850822,19.58,29.27,3,543.0,436.0,0.0,441.0,437.0,0.0,2,1,0,-0.005501780021874625,0.012223507072110285,-0.006618944512869128,-0.020977366465619263,0.027310102267326913,-0.012049267244117473,-0.03910333507881861,0.049882566610778764,-0.020155191744104534
92,least_connections,778,measured,387,316,8,medium,2,83.4,59.3,3,436.0,815.0,0.0,412.0,774.0,0.0,1,2,0,-0.03462629556432879,0.019523855615527053,-0.020574593057156945,-0.10106030894094148,0.10228469072696189,-0.12397504274849176,-0.06328551135527363,0.0688217771582475,-0.09184282332972792,45.86,41.56,4,760.0,845.0,0.0,621.0,709.0,0.0,2,2,0,0.005943354222280484,0.029514424341639228,-0.0004639947606805469,0.04043164802571356,0.07916910897565607,-0.0012679645908090093,0.026389229680321896,0.07102398619683142,-0.0013307395292960268,19.68,28.43,3,161.0,823.0,0.0,100.0,753.0,0.0,1,2,0,-0.04806170119892965,0.05414326376819048,-0.00598856884497683,-0.08810333156413172,0.09473771157520053,-0.010901717982772952,-0.13822047776972476,0.14043343328276808,-0.018235649673237438
92,least_connections,779,measured,451,423,14,heavy,0,100.0,80.45,4,436.0,1266.0,0.0,412.0,1197.0,0.0,1,3,0,-0.031328553129630815,0.06074834102175804,-0.01861510800409438,-0.09143551761323276,0.3645750376418544,-0.11216789582006398,-0.05725831979762849,0.25362446504793823,-0.08309588777451574,45.86,41.56,4,1247.0,358.0,0.0,1026.0,304.0,0.0,3,1,0,0.04846122071358257,-0.01638037344146473,-0.00041980478347287574,0.16247217134299252,-0.05426196262746766,-0.0011472060583510083,0.138384898282196,-0.05024913153620014,-0.0012040024312678338,16.46,25.1,2,387.0,436.0,0.0,316.0,437.0,0.0,1,1,0,-0.04348439632284111,0.005902862230176872,-0.0054182289549790374,-0.03881729998659536,0.01568650094899096,-0.009863459127270767,-0.05991376560117953,0.03175723328758384,-0.016498921132929112
92,least_connections,780,measured,183,125,7,light,2,100.0,80.45,4,820.0,882.0,0.0,759.0,850.0,0.0,2,2,0,0.014739018823758054,0.011878884507214194,-0.01684224057513301,0.14889167454040841,0.0982345578664397,-0.10148523907529598,0.10517104399262184,0.07249356361480125,-0.07518199370075233,45.86,41.56,4,1247.0,358.0,0.0,1026.0,304.0,0.0,3,1,0,0.04384586635990803,-0.014820337875610948,-0.00037982337552307807,0.14699863121508847,-0.04909415666294695,-0.001037948338508055,0.1252053841600821,-0.045463499961323955,-0.0010893355330518495,20.12,29.27,3,570.0,436.0,0.0,441.0,437.0,0.0,2,1,0,0.0037408749822820664,0.005340684874921939,-0.004902207149742939,-0.00200612855930056,0.014192548477658495,-0.008924082067530694,-0.01650927998836879,0.028732734879242522,-0.014927595310745388
92,least_connections,781,measured,418,435,19,heavy,2,100.0,80.45,4,1251.0,451.0,0.0,1186.0,423.0,0.0,3,1,0,0.056419202972062266,-0.032336338053563576,-0.01523821766321558,0.3946797690286235,-0.1710893682795704,-0.09181997821098208,0.28832142075522926,-0.12757725196756078,-0.0680218038244902,35.51,31.69,3,1243.0,0.0,0.0,1014.0,0.0,0.0,3,0,0,0.03967006956372632,-0.056492777352310126,-0.00034364972071135633,0.1319647479701141,-0.13696274038212206,-0.0009390961157930022,0.10988820471626476,-0.1270860237745312,-0.0009855892918088163,28.48,43.77,4,570.0,436.0,418.0,441.0,437.0,435.0,2,1,1,0.003384601174445667,0.004832048220167473,0.03864856994841852,-0.0018150686965100332,0.012840877194071981,0.0675639257484246,-0.014936967608524171,0.025996283938362286,0.11768455662361131
92,least_connections,782,measured,170,105,4,light,1,100.0,80.45,4,1251.0,451.0,0.0,1186.0,423.0,0.0,3,1,0,0.05104594554615158,-0.02925668681036704,-0.01378695883814743,0.35709121959732604,-0.15479514272913508,-0.08307521838136474,0.2608622378261598,-0.11542703749445973,-0.06154353679358637,40.37,34.97,4,1413.0,0.0,0.0,1119.0,0.0,0.0,4,0,0,0.07897586792727165,-0.05111251284256631,-0.0003109211758817033,0.16334225496615762,-0.123918669869539,-0.000849658390479383,0.1291101614099538,-0.11498259293886157,-0.0008917236449698814,28.48,43.77,4,570.0,436.0,418.0,441.0,437.0,435.0,2,1,1,0.003062258205450835,0.004371853151580091,0.03496775376285485,-0.00164220501112812,0.01161793650892226,0.061129266153336546,-0.013514399264855176,0.023520447372803968,0.1064765036118388
92,least_connections,783,measured,361,336,9,medium,0,100.0,97.25,5,1251.0,812.0,0.0,1186.0,759.0,0.0,3,2,0,0.04618442692270856,0.016613564541187176,-0.012473915139276247,0.3230825320166283,0.07769328356252853,-0.07516329282123477,0.23601821517604937,0.047566013695488796,-0.05568224757514958,40.37,34.97,4,1413.0,0.0,0.0,1119.0,0.0,0.0,4,0,0,0.07145435669610292,-0.04624465447660761,-0.00028130963532154113,0.14778584973128545,-0.11211689178672576,-0.0007687385437670608,0.11681395556138677,-0.10403186980182713,-0.0008067975835441784,28.48,43.77,4,1006.0,0.0,418.0,878.0,0.0,435.0,3,0,1,0.04585451479359383,-0.03912841404199443,0.03163749149972582,0.07740943356136026,-0.06838377173002272,0.055307431281590214,0.11956633717306756,-0.11051324602778054,0.09633588422023512
92,least_connections,784,measured,367,322,9,medium,1,100.0,97.25,5,1251.0,812.0,0.0,1186.0,759.0,0.0,3,2,0,0.0417859100729268,0.015031320299169343,-0.011285923221249938,0.2923127670626636,0.07029392322324007,-0.06800488398111718,0.21354028992118756,0.043035917153061265,-0.05037917637751629,39.49,35.5,4,1015.0,367.0,0.0,814.0,322.0,0.0,3,1,0,0.02156527964114527,0.0012434985574457241,-0.00025451824148139436,0.03082665315823785,-0.0065683442696226335,-0.0006955253491225788,0.019453697888873772,-0.0030824060111769164,-0.0007299597184447328,28.48,43.77,4,1006.0,0.0,418.0,878.0,0.0,435.0,3,0,1,0.041487418146584895,-0.03540189841894734,0.028624397071180502,0.07003710655551643,-0.06187103156525865,0.05004005687381971,0.10817906696610874,-0.09998817497751572,0.08716103810402225
92,least_connections,785,measured,377,320,7,medium,1,100.0,76.65,4,1176.0,451.0,0.0,1110.0,423.0,0.0,3,1,0,0.03780629958979091,-0.02948413424179462,-0.010211073390654706,0.21923536067574334,-0.1541467678773859,-0.06152822836386792,0.15882216707155072,-0.11306274162342075,-0.045581159579657596,50.26,45.5,5,1392.0,367.0,0.0,1134.0,322.0,0.0,4,1,0,0.06259534371160308,0.0011250701234032795,-0.0002302784089593568,0.12534656374180703,-0.005942787672515715,-0.0006292848396823332,0.10807715523279054,-0.0027888435339219753,-0.0006604397452595202,28.48,43.77,4,1006.0,0.0,418.0,878.0,0.0,435.0,3,0,1,0.03753623546595776,-0.03203028904571426,0.025898264016782357,0.06336690593118152,-0.05597855236856735,0.04527433717155117,0.09787629868362219,-0.09046549164632375,0.07885998685602012
92,least_connections,786,measured,441,431,12,heavy,0,100.0,98.2,5,1627.0,441.0,0.0,1533.0,431.0,0.0,4,1,0,0.07728959985561581,-0.026676121456861795,-0.009238590210592352,0.3937843739447201,-0.14549786934938097,-0.05566839709111859,0.33505338925521244,-0.09867581384976162,-0.04124009676254735,31.49,29.56,3,1102.0,0.0,0.0,946.0,0.0,0.0,3,0,0,0.013549982178978764,-0.042065979638916305,-0.00020834713191560854,0.038442809371839026,-0.10024755619350062,-0.0005693529501887777,0.04462933092490573,-0.09356490605450084,-0.0005975407219014707,20.74,33.23,3,619.0,418.0,0.0,562.0,435.0,0.0,2,1,0,-0.00912254432898607,0.014104114899682559,-0.01965213754490666,-0.012696608919407187,0.024990833571296202,-0.03467559970192989,-0.006746840873548182,0.04934074565332611,-0.059840964273124644
92,least_connections,787,measured,499,434,18,heavy,1,100.0,80.85,4,1243.0,441.0,0.0,1186.0,431.0,0.0,3,1,0,0.026844785356895037,-0.02413553846097019,-0.008358724476250223,0.2012652272198261,-0.1316409294113447,-0.05036664498720254,0.14616735218328747,-0.08927811729264143,-0.0373124684994476,45.74,43.12,4,1102.0,0.0,499.0,946.0,0.0,434.0,3,0,1,0.012259507685742688,-0.03805969586378142,0.04289539567883372,0.03478158943166387,-0.09070016988935771,0.12847806841921697,0.04037891845586705,-0.08465396262073885,0.12216770125161296,17.08,29.07,2,436.0,418.0,0.0,437.0,435.0,0.0,1,1,0,-0.05133763081012571,0.012760865861617551,-0.017780505397772695,-0.04460169378422554,0.022610754183553704,-0.03137316163507942,-0.04380269729828962,0.044641627019676,-0.054141824818541344
92,least_connections,788,measured,395,327,7,medium,2,83.53,59.5,3,812.0,441.0,0.0,759.0,431.0,0.0,2,1,0,-0.01879576109432851,-0.0218369157504016,-0.007562655478512106,-0.0778711436265066,-0.11910369803883564,-0.04556982165508801,-0.06092001469131131,-0.08077543945524698,-0.033758900070928785,35.51,33.62,3,744.0,0.0,499.0,642.0,0.0,434.0,2,0,1,-0.0319919647015616,-0.03443496292437367,0.038810119899897175,-0.061075160582236054,-0.08206205847132364,0.11624206190310105,-0.04941907377802507,-0.07659168046638277,0.11053268208479267,24.98,39.97,3,831.0,418.0,0.0,764.0,435.0,0.0,2,1,0,-0.003364432410975421,0.011545545303368265,-0.016087123931318153,0.031122277052367336,0.020457349023215263,-0.028385241479357573,0.05898803577773795,0.04039004349399257,-0.048985460550108835
92,least_connections,789,measured,498,409,13,heavy,0,100.0,79.95,4,812.0,939.0,0.0,759.0,840.0,0.0,2,2,0,-0.017005688609154357,0.023326690738298766,-0.006842402575796667,-0.07045484423350601,0.1926204636791487,-0.04122983864031772,-0.05511810853023402,0.11194126906430035,-0.03054376673084033,35.51,33.62,3,744.0,0.0,499.0,642.0,0.0,434.0,2,0,1,-0.02894511092046048,-0.03115544264586189,0.03511391800466888,-0.0552584786220231,-0.07424662433119758,0.10517138934090095,-0.044712495322975054,-0.06929723470767965,0.10000575998147909,24.98,39.97,3,831.0,418.0,0.0,764.0,435.0,0.0,2,1,0,-0.0030440102765968147,0.010445969560190338,-0.014555016890240234,0.028158250666427603,0.018509030068623325,-0.025681885147990184,0.053370127608429574,0.03654337268504089,-0.04432017859295561
92,least_connections,790,measured,496,408,17,heavy,1,100.0,79.95,4,812.0,939.0,0.0,759.0,840.0,0.0,2,2,0,-0.015386099217806315,0.021105101144175076,-0.006190745187625556,-0.06374485906841021,0.17427565761446784,-0.037303187341239843,-0.04986876486068792,0.1012801958200813,-0.027634836565998393,49.69,46.38,4,744.0,0.0,995.0,642.0,0.0,842.0,2,0,2,-0.02618843368994045,-0.028188257631970283,0.07485363556431493,-0.04999576637230663,-0.06717551725203591,0.2233727536213594,-0.04045416243507266,-0.06269749806885301,0.20583854474514773,16.26,25.4,2,395.0,418.0,0.0,327.0,435.0,0.0,1,1,0,-0.04583800476272591,0.009451115316362682,-0.01316882480545545,-0.05341872558751788,0.016746265300183014,-0.023235991324372072,-0.08350639248126211,0.033063051476941746,-0.04009920920315031
92,least_connections,791,measured,365,314,9,medium,2,100.0,79.95,4,1253.0,498.0,0.0,1190.0,409.0,0.0,3,1,0,0.029163143791599275,-0.023988808715360868,-0.0056011504078516934,0.20832607989048602,-0.10832202406310049,-0.033750502832550336,0.14985683179271092,-0.10334172759135504,-0.025002947369236642,49.69,46.38,4,744.0,499.0,496.0,642.0,434.0,408.0,2,1,1,-0.02369429714804136,0.017580238559736637,0.024640817664765658,-0.04523426481303933,0.06821534833659336,0.07310596075946119,-0.03660138506030383,0.06598202555675203,0.06352654048370511,23.56,35.87,3,395.0,783.0,0.0,327.0,749.0,0.0,1,2,0,-0.04147248049960915,0.05163490932251408,-0.011914651014459692,-0.04833122791251619,0.08119900193826082,-0.02102303976966997,-0.0755534027211419,0.12461260212993144,-0.03628023689808838
92,least_connections,792,measured,404,400,15,heavy,2,92.67,63.15,3,892.0,498.0,0.0,854.0,409.0,0.0,2,1,0,-0.01669819870102468,-0.021704160266278874,-0.005067707511865818,-0.029260530892734837,-0.09800564081899565,-0.030536169229450304,-0.016415247425642487,-0.09349965829694026,-0.0226217142864522,38.91,36.38,3,367.0,499.0,496.0,322.0,434.0,408.0,1,1,1,-0.06452159764641384,0.015905930125476003,0.022294073125264168,-0.13838202190567506,0.061718648495013045,0.06614348830617917,-0.12359172934027489,0.059698023122775654,0.05747639377097129,31.64,49.2,4,395.0,783.0,404.0,327.0,749.0,400.0,1,2,1,-0.03752272045202733,0.04671729891084607,0.03230397788034146,-0.043728253825609895,0.07346576365842646,0.05408391639887002,-0.06835784055722362,0.11274473526041418,0.08780994439379305
92,least_connections,793,measured,194,117,5,light,0,75.53,47.85,3,635.0,498.0,0.0,548.0,409.0,0.0,2,1,0,-0.015107894062831861,-0.019637097383776114,-0.004585068701211931,-0.1814896866807283,-0.08867177026480555,-0.027627962636169325,-0.15328046195653366,-0.08459492893532691,-0.020467265306790085,28.43,26.31,2,0.0,995.0,0.0,0.0,842.0,0.0,0,2,0,-0.10146058381160798,0.0574749798640928,-0.02291307216104217,-0.2200735300235019,0.1840583690465084,-0.06837357860733449,-0.20286275511739157,0.1693696399682256,-0.0633546913500736,31.64,49.2,4,1178.0,404.0,0.0,1076.0,400.0,0.0,3,1,0,0.05221867242549001,-0.0008158678788490192,-0.013856491668353194,0.10212205606254343,-0.0021119281185665306,-0.024171694686736644,0.16404131886092468,-0.0032468268278792456,-0.041187828088155486
92,least_connections,794,measured,356,332,15,medium,1,75.53,47.85,3,635.0,498.0,0.0,548.0,409.0,0.0,2,1,0,-0.01366904700922883,-0.017766897632940287,-0.004148395491572699,-0.16420495461589701,-0.08022683976339551,-0.024996728099391293,-0.13868232272257808,-0.07653826903672437,-0.01851800194423865,38.6,36.69,3,0.0,995.0,356.0,0.0,842.0,332.0,0,2,1,-0.09179767106764532,0.052001172257988726,0.022353025414385882,-0.19911414621173984,0.1665290005658886,0.030165401668193967,-0.18354249272525905,0.15323919806648983,0.03654813639755246,31.64,49.2,4,1178.0,404.0,0.0,1076.0,400.0,0.0,3,1,0,0.0472454655278243,-0.0007381661761014929,-0.0125368257951767,0.09239614596134882,-0.0019107921072744755,-0.02186962852609506,0.14841833611226518,-0.0029376052252240714,-0.03726517779404544
92,least_connections,795,measured,416,448,16,heavy,0,100.0,70.25,4,1133.0,0.0,416.0,957.0,0.0,448.0,3,0,1,0.030716667218407476,-0.059158712370846196,0.039330590020096354,0.15181456487133116,-0.3729671407383102,0.2283045475926142,0.05954932706052457,-0.25427271960465536,0.18591228395521264,38.6,36.69,3,0.0,1351.0,0.0,0.0,1174.0,0.0,0,3,0,-0.08305503572786957,0.09013257988874716,-0.022859734375646333,-0.18015089419157415,0.24269630663444342,-0.06473470461313063,-0.16606225532285343,0.23251403634587176,-0.06080168611650015,23.74,38.3,3,783.0,404.0,0.0,749.0,400.0,0.0,2,1,0,-0.00033800284444013284,-0.0006678646355204043,-0.011342842386112252,0.01212032253645845,-0.0017288119065816676,-0.019786806761705054,0.035664208863477986,-0.0026578332990122577,-0.03371611324223159
92,least_connections,796,measured,385,317,9,medium,1,100.0,70.25,4,1133.0,0.0,416.0,957.0,0.0,448.0,3,0,1,0.0277912703404639,-0.053524549287908466,0.03558481954199194,0.13735603488358528,-0.33744646066799494,0.20656125734569858,0.05387796257856986,-0.23005627011849772,0.1682063521499543,49.6,46.59,4,0.0,1736.0,0.0,0.0,1491.0,0.0,0,4,0,-0.07514503232521533,0.1246324248880048,-0.02068261681606097,-0.162993666173329,0.31910618219306786,-0.05856949464997534,-0.15024680243496263,0.2999978185986459,-0.05501104934350014,23.74,38.3,3,783.0,404.0,0.0,749.0,400.0,0.0,2,1,0,-0.00030581209735058845,-0.0006042584797565503,-0.010262571682672991,0.010966006104414783,-0.0015641631535738831,-0.017902348974876,0.03226761754314675,-0.002404706318153954,-0.030505054838209533
92,least_connections,797,measured,195,119,3,light,2,100.0,70.25,4,1133.0,416.0,0.0,957.0,448.0,0.0,3,1,0,0.02514448268899115,-0.005343072938493149,-0.01088811111733609,0.12427450775181526,-0.05438806758850334,-0.06403187827452667,0.04874672804727748,-0.0054794824881646,-0.0504799671024223,49.6,46.59,4,0.0,1736.0,0.0,0.0,1491.0,0.0,0,4,0,-0.06798836257995673,0.11276267013676625,-0.018712843785959925,-0.14747045987110718,0.2887151172222995,-0.05299144754045388,-0.13593758315544238,0.2714265977797272,-0.04977190178697632,27.64,42.27,4,978.0,404.0,0.0,868.0,400.0,0.0,3,1,0,0.04280721309105921,-0.0005467100531130753,-0.0092851839033708,0.04520733885637526,-0.001415195234185887,-0.016197363358221143,0.06508339999935497,-0.002175686668805965,-0.027599811520284817
92,least_connections,798,measured,183,115,3,light,0,73.13,48.6,3,681.0,416.0,0.0,524.0,448.0,0.0,2,1,0,-0.020334130174813003,-0.004834208849112842,-0.009851148153780272,-0.16019608028804005,-0.04920825162769349,-0.05793360415314317,-0.15177676986198702,-0.004957627013101318,-0.04567235118790589,49.6,46.59,4,884.0,852.0,0.0,751.0,740.0,0.0,2,2,0,0.02465452002403007,0.015855567765464262,-0.016930668187297077,0.09509135263362409,0.032701432588883195,-0.0479446430127916,0.08934516285936164,0.033240136086419875,-0.045031720664407145,27.64,42.27,4,978.0,404.0,0.0,868.0,400.0,0.0,3,1,0,0.03873033565381548,-0.0004946424290070695,-0.008400880674478344,0.04090187801291095,-0.001280414735691987,-0.014654757324104845,0.05888498095179737,-0.0019684784146339618,-0.024971258042162454
92,least_connections,799,measured,151,114,9,light,0,83.2,54.3,4,681.0,567.0,0.0,524.0,562.0,0.0,2,2,0,-0.018397546348640326,0.03871009222041718,-0.00891294356770596,-0.14493931073679805,0.04655761360669003,-0.05241611804332001,-0.1373218393989406,0.04708595651195596,-0.04132260345572438,49.6,46.59,4,884.0,852.0,0.0,751.0,740.0,0.0,2,2,0,0.02230647049793197,0.0143455136925629,-0.015318223598030688,0.0860350333351837,0.029587010437560984,-0.04337848653538288,0.08083609972989864,0.030074408840094158,-0.040742985363035035,27.64,42.27,4,978.0,404.0,0.0,868.0,400.0,0.0,3,1,0,0.035041732258214,-0.0004475336262444868,-0.007600796800718502,0.03700646105930036,-0.0011584704751498864,-0.013259066150380574,0.053276887527816674,-0.0017810042799069337,-0.022593042990527935
92,least_connections,800,measured,157,124,3,light,0,93.67,60.5,5,838.0,567.0,0.0,648.0,562.0,0.0,3,2,0,0.02643850114941612,0.03502341677085364,-0.008064091799353012,-0.03643715415869031,0.04212355516795768,-0.047424106801099056,-0.0681483308847558,0.042601579701293496,-0.03738711741232206,49.6,46.59,4,1380.0,356.0,0.0,1159.0,332.0,0.0,3,1,0,0.06326594496298153,-0.030104625933486173,-0.013859345160123004,0.2060589077114247,-0.1014484871551319,-0.03924720210344165,0.18849456642228923,-0.08814696343039101,-0.036862701042745985,8.08,13.33,1,404.0,0.0,0.0,400.0,0.0,0.0,1,0,0,-0.05446337602941635,-0.04348881160288333,-0.006876911391126264,-0.07038463047015682,-0.07415290185846894,-0.011996297945582424,-0.09293995890340398,-0.12224630545959833,-0.020441324610477655
92,least_connections,801,measured,364,302,11,medium,2,81.47,54.75,4,806.0,416.0,0.0,647.0,448.0,0.0,3,1,0,0.02392054865899554,-0.011396046957889788,-0.007296083056557487,-0.0522685363023071,-0.05296757707026051,-0.04290752520099438,-0.06211039461001716,-0.013027142175020212,-0.03382643956352949,49.6,46.59,4,1380.0,356.0,0.0,1159.0,332.0,0.0,3,1,0,0.05724061687126901,-0.027237518701725583,-0.012539407525825575,0.18643424983414617,-0.09178672647369078,-0.03550937333168531,0.17054270295349977,-0.07975201453225854,-0.03335196761010351,15.36,23.4,2,404.0,364.0,0.0,400.0,302.0,0.0,1,1,0,-0.04927638783613861,0.0037368802051010175,-0.006221967449114239,-0.06368133233014188,-0.0012240540624242763,-0.01085379337933648,-0.08408853424593696,-0.019524435098366738,-0.018494531790432166
92,least_connections,802,measured,483,435,18,heavy,2,48.27,34.3,3,308.0,416.0,0.0,238.0,448.0,0.0,2,1,0,-0.021441499059094732,-0.010310709152376474,-0.006601218003552012,-0.34767153284494445,-0.04792304592071189,-0.03882109422947111,-0.2412189284566822,-0.011786461967875445,-0.030604873890812394,49.6,46.59,4,1736.0,0.0,0.0,1491.0,0.0,0.0,4,0,0,0.09487302977695314,-0.0677273695283186,-0.01134517823765171,0.26070581787715263,-0.17507234436055016,-0.03212752825247718,0.2481695883864998,-0.16602563219585295,-0.030175589742474605,25.02,37.9,3,404.0,364.0,483.0,400.0,302.0,435.0,1,1,1,-0.044583398518411116,0.003380986852234258,0.0374545011061302,-0.05761644353679503,-0.001107477485050537,0.07757990122821938,-0.0760801024129906,-0.01766496508899848,0.11445732838008518
92,least_connections,803,measured,408,448,14,heavy,0,65.0,50.5,3,151.0,824.0,0.0,114.0,896.0,0.0,1,2,0,-0.06248335175641451,0.033755163374607225,-0.005972530574642297,-0.4092583709866958,0.2027362917860226,-0.03512384715999767,-0.27434093527033154,0.19200272488620795,-0.02769012399644931,49.6,46.59,4,1736.0,0.0,0.0,1491.0,0.0,0.0,4,0,0,0.08583750313152903,-0.06127714385895493,-0.010264685072161071,0.23587669236504288,-0.15839878775478347,-0.029067763657003164,0.22453438949254745,-0.15021366722481932,-0.02730172405271512,25.02,37.9,3,404.0,364.0,483.0,400.0,302.0,435.0,1,1,1,-0.040337360564276725,0.0030589881044024297,0.03388740576268923,-0.052129163199957404,-0.0010020034388552451,0.07019133920648421,-0.06883437837365816,-0.015982587461474823,0.10355663043912469
92,least_connections,804,measured,436,423,15,heavy,0,94.07,71.65,4,567.0,408.0,436.0,562.0,448.0,423.0,2,1,1,-0.013448656124284336,-0.012543514316398455,0.03768018208779529,-0.11936074835304222,-0.0674925613999478,0.2312054081250815,-0.04554656048268091,-0.028949915579145197,0.16630417352702204,49.6,46.59,4,1736.0,0.0,0.0,1491.0,0.0,0.0,4,0,0,0.07766250283328817,-0.055441225396197315,-0.009287096017669541,0.21341224547313403,-0.14331318892099457,-0.026299405213479052,0.20315016192182866,-0.13590760367959845,-0.024701559857218443,25.02,37.9,3,404.0,364.0,483.0,400.0,302.0,435.0,1,1,1,-0.036495707177202755,0.002767655903983146,0.030660033785290253,-0.04716448099043764,-0.0009065745399166464,0.06350644975824761,-0.06227872329045264,-0.014460436274667698,0.09369409420682709
92,least_connections,805,measured,162,112,5,light,2,94.07,71.65,4,567.0,844.0,0.0,562.0,871.0,0.0,2,2,0,-0.012167831731495354,0.03173500632144448,-0.008992306909228295,-0.10799305803370485,0.2019194285746504,-0.0537982815376247,-0.04120879281766371,0.16516436209505914,-0.04089146204698004,24.34,23.12,2,852.0,0.0,0.0,740.0,0.0,0.0,2,0,0,-0.0159017264614921,-0.050161108691797573,-0.008402610682653395,-0.035429737088933155,-0.12966431378566176,-0.023794699955052477,-0.028533782070726432,-0.12296402237677954,-0.022349030347007165,28.26,41.63,4,930.0,0.0,483.0,814.0,0.0,435.0,3,0,1,0.05314787491223605,-0.040579830599344044,0.027740030567643563,0.05250832672293737,-0.0666869007742103,0.05745821644793832,0.06850972654673332,-0.10416261694692157,0.08477084713951023
92,least_connections,806,measured,172,111,8,light,1,94.07,71.65,4,567.0,844.0,0.0,562.0,871.0,0.0,2,2,0,-0.011008990614210096,0.02871262476702119,-0.00813589672739703,-0.0977080048876377,0.1826890068056361,-0.04867463567689854,-0.03728414588264811,0.14943442284791064,-0.0369970370901248,29.26,26.59,3,852.0,172.0,0.0,740.0,111.0,0.0,2,1,0,-0.014387276322302384,-0.002299960018202346,-0.007602362046210215,-0.03205547641379669,-0.07285274648634703,-0.02152853805457129,-0.025816279016371513,-0.07986923453137196,-0.020220551266339815,28.26,41.63,4,930.0,483.0,0.0,814.0,435.0,0.0,3,1,0,0.04808617253964213,0.006368815398779426,-0.017985777332222716,0.04750753370170524,0.027064232632857357,-0.035413994642341524,0.061984990685139685,0.03694810847659476,-0.054493043064252636
92,least_connections,807,measured,459,439,17,heavy,1,94.07,71.65,4,567.0,844.0,0.0,562.0,871.0,0.0,2,2,0,-0.009960515317618657,0.025978089074923938,-0.0073610494200258845,-0.08840248061262457,0.1652900537765279,-0.04403895608862249,-0.03373327484620542,0.13520257305287153,-0.033473509748208154,28.2,27.56,3,528.0,0.0,459.0,443.0,0.0,439.0,2,0,1,-0.013017059529702169,-0.04516481643370235,0.0362055726611386,-0.11275767593901337,-0.1103769747121371,0.09917486012749673,-0.1073308000624314,-0.10364656933790797,0.10582723933045445,20.18,28.3,3,526.0,483.0,0.0,414.0,435.0,0.0,2,1,0,0.000422636832918849,0.005762261551276626,-0.016272846157725316,-0.03012175522226669,0.024486686667823318,-0.032041233247832805,-0.06455326239598472,0.03342924100263335,-0.049303229439085716
92,least_connections,808,measured,360,349,12,medium,1,84.0,65.95,3,416.0,844.0,0.0,448.0,871.0,0.0,1,2,0,-0.052095795037936155,0.02350398535350262,-0.006659997094309133,-0.1710625618241206,0.14954814389304905,-0.039844769794467966,-0.08209201057513824,0.12232613752402666,-0.030285556438854996,38.49,38.47,4,528.0,360.0,459.0,443.0,349.0,439.0,2,1,1,-0.011777339574492451,0.0022204948819790488,0.032757422883887305,-0.10201884965910735,-0.006803657392613835,0.08972963535344941,-0.0971088191041046,0.0049001277418927874,0.09574845463231593,20.18,28.3,3,526.0,483.0,0.0,414.0,435.0,0.0,2,1,0,0.0003823857059742086,0.005213474736869325,-0.014723051285561001,-0.02725301662966985,0.02215462127088777,-0.02898968722422968,-0.058405332643986174,0.030245503764287307,-0.04460768377822041
92,least_connections,809,measured,436,447,16,heavy,0,100.0,88.3,4,416.0,844.0,436.0,448.0,871.0,447.0,1,2,1,-0.04713429074860889,0.02126551055793094,0.03705818857000148,-0.15477088926944244,0.13530546352228245,0.22693409717008456,-0.07427372385369649,0.11067602918840502,0.1748130679838931,28.31,28.09,3,172.0,360.0,459.0,111.0,349.0,439.0,1,1,1,-0.05373958841320292,0.0020090191789334244,0.029637668323517087,-0.18432997962354608,-0.006155690021888718,0.08118395579597804,-0.18172940776085653,0.004433448909331561,0.08662955419114299,20.18,28.3,3,526.0,483.0,0.0,414.0,435.0,0.0,2,1,0,0.00034596801969094537,0.004716953333357962,-0.013320855925031383,-0.024657491236367943,0.020044657340327024,-0.0262287646314459,-0.05284292001122559,0.027364979596259942,-0.040359332942199413
92,least_connections,810,measured,186,103,4,light,1,100.0,88.3,4,824.0,436.0,436.0,896.0,423.0,447.0,2,1,1,0.0004385895494445624,-0.023843676388629373,0.03352883727762039,0.1060644335181235,-0.12367600919412536,0.20532132601102887,0.13546663079903648,-0.10253121168668114,0.15816420436637946,33.63,31.31,4,358.0,819.0,0.0,214.0,788.0,0.0,2,2,0,-0.005537632147092908,0.044901584245792374,-0.016268866981670477,-0.11869311081586142,0.11308362739516192,-0.045200910742414425,-0.13529982130744161,0.1281332394893952,-0.045742903350870626,16.94,24.57,2,364.0,483.0,0.0,302.0,435.0,0.0,1,1,0,-0.04277088154227508,0.004267719682561968,-0.012052202979790299,-0.05162344445195195,0.01813564235553397,-0.02373078704749867,-0.08158803874031524,0.024758791063282798,-0.03651558694770423
92,least_connections,811,measured,358,348,10,medium,2,85.33,65.9,3,408.0,872.0,0.0,448.0,870.0,0.0,1,2,0,-0.04268708111059323,0.02151105016085461,-0.012748285547005583,-0.15495757602328508,0.15108678533229924,-0.07721721297414849,-0.08010161975325272,0.10944795133109803,-0.05911333890660905,33.63,31.31,4,358.0,819.0,0.0,214.0,788.0,0.0,2,2,0,-0.005010238609274548,0.04062524288905024,-0.01471945107865424,-0.10738900502387463,0.10231375811943222,-0.04089606210027972,-0.1224141240400662,0.11593007382373852,-0.04138643636507342,24.1,36.17,3,364.0,841.0,0.0,302.0,783.0,0.0,1,2,0,-0.03869746425253459,0.046945170415742005,-0.010904374124572175,-0.04670692593271843,0.08118939070262596,-0.021470712090594035,-0.07381774933647571,0.12735319191439876,-0.03303791200030383
92,least_connections,812,measured,411,434,15,heavy,0,100.0,87.6,4,844.0,436.0,411.0,871.0,447.0,434.0,2,1,1,0.004462255412411104,-0.023621521509793672,0.03154973711279994,0.12278441534401191,-0.12628655930252292,0.17804156921386566,0.11888424879467607,-0.09233280593853035,0.1428498362273537,33.63,31.31,4,358.0,819.0,0.0,214.0,788.0,0.0,2,2,0,-0.004533073027438883,0.03675617213771212,-0.013317598594972885,-0.09716148073588657,0.09256959067948628,-0.03700119904311022,-0.11075563603625037,0.1048891144119539,-0.03744487099697119,16.82,26.1,2,0.0,841.0,0.0,0.0,783.0,0.0,0,2,0,-0.07809589169333628,0.042474201804718954,-0.009865862303184349,-0.1081253139391262,0.07345706777856635,-0.01942588236768032,-0.1578668525742717,0.11522431649397982,-0.029891444190751085
92,least_connections,813,measured,370,348,15,medium,2,100.0,87.6,4,844.0,847.0,0.0,871.0,881.0,0.0,2,2,0,0.0040372787064671956,0.021712047432182136,-0.014538899981843139,0.11109066150172509,0.13364549396438402,-0.08681953261602633,0.10756193938565928,0.1127941279603773,-0.06708824341334664,33.63,31.31,4,718.0,459.0,0.0,563.0,439.0,0.0,3,1,0,0.03898254844002695,-0.009828315911684496,-0.012049255871642134,0.005153218109708063,-0.009307785303594052,-0.033477275324718773,-0.001531884985178894,-0.0037759202939464664,-0.03387869280678346,24.22,37.7,3,483.0,358.0,370.0,435.0,348.0,348.0,1,1,1,-0.02757428749578497,-0.004654860498678318,0.034157643857209624,-0.010427664992542746,-0.02093884343843995,0.04937658261971781,-0.011641438043388658,-0.02693990412449447,0.07790774097027284
92,least_connections,814,measured,444,404,14,heavy,2,100.0,87.6,4,844.0,847.0,0.0,871.0,881.0,0.0,2,2,0,0.003652775972517952,0.01964423339102192,-0.013154242840715221,0.1005105985015608,0.12091735168206175,-0.0785510057002143,0.0973179451584536,0.10205183005938895,-0.060698886897789815,23.4,24.62,2,360.0,459.0,0.0,349.0,439.0,0.0,1,1,0,-0.05089787567444273,-0.008892285824857404,-0.010901707693390501,-0.08788178225448183,-0.008421329560394625,-0.03028896338903127,-0.061891943558019,-0.0034163088373801442,-0.030652150634708848,33.1,51.17,4,841.0,814.0,0.0,783.0,752.0,0.0,2,2,0,0.01813573534961857,0.03887235977557223,-0.012179365308329613,0.05534639834008036,0.06356961784141149,-0.02227833001073151,0.09441965129407695,0.09746707087148909,-0.03446442483641982
92,least_connections,815,measured,452,433,18,heavy,1,100.0,87.6,4,844.0,847.0,0.0,871.0,881.0,0.0,2,2,0,0.0033048925465638535,0.017773354020448412,-0.011901457808266153,0.0909381605490312,0.10940141342662729,-0.07106995753828912,0.08804956942907705,0.09233260814897093,-0.05491804052657174,36.31,38.16,3,360.0,459.0,452.0,349.0,439.0,433.0,1,1,1,-0.046050458943543426,-0.008045401460585272,0.03322045040892786,-0.07951208870643596,-0.007619298173690392,0.08943923720584246,-0.05599747274296957,-0.0030909460909629705,0.09469269704478724,33.1,51.17,4,841.0,814.0,0.0,783.0,752.0,0.0,2,2,0,0.016408522459178704,0.035170230273136774,-0.011019425755155365,0.050075312783882234,0.057515368523181815,-0.020156584295423746,0.0854273035517839,0.08818449269325201,-0.031182098661522696
92,least_connections,816,measured,368,338,14,medium,1,100.0,87.6,4,844.0,847.0,0.0,871.0,881.0,0.0,2,2,0,0.002990140875462538,0.01608065363754857,-0.01076798563605033,0.0822773833538854,0.09898223119551997,-0.06430139015369016,0.07966389615011737,0.08353902642049749,-0.049687750952612526,46.83,48.72,4,360.0,827.0,452.0,349.0,777.0,433.0,1,2,1,-0.04166470094892023,0.035804727476704025,0.030056597989029973,-0.07193950882963256,0.08823560097210326,0.08092121461480985,-0.050664380100782,0.09276890591770015,0.0856743449452837,33.1,51.17,4,841.0,814.0,0.0,783.0,752.0,0.0,2,2,0,0.014845806034495007,0.03182068453283804,-0.00996995663561676,0.045306235375893456,0.052037714378116884,-0.018236909600621486,0.07729136988018545,0.07978596957960896,-0.028212374979472914
92,least_connections,817,measured,413,425,15,heavy,0,100.0,86.45,4,436.0,847.0,413.0,423.0,881.0,425.0,1,2,1,-0.04037853467276745,0.01454916281492491,0.03334143703223564,-0.17165379601315128,0.08955535203404191,0.19093366287682,-0.13058980824513192,0.0755829286661644,0.1473063205666839,46.83,48.72,4,819.0,368.0,452.0,788.0,338.0,433.0,2,1,1,0.005387266034877158,-0.010689146795453727,0.027194064847217595,0.05356493418815558,-0.03882085082115827,0.07321443227054224,0.07828282276595913,-0.040188251788747464,0.07751488352192334,33.1,51.17,4,841.0,814.0,0.0,783.0,752.0,0.0,2,2,0,0.013431919745495485,0.028790143148758218,-0.009020436956034212,0.04099135581628455,0.04708174158020098,-0.016500061067228962,0.0699302870344535,0.07218730581012239,-0.02552548212428502
92,least_connections,818,measured,171,114,5,light,0,100.0,92.15,5,1043.0,824.0,0.0,984.0,859.0,0.0,3,2,0,0.04963484051148705,0.013163528261122548,-0.01291783814997274,0.2108211686865139,0.0671532550149268,-0.07636160660351204,0.1356330306353568,0.05843217355510111,-0.05898475758252409,46.83,48.72,4,819.0,368.0,452.0,788.0,338.0,433.0,2,1,1,0.0048741930791745824,-0.009671132814934327,0.024604153909387347,0.04846351188452169,-0.03512362693342891,0.06624162919715726,0.0708273158358678,-0.03636079923743818,0.07013251366269255,33.1,51.17,4,841.0,814.0,0.0,783.0,752.0,0.0,2,2,0,0.012152689293543545,0.026048224753638383,-0.008161347722126192,0.037087417167114584,0.0425977661916104,-0.014928626679873823,0.0632702596978389,0.06531232430439643,-0.023094483826734066
92,least_connections,819,measured,355,323,14,medium,1,95.4,71.0,4,607.0,824.0,0.0,561.0,859.0,0.0,2,2,0,0.0018238126169690116,0.0119098589029204,-0.011687567849975336,-0.07224116483918586,0.060757706918267096,-0.0690890726412728,-0.06864154371086761,0.05286720464509148,-0.0533671616222837,56.97,58.81,5,819.0,1175.0,0.0,788.0,1094.0,0.0,2,3,0,0.0044099842144912915,0.0774177279066694,-0.020822999070645005,0.043847939324091034,0.1768337252915235,-0.05691063480801418,0.06408185718483278,0.1808521340232702,-0.058972368590897224,33.1,51.17,4,841.0,814.0,0.0,783.0,752.0,0.0,2,2,0,0.010995290313206063,0.023567441443768072,-0.007384076510495126,0.033555282198817954,0.0385408360781237,-0.01350685271036203,0.0572445206789971,0.059092102942072955,-0.02089500917656892
92,least_connections,820,measured,474,408,16,heavy,0,100.0,91.4,5,1018.0,413.0,474.0,995.0,425.0,408.0,3,1,1,0.044734016404015045,-0.032308313600305574,0.032509434076779684,0.1825437080026413,-0.192933503264425,0.22339560094361033,0.1342290794996912,-0.14850110055920293,0.13628685377031474,46.69,47.91,4,459.0,1175.0,0.0,439.0,1094.0,0.0,1,3,0,-0.03909391450888429,0.07004461096317707,-0.018839856302012147,-0.053389279387046906,0.15999241812090223,-0.051490574350108065,-0.04069677207086558,0.16362812125914922,-0.0533559525346213,23.44,36.67,3,358.0,814.0,0.0,348.0,752.0,0.0,1,2,0,-0.03313578041957092,0.021322923211028244,-0.006680831128543209,-0.057040458962974216,0.03487028026115954,-0.012220485785565645,-0.07939781462376454,0.05346428361425648,-0.018905008302609973
92,least_connections,821,measured,450,410,17,heavy,2,100.0,91.4,5,1018.0,413.0,474.0,995.0,425.0,408.0,3,1,1,0.04047363388934694,-0.029231331352657416,0.02941329749803876,0.16515859295477076,-0.1745588839059083,0.20211982942517126,0.1214453576425778,-0.1343581386011836,0.12330715341123714,46.69,47.91,4,459.0,1175.0,0.0,439.0,1094.0,0.0,1,3,0,-0.035370684555657214,0.06337369563335069,-0.017045584273249086,-0.04830458611209007,0.1447550449665306,-0.04658671012628825,-0.03682088901649744,0.14804449066303976,-0.048274433245609746,25.28,38.73,3,814.0,0.0,450.0,752.0,0.0,410.0,2,0,1,0.013103908418574145,-0.06687563183401299,0.03703933872950399,0.030906251414451913,-0.11574593690656994,0.07037194143210727,0.05000515184833998,-0.1784212037140854,0.10654626232938462
92,least_connections,822,measured,354,305,10,medium,2,100.0,91.4,5,1018.0,887.0,0.0,995.0,833.0,0.0,3,2,0,0.03661900209036151,0.016636505193400652,-0.01647186915710325,0.14942920314955455,0.12797053360894017,-0.10303444004389269,0.10987913310518949,0.06300930317035769,-0.07300781358030924,46.69,47.91,4,459.0,1175.0,0.0,439.0,1094.0,0.0,1,3,0,-0.03200204793130891,0.05733810557303157,-0.01542219529484441,-0.04370414933951006,0.1309688502078134,-0.04214988059045127,-0.033314137681592915,0.13394501536179787,-0.043676868174599294,32.36,48.9,4,814.0,354.0,450.0,752.0,305.0,410.0,2,1,1,0.011855917140614708,-0.017422623813540095,0.03351178266002742,0.02796279889878983,-0.04066537148689661,0.06366985177190658,0.045242756434212356,-0.06944458113814077,0.0963989992503956
92,least_connections,823,measured,438,419,19,heavy,1,100.0,85.7,4,847.0,887.0,0.0,881.0,833.0,0.0,2,2,0,-0.009952422145001721,0.015052076127362507,-0.014903119713569607,0.03205499332578743,0.11578286374142205,-0.09322163623018861,0.047843025190409505,0.05700841715413313,-0.06605468847742264,59.2,61.0,5,827.0,807.0,438.0,777.0,756.0,419.0,2,2,1,0.014129666384144535,0.00879343338693786,0.029130485436183854,0.05558740229826642,0.023366374677817603,0.07508888354741483,0.06542411352617783,0.025622871041626666,0.07895009546107684,32.36,48.9,4,814.0,354.0,450.0,752.0,305.0,410.0,2,1,1,0.010726782174841881,-0.015763326307488654,0.030320184311453377,0.025299675194143195,-0.03679247896433503,0.057606056365058333,0.04093392248809688,-0.06283081150593688,0.08721814217892936
92,least_connections,824,measured,418,439,13,heavy,0,100.0,100.0,5,847.0,1305.0,0.0,881.0,1272.0,0.0,2,3,0,-0.009004572416906331,0.05670244529437106,-0.01348377497894393,0.029002136818569557,0.35688290846446125,-0.08434338516064684,0.04328654660084669,0.2501742821870729,-0.059763765765287157,46.09,47.28,4,368.0,807.0,438.0,338.0,756.0,419.0,1,2,1,-0.030299916355388493,0.007955963540562827,0.02635615348988063,-0.06835969724034399,0.02114100566088259,0.06793756130480388,-0.06492877823822005,0.023182597609090805,0.0714310387504981,32.36,48.9,4,814.0,804.0,0.0,752.0,715.0,0.0,2,2,0,0.009705183872475986,0.02882184309141049,-0.01565135251639479,0.022890182318510505,0.048140138079887346,-0.0293088061458996,0.037035453679706704,0.06680386895494603,-0.04473914120319089
92,least_connections,825,measured,371,350,8,medium,1,100.0,85.3,4,824.0,892.0,0.0,859.0,847.0,0.0,2,2,0,-0.00814699409148667,0.008218312182435489,-0.012199605933330223,0.012367012677118483,0.0737829489281634,-0.07631068181201381,0.029211637400766044,0.03408625531211351,-0.05407197854954552,56.69,58.22,5,368.0,1178.0,438.0,338.0,1106.0,419.0,1,3,1,-0.027414210035827682,0.05028215295393326,0.023846043633701523,-0.061849249884120744,0.11503233845508426,0.06146731737101305,-0.05874508507267526,0.11993306450346314,0.06462808267902209,32.36,48.9,4,1168.0,450.0,0.0,1057.0,410.0,0.0,3,1,0,0.05186478087328325,-0.01700699457262407,-0.01416074751483338,0.08476730781198569,-0.020501779832482886,-0.026517491274861544,0.12549239459909972,-0.03154253126298534,-0.040478270612410806
92,least_connections,826,measured,184,125,5,light,0,100.0,91.55,5,1008.0,892.0,0.0,984.0,847.0,0.0,3,2,0,0.0357128103344599,0.007435615784108313,-0.011037738701584487,0.12217332893009136,0.06675600141119542,-0.06904299782991725,0.08297719574355022,0.030839945282388426,-0.04892226630673166,56.69,58.22,5,1546.0,0.0,438.0,1444.0,0.0,419.0,4,0,1,0.10444836779071372,-0.08375832419814201,0.021574991859063284,0.248558161669469,-0.20044012915288295,0.05561328714520228,0.2595580182675795,-0.20419746544924766,0.0584730271857819,32.36,48.9,4,1168.0,450.0,0.0,1057.0,410.0,0.0,3,1,0,0.04692527793297056,-0.015387280803802736,-0.012812104894373058,0.07669423087751087,-0.01854922937224643,-0.023992015915350922,0.11354073797061404,-0.028538480666510546,-0.036623197220752635
92,least_connections,827,measured,421,440,19,heavy,2,99.27,69.85,4,597.0,892.0,0.0,550.0,847.0,0.0,2,2,0,-0.010772309924150791,0.0067274618999075275,-0.009986525491909775,-0.13736698811086978,0.06039828699108163,-0.06246747422706799,-0.12125872766059742,0.027902807636446647,-0.04426300284894769,56.69,58.22,5,1546.0,0.0,438.0,1444.0,0.0,419.0,4,0,1,0.09450090419159812,-0.07578134094117611,0.019520230729628687,0.22488595579618625,-0.18135059304308457,0.050316783607563975,0.23483820700400052,-0.18475008778741456,0.05290416745380268,40.78,63.57,5,1168.0,450.0,421.0,1057.0,410.0,440.0,3,1,1,0.04245620384411622,-0.013921825489154854,0.031491995798515075,0.06939001841298603,-0.01678263609869915,0.05447389036230155,0.10272733435436507,-0.025820530126842878,0.09956313902249364
92,least_connections,828,measured,466,444,15,heavy,0,100.0,92.05,5,597.0,892.0,466.0,550.0,847.0,444.0,2,2,1,-0.009746375645660249,0.006086751242773469,0.03404847240074376,-0.12428441781459643,0.05464606918240722,0.22456117411201781,-0.10971027740720724,0.02524539738535647,0.16080966408904734,56.69,58.22,5,1546.0,438.0,0.0,1444.0,419.0,0.0,4,1,0,0.08550081807811259,-0.02548017014859244,-0.025422739090426652,0.203468245720359,-0.050854618195443846,-0.0676997808176462,0.21247266347981,-0.0486875794267084,-0.07060158658941663,24.5,38.5,3,354.0,450.0,421.0,305.0,410.0,440.0,1,1,1,-0.04775504459455243,-0.012595937347330582,0.028492758103418402,-0.08451379286444119,-0.015184289803584938,0.049285900803987114,-0.13384987209208238,-0.02336143201952451,0.09008093530606567
92,least_connections,829,measured,188,123,6,light,2,100.0,92.05,5,1071.0,884.0,0.0,958.0,883.0,0.0,3,2,0,0.034265750833064754,0.005507060648223622,-0.012278139483227297,0.17345695531060323,0.0446162848158288,-0.07790496945420608,0.08530974901252675,0.03912678811056064,-0.055362684871814324,56.69,58.22,5,1546.0,438.0,0.0,1444.0,419.0,0.0,4,1,0,0.07735788302305426,-0.023053487277297918,-0.023001525843719353,0.18409031755651528,-0.046011321224449175,-0.06125218264453704,0.19223717171982807,-0.04405066710035521,-0.06387762596185315,28.26,42.6,4,542.0,450.0,421.0,428.0,410.0,440.0,2,1,1,-0.00012304488259959334,-0.011396324266632438,0.025779162093569032,-0.042445812591637266,-0.01373816696514829,0.04459200548932167,-0.0840070271309317,-0.021136533731950735,0.0815017986102499
92,least_connections,830,measured,159,121,5,light,2,100.0,92.05,5,1489.0,466.0,0.0,1397.0,444.0,0.0,4,1,0,0.07408624621857786,-0.038101321545031236,-0.011108792865777078,0.40906422940800613,-0.21175986929361523,-0.07048544855380551,0.27578024910657184,-0.1631948107571118,-0.05009004821735582,46.17,47.66,4,1178.0,438.0,0.0,1106.0,419.0,0.0,3,1,0,0.026906565365529808,-0.0208579170604124,-0.0208109043347937,0.07142865465997644,-0.0416292906316445,-0.055418641440295416,0.07836339346079685,-0.03985536547174995,-0.05779404253691475,31.44,46.63,5,701.0,450.0,421.0,549.0,410.0,440.0,3,1,1,0.042972573904405356,-0.01031096005076268,0.02332400379894341,-0.009631925678147996,-0.01242977011132465,0.04034514782367198,-0.039514294388303284,-0.01912353051938398,0.07373972255213086
92,least_connections,831,measured,390,309,10,medium,1,100.0,85.8,4,1305.0,466.0,0.0,1272.0,444.0,0.0,3,1,0,0.023946513018622592,-0.034472624255028256,-0.010050812592845928,0.2591216043850214,-0.19159226269422325,-0.06377254869153831,0.1929678444297555,-0.14765244782786305,-0.045319567434750505,57.31,57.31,5,1178.0,828.0,0.0,1106.0,728.0,0.0,3,2,0,0.02434403533071744,0.02421245145781281,-0.01882891344576573,0.06462592564474062,0.06315173024483864,-0.05014067558883871,0.07090021313119715,0.05130645504936909,-0.05228984800958954,31.44,46.63,5,1151.0,0.0,421.0,959.0,0.0,440.0,4,0,1,0.08196384804502888,-0.05241286408220932,0.021102670103805943,0.07271397200548516,-0.09267455391024611,0.03650275279284608,0.08789976539470973,-0.1409530355492839,0.0667168918328803
92,least_connections,832,measured,152,100,8,light,0,100.0,69.55,4,892.0,618.0,0.0,847.0,544.0,0.0,2,2,0,-0.021418007495622643,0.011894383043636575,-0.00909359234590822,-0.01466775476275839,-0.08166284085032899,-0.05769897262567752,-0.017671950277840298,-0.08835221470139992,-0.04100341815525046,57.31,57.31,5,1178.0,828.0,0.0,1106.0,728.0,0.0,3,2,0,0.022025555775411015,0.02190650369992589,-0.017035683593788042,0.05847107558333675,0.0571372797453302,-0.04536537315180645,0.06414781188060698,0.04642012599704823,-0.047309862484866724,24.36,36.47,4,797.0,421.0,0.0,654.0,440.0,0.0,3,1,0,0.031073867052078277,-0.004337262514289161,-0.0239910082280758,0.0017316889573437133,-0.00766745353784172,-0.04315465223504402,-0.012455767817484836,0.005169475772870136,-0.07233551056390194
92,least_connections,833,measured,351,319,11,medium,0,100.0,85.5,5,1044.0,817.0,0.0,947.0,763.0,0.0,3,2,0,0.023705702968813067,0.010761584658528334,-0.0082275359320122,0.07841171394480584,0.04614631859573409,-0.05220383237561299,0.02924918784385877,0.019133710508257185,-0.03709833071189327,23.66,22.75,2,0.0,828.0,0.0,0.0,728.0,0.0,0,2,0,-0.10932381688347166,0.019820170014218652,-0.0154132375372368,-0.25161460508446404,0.05169563405529873,-0.041044861423062975,-0.25466983686992706,0.04199916161637696,-0.0428041612958318,24.36,36.47,4,797.0,421.0,0.0,654.0,440.0,0.0,3,1,0,0.028114451142356528,-0.003924189893880672,-0.02170615030159239,0.0015667661995014681,-0.006937219867571079,-0.03904468535551602,-0.011269504215819626,0.0046771447468824945,-0.06544641431972081
92,least_connections,834,measured,363,331,13,medium,1,100.0,85.5,5,1044.0,817.0,0.0,947.0,763.0,0.0,3,2,0,0.02144801697178325,0.009736671833906585,-0.007443961081344371,0.07094393166434809,0.04175143111042612,-0.0472320388160308,0.026463550906348443,0.017311452364613622,-0.03356515635837963,34.03,33.09,3,390.0,801.0,0.0,309.0,750.0,0.0,1,2,0,-0.055828124572574134,0.01793253477476925,-0.013945310152738057,-0.12683498283152186,0.03979264849901179,-0.03713582700181888,-0.14304949526326735,0.044219479557674385,-0.03872757450575258,24.36,36.47,4,797.0,421.0,0.0,654.0,440.0,0.0,3,1,0,0.025436884366893994,-0.0035504575230349,-0.019638897891916925,0.0014175503709775161,-0.006276532261135739,-0.03532614389308592,-0.010196218100027271,0.004231702390036535,-0.0592134224797474
92,least_connections,835,measured,470,417,17,heavy,1,100.0,85.5,5,1044.0,817.0,0.0,947.0,763.0,0.0,3,2,0,0.019405348688756277,0.008809369754486901,-0.0067350124069306214,0.064187366743934,0.03777510433800457,-0.04273374940498025,0.02394321272479144,0.015662742615602798,-0.030368474800438715,47.46,46.12,4,828.0,363.0,470.0,728.0,331.0,417.0,2,1,1,-0.007427260100809713,-0.02685922590672804,0.030466714850470554,-0.0015309708611728479,-0.07722161734443152,0.08789751706638155,-0.010958471904860934,-0.07845916135258034,0.08286255163765242,17.42,28.33,2,450.0,421.0,0.0,410.0,440.0,0.0,1,1,0,-0.0631534765025154,-0.0032123187113172885,-0.017768526664115315,-0.061507930616734624,-0.0056787672838847225,-0.03196174923660155,-0.08281245129685008,0.0038286831147949507,-0.053574048910247654
92,least_connections,836,measured,193,120,6,light,2,92.47,65.1,4,1036.0,351.0,0.0,983.0,319.0,0.0,3,1,0,0.01755722024220807,-0.035113518067935875,-0.00609358265388961,0.05324888737149591,-0.24690188972593233,-0.03866386850926785,0.03794862103671609,-0.1866860900144546,-0.027476239105158836,47.46,46.12,4,828.0,363.0,470.0,728.0,331.0,417.0,2,1,1,-0.006719901995970695,-0.024301204391801556,0.027565122959949548,-0.001385164112489734,-0.0698671775973428,0.0795263249648214,-0.009914807913921797,-0.07098686027138222,0.0749708800531141,21.28,32.33,3,643.0,421.0,0.0,530.0,440.0,0.0,2,1,0,-0.014054959465994665,-0.002906383595953743,-0.016076286029437666,-0.020726222938950378,-0.00513793230446713,-0.02891777311882997,-0.038735074982864354,0.0034640466276716353,-0.048471758537843114
92,least_connections,837,measured,486,403,14,heavy,2,64.6,43.15,3,969.0,0.0,0.0,863.0,0.0,0.0,3,0,0,0.015885104028664443,-0.0748532737167946,-0.005513241448757266,0.007764866351988364,-0.43510170975203405,-0.034981595317909,-0.0199512476334473,-0.3132159862035542,-0.02485945442847704,47.46,46.12,4,828.0,363.0,470.0,728.0,331.0,417.0,2,1,1,-0.0060799113296877705,-0.021986803973534738,0.024939873154240066,-0.0012532437208240543,-0.06321316068331016,0.07195238925388603,-0.008970540493548285,-0.06422620691220297,0.0678307962385318,31.0,45.77,4,643.0,907.0,0.0,530.0,843.0,0.0,2,2,0,-0.012716391897804685,0.040454315068513505,-0.014545211169491222,-0.01875229694476463,0.08329425172452976,-0.02616369948846521,-0.03504602022259157,0.1246738199647188,-0.04385540058185806
92,least_connections,838,measured,470,442,21,heavy,0,95.93,65.25,4,969.0,0.0,470.0,863.0,0.0,442.0,3,0,1,0.014372236978315439,-0.0677243905056713,0.03809572939216746,0.007025355270846578,-0.3936634516804118,0.25184204868062204,-0.01805112881121418,-0.28338589227940614,0.1774604936123303,47.46,46.12,4,828.0,833.0,0.0,728.0,748.0,0.0,2,2,0,-0.005500872155431796,0.023191077584035463,-0.02051925308720683,-0.0011338871759836722,0.06430373897360372,-0.056396817885939844,-0.008116203303686537,0.05979236041276875,-0.05653106530799503,22.0,32.1,3,193.0,907.0,0.0,120.0,843.0,0.0,1,2,0,-0.054589207181913985,0.036601523157226507,-0.013159952962873011,-0.09839493533097751,0.07536146584600312,-0.023671918584801856,-0.15535909766170983,0.11280012282522175,-0.039678695764538245
92,least_connections,839,measured,186,123,1,light,2,95.93,65.25,4,969.0,0.0,470.0,863.0,0.0,442.0,3,0,1,0.01300345250419016,-0.06127444855275023,0.034467564688151514,0.006356273816480185,-0.35617169437751545,0.22785709166341994,-0.0163319736863366,-0.25639675968136744,0.16055949422067978,47.46,46.12,4,828.0,833.0,0.0,728.0,748.0,0.0,2,2,0,-0.004976979569200207,0.020982403528413046,-0.018565038507472847,-0.0010258979211280883,0.058179573357070025,-0.05102569237299319,-0.007343231560478308,0.05409784989726696,-0.05114715432628122,25.72,36.2,4,800.0,486.0,0.0,683.0,403.0,0.0,3,1,0,0.03677756538416399,-0.009968236417838144,-0.011906624109266057,0.020814106129115578,-0.007996768996473377,-0.02141745014815406,0.029230657671151405,-0.030641158713688277,-0.03589977235839174
92,least_connections,840,measured,382,348,8,medium,0,100.0,77.65,4,817.0,382.0,470.0,763.0,348.0,442.0,2,1,1,-0.031318871770585316,-0.012354886559064263,0.031184939479756132,-0.08593162527715292,-0.0918378822145775,0.20615641626690376,-0.060014642859066436,-0.07454944923552292,0.1452681138187103,47.46,46.12,4,1191.0,470.0,0.0,1059.0,417.0,0.0,3,1,0,0.03858091871176671,-0.024099820843907466,-0.016796939601999242,0.09290854133666643,-0.0411980730850999,-0.04616610262318432,0.08694243335004342,-0.04464063580723465,-0.04627599677139729,22.0,32.1,3,614.0,486.0,0.0,560.0,403.0,0.0,2,1,0,-0.009808960117275667,-0.009018880568520224,-0.010772659908383575,-0.014825332549847817,-0.007235171949190197,-0.019377692991187006,-0.010648452583243956,-0.02772295312190845,-0.03248074641949729
92,least_connections,841,measured,182,105,4,light,2,100.0,77.65,4,1199.0,0.0,470.0,1111.0,0.0,442.0,3,0,1,0.014747778148608753,-0.054262130923053604,0.028214945243588883,0.15266503744765525,-0.313504115654459,0.18652247186053197,0.103129608841797,-0.22487807311785407,0.1314330553597855,36.31,36.47,3,801.0,470.0,0.0,750.0,417.0,0.0,2,1,0,-0.008177354725635105,-0.021804599811154374,-0.015197231068475505,-0.01675621770219976,-0.03727444707699515,-0.04176933094478581,-0.008703869826151178,-0.040389146682736105,-0.04186875898364517,25.64,35.6,4,796.0,486.0,0.0,665.0,403.0,0.0,3,1,0,0.03420912678731748,-0.008159939561994484,-0.00974669229806133,0.019519937216804367,-0.006546107954029226,-0.017532198420597767,0.022032352424684043,-0.025082671872202894,-0.029387341998592786
92,least_connections,842,measured,383,332,8,medium,1,100.0,77.65,4,1199.0,0.0,470.0,1111.0,0.0,442.0,3,0,1,0.013343227848741257,-0.04909430893038183,0.025527807601342323,0.13812551007168805,-0.2836465808302248,0.1687584269214337,0.09330774133305442,-0.20346111377329654,0.11891562151599638,34.74,33.75,3,363.0,853.0,0.0,331.0,749.0,0.0,1,2,0,-0.05048245926423675,0.023355928969046258,-0.013749875728620695,-0.12838487724076575,0.06528230298475948,-0.037791299426234784,-0.12634219174747013,0.05732648633466736,-0.03788125812805992,21.78,31.6,3,603.0,486.0,0.0,545.0,403.0,0.0,2,1,0,-0.012132785514422512,-0.007382802460852156,-0.008818435888722156,-0.017262913946700834,-0.00592266910126453,-0.015862465237683695,-0.01625644304433349,-0.02269384597961216,-0.02658854752253633
92,least_connections,843,measured,197,105,7,light,1,80.2,55.45,3,733.0,0.0,470.0,667.0,0.0,442.0,2,0,1,-0.031011455982658143,-0.04441866046082166,0.023096587829785912,-0.1561086654906949,-0.2566326207511558,0.15268619578605908,-0.1164358530796174,-0.18408386484250638,0.10759032422875862,40.37,37.03,4,943.0,470.0,0.0,768.0,417.0,0.0,3,1,0,0.04049319445253863,-0.021952345445239316,-0.012440363754466343,0.03377422671413707,-0.03994186192535368,-0.03419212805230766,0.009246945561812742,-0.042002226649586666,-0.03427351925872088,21.78,31.6,3,603.0,486.0,0.0,545.0,403.0,0.0,2,1,0,-0.01097728213209656,-0.006679678416961474,-0.007978584851700998,-0.015618826904157904,-0.005358605377334569,-0.0143517542626662,-0.01470821037344458,-0.020532527314887195,-0.024056304901342394
92,least_connections,844,measured,392,305,11,medium,0,82.93,54.75,3,382.0,392.0,470.0,348.0,305.0,442.0,1,1,1,-0.07114188421106711,0.002895588381252062,0.02089691279837773,-0.352955459253486,0.004253025669589183,0.13814465333024392,-0.24965624802441577,-0.028575877714648645,0.09734362668316256,40.37,37.03,4,943.0,470.0,0.0,768.0,417.0,0.0,3,1,0,0.036636699742773046,-0.019861645879026044,-0.01125556720642193,0.030557633693743064,-0.036137875075320014,-0.030935734904468836,0.008366284079735331,-0.03800201458772126,-0.03100937456741413,21.78,31.6,3,1089.0,0.0,0.0,948.0,0.0,0.0,3,0,0,0.03315207353581286,-0.049127418794484415,-0.0072187196277294745,0.07381153756290476,-0.09279111915092175,-0.012984920523364658,0.108232254106566,-0.14011673106267572,-0.02176522824407169
92,least_connections,845,measured,499,438,18,heavy,0,100.0,76.65,4,382.0,862.0,499.0,348.0,747.0,438.0,1,2,1,-0.06436646666715595,0.04570371828598543,0.01890673062710366,-0.3193406536102969,0.2873400390978823,0.142480083171808,-0.22587946249828095,0.1740980154010322,0.08626328128476612,40.37,37.03,4,1413.0,0.0,0.0,1185.0,0.0,0.0,4,0,0,0.0762313904702187,-0.061053960783971406,-0.010183608424857936,0.14914398150522334,-0.15419277132665007,-0.027989474437376566,0.12547128083404624,-0.15228456081746208,-0.028056100799088973,18.14,28.1,2,907.0,0.0,0.0,843.0,0.0,0.0,2,0,0,-0.013089167027688586,-0.044448617004533515,-0.006531222520326668,0.03384853398548526,-0.08395386970797683,-0.011748261425901357,0.0662577537154645,-0.12677228048527803,-0.01969234936368391
92,least_connections,846,measured,154,123,7,light,2,100.0,76.65,4,382.0,862.0,499.0,348.0,747.0,438.0,1,2,1,-0.05823632698456967,0.04135098321112967,0.01710608961499855,-0.2889272580283639,0.25997432108856017,0.12891055144115962,-0.2043671327365399,0.15751725202950534,0.07804773068621695,40.37,37.03,4,1413.0,0.0,0.0,1185.0,0.0,0.0,4,0,0,0.06897125804448358,-0.0552392978521646,-0.009213740955823847,0.13493979279044016,-0.13950774548601674,-0.025323810205245465,0.11352163504032753,-0.13778126931103712,-0.025384091199175736,12.8,17.53,2,640.0,0.0,0.0,526.0,0.0,0.0,2,0,0,-0.011842579691718258,-0.04021541538505413,-0.0059092013279146045,-0.017689421632180014,-0.0759582630691219,-0.010629379385339323,-0.03565568314632578,-0.1146987299628706,-0.01781688751952354
92,least_connections,847,measured,184,101,2,light,2,100.0,76.65,4,382.0,862.0,499.0,348.0,747.0,438.0,1,2,1,-0.05269001012889636,0.03741279433387923,0.015476938223093928,-0.2614103763113768,0.2352148619372687,0.1166333560658111,-0.18490359628544084,0.14251560897907628,0.07061461347800582,30.0,26.69,3,1050.0,0.0,0.0,854.0,0.0,0.0,3,0,0,0.01931866657539444,-0.04997841234243464,-0.008336241817173956,0.028251649259377842,-0.12622129353496753,-0.02291201875712685,0.009123741226962967,-0.12465924366236693,-0.022966558704016142,16.48,20.9,3,824.0,0.0,0.0,627.0,0.0,0.0,3,0,0,0.0323691852675837,-0.03638537582457279,-0.005346420249065595,0.017290523285170473,-0.06872414277682458,-0.00961705753911653,-0.0017995863387391953,-0.10377504139497816,-0.016120041089092724
92,least_connections,848,measured,188,112,5,light,1,90.73,59.25,3,392.0,470.0,499.0,305.0,442.0,438.0,1,1,1,-0.047671913926144324,-0.009234229162771404,0.014002944106608795,-0.23048240396426162,-0.023630997929772746,0.10552541739287671,-0.18674611092492263,-0.009033496637978589,0.06388941219438624,35.37,30.19,4,1238.0,0.0,0.0,966.0,0.0,0.0,4,0,0,0.06056269379497137,-0.045218563547917055,-0.007542314025062151,0.0741596554523623,-0.11420021796020871,-0.02072992173263858,0.03992148015772845,-0.1127869347421415,-0.02077926739887175,16.48,20.9,3,824.0,0.0,0.0,627.0,0.0,0.0,3,0,0,0.029286405718290012,-0.03292010193651824,-0.004837237368202205,0.015643806781820896,-0.0621789863218889,-0.008701147297295908,-0.00162819716362117,-0.09389170411926595,-0.014584799080607704
92,least_connections,849,measured,402,440,18,heavy,0,100.0,81.25,4,392.0,969.0,402.0,305.0,880.0,440.0,1,2,1,-0.04313173164746391,0.03472912146044038,0.012669330382169858,-0.20853169882480815,0.27960370028576115,0.03696744113323766,-0.16896076702731097,0.1899696935180194,0.058709468175873275,35.37,30.19,4,1238.0,0.0,0.0,966.0,0.0,0.0,4,0,0,0.05479481819545029,-0.04091203368621067,-0.00682399840362766,0.06709683112356585,-0.10332400672590313,-0.018755643472387288,0.03611943442842097,-0.1020453219095566,-0.018800289551360153,12.8,17.53,2,640.0,0.0,0.0,526.0,0.0,0.0,2,0,0,-0.01658667600544736,-0.02978485413304031,-0.0043765480950400905,-0.01914131767359062,-0.05625717810075663,-0.007872466602315345,-0.031933448227403294,-0.08494963706028824,-0.013195770596740304
92,least_connections,850,measured,378,327,10,medium,2,100.0,81.25,4,392.0,969.0,402.0,305.0,880.0,440.0,1,2,1,-0.03902394768103877,0.031421586083255584,0.011462727488629865,-0.18867153703196932,0.252974776449022,0.03344673245388169,-0.15286926540566234,0.1718773417543985,0.05311809025436154,18.8,16.53,2,658.0,0.0,0.0,529.0,0.0,0.0,2,0,0,-0.036591536371916866,-0.03701564952561918,-0.00617409379375836,-0.08922531605827039,-0.09348362513295998,-0.01696939171311231,-0.09087705932666676,-0.09232671982293217,-0.017009785784563948,20.36,28.43,3,640.0,378.0,0.0,526.0,327.0,0.0,2,1,0,-0.015006992576357125,0.016135698868292324,-0.003959733990750558,-0.017318335038010557,0.017500648385029717,-0.007122707878285312,-0.0288921674438411,0.021759852183548728,-0.011939030539907894
92,least_connections,851,measured,391,320,14,medium,1,100.0,81.25,4,392.0,969.0,402.0,305.0,880.0,440.0,1,2,1,-0.035307381235225546,0.028429054075326476,0.010371039156379408,-0.17070281921940084,0.22888194059673417,0.0302613293630358,-0.13831028774798024,0.15550807111112247,0.04805922451585093,29.97,26.53,3,658.0,391.0,0.0,529.0,320.0,0.0,2,1,0,-0.03310662814602003,0.009593550655959057,-0.005586084861019468,-0.08072766690986372,0.01649440719262804,-0.015353259169006374,-0.08222210129555566,0.006942491588775662,-0.015389806186034048,10.64,15.0,2,154.0,378.0,0.0,123.0,327.0,0.0,1,1,0,-0.05666165541489,0.014598965642740672,-0.0035826164678219334,-0.10361182693915244,0.015833919967407843,-0.006444354747020044,-0.1476802149888721,0.019687485308925043,-0.010801980012297619
92,least_connections,852,measured,391,344,13,medium,2,100.0,81.25,4,862.0,499.0,402.0,747.0,438.0,440.0,2,1,1,0.011139126728219956,-0.01736237511098579,0.009383321141486128,0.12904665562689133,-0.07640840295216117,0.027379297995127616,0.07481450156135122,-0.05925460232803206,0.043482155514341314,16.54,13.5,2,188.0,391.0,0.0,112.0,320.0,0.0,1,1,0,-0.07303751616839453,0.008679879164915333,-0.0050540767790176145,-0.19453591631980865,0.0149235112695206,-0.013891044010053387,-0.1922932106959789,0.006281301913654169,-0.01392411035879271,18.46,26.47,3,154.0,769.0,0.0,123.0,671.0,0.0,1,2,0,-0.051265307280138575,0.056292488189237024,-0.0032414148994579397,-0.09374403389732838,0.08507830854194043,-0.005830606675875278,-0.1336154326089795,0.12155851845410681,-0.009773220011126417
92,least_connections,853,measured,354,313,13,medium,1,100.0,81.25,4,862.0,901.0,0.0,747.0,878.0,0.0,2,2,0,0.01007825751600852,0.027375084650151177,-0.034594228717793725,0.11675649794813975,0.173344778281378,-0.21770444467107503,0.06768931093646063,0.14543631217939956,-0.15970662120131024,21.29,19.78,2,0.0,745.0,0.0,0.0,633.0,0.0,0,2,0,-0.10916546247435242,0.05093712423310934,-0.004572736133396889,-0.2246073256498949,0.10501242856357987,-0.01256808743766735,-0.2056462382487428,0.09418010649330616,-0.012598004610336262,15.38,22.37,2,378.0,391.0,0.0,327.0,344.0,0.0,1,1,0,-0.046382897062982514,0.007847398611123754,-0.0029327087185571834,-0.044282697335678065,0.008575612490327067,-0.005275310801982395,-0.05936634378907672,0.011362469077525209,-0.0088424371529239
92,least_connections,854,measured,357,316,8,medium,1,100.0,81.25,4,862.0,901.0,0.0,747.0,878.0,0.0,2,2,0,0.009118423466864839,0.024767933731089153,-0.03129954026848004,0.10563683147688835,0.15683575177838965,-0.19697068803573456,0.061242709894892944,0.13158523482898055,-0.14449646680118547,31.49,29.66,3,0.0,1102.0,0.0,0.0,949.0,0.0,0,3,0,-0.09876875176250934,0.08916986977099915,-0.004137237454025756,-0.20321615177847635,0.18729695917657224,-0.011371126729318079,-0.18606088222505301,0.1745558106368008,-0.011398194647447095,15.38,22.37,2,378.0,391.0,0.0,327.0,344.0,0.0,1,1,0,-0.04196547829507942,0.007100027314826257,-0.002653403126313642,-0.04006529758942301,0.007758887491248298,-0.0047729002494126425,-0.05371240628535513,0.01028032916537995,-0.008000300281216862
92,least_connections,855,measured,457,441,15,heavy,2,91.4,66.0,3,470.0,901.0,0.0,442.0,878.0,0.0,1,2,0,-0.034833898042451086,0.022409082899556843,-0.02831863167148194,-0.14086826358440258,0.1418990135137811,-0.17821157488947412,-0.08256611961890639,0.11905330770241096,-0.1307348985344059,31.49,29.66,3,357.0,745.0,0.0,316.0,633.0,0.0,1,2,0,-0.04627830374884631,0.03759360099462282,-0.0037432148393566366,-0.09157651827576431,0.07717343925499395,-0.010288162278906833,-0.0789955601083813,0.06858620962377215,-0.010312652300071182,24.52,37.07,3,378.0,391.0,457.0,327.0,344.0,441.0,1,1,1,-0.03796876607650042,0.006423834237223758,0.04068320216009264,-0.036249554961858915,0.007019945825415125,0.07837689977434094,-0.048596939020083205,0.009301250197248534,0.12576163307889904
92,least_connections,856,measured,494,436,17,heavy,0,100.0,87.8,4,969.0,402.0,494.0,880.0,440.0,436.0,2,1,1,0.011567516283587348,-0.022809015698586885,0.017462281095416563,0.17353188850300083,-0.1725993052335631,0.13672921002063448,0.12344017748765612,-0.09042795969781867,0.07895413942125182,31.49,29.66,3,357.0,745.0,0.0,316.0,633.0,0.0,1,2,0,-0.04187084624895618,0.03401325804275398,-0.003386718187989338,-0.08285494510664389,0.06982358789737547,-0.009308337299963325,-0.07147217343139262,0.06205418965960338,-0.00933049493815964,24.52,37.07,3,378.0,848.0,0.0,327.0,785.0,0.0,1,2,0,-0.03435269311683371,0.048895940727102676,-0.006275288748578308,-0.03279721639406283,0.08904661765156607,-0.01178280496607248,-0.04396865911340862,0.14141541684512962,-0.01921566530956754
92,least_connections,857,measured,359,322,7,medium,1,100.0,87.8,4,969.0,402.0,494.0,880.0,440.0,436.0,2,1,1,0.010465848066102845,-0.020636728489197648,0.015799206705376892,0.15700504197890552,-0.1561612761636999,0.1237073804948598,0.11168397010787934,-0.08181577305993118,0.07143469757160878,41.74,39.72,4,716.0,745.0,0.0,638.0,633.0,0.0,2,2,0,0.005200753620558912,0.030773900133920257,-0.00306417359865702,0.017838723134805196,0.06317372238333971,-0.008421828985681104,0.02637636689540665,0.05614426683487925,-0.008441876372620626,24.52,37.07,3,378.0,848.0,0.0,327.0,785.0,0.0,1,2,0,-0.03108100805808764,0.04423918446737861,-0.00567764220109466,-0.029673671975580657,0.08056598739903598,-0.010660633064541767,-0.03978116776927447,0.12794728190749824,-0.017385601946751584
92,least_connections,858,measured,365,338,12,medium,2,100.0,87.8,4,969.0,402.0,494.0,880.0,440.0,436.0,2,1,1,0.009469100631235905,-0.01867132577594073,0.014294520352483853,0.14205218083805737,-0.14128877367191894,0.11192572520963506,0.10104740152617658,-0.07402379467327105,0.06463139304097937,41.74,39.72,4,1107.0,354.0,0.0,958.0,313.0,0.0,3,1,0,0.04778934397869161,-0.015240847724639045,-0.002772347541642066,0.11721462705393937,-0.04391765253752258,-0.007619750034663856,0.11434052242917744,-0.039678996673204486,-0.007637888146656757,31.82,48.33,4,769.0,822.0,0.0,671.0,779.0,0.0,2,2,0,0.014962988174201886,0.04002592880381874,-0.005136914372418978,0.043904772974474635,0.0681882743134135,-0.009645334677442552,0.06775354662145011,0.11395230267821269,-0.01572983033277524
92,least_connections,859,measured,442,438,17,heavy,0,100.0,87.6,4,499.0,896.0,442.0,438.0,876.0,438.0,1,2,1,-0.034516618703258214,0.026190795953287188,0.012933137461771105,-0.1549686617814402,0.17013555397937496,0.06990105296744764,-0.10852854147631644,0.13026418577180238,0.05938078417993373,41.74,39.72,4,1461.0,0.0,0.0,1271.0,0.0,0.0,4,0,0,0.08632187811224025,-0.056873238644287935,-0.0025083144424380595,0.19756153332091114,-0.1312452230441531,-0.00689405955517206,0.19194797267401773,-0.12439706841861357,-0.006910470227927542,31.82,48.33,4,769.0,822.0,0.0,671.0,779.0,0.0,2,2,0,0.013537941681420751,0.036213935584407435,-0.004647684432188599,0.03972336602452467,0.06169415295023126,-0.008726731374828975,0.06130082789559774,0.10309970242314481,-0.014231751253463314
92,least_connections,860,measured,361,342,10,medium,0,100.0,100.0,5,901.0,855.0,442.0,878.0,778.0,438.0,2,2,1,0.01185457854285707,0.023696434433926494,0.011701410084459574,0.10226644886441127,0.12920200915594232,0.0632438098276907,0.10085512914047562,0.07352473950782118,0.05372547140089243,41.74,39.72,4,1461.0,0.0,0.0,1271.0,0.0,0.0,4,0,0,0.07810074686345546,-0.05145673972578432,-0.0022694273526820538,0.17874614919511006,-0.11874567799232899,-0.006237482454679483,0.17366721337173033,-0.11254972856922181,-0.006252330206220157,24.26,37.43,3,391.0,822.0,0.0,344.0,779.0,0.0,1,2,0,-0.03083528632451954,0.0327649893382734,-0.004205047819599209,-0.03245981169209672,0.05581851933592352,-0.00789561410103574,-0.04315639380874492,0.09328068314475008,-0.012876346372181094
92,least_connections,861,measured,178,117,9,light,2,100.0,100.0,5,901.0,855.0,442.0,878.0,778.0,438.0,2,2,1,0.010725571062584954,0.021439631154504923,0.010586990076415809,0.0925267870678006,0.11689705590299543,0.05722058984410111,0.0912498787461446,0.06652238336421917,0.04860875983890267,41.74,39.72,4,1461.0,0.0,0.0,1271.0,0.0,0.0,4,0,0,0.07066258049550732,-0.0465560978471382,-0.002053291414331382,0.16172270641462339,-0.10743656580258337,-0.005643436506614771,0.15712747876489888,-0.1018307068007245,-0.005656870186580142,27.82,41.33,4,391.0,1000.0,0.0,344.0,896.0,0.0,1,3,0,-0.027898592388851007,0.07272841438995711,-0.0038045670748754748,-0.029368401054754176,0.0827119936848832,-0.0071436508533180496,-0.03904626106505493,0.1196825228452501,-0.011650027670068609
92,least_connections,862,measured,165,104,1,light,1,100.0,100.0,5,901.0,1297.0,0.0,878.0,1216.0,0.0,2,3,0,0.00970408810424353,0.06248166174749992,-0.033505194919524015,0.08371471210896242,0.3723671775630277,-0.214832164744226,0.08255941410365464,0.2583297754247697,-0.15416350300289758,36.26,33.09,4,1269.0,0.0,0.0,1059.0,0.0,0.0,4,0,0,0.06393281092450662,-0.04212218376645837,-0.0018577398510617267,0.09668789083772045,-0.09720451191662305,-0.00510596636312765,0.08222248078728944,-0.09213254424827454,-0.005118120645001081,27.82,41.33,4,391.0,1000.0,0.0,344.0,896.0,0.0,1,3,0,-0.02524158358991281,0.06580189873377072,-0.003442227353458763,-0.02657141047811093,0.07483466095298957,-0.006463303153002045,-0.0353275695350497,0.10828418733617867,-0.01054050122530017
92,least_connections,863,measured,371,335,10,medium,1,100.0,82.8,4,763.0,936.0,0.0,782.0,874.0,0.0,2,2,0,0.008779889237172711,0.013447127068599712,-0.03031422397480744,-0.0074962128537958694,0.11915760509670759,-0.19437195857810924,0.031268041331877994,0.07901265395574403,-0.13948126462166924,42.14,40.31,4,1104.0,371.0,0.0,955.0,335.0,0.0,3,1,0,0.01476007156208195,0.004973353009485509,-0.0016808122461987051,0.044826459057257295,0.007957822551626761,-0.004619683852353588,0.044987006426595255,0.011359245680132565,-0.004630680583572406,27.82,41.33,4,1391.0,0.0,0.0,1240.0,0.0,0.0,4,0,0,0.10641407743225575,-0.06971664944495573,-0.003114396176938881,0.15691158099599486,-0.11324483056634278,-0.005847750471763755,0.23825918311908204,-0.17225081463234632,-0.009536643965747773
92,least_connections,864,measured,407,423,12,heavy,0,100.0,100.0,5,763.0,1343.0,0.0,782.0,1297.0,0.0,2,3,0,0.007943709309822938,0.05525034852691901,-0.02742715502482578,-0.006782287820101041,0.3533013252462275,-0.17586034347543217,0.028290132633603915,0.26284478215043505,-0.12619733465770075,31.89,30.25,3,745.0,371.0,0.0,633.0,335.0,0.0,2,1,0,-0.02972954976582609,0.0044997003419154635,-0.001520734889417876,-0.05224544860805974,0.007199934689567075,-0.0041797139616532464,-0.050339137042604315,0.010277412758215185,-0.004189663385136939,27.82,41.33,4,1391.0,0.0,0.0,1240.0,0.0,0.0,4,0,0,0.09627940339108854,-0.06307696854543614,-0.002817787017230416,0.1419676209011382,-0.10245960860764347,-0.005290821855405302,0.21556783234583612,-0.15584597514355142,-0.00862839215948608
92,least_connections,865,measured,403,432,18,heavy,1,100.0,100.0,5,763.0,1343.0,0.0,782.0,1297.0,0.0,2,3,0,0.007187165566030274,0.04998841057197434,-0.02481504502246142,-0.006136355646758074,0.319653579984682,-0.15911173933491482,0.025595834287546415,0.23781194575515552,-0.11417854088077686,32.23,33.75,3,354.0,371.0,403.0,313.0,335.0,432.0,1,1,1,-0.06998206430060001,0.004071157452209234,0.04170799723156977,-0.14834452152974112,0.006514226623894018,0.10039522478299401,-0.13602112399092772,0.009298611543147081,0.11835220931820944,20.0,29.87,3,1000.0,0.0,0.0,896.0,0.0,0.0,3,0,0,0.04402603617470369,-0.05706963820777555,-0.002549426348922757,0.057694514148648846,-0.09270155064501076,-0.004786934059652416,0.09129153085258193,-0.14100350132035605,-0.007806640525249309
92,least_connections,866,measured,187,125,8,light,1,100.0,100.0,5,1257.0,849.0,0.0,1218.0,861.0,0.0,3,2,0,0.04958657383411809,0.0021437093383622763,-0.02245170740127462,0.2924163131449966,-0.008757872077351236,-0.14395824035063723,0.2203962310220658,0.017925093778474066,-0.10330439413022668,27.46,27.88,3,371.0,187.0,403.0,335.0,125.0,432.0,1,1,1,-0.06331710579578097,0.0036834281710464434,0.03773580701903931,-0.12982191403711274,-0.04167080176205507,0.09083377480366124,-0.11684649313464888,-0.050961970508581214,0.10708057033552283,20.0,29.87,3,1000.0,0.0,0.0,896.0,0.0,0.0,3,0,0,0.039833080348541425,-0.051634434568939784,-0.002306623839501542,0.05219979851544421,-0.08387283153596212,-0.004331035577780758,0.08259709934281223,-0.1275745964327031,-0.007063150951416042
92,least_connections,867,measured,432,433,18,heavy,1,100.0,81.95,4,855.0,849.0,0.0,778.0,861.0,0.0,2,2,0,0.0017801427660161517,0.0019395465442325344,-0.020313449553534178,0.022090949988330277,-0.007923789022365457,-0.13024793174581464,0.00035849473425003664,0.016217941990048,-0.09346588040353843,39.8,41.41,4,558.0,0.0,835.0,460.0,0.0,865.0,2,0,2,-0.014203005017044468,-0.03975127473866773,0.07722582086303104,-0.06911778616963263,-0.08604229002961446,0.19385640849582958,-0.07037599378849188,-0.08145071141252586,0.219308016017854,20.0,29.87,3,1000.0,0.0,0.0,896.0,0.0,0.0,3,0,0,0.03603945364868033,-0.0467168693718979,-0.002086945378596633,0.047228389133020965,-0.07588494281825144,-0.0039185559989444955,0.07473070892921108,-0.11542463486768377,-0.0063904699084240384
92,least_connections,868,measured,186,125,5,light,2,100.0,81.95,4,855.0,849.0,0.0,778.0,861.0,0.0,2,2,0,0.0016106053597289005,0.0017548278257341898,-0.018378835310340447,0.019987049989441674,-0.007169142448806842,-0.11784336681764182,0.00032435237860717336,0.014673376086233925,-0.08456436798415382,39.8,41.41,4,558.0,0.0,835.0,460.0,0.0,865.0,2,0,2,-0.012850337872564038,-0.035965439049270805,0.0698709807808376,-0.06253513986776285,-0.07784778621727022,0.17539389340098865,-0.06367351818958791,-0.07369350080180911,0.1984215383018679,23.72,34.03,4,1186.0,0.0,0.0,1021.0,0.0,0.0,4,0,0,0.07569102495651577,-0.042267643717431434,-0.0018881886758731442,0.07638759016797134,-0.06865780540698939,-0.0035453601895212104,0.10531191125341316,-0.10443181249933293,-0.005781853726669368
92,least_connections,869,measured,463,440,18,heavy,0,100.0,100.0,5,1704.0,0.0,463.0,1639.0,0.0,440.0,4,0,1,0.08762501482660279,-0.08458009908737428,0.02645543018406839,0.4071311404666378,-0.51858160507273,0.1726496522443558,0.3897934616758827,-0.3762240883029312,0.12253700039528942,39.8,41.41,4,558.0,403.0,432.0,460.0,432.0,433.0,2,1,1,-0.011626496170415085,0.010543741086940922,0.0201327014320957,-0.05657941226130925,0.033743159408864354,0.05451284232878566,-0.05760937360010335,0.05546778498883938,0.05738139179692808,23.72,34.03,4,1186.0,0.0,0.0,1021.0,0.0,0.0,4,0,0,0.06848235591303807,-0.03824215383958082,-0.0017083611829328447,0.0691125815805455,-0.06211896679679992,-0.003207706838138238,0.09528220541975474,-0.09448592559463456,-0.0052312009907960946
92,least_connections,870,measured,357,308,8,medium,1,100.0,86.85,4,1343.0,0.0,463.0,1297.0,0.0,440.0,3,0,1,0.036195875092549915,-0.0765248515552434,0.023935865404633307,0.2736583334380691,-0.46919288078008903,0.15620682822108384,0.19795598913532242,-0.34039322275027106,0.11086680988145234,50.0,51.03,5,558.0,760.0,432.0,460.0,740.0,433.0,2,2,1,-0.010519210820851749,0.05262347549589439,0.018215301295705633,-0.051190896807851244,0.12281523946516298,0.0493211430593775,-0.05212276659056969,0.13726847213275944,0.05191649734007779,3.72,4.17,1,186.0,0.0,0.0,125.0,0.0,0.0,1,0,0,-0.06729147390180908,-0.034600043950096936,-0.0015456601178916213,-0.11842194999855409,-0.05620287472091422,-0.002902210948791739,-0.18401451255672982,-0.08548726601419318,-0.004732991372625038
92,least_connections,871,measured,466,429,18,heavy,2,100.0,86.85,4,1343.0,0.0,463.0,1297.0,0.0,440.0,3,0,1,0.032748648893259444,-0.06923677045474402,0.021656259175620612,0.24759563501539583,-0.42450784451531864,0.14132998743812347,0.17910303778910125,-0.30797482058357856,0.1003080660832188,50.0,51.03,5,915.0,835.0,0.0,768.0,865.0,0.0,3,2,0,0.033566519007891496,0.04761171592485683,-0.026603389530642747,0.04597014098337274,0.13050630509433114,-0.06704957804831832,0.039924639751389324,0.15953754621535376,-0.0754535262161201,13.04,18.47,2,186.0,0.0,466.0,125.0,0.0,429.0,1,0,1,-0.060882762101636775,-0.031304801669135324,0.041685445834379234,-0.10714366904631085,-0.05085021998558906,0.08169799961775986,-0.1664893208846603,-0.07734562163188907,0.12509872209143447
92,least_connections,872,measured,165,103,6,light,2,100.0,86.85,4,1343.0,0.0,463.0,1297.0,0.0,440.0,3,0,1,0.02962972995104425,-0.06264279231619697,0.019593758301751984,0.22401509834726285,-0.3840785259900502,0.12786998863449267,0.16204560561871068,-0.2786438852899044,0.09075491693243606,50.0,51.03,5,915.0,835.0,0.0,768.0,865.0,0.0,3,2,0,0.03036970767380659,0.04307726678915618,-0.02406973338486725,0.04159203231828962,0.11807713318058533,-0.06066390394847848,0.03612229310839987,0.14434349419484388,-0.06826747610029914,16.34,21.9,3,351.0,0.0,466.0,228.0,0.0,429.0,2,0,1,-0.012000503579485428,-0.02832339198636053,0.03771540337396216,-0.0670823672323765,-0.04600734189172343,0.07391723774940177,-0.11956970302262916,-0.06997937195266155,0.11318455808272643
92,least_connections,873,measured,159,121,7,light,2,87.47,65.05,3,849.0,463.0,0.0,861.0,440.0,0.0,2,1,0,-0.016276049318669716,-0.013592911868849422,-0.025356214144219857,-0.09528792689215904,-0.06822977748306136,-0.16357794679101456,-0.05062540444021413,-0.053058753357532545,-0.11693602753731976,39.4,40.56,4,544.0,835.0,0.0,433.0,865.0,0.0,2,2,0,-0.015606545664741872,0.038974669952093685,-0.021777377824403702,-0.0582738755215475,0.10683169192529149,-0.05488638928671863,-0.0620351871876382,0.1305964947477159,-0.061765811709794456,15.8,21.77,3,324.0,0.0,466.0,224.0,0.0,429.0,2,0,1,-0.010857598476677305,-0.025625926082897623,0.03412346019548958,-0.06557928463881682,-0.04162569028298787,0.06687750082088732,-0.10938846146491844,-0.06331466986193188,0.10240507636056201
92,least_connections,874,measured,495,435,18,heavy,0,100.0,86.8,4,849.0,463.0,495.0,861.0,440.0,435.0,2,1,1,-0.014725949383558312,-0.012298348833720912,0.02014256362008226,-0.08621288623576295,-0.061731703437055474,0.15057233385574875,-0.0458039373506699,-0.04800553875205324,0.0909864512757583,34.06,36.66,3,357.0,835.0,0.0,308.0,865.0,0.0,1,2,0,-0.05720410820914287,0.03526279662332286,-0.01970334184112716,-0.1010641186691552,0.09665724507526374,-0.04965911411655495,-0.09146933602691074,0.11815873334317153,-0.05588335345171879,15.8,21.77,3,324.0,0.0,466.0,224.0,0.0,429.0,2,0,1,-0.009823541478898523,-0.023185361694050232,0.03087360684353819,-0.05933363848273904,-0.03766133882746522,0.060508215028421866,-0.09897051275397385,-0.05728470130365265,0.09265221194527039
92,least_connections,875,measured,368,319,11,medium,1,100.0,86.8,4,849.0,463.0,495.0,861.0,440.0,435.0,2,1,1,-0.013323478013695628,-0.011127077516223688,0.018224224227693472,-0.07800213516569032,-0.05585249358590738,0.13623211158377269,-0.041441657602987014,-0.043433582680429156,0.08232107496378133,44.57,46.62,4,357.0,1203.0,0.0,308.0,1184.0,0.0,1,3,0,-0.05175609790351021,0.07498833526690662,-0.017826833094353144,-0.09143896451018803,0.1825810448640141,-0.04492967467688305,-0.08275797069101445,0.19709897302477422,-0.05056112931345986,15.8,21.77,3,324.0,466.0,0.0,224.0,429.0,0.0,2,1,0,-0.008887966099955819,0.022106668217854775,-0.015150636892127577,-0.05368281577009723,0.05024926487038862,-0.02957828164095165,-0.0895447496345478,0.07755193691574283,-0.04555276062094583
92,least_connections,876,measured,392,313,12,medium,2,63.87,43.75,2,0.0,463.0,495.0,0.0,440.0,435.0,0,1,1,-0.09822237579923936,-0.01006735584801191,0.016488583825056,-0.5826685984832436,-0.05053320848248766,0.1232576247662705,-0.4269948330693692,-0.03929705099657879,0.07448097258627834,44.57,46.62,4,760.0,800.0,0.0,740.0,752.0,0.0,2,2,0,-0.0037430454954661685,0.024762688824253393,-0.016129039466319512,0.021446379048605385,0.061015503176284874,-0.040650658040989426,0.04726659794622501,0.05618478511765285,-0.04574578366455892,23.64,32.2,4,324.0,858.0,0.0,224.0,742.0,0.0,2,2,0,-0.008041493138055272,0.06308517147148313,-0.013707719092877331,-0.04857016664913558,0.1163969539303516,-0.026761302437051493,-0.08101667824078136,0.16456286355868796,-0.04121440246657004
92,least_connections,877,measured,466,440,18,heavy,0,94.93,65.75,3,0.0,463.0,961.0,0.0,440.0,875.0,0,1,2,-0.08886786381835941,-0.009108560052963163,0.05800214273514137,-0.527176351008649,-0.04572052196034593,0.39259816843932416,-0.386328658491334,-0.03555447471119036,0.26643516567329945,44.57,46.62,4,760.0,800.0,0.0,740.0,752.0,0.0,2,2,0,-0.003386564972088446,0.02240433750765783,-0.014592940469527178,0.019403866758262,0.055204502873781536,-0.03677916679899043,0.04276501718944167,0.0508338532016859,-0.041389042363172354,23.64,32.2,4,324.0,858.0,0.0,224.0,742.0,0.0,2,2,0,-0.007275636648716666,0.05707705990277044,-0.012402222036412823,-0.04394443649207505,0.10531152974650859,-0.024212606966856114,-0.07330080412261171,0.14889020988643198,-0.037289221279277654
92,least_connections,878,measured,367,303,10,medium,0,100.0,80.9,4,0.0,1325.0,466.0,0.0,1178.0,440.0,0,3,1,-0.08040425774042043,0.07792672231035759,0.009394228914561015,-0.4769690794840158,0.47857032140095684,0.05663643811176938,-0.3495354529207308,0.30168880859463726,0.04427467370441379,34.37,37.0,3,835.0,368.0,0.0,865.0,319.0,0.0,2,1,0,-0.0030640349747466933,-0.022813309148400282,-0.013203136615286494,0.03694363454999214,-0.06172653821623844,-0.033276389008610394,0.07403442031425675,-0.07643306138895085,-0.03744722880477499,20.34,28.77,3,159.0,858.0,0.0,121.0,742.0,0.0,1,2,0,-0.04966661909940577,0.051641149435839924,-0.011221058032944936,-0.06961639492140123,0.09528186024684111,-0.021906644398584103,-0.09738326722204552,0.13471018989724798,-0.033737866871727404
92,least_connections,879,measured,419,437,16,heavy,1,100.0,80.9,4,0.0,1325.0,466.0,0.0,1178.0,440.0,0,3,1,-0.07274670938418991,0.07050512970937116,0.00849954044650758,-0.4315434528664905,0.4329921955532467,0.05124249162493422,-0.31624636216637547,0.27295654110943374,0.04005803811351724,46.34,50.66,4,1203.0,0.0,419.0,1184.0,0.0,437.0,3,0,1,0.04031167810674845,-0.0637245132657862,0.03113820519387911,0.12855444486495884,-0.15097707199156268,0.07820571606703958,0.15717697552242277,-0.15934717459000317,0.08967572155758453,20.34,28.77,3,159.0,858.0,0.0,121.0,742.0,0.0,1,2,0,-0.04493646489946236,0.046722944727664695,-0.010152385839331132,-0.06298626207174396,0.08620739736618957,-0.019820297313004664,-0.08810867034375547,0.12188064800227197,-0.03052473669346765
92,least_connections,880,measured,366,341,5,medium,2,100.0,80.9,4,463.0,862.0,466.0,440.0,738.0,440.0,1,2,1,-0.022734551120843022,0.02070645522457845,0.007690060403983054,-0.11117423513317393,0.11248500232595338,0.04636225432732144,-0.087080041960054,0.047913061003773405,0.03624298686461083,46.34,50.66,4,1203.0,0.0,419.0,1184.0,0.0,437.0,3,0,1,0.0364724706680105,-0.057655512002377986,0.0281726618420811,0.11631116440162945,-0.1365983032304615,0.07075755263208343,0.1422077397583825,-0.14417125320047905,0.08113517664733838,24.48,36.1,3,366.0,858.0,0.0,341.0,742.0,0.0,1,2,0,-0.04065680157570403,0.042273140467887105,-0.009185491949871024,-0.019530427588720728,0.07799716904560008,-0.01793264994986136,-0.013368162057048605,0.11027296724015082,-0.0276176189131374
92,least_connections,881,measured,383,305,8,medium,2,100.0,80.9,4,830.0,961.0,0.0,743.0,875.0,0.0,2,2,0,0.02251454445075654,0.018734411869856693,-0.036126226527915556,0.1207788666255411,0.1614864306758626,-0.23913256354512186,0.058284723940903505,0.1053261028129378,-0.16625634521773305,46.34,50.66,4,1203.0,419.0,0.0,1184.0,437.0,0.0,3,1,0,0.03299890203296188,-0.009080610632536998,-0.01759434903630304,0.10523391064909332,-0.01527601584796856,-0.0442941870743735,0.1286641454956794,-0.006884110038528651,-0.05014853065240813,32.14,46.27,4,758.0,849.0,0.0,654.0,734.0,0.0,2,2,0,0.006299174991596573,0.038247127089993095,-0.008310683192740451,0.05326294646734793,0.06894029580316198,-0.01622477852606504,0.08230182163092428,0.09735808147124758,-0.0249873694928386
92,least_connections,882,measured,173,114,5,light,0,100.0,86.6,5,1003.0,961.0,0.0,857.0,875.0,0.0,3,2,0,0.06345420234887042,0.016950182167965566,-0.032685633525256934,0.2136253237723149,0.14610677061149474,-0.21635803368368167,0.10430522642272222,0.09529504540218181,-0.15042240757794895,46.34,50.66,4,1203.0,419.0,0.0,1184.0,437.0,0.0,3,1,0,0.029856149458394085,-0.008215790572295378,-0.01591869674713132,0.09521163344441777,-0.013821157195781086,-0.04007569306729031,0.11641041735323376,-0.006228480511049711,-0.04537248011408355,32.14,46.27,4,1607.0,0.0,0.0,1388.0,0.0,0.0,4,0,0,0.0918670540173402,-0.05156325689590194,-0.007519189555336599,0.20181885632760052,-0.09125401808285345,-0.014679561523582655,0.29582863226924894,-0.1332791961291887,-0.02260762001733016
92,least_connections,883,measured,179,105,3,light,1,100.0,86.6,5,1003.0,961.0,0.0,857.0,875.0,0.0,3,2,0,0.057410944982311335,0.015335879104349803,-0.029572716046661035,0.19328005484161825,0.13219184007706675,-0.19575250666618818,0.0943713953348439,0.0862193267924502,-0.13609646399909667,39.94,40.44,4,979.0,419.0,0.0,857.0,437.0,0.0,3,1,0,0.027012706652832744,-0.007433334327314869,-0.014402630390261672,0.028239096925901763,-0.012504856510468593,-0.03625896039421504,0.012868353795782939,-0.005635291890949717,-0.04105129153178988,32.14,46.27,4,1607.0,0.0,0.0,1388.0,0.0,0.0,4,0,0,0.08311781077759352,-0.04665247052486366,-0.006803076264352161,0.18259801286782906,-0.08256315921781979,-0.013281508045146212,0.2676544768150348,-0.12058593935498026,-0.020454513349013003
92,least_connections,884,measured,156,106,8,light,1,100.0,86.6,5,1003.0,961.0,0.0,857.0,875.0,0.0,3,2,0,0.051943235936376925,0.01387531918964982,-0.026756266899359983,0.17487243057098795,0.11960214102210798,-0.17710941079321788,0.0853836433981921,0.07800796233602636,-0.1231348959991827,44.4,43.75,5,979.0,575.0,0.0,857.0,543.0,0.0,3,2,0,0.024440067923991532,0.036358502502043914,-0.013030951305474846,0.02554965912343493,0.029012612817059025,-0.03280572607095647,0.011642796291422619,0.02487164067009312,-0.03714164471923846,32.14,46.27,4,1607.0,0.0,0.0,1388.0,0.0,0.0,4,0,0,0.07520182879877509,-0.04220937809392426,-0.0061551642391757646,0.16520772592803581,-0.07470000119707505,-0.01201660251703705,0.24216357426122195,-0.10910156417831547,-0.018506464458630814
92,least_connections,885,measured,182,121,2,light,2,100.0,86.6,5,1498.0,466.0,0.0,1292.0,440.0,0.0,4,1,0,0.09008016131205078,-0.030530040007550385,-0.024208051004182843,0.4567893419451796,-0.1903599676466643,-0.16024184786053047,0.27403758212217383,-0.12620708169597614,-0.11140776304687959,32.06,30.22,4,703.0,419.0,0.0,530.0,437.0,0.0,3,1,0,0.022112442407420912,-0.010188112248717629,-0.011789908324001052,-0.04823058052097384,-0.014077023777762931,-0.029681371207055853,-0.08192139859347478,-0.007467325108010958,-0.03360434522216813,28.46,38.93,4,1423.0,0.0,0.0,1168.0,0.0,0.0,4,0,0,0.06803974986555841,-0.03818943732307433,-0.005568958121159025,0.1161784186967943,-0.06758571536878219,-0.01087216418208114,0.15275117036332778,-0.0987109390184759,-0.016743944033999307
92,least_connections,886,measured,193,122,5,light,1,100.0,86.6,5,1498.0,466.0,0.0,1292.0,440.0,0.0,4,1,0,0.08150109832995071,-0.02762241714968844,-0.02190252233711781,0.4132855950932578,-0.17223044691841055,-0.1449807194928609,0.2479387647772049,-0.1141873596296927,-0.10079749989955772,21.94,20.78,3,349.0,419.0,0.0,228.0,437.0,0.0,2,1,0,-0.023077404715281302,-0.009217815844077853,-0.010667059912191428,-0.1351473959815614,-0.01273635484654742,-0.026854573949241012,-0.15950626539409624,-0.006756151288200368,-0.030403931391485454,28.46,38.93,4,1423.0,0.0,0.0,1168.0,0.0,0.0,4,0,0,0.06155977368788618,-0.03455234805421011,-0.005038581157239118,0.1051138073923377,-0.061148980571755315,-0.009836719974263889,0.1382034398525347,-0.08930989720719248,-0.015149282697427945
92,least_connections,887,measured,414,427,16,heavy,1,88.53,58.9,3,862.0,466.0,0.0,738.0,440.0,0.0,2,1,0,-0.012428711488321226,-0.024991710754480007,-0.019816567828820877,-0.00969398539181443,-0.1558275472118953,-0.13117303192211224,-0.026293498534909865,-0.1033123729982934,-0.09119773800436175,33.77,34.12,4,349.0,419.0,414.0,228.0,437.0,427.0,2,1,1,-0.020879556647159264,-0.00833992862083234,0.033432750782393696,-0.12227621541188886,-0.011523368670685763,0.08272341268538058,-0.14431519249942037,-0.006112708308371739,0.09322084778865601,24.82,34.9,3,1241.0,0.0,0.0,1047.0,0.0,0.0,3,0,0,0.012613037871806315,-0.03126164823952343,-0.004558716285121106,0.062169635259734096,-0.055325268136350046,-0.008899889500524472,0.08854914399356317,-0.08080419271126939,-0.013706493869101475
92,least_connections,888,measured,352,319,8,medium,0,87.53,59.7,3,961.0,352.0,0.0,875.0,319.0,0.0,2,1,0,-0.011245024679909676,-0.0226115478254819,-0.01792927565464746,0.05094353702645371,-0.20974873319171475,-0.11868036221524442,0.038186834658891056,-0.14821119461750357,-0.08251223914680349,33.77,34.12,4,768.0,0.0,414.0,665.0,0.0,427.0,3,0,1,0.024192872784089464,-0.05062954993131996,0.030248679279308584,-0.002317936393069514,-0.11873883015783133,0.07484499242963005,-0.007014340832808885,-0.12908709323138395,0.084342671808784,16.98,24.47,2,849.0,0.0,0.0,734.0,0.0,0.0,2,0,0,-0.03167210405702783,-0.028284348407187868,-0.004124552829395287,-0.014684615717383442,-0.05005619498050719,-0.008052280976664999,-0.01428093321217297,-0.07310855531019611,-0.01240111350061562
92,least_connections,889,measured,398,328,9,medium,2,87.53,59.7,3,1313.0,0.0,0.0,1194.0,0.0,0.0,3,0,0,0.03290983027826766,-0.06354196730695527,-0.016221725592300083,0.25840923191282317,-0.4020901236813927,-0.10737747057569733,0.17885951707233,-0.2784053665586937,-0.07465393065663173,33.77,34.12,4,768.0,414.0,0.0,665.0,427.0,0.0,3,1,0,0.02188878966179522,-0.0027237878063416515,-0.015716047545478173,-0.002097180546110494,-0.00040996197953448166,-0.03930351025074288,-0.006346308372541354,0.00393608231446213,-0.04441913026824303,7.96,10.93,1,0.0,398.0,0.0,0.0,328.0,0.0,0,1,0,-0.11482351364796849,0.017493299286920727,-0.0037317382742147833,-0.16691465231572788,0.026730109303350645,-0.007285397074125476,-0.23428592369990253,0.03277479916379082,-0.011220055071985561
92,least_connections,890,measured,437,444,15,heavy,2,87.53,59.7,3,1313.0,0.0,0.0,1194.0,0.0,0.0,3,0,0,0.02977556072795645,-0.05749035137295953,-0.014676799345414361,0.23379882887350667,-0.3637958261879267,-0.09715104480658329,0.16182527735115576,-0.25189056974358,-0.06754403249885728,33.77,34.12,4,768.0,414.0,0.0,665.0,427.0,0.0,3,1,0,0.01980414302733853,-0.0024643794438329175,-0.014219281112575491,-0.0018974490655285225,-0.00037091798148358723,-0.03556031879829118,-0.00574189805134695,0.0035612173321324103,-0.04018873690936275,16.7,25.73,2,0.0,398.0,437.0,0.0,328.0,444.0,0,1,1,-0.10388794091959054,0.01582727078340447,0.0397075655977059,-0.15101801876184903,0.024184384607793437,0.0724846407424579,-0.2119729785856261,0.02965338971962027,0.12375328350629877
92,least_connections,891,measured,161,121,4,light,2,87.53,59.7,3,1313.0,0.0,0.0,1194.0,0.0,0.0,3,0,0,0.02693979303957965,-0.05201507981363005,-0.013279008931565374,0.21153227374269656,-0.3291486046462194,-0.08789856434881345,0.14641334617485524,-0.22790099167276284,-0.06111126749896611,28.26,30.31,3,575.0,414.0,0.0,543.0,427.0,0.0,2,1,0,-0.025165866059165376,-0.002229676639658354,-0.012865063863758778,-0.051607896093301325,-0.00033559245943753924,-0.03217362176988249,-0.03968909823693298,0.0032220537766912416,-0.0363612381560901,19.92,29.77,3,559.0,437.0,0.0,449.0,444.0,0.0,2,1,0,-0.00782605085468624,0.014319911661175473,-0.0071580075431186985,-0.03548296935595864,0.028938252740384536,-0.013494848852061897,-0.05637237745048709,0.061813384349497694,-0.021937505399063008
92,least_connections,892,measured,198,125,4,light,0,67.73,44.2,3,1016.0,0.0,0.0,884.0,0.0,0.0,3,0,0,0.024374098464381586,-0.047061262688522426,-0.012014341414273433,0.01224348576720169,-0.29780111848943663,-0.07952727250606931,-0.007768877270369012,-0.2061961353229759,-0.05529114678477886,23.8,27.0,2,419.0,414.0,0.0,437.0,427.0,0.0,1,1,0,-0.0658530171374308,-0.00201732648350042,-0.011639819686257942,-0.08701938898237468,-0.00030363127282444224,-0.029109467315607967,-0.0658794222143679,0.0029151915122444527,-0.03289826309360533,19.92,29.77,3,559.0,437.0,0.0,449.0,444.0,0.0,2,1,0,-0.007080712678049467,0.012956110550587333,-0.006476292539012156,-0.03210363894110545,0.026182228669871722,-0.012209625151865525,-0.051003579598059734,0.05592639536383125,-0.019848219170580817
92,least_connections,893,measured,499,429,16,heavy,1,67.73,44.2,3,1016.0,0.0,0.0,884.0,0.0,0.0,3,0,0,0.0220527557534881,-0.04257923767056791,-0.010870118422437867,0.011077439503658693,-0.2694391072047284,-0.07195324655311032,-0.007028984197000543,-0.18655840814935915,-0.05002532328146659,38.06,40.41,3,419.0,414.0,499.0,437.0,427.0,429.0,1,1,1,-0.059581301219580246,-0.001825200151738482,0.03255263479633352,-0.07873182812691043,-0.0002747140087459299,0.10265606018383769,-0.059605191527285245,0.0026375542253640194,0.09152954767721423,19.92,29.77,3,559.0,437.0,0.0,449.0,444.0,0.0,2,1,0,-0.0064063590896638045,0.011722195260055204,-0.00585950277339195,-0.029046149518143036,0.02368868308226489,-0.011046803708830714,-0.04614609582681595,0.05060007199584732,-0.017957912582906455
92,least_connections,894,measured,450,430,14,heavy,0,97.73,65.7,4,1016.0,450.0,0.0,884.0,430.0,0.0,3,1,0,0.01995249330077495,0.004559828048624495,-0.009834869048872357,0.010022445265215008,0.027650331576674292,-0.06510055640519505,-0.006359557130619531,0.025732868817246485,-0.045261006778469774,38.06,40.41,3,419.0,414.0,499.0,437.0,427.0,429.0,1,1,1,-0.053906891579620225,-0.0016513715658586225,0.02945238386334937,-0.0712335587814904,-0.00024855076981775137,0.09287929254728172,-0.05392850661992474,0.002386358584853171,0.08281244789843192,19.92,29.77,3,559.0,437.0,0.0,449.0,444.0,0.0,2,1,0,-0.00579622965255297,0.010605795711478516,-0.005301454890211764,-0.02627984956403416,0.021432618026811096,-0.00999472716513255,-0.04175122955759536,0.04578101752005234,-0.01624763519405822
92,least_connections,895,measured,475,429,16,heavy,1,66.67,43.7,3,550.0,450.0,0.0,444.0,430.0,0.0,2,1,0,-0.025031644383199075,0.004125558710660254,-0.008898214853741657,-0.27201143841083725,0.025016966664610063,-0.05890050341422409,-0.2048015040705605,0.02328211940608016,-0.0409504347043298,39.66,40.16,3,0.0,913.0,475.0,0.0,856.0,429.0,0,2,1,-0.09185680213212805,0.04158980214336147,0.026647394923982763,-0.1727623354961784,0.1287683180109812,0.07782956400536373,-0.1723490059894557,0.12345372919581957,0.07492554809858126,16.7,25.73,2,398.0,437.0,0.0,328.0,444.0,0.0,1,1,0,-0.04832810800763862,0.00959571992943295,-0.004796554424477311,-0.052910340081745194,0.019391416309971946,-0.00904284838750088,-0.07426698547274499,0.04142092061338069,-0.014700241366052675
92,least_connections,896,measured,435,420,20,heavy,2,30.0,21.5,1,0.0,450.0,0.0,0.0,430.0,0.0,0,1,0,-0.10881547870498057,0.003732648357264043,-0.008050765820051976,-0.5778516188796464,0.022634398410837697,-0.05329093166048846,-0.38615374177812617,0.021064774700739197,-0.037050393303917434,39.66,40.16,3,414.0,499.0,475.0,427.0,429.0,429.0,1,1,1,-0.0400246350356442,-0.005455031620858891,0.024109547788365358,-0.049288371571372266,0.009484260513336756,0.07041722457628147,-0.03520564827617423,-0.009032935489496602,0.0677897816130021,25.4,39.73,3,398.0,437.0,435.0,328.0,444.0,420.0,1,1,1,-0.04372543105453018,0.008681841840915527,0.038744160509373134,-0.04787126007395992,0.01754461475664129,0.07053266098273729,-0.06719393923724545,0.03747607103115397,0.11336644828785711
92,least_connections,897,measured,436,425,18,heavy,0,59.07,42.75,2,0.0,450.0,436.0,0.0,430.0,425.0,0,1,1,-0.0984520997806967,0.0033771580375246135,0.035799874008615104,-0.5228181313672992,0.020478741419329316,0.21476852214844697,-0.34937719494211417,0.019058605681621182,0.1587401203440747,39.66,40.16,3,414.0,974.0,0.0,427.0,858.0,0.0,1,2,0,-0.036212765032249516,0.03814839542693266,-0.021270499846807758,-0.04459424094552729,0.1313701132535632,-0.059078293410575265,-0.03185272939272907,0.11312198693807451,-0.05996103092156953,25.4,39.73,3,398.0,437.0,435.0,328.0,444.0,420.0,1,1,1,-0.039561104287432064,0.007854999760828332,0.035054240460861405,-0.0433120924478685,0.015873699065532598,0.06381526469866708,-0.06079451645274589,0.03390692140913931,0.10256964368901358
92,least_connections,898,measured,183,108,5,light,0,71.27,48.15,3,183.0,450.0,436.0,108.0,430.0,425.0,1,1,1,-0.04599180909863489,0.003055523938712751,0.03239036219827081,-0.362644975998985,0.01852838509367888,0.1943143771819282,-0.2672460335190557,0.01724350037860964,0.143622013644639,39.66,40.16,3,414.0,974.0,0.0,427.0,858.0,0.0,1,2,0,-0.03276393026727337,0.03451521491008193,-0.01924473795663559,-0.040347170379286576,0.11885867389608101,-0.053451789276234764,-0.028819136117231053,0.10234846437254361,-0.05425045654808672,17.44,28.8,2,437.0,0.0,435.0,444.0,0.0,420.0,1,0,1,-0.03579338006958138,-0.03597699568124602,0.0317157413693508,-0.03212998840521436,-0.06471427227404195,0.057737620441651163,-0.020020435520738372,-0.10322707110601681,0.0928011061948218
92,least_connections,899,measured,367,340,12,medium,2,71.27,48.15,3,183.0,450.0,436.0,108.0,430.0,425.0,1,1,1,-0.041611636803526794,0.0027645216588353394,0.029305565798435494,-0.32810735923717693,0.016763776989518975,0.17580824602174455,-0.24179403032676466,0.01560126224731348,0.12994372663086387,39.66,40.16,3,414.0,974.0,0.0,427.0,858.0,0.0,1,2,0,-0.029643555956104475,0.031228051585312222,-0.017411905770289345,-0.03650458272411643,0.10753880019169235,-0.04836114267849812,-0.02607445648701856,0.09260099157515853,-0.049083746400649886,24.78,40.13,3,437.0,367.0,435.0,444.0,340.0,420.0,1,1,1,-0.03238448672962124,0.010533285086582397,0.02869519457226977,-0.029069989509479657,0.007858515561581111,0.052238799447208197,-0.018113727375906163,0.009143761062810188,0.08396290560483877
92,least_connections,900,measured,363,302,13,medium,0,95.47,63.25,4,183.0,813.0,436.0,108.0,732.0,425.0,1,2,1,-0.03764862377461947,0.04558513410856077,0.02651455953191783,-0.29685903930982677,0.23411960775242197,0.15906460354348317,-0.21876602743850132,0.15073447536661694,0.11756813361840064,39.66,40.16,3,414.0,974.0,0.0,427.0,858.0,0.0,1,2,0,-0.026820360150761183,0.0282539514343301,-0.015753629030261788,-0.033027955798010086,0.09729700969724545,-0.043755319566260206,-0.023591174916826302,0.08378184952038153,-0.04440910388630228,24.78,40.13,3,437.0,367.0,435.0,444.0,340.0,420.0,1,1,1,-0.029300249898228742,0.009530115078336454,0.02596231889872027,-0.02630141908000541,0.007110085508097191,0.04726367569033123,-0.016388610482962723,0.008272926675875883,0.07596643840437795
92,least_connections,901,measured,427,422,19,heavy,1,95.47,63.25,4,633.0,799.0,0.0,538.0,727.0,0.0,2,2,0,0.00902085966876831,0.04124369276488832,-0.019094536840736476,0.002841821576823389,0.20337805780774676,-0.11906853330192795,-0.003407358158644014,0.13411690628408196,-0.08589073625001846,51.86,53.34,4,414.0,974.0,427.0,427.0,858.0,422.0,1,2,1,-0.024266040136402975,0.025563098916774857,0.028830616818425275,-0.029882436198199594,0.08803062782131732,0.07079280610671695,-0.02134439635331903,0.07580262575653568,0.07913581076953602,24.78,40.13,3,437.0,367.0,435.0,444.0,340.0,420.0,1,1,1,-0.026509749907921237,0.008622485070875846,0.02348971709884215,-0.0237965220247668,0.00643293450732603,0.042762373243633016,-0.014827790436966276,0.007485028897221038,0.0687315395087229
92,least_connections,902,measured,383,300,14,medium,2,95.47,63.25,4,633.0,799.0,0.0,538.0,727.0,0.0,2,2,0,0.00816173017650465,0.03731572202537514,-0.017276009522571096,0.0025711719028402302,0.18400871896891374,-0.10772867298745861,-0.0030828478578207585,0.12134386759035987,-0.07771066613096908,51.86,53.34,4,913.0,475.0,427.0,856.0,429.0,422.0,2,1,1,0.021128911531916594,-0.01995538215919916,0.026084843788099058,0.10195670738530241,-0.049346438773910206,0.06405063409655343,0.1019830461565209,-0.05271131479170582,0.07159906688672306,32.44,50.13,4,437.0,1185.0,0.0,444.0,1060.0,0.0,1,3,0,-0.023985011821452545,0.09396909647002145,-0.02183129904209066,-0.021530186593836625,0.1538393216971045,-0.04002451944623679,-0.013415619919159988,0.22391502614510475,-0.06448098806353643
92,least_connections,903,measured,354,318,7,medium,0,100.0,73.75,4,804.0,799.0,0.0,748.0,727.0,0.0,2,2,0,0.0073844225406470565,0.033761843737244175,-0.01563067528232623,0.10546915553114117,0.16648407906711243,-0.09746879936960541,0.0922107567000669,0.10978730877223036,-0.07030965030897203,40.03,40.0,3,499.0,475.0,427.0,429.0,429.0,422.0,1,1,1,-0.023967265983594735,-0.018054869572608767,0.023600572951137242,-0.014773863386086938,-0.044646777938299714,0.057950573706405495,-0.02845879157267156,-0.04769118957344812,0.06478010813560657,32.44,50.13,4,437.0,1185.0,0.0,444.0,1060.0,0.0,1,3,0,-0.0217007249813142,0.0850196587109718,-0.01975212770474869,-0.01947969263251885,0.1391879577259517,-0.0362126604513571,-0.012137941831620952,0.20258978555985668,-0.058339941581294866
92,least_connections,904,measured,454,414,13,heavy,1,100.0,73.75,4,804.0,799.0,0.0,748.0,727.0,0.0,2,2,0,0.006681144203442568,0.030546430047982825,-0.014142039541152302,0.09542447405198484,0.15062845248929219,-0.08818605657250013,0.08342877987148911,0.09933137460344654,-0.06361349313668899,53.0,52.94,4,974.0,454.0,427.0,858.0,414.0,422.0,2,1,1,0.021399231003504993,-0.016335358184741272,0.021352899336743218,0.10942228686837033,-0.04582327527750926,0.052431471448652595,0.0955462123866305,-0.04739024294740546,0.058610574027453566,32.44,50.13,4,804.0,818.0,0.0,784.0,720.0,0.0,2,2,0,0.023449910957949294,0.03383864813078854,-0.017870972685248815,0.04878503999914961,0.059522437942527734,-0.03276383564646595,0.09155773516821594,0.08075583772875922,-0.05278375666879059
92,least_connections,905,measured,189,117,2,light,0,100.0,79.6,5,993.0,799.0,0.0,865.0,727.0,0.0,3,2,0,0.04912874498225302,0.027637246233889218,-0.01279517863247113,0.2003364289041768,0.13628288558555007,-0.0797873845179763,0.1284117532170616,0.08987124368883259,-0.05755506521890908,53.0,52.94,4,974.0,454.0,427.0,858.0,414.0,422.0,2,1,1,0.019361209003171176,-0.014779609786194484,0.019319289876101008,0.0990011166904303,-0.04145915382250839,0.04743799797735235,0.08644657311171333,-0.04287688647622398,0.05302861459626751,23.7,35.33,3,367.0,818.0,0.0,340.0,720.0,0.0,1,2,0,-0.021867314121946105,0.030615919737380107,-0.01616897528665369,-0.03493734476267414,0.05385363432895367,-0.029643470346802526,-0.0510668110382808,0.07306480556411549,-0.04775673222414387
92,least_connections,906,measured,357,306,13,medium,2,100.0,79.6,5,1356.0,436.0,0.0,1167.0,425.0,0.0,4,1,0,0.08753371711546248,-0.018078772681809976,-0.011576590191283403,0.40020914996092183,-0.09564881780354989,-0.07218858599245476,0.25280111005353195,-0.055306969995818106,-0.052073630436155836,53.0,52.94,4,974.0,881.0,0.0,858.0,836.0,0.0,2,2,0,0.017517284336202504,0.029711872324962363,-0.025604542719808835,0.08957243891038932,0.07287028939868287,-0.06746085897287168,0.07821356614869301,0.08052210271198784,-0.07133720584147225,30.84,45.53,4,367.0,1175.0,0.0,340.0,1026.0,0.0,1,3,0,-0.01978471277699885,0.07078401808438699,-0.014629072878400956,-0.031609978594800414,0.11332471677381521,-0.026820282694726093,-0.046203305225111194,0.15839196693896168,-0.04320847201232065
92,least_connections,907,measured,181,107,5,light,1,100.0,73.75,4,1167.0,436.0,0.0,1050.0,425.0,0.0,3,1,0,0.03611327240151821,-0.016356984807351885,-0.010474057792113555,0.24809399282178646,-0.0865394065841642,-0.06531348256460193,0.17579624242938607,-0.05003963952002591,-0.04711423706128385,58.17,56.28,5,1155.0,881.0,0.0,965.0,836.0,0.0,3,2,0,0.05893287176903582,0.02688217019877548,-0.023166014841731804,0.1278308460889917,0.06593026183690354,-0.06103601526116962,0.10101763127738891,0.07285333102513186,-0.06454318623752252,30.84,45.53,4,367.0,1175.0,0.0,340.0,1026.0,0.0,1,3,0,-0.017900454417284675,0.06404268302873108,-0.01323582784236277,-0.02859950444291466,0.10253188660488041,-0.024265970057133133,-0.04180299044176729,0.14330701770667964,-0.03909337943971868
92,least_connections,908,measured,155,106,8,light,0,87.2,57.55,4,1153.0,155.0,0.0,1045.0,106.0,0.0,3,1,0,0.03267391312518314,-0.01479917673046123,-0.009476528478578931,0.21602154906098148,-0.24778962183011682,-0.05909315089178269,0.1567918383884921,-0.18958348337526154,-0.0426271668649711,58.17,56.28,5,1155.0,881.0,0.0,965.0,836.0,0.0,3,2,0,0.05332021731484193,0.024321963513177808,-0.020959727713947822,0.11565647979480204,0.05965118928100796,-0.05522306142677251,0.09139690448906615,0.06591491854654785,-0.05839621611966323,30.84,45.53,4,367.0,1175.0,0.0,340.0,1026.0,0.0,1,3,0,-0.016195649234686138,0.057943379883137636,-0.011975272809756791,-0.025875742115018016,0.09276694502346322,-0.02195492528978712,-0.03782175325683708,0.12965873030604347,-0.035370200445459764
92,least_connections,909,measured,375,339,12,medium,0,100.0,74.5,5,1308.0,375.0,0.0,1151.0,339.0,0.0,4,1,0,0.07264601210192306,-0.013389731327560161,-0.00857400195680951,0.28894013169009436,-0.09149219752883586,-0.053465231759231964,0.18981166330387383,-0.06612315162523663,-0.03856743668735481,43.91,42.88,4,656.0,881.0,0.0,536.0,836.0,0.0,2,2,0,0.005158201153337705,0.0220055860357323,-0.018963563169762315,-0.024351620321709733,0.05397012363519768,-0.049963722243270364,-0.03860220546227347,0.05963730725640043,-0.052834671727314354,30.84,45.53,4,1185.0,357.0,0.0,1060.0,306.0,0.0,3,1,0,0.07151459400308442,-0.03374283770210448,-0.010834770637399002,0.12460766189593606,-0.06408704974067612,-0.01986398002409311,0.18292317562476645,-0.09983257734215116,-0.032001609926844546
92,least_connections,910,measured,400,336,12,medium,1,88.6,58.6,4,954.0,375.0,0.0,833.0,339.0,0.0,3,1,0,0.022643444055934922,-0.012114518820173475,-0.00775743034187527,0.04789821438627584,-0.08277865490704195,-0.04837330492501939,0.027877219179695323,-0.05982570861330935,-0.034894347479035304,55.34,53.37,5,1110.0,827.0,0.0,950.0,758.0,0.0,3,2,0,0.04775084412739625,0.019909815937091124,-0.017157509534546856,0.09532812583137826,0.034870928186947564,-0.045205272505816047,0.08212776648651449,0.03190399227960042,-0.04780279822947489,30.84,45.53,4,1185.0,357.0,0.0,1060.0,306.0,0.0,3,1,0,0.06470368028850496,-0.03052923411142787,-0.009802887719551479,0.11274026552489452,-0.05798352119394508,-0.017972172402750907,0.16550192080336013,-0.09032471283337486,-0.02895383755285935
92,least_connections,911,measured,360,322,14,medium,0,100.0,74.7,5,954.0,735.0,0.0,833.0,661.0,0.0,3,2,0,0.02048692557441731,0.03212314510374327,-0.007018627452172864,0.04333647968282095,0.14224788365553342,-0.04376632350358897,0.025222245924486242,0.09153864458795818,-0.03157107629055575,41.77,39.97,4,635.0,827.0,0.0,521.0,758.0,0.0,2,2,0,0.00011924445993446997,0.01801364299070149,-0.015523461007447156,-0.03653985894167813,0.03154988740723827,-0.04090000845764309,-0.046988568416963084,0.02886551682440039,-0.04325015077904871,23.5,34.2,3,818.0,357.0,0.0,720.0,306.0,0.0,2,1,0,0.015457524796175681,-0.0276216880055776,-0.00886927936530848,0.03559357357014267,-0.052461281080236025,-0.01626053693582225,0.047200150568119464,-0.08172235923019629,-0.026196329214491793
92,least_connections,912,measured,168,119,7,light,2,100.0,74.7,5,954.0,735.0,0.0,833.0,661.0,0.0,3,2,0,0.018535789805425182,0.029063797951005818,-0.006350186742442115,0.03920919590350458,0.12870046616453024,-0.03959810221753288,0.022820127265011314,0.08282067843672408,-0.02856430712002663,36.6,36.62,3,454.0,827.0,0.0,414.0,758.0,0.0,1,2,0,-0.04297601238205474,0.01629805794396802,-0.014045036149595047,-0.07984898802206253,0.02854513622559654,-0.03700476955691518,-0.0727664428534428,0.026116419983981315,-0.03913108880009169,26.86,38.17,4,1343.0,0.0,0.0,1145.0,0.0,0.0,4,0,0,0.10015318003100702,-0.06807495127942281,-0.00802458609242196,0.1272037094206053,-0.11206496859640402,-0.014711914370505844,0.17087950130766363,-0.1662249916844633,-0.02370144071787353
92,least_connections,913,measured,461,407,17,heavy,1,88.4,59.6,4,591.0,735.0,0.0,531.0,661.0,0.0,2,2,0,-0.026313423736134572,0.026295817193767168,-0.005745407052685723,-0.1834773941825435,0.11644327891076545,-0.03582685438729165,-0.11597226580784692,0.07493299477608367,-0.025843896918119332,49.77,49.34,4,881.0,400.0,461.0,836.0,336.0,407.0,2,1,1,0.00420084140489832,-0.02833803827745296,0.030376486567599944,0.03813662988480057,-0.08455440055779363,0.08568956223762095,0.05347917075164699,-0.09568633430020738,0.07967008632372657,26.86,38.17,4,1343.0,0.0,0.0,1145.0,0.0,0.0,4,0,0,0.09061478193281589,-0.06159162258614445,-0.007260339797905582,0.11508907042816671,-0.10139211444436555,-0.013310779668552907,0.15460526308788614,-0.1503940400954668,-0.02144416064950462
92,least_connections,914,measured,453,426,13,heavy,0,100.0,80.9,5,966.0,813.0,0.0,870.0,748.0,0.0,3,2,0,0.01927651684644513,0.02379145365150362,-0.005198225428620416,0.060187119549127255,0.15240106187164498,-0.0324147730170734,0.04842985474528133,0.10715366194026615,-0.02338257340210797,49.77,49.34,4,881.0,400.0,461.0,836.0,336.0,407.0,2,1,1,0.0038007612710984906,-0.0256391774891241,0.02748348784687614,0.03450456989577194,-0.07650160050467043,0.07752865154832371,0.04838591639434725,-0.08657335008114002,0.07208245905480024,26.86,38.17,4,1343.0,0.0,0.0,1145.0,0.0,0.0,4,0,0,0.08198480270111913,-0.05572575376841641,-0.006568878864771717,0.10412820657786512,-0.09173572259252122,-0.012043086366785964,0.13988095231761125,-0.13607079818161283,-0.019401859635266087
92,least_connections,915,measured,193,120,5,light,1,89.53,59.65,4,530.0,813.0,0.0,445.0,748.0,0.0,2,2,0,-0.025643242127592725,0.02152560092278899,-0.004703156340180376,-0.20852911405872615,0.1378866750267264,-0.029327651777352123,-0.1484444171352217,0.09694855127928842,-0.02115566164952626,55.29,53.09,5,1474.0,0.0,461.0,1292.0,0.0,407.0,4,0,1,0.08960658446069908,-0.06628125128834585,0.024866012813840318,0.18451093738869162,-0.1726170943341576,0.07014497044848336,0.17270630530917133,-0.17332826912103144,0.06521746295434307,26.86,38.17,4,1343.0,0.0,0.0,1145.0,0.0,0.0,4,0,0,0.0741767262533935,-0.050418539123805325,-0.005943271353841077,0.09421123452283037,-0.0829989871075192,-0.010896125760425396,0.12655895685879115,-0.12311167454526875,-0.01755406347952646
92,least_connections,916,measured,198,107,1,light,0,92.4,59.7,4,573.0,813.0,0.0,446.0,748.0,0.0,2,2,0,-0.023201028591631506,0.01947554369204718,-0.004255236688734626,-0.16273269049757766,0.12475461073846678,-0.02653454208427097,-0.13385447264615294,0.0877153559193562,-0.019140836730523757,55.29,53.09,5,1474.0,461.0,0.0,1292.0,407.0,0.0,4,1,0,0.0810726240358706,-0.016884850938888876,-0.02058607910947327,0.1669384671611972,-0.037007303037026956,-0.05570557095477354,0.1562580857559169,-0.04174641015712366,-0.056068128755594374,10.5,14.17,2,525.0,0.0,0.0,425.0,0.0,0.0,2,0,0,-0.019055524319492034,-0.04561677349296672,-0.005377245510618117,-0.06278031162220112,-0.07509432166870784,-0.00985839949752774,-0.10263713427061752,-0.11138675316000506,-0.015882247910047748
92,least_connections,917,measured,393,319,11,medium,2,79.2,54.35,3,375.0,813.0,0.0,339.0,748.0,0.0,1,2,0,-0.0640753070477573,0.0176207300070903,-0.0038499760517122805,-0.2666629104501893,0.11287321923956517,-0.024007442838149925,-0.16951118953699548,0.07936151249846513,-0.017317899899045305,42.31,40.16,4,1020.0,461.0,0.0,878.0,407.0,0.0,3,1,0,0.030267521519982687,-0.01527676989708994,-0.018625500146666293,0.03367902130911038,-0.03348279798588155,-0.050400278482890346,0.024322791874401006,-0.037770561570730915,-0.05072830696934729,18.36,24.8,3,525.0,393.0,0.0,425.0,319.0,0.0,2,1,0,-0.0172407124795404,0.001811581352168426,-0.004865126890559249,-0.05680123432484864,0.003171804204502429,-0.008919504307287003,-0.0928621691019873,-0.004572141747941072,-0.014369652870995581
92,least_connections,918,measured,473,449,15,heavy,0,100.0,76.8,4,735.0,453.0,473.0,661.0,426.0,449.0,2,1,1,-0.014888996625975426,-0.027141334982247092,0.039600588560922446,-0.024123585645409396,-0.11501946830706011,0.2635805675908802,-0.007700600057281626,-0.07386339345376966,0.1874504715199114,42.31,40.16,4,1020.0,461.0,0.0,878.0,407.0,0.0,3,1,0,0.027384900422841474,-0.013821839430700422,-0.01685164298984093,0.03047149547014749,-0.030293960082464266,-0.04560025196071031,0.022006335505410424,-0.03417336523066131,-0.04589703963893326,18.36,24.8,3,525.0,393.0,0.0,425.0,319.0,0.0,2,1,0,-0.015598739862441313,0.0016390497948190474,-0.004401781472410749,-0.05139159296057734,0.0028697276135974253,-0.008070027706593003,-0.08401815299703613,-0.004136699676708586,-0.013001114502329335
92,least_connections,919,measured,389,329,10,medium,2,100.0,76.8,4,735.0,926.0,0.0,661.0,875.0,0.0,2,2,0,-0.013470996947311104,0.01852745429043856,-0.007254796290684678,-0.021826101298227596,0.18123635407139005,-0.046823930909838524,-0.006967209575635791,0.13629026306563696,-0.03352100195817541,42.31,40.16,4,1020.0,461.0,0.0,878.0,407.0,0.0,3,1,0,0.024776814668285144,-0.012505473770633713,-0.01524672460985608,0.027569448282514397,-0.027408821026991492,-0.041257370821595044,0.01991049402870465,-0.030918759018217362,-0.0415258930066539,15.64,21.6,2,0.0,782.0,0.0,0.0,648.0,0.0,0,2,0,-0.10028094604334259,0.04456685004111746,-0.003982564189324011,-0.14149715553576045,0.07298689641230244,-0.007301453639298431,-0.20419102731477873,0.0954794939432954,-0.011762913121155114
92,least_connections,920,measured,459,435,15,heavy,2,100.0,76.8,4,1188.0,473.0,0.0,1087.0,449.0,0.0,3,1,0,0.030895855369666367,-0.02632096539255105,-0.006563863310619471,0.25349067025398464,-0.10926234631636134,-0.04236450891842533,0.1864106199077581,-0.06940404770251893,-0.03032852558120632,24.6,23.22,2,400.0,461.0,0.0,336.0,407.0,0.0,1,1,0,-0.06375068242030436,-0.011314476268668591,-0.013794655599393597,-0.13532832230221487,-0.024798457119658973,-0.03732809741001456,-0.13522979111688627,-0.02797411530219665,-0.03757104605363924,24.82,36.1,3,0.0,782.0,459.0,0.0,648.0,435.0,0,2,1,-0.09073037975350044,0.04032238813243961,0.03948062786498802,-0.12802123596092613,0.06603576342065458,0.07645106575492047,-0.18474426280860934,0.0863862088058387,0.12054784050943107
92,least_connections,921,measured,410,416,16,heavy,1,85.73,59.85,3,813.0,473.0,0.0,748.0,449.0,0.0,2,1,0,-0.015130507273249688,-0.023814206783736663,-0.005938733471512855,0.003158225467890796,-0.09885640857194594,-0.0383297937833372,0.015300084678447845,-0.06279413839751716,-0.027440094573472386,36.31,36.22,3,400.0,461.0,410.0,336.0,407.0,416.0,1,1,1,-0.05767918885646585,-0.010236907100223958,0.03060302135111554,-0.1224399106543849,-0.022436699298739093,0.07221335404400044,-0.12235076339146851,-0.025309913844844573,0.08362619642765973,24.82,36.1,3,393.0,848.0,0.0,319.0,764.0,0.0,1,2,0,-0.03900549097879065,0.036482160691254886,-0.007363332158434869,-0.04471445158369507,0.07168950023773507,-0.013887130983643386,-0.07094322190620209,0.11314307780845723,-0.022123382396229015
92,least_connections,922,measured,375,335,13,medium,0,100.0,76.6,4,813.0,848.0,0.0,748.0,784.0,0.0,2,2,0,-0.01368950658055923,0.021537713136709907,-0.005373139807559249,0.002857442089996498,0.13674896367300127,-0.034679337232543184,0.013842933756690934,0.09473387478319878,-0.024826752233141684,24.89,25.72,2,0.0,461.0,410.0,0.0,407.0,416.0,0,1,1,-0.09526983300165504,-0.0092619635668693,0.027688447889104538,-0.2141803273267564,-0.020299870794097286,0.06533589175409563,-0.20569830973513817,-0.02289944585962128,0.07566179676788262,24.82,36.1,3,782.0,459.0,0.0,648.0,435.0,0.0,2,1,0,0.007793217912613448,-0.010076231029907706,-0.00666206242906012,0.02993454380522828,-0.00552854740395399,-0.012564547080439255,0.03503549764042033,0.0031453243663819574,-0.020016393596588158
92,least_connections,923,measured,382,338,12,medium,1,100.0,76.6,4,813.0,848.0,0.0,748.0,784.0,0.0,2,2,0,-0.012385744049077385,0.019486502361785146,-0.004861412206839321,0.0025853047480920432,0.12372525284700114,-0.031376543210396214,0.012524559113196554,0.08571160099432273,-0.02246229963950914,35.8,36.28,3,461.0,792.0,0.0,407.0,754.0,0.0,1,2,0,-0.043112615346168615,0.03470402842816134,-0.018032447374710405,-0.07461213288747351,0.06719807608425213,-0.04687296868506994,-0.07103358976036309,0.07739157279367598,-0.04916313625763002,24.82,36.1,3,782.0,459.0,0.0,648.0,435.0,0.0,2,1,0,0.007051006682840727,-0.009116589979440301,-0.006027580292959156,0.027083634871397005,-0.005002019079767897,-0.01136792354896885,0.0316987835794279,0.002845769664821779,-0.018110070396913095
92,least_connections,924,measured,163,123,7,light,1,100.0,76.6,4,813.0,848.0,0.0,748.0,784.0,0.0,2,2,0,-0.011206149377736674,0.01763064499399608,-0.004398420568092719,0.0023390852482737534,0.11194189543300104,-0.02838830099988229,0.011331743959558771,0.07754859137581582,-0.02032303300717494,40.46,40.12,4,624.0,792.0,0.0,530.0,754.0,0.0,2,2,0,0.004077248246890514,0.031398882863574534,-0.016315071434261794,-0.02537016104785017,0.060798259314323366,-0.04240887642934899,-0.02949170025937614,0.07002094681332591,-0.044480932804522394,24.82,36.1,3,782.0,459.0,0.0,648.0,435.0,0.0,2,1,0,0.006379482236855888,-0.008248343314731704,-0.005453525026963046,0.024504241074121108,-0.004525636310266187,-0.01028526416335277,0.02867985180995858,0.0025747439824578,-0.016385301787683278
92,least_connections,925,measured,383,301,11,medium,2,86.73,60.5,3,453.0,848.0,0.0,426.0,784.0,0.0,1,2,0,-0.05322279728280484,0.01595153594694884,-0.003979523371131508,-0.2150265419182285,0.10128076253461998,-0.025684653285607786,-0.1354141364175421,0.07016301124478574,-0.01838750605411066,40.46,40.12,4,624.0,792.0,0.0,530.0,754.0,0.0,2,2,0,0.0036889388900437914,0.028408513067043617,-0.014761255107189243,-0.022953955233769197,0.05500794890343544,-0.03836993581703004,-0.02668296690134031,0.0633522852120568,-0.04024465348980598,32.48,46.13,4,782.0,842.0,0.0,648.0,736.0,0.0,2,2,0,0.005771912500012466,0.03562111341819059,-0.004934141691061804,0.02217050382896671,0.06521013857642581,-0.009305715195414411,0.025948437351867276,0.09310730804762055,-0.014824796855522966
92,least_connections,926,measured,383,315,15,medium,0,100.0,76.25,4,926.0,375.0,383.0,875.0,335.0,315.0,2,1,1,-0.005070059219589862,-0.028651558179517936,0.03948337908144791,0.09075376366128529,-0.1936666116750264,0.20777737718603742,0.0806014956222238,-0.13963822792138433,0.1258636849986618,40.46,40.12,4,624.0,792.0,0.0,530.0,754.0,0.0,2,2,0,0.0033376113767062954,0.025702940393991847,-0.013355421287456934,-0.020767864259124524,0.04976909662691778,-0.03471565621540813,-0.024141731958355533,0.057318734239479974,-0.03641182934791969,32.48,46.13,4,782.0,842.0,0.0,648.0,736.0,0.0,2,2,0,0.005222206547630337,0.032228626425981954,-0.004464223434770203,0.020059027273827024,0.05899964918819478,-0.008419456605374943,0.023477157604070376,0.08423994537641857,-0.013412911440711255
92,least_connections,927,measured,195,111,5,light,0,95.07,60.5,4,668.0,758.0,0.0,560.0,650.0,0.0,2,2,0,-0.004587196436771773,0.017161061873860184,-0.007360842962590213,-0.07350849954455141,0.05579370054799193,-0.043026817466601086,-0.06957483729417846,0.016160650928271292,-0.028623332620258388,40.46,40.12,4,624.0,792.0,0.0,530.0,754.0,0.0,2,2,0,0.0030197436265437805,0.023255041308849755,-0.012083476402937226,-0.018789972424922197,0.04502918266244943,-0.031409403242512124,-0.0218425193908931,0.051859807169053335,-0.03294403607668925,32.48,46.13,4,782.0,842.0,0.0,648.0,736.0,0.0,2,2,0,0.004724853543094126,0.029159233433031284,-0.004039059298125422,0.018148643723938734,0.05338063497979527,-0.007617603595339234,0.02124123783225415,0.07621709343580726,-0.01213549130350066
92,least_connections,928,measured,493,449,15,heavy,0,100.0,82.95,5,1043.0,383.0,493.0,895.0,315.0,449.0,3,1,1,0.03893357964110672,-0.027557225198026725,0.03642408992727099,0.15968278612635822,-0.17571046140895963,0.25843605403815456,0.08859895673383855,-0.1369260777315641,0.1772217466769091,40.46,40.12,4,1006.0,410.0,0.0,868.0,416.0,0.0,3,1,0,0.04581604922220174,-0.02204362475684568,-0.010932669126467015,0.0817478480781316,-0.0580076102441784,-0.028418031505130018,0.07580319674157293,-0.0486446982756184,-0.02980650883129027,24.62,35.5,3,848.0,383.0,0.0,764.0,301.0,0.0,2,1,0,0.004274867491370876,-0.01670173664449097,-0.003654386984018239,0.02836305860737315,-0.03476037787542331,-0.00689211753864026,0.054202389784737875,-0.06223215355807915,-0.010979730226976788
92,least_connections,929,measured,198,110,1,light,2,100.0,82.95,5,1043.0,876.0,0.0,895.0,764.0,0.0,3,2,0,0.035225619675287034,0.01815117266663796,-0.010128771244940762,0.14447490173337174,0.13838894761411585,-0.06354198285436809,0.08016096085442537,0.07923354871906102,-0.042775562530415596,40.46,40.12,4,1006.0,410.0,0.0,868.0,416.0,0.0,3,1,0,0.04145261596294443,-0.019944231922860378,-0.009891462542993966,0.07396233873735714,-0.052483075935209025,-0.025711552314165255,0.06858384467094694,-0.04401186986841665,-0.026967793704500722,20.8,28.2,3,1040.0,0.0,0.0,846.0,0.0,0.0,3,0,0,0.04695163748085482,-0.05819499528605872,-0.0033063501283974546,0.060404672073337606,-0.10075462760157347,-0.006235725392103092,0.07377041615444535,-0.14708305956842083,-0.009934041633931379
92,least_connections,930,measured,427,415,17,heavy,2,100.0,82.95,5,1043.0,876.0,0.0,895.0,764.0,0.0,3,2,0,0.03187079875383113,0.01642248955552958,-0.009164126364470213,0.13071538728257448,0.1252090478413429,-0.05749036543966637,0.07252658363019437,0.0716874964601028,-0.03870169943228078,27.29,27.41,3,955.0,0.0,0.0,877.0,0.0,0.0,3,0,0,0.03750474777599734,-0.06112868149029771,-0.008949418491280255,0.05373463300726872,-0.15347108230872653,-0.023262833046149515,0.06459669279752342,-0.15743931083332935,-0.024399432399310177,25.38,38.37,3,842.0,0.0,427.0,736.0,0.0,415.0,2,0,1,-0.0006038472678887297,-0.052652614782624556,0.040092440586778716,0.01882327473301973,-0.091158948782376,0.0716248198833353,0.033570059060371193,-0.13307514913333313,0.11617078772803034
92,least_connections,931,measured,472,423,18,heavy,1,100.0,82.95,5,1043.0,876.0,0.0,895.0,764.0,0.0,3,2,0,0.02883548458679959,0.014858442931193427,-0.008291352424996859,0.11826630277947214,0.11328437661835783,-0.05201509254065052,0.06561928995112826,0.0648601158448549,-0.035015823295873084,36.11,36.78,3,792.0,0.0,472.0,754.0,0.0,423.0,2,0,1,-0.009151033191331204,-0.055306902300745545,0.03498680730607523,0.0064809944895696525,-0.13885478875551446,0.10096628030518447,0.02366784110252121,-0.14244509075396464,0.09752253735300509,25.38,38.37,3,842.0,0.0,427.0,736.0,0.0,415.0,2,0,1,-0.0005463380042802779,-0.04763808004142222,0.036274112911847414,0.01703058190130355,-0.08247714413643543,0.06480340846587479,0.030372910578431084,-0.12040132540634901,0.10510690318250365
92,least_connections,932,measured,372,303,6,medium,1,100.0,77.4,4,848.0,876.0,0.0,784.0,764.0,0.0,2,2,0,-0.016994652267272037,0.013443353128222618,-0.007501699813092396,-0.010616202247144213,0.10249538836899041,-0.04706127420344571,0.009155548051020812,0.05868296195486872,-0.03168098298198041,46.74,46.25,4,1164.0,0.0,472.0,1057.0,0.0,423.0,3,0,1,0.03480439400602914,-0.05003957827210311,0.031654730419782354,0.10202702222525689,-0.12563052315975118,0.09135044408564309,0.10708340385466206,-0.12887889163453944,0.08823467665271889,25.38,38.37,3,842.0,0.0,427.0,736.0,0.0,415.0,2,0,1,-0.000494305813396434,-0.04310112003747724,0.03281943549167147,0.015408621720227028,-0.07462217802820349,0.05863165527864862,0.027480252428104313,-0.10893453251050625,0.09509672192702712
92,least_connections,933,measured,458,402,18,heavy,2,83.4,54.95,3,375.0,876.0,0.0,335.0,764.0,0.0,1,2,0,-0.058460014182860634,0.012163033782677607,-0.006787252211845501,-0.2949067226680512,0.09273392281003895,-0.04257924808883184,-0.19483545652526688,0.05309410843535739,-0.028663746507506086,46.74,46.25,4,1164.0,0.0,472.0,1057.0,0.0,423.0,3,0,1,0.03148968981497874,-0.045273904150950436,0.02863999418932689,0.0923101629657086,-0.11366571143025107,0.08265040179177233,0.09688498443993232,-0.11660471147886903,0.07983137411436472,34.54,51.77,4,842.0,427.0,458.0,736.0,415.0,402.0,2,1,1,-0.0004472290692634495,0.00408764876427796,0.029693774968655138,0.013941133937348249,0.009751362736387326,0.058657211918777326,0.02486308553018962,0.02659891503017689,0.08211925634667533
92,least_connections,934,measured,190,108,8,light,0,96.07,60.35,4,758.0,683.0,0.0,650.0,557.0,0.0,2,2,0,-0.009808493557735581,0.011004649612898793,-0.006140847239288786,-0.03580449511236372,-0.032510577775044125,-0.038524081604181186,-0.03377969876095577,-0.04560533046324805,-0.0259338658877436,46.74,46.25,4,1164.0,0.0,472.0,1057.0,0.0,423.0,3,0,1,0.02849067173736171,-0.04096210375562182,0.02591237569510528,0.08351871887373635,-0.10284040557975097,0.07477893495446067,0.08765784306470067,-0.10549950086183388,0.07222838610347285,34.54,51.77,4,842.0,427.0,458.0,736.0,415.0,402.0,2,1,1,-0.000404635824571703,0.0036983488819657684,0.02686579640021179,0.012613406895696039,0.008822661523398057,0.05307081078365568,0.022495172622552517,0.0240656850273029,0.0742983747898491
92,least_connections,935,measured,417,420,19,heavy,0,98.87,64.6,4,573.0,493.0,417.0,423.0,449.0,420.0,2,1,1,-0.008874351314141715,-0.0331273124817537,0.037527895581686566,-0.14398184478420206,-0.1440175068758336,0.21666868807240752,-0.13325306078372187,-0.0901191085143673,0.16653602610156532,35.83,35.69,3,782.0,472.0,0.0,719.0,423.0,0.0,2,1,0,-0.01730662579771583,0.00602294920976619,-0.01963936983594783,-0.023183744148252167,0.028967524203354578,-0.05435647381671247,-0.016255999131937482,0.024146284934531262,-0.05424872209685792,25.36,37.27,3,383.0,427.0,458.0,301.0,415.0,402.0,1,1,1,-0.04344999930613176,0.003346125178921411,0.024307149124001146,-0.07164501280865596,0.007982408044979183,0.048016447851878946,-0.11083770096054774,0.021773715024702628,0.06722233909557776
92,least_connections,936,measured,356,302,9,medium,1,98.87,64.6,4,1066.0,0.0,417.0,872.0,0.0,420.0,3,0,1,0.03505472522824819,-0.07305623056739166,0.0339538102881926,0.1670957912269918,-0.4276666332051193,0.19603357492265444,0.08255675452901357,-0.2846553838939514,0.15067545218713052,46.0,45.12,4,782.0,828.0,0.0,719.0,725.0,0.0,2,2,0,-0.01565837572174289,0.048533235226069636,-0.017768953661095654,-0.020975768515085313,0.1182359232588174,-0.04917966678654938,-0.01470780873841962,0.10723354351219494,-0.049082177135252404,17.7,27.23,2,0.0,427.0,458.0,0.0,415.0,402.0,0,1,1,-0.08239580436087658,0.0030274465904527037,0.021992182540762944,-0.13412644016021252,0.007222178707362109,0.04344345281836667,-0.19105950721827333,0.019700027879492862,0.060820211562665594
92,least_connections,937,measured,188,110,9,light,2,98.87,64.6,4,1066.0,0.0,417.0,872.0,0.0,420.0,3,0,1,0.031716179968415026,-0.06609849432287818,0.0307201140702695,0.1511819063482307,-0.3869364776617746,0.1773637106443064,0.07469420647863134,-0.2575453473326227,0.13632540912168953,34.29,32.12,3,372.0,828.0,0.0,303.0,725.0,0.0,1,2,0,-0.05725100207023903,0.043911022347396335,-0.016076672360038926,-0.1249644708333765,0.10697535913893003,-0.0444958889973542,-0.13092611266809395,0.0970208250824621,-0.04440768407475217,21.46,30.9,3,0.0,1073.0,0.0,0.0,927.0,0.0,0,3,0,-0.07454858489793595,0.08890691879725766,-0.02318621126130518,-0.12135249347828753,0.12342959025904192,-0.04357020935481111,-0.17286336367367588,0.172236533160811,-0.0662102847766359
92,least_connections,938,measured,388,324,9,medium,1,98.87,64.6,4,1066.0,0.0,417.0,872.0,0.0,420.0,3,0,1,0.028695591399994544,-0.05980339962546121,0.027794388920720024,0.13678362955316115,-0.35008538455112936,0.160471928678182,0.06758047252828553,-0.23301721901523006,0.12334203682438577,34.74,32.78,3,356.0,860.0,0.0,302.0,747.0,0.0,1,2,0,-0.05179852568259721,0.039729020219072875,-0.014545560706701885,-0.11719914708053793,0.10505933854066457,-0.040258185283320466,-0.11873969717589451,0.09400098459841807,-0.04017838082953768,21.46,30.9,3,0.0,1073.0,0.0,0.0,927.0,0.0,0,3,0,-0.06744871966956109,0.08043959319751884,-0.020978000664990403,-0.10979511314702205,0.11167439118675221,-0.03942066560673386,-0.15640018618094484,0.15583305381216234,-0.059904543369337246
92,least_connections,939,measured,499,428,17,heavy,1,98.87,64.6,4,1066.0,0.0,417.0,872.0,0.0,420.0,3,0,1,0.02596267793332839,-0.05410783775636967,0.02514730426160383,0.12375661721476483,-0.3167439193557837,0.14518888785168846,0.061144237049401196,-0.21082510291854148,0.11159517617444428,49.0,46.16,4,356.0,860.0,499.0,302.0,747.0,428.0,1,2,1,-0.04686533276044509,0.035945304007732604,0.029923631015931852,-0.10603732354905814,0.09505368725107746,0.09256912487971686,-0.10743115458771409,0.0850485098747592,0.08466003639232306,21.46,30.9,3,188.0,885.0,0.0,110.0,817.0,0.0,1,2,0,-0.017941131855226472,0.029694779332902543,-0.01898009583975322,-0.06531938808540089,0.06701968726420435,-0.03566631650133063,-0.108330327179585,0.10781720741735323,-0.0541993487627337
92,least_connections,940,measured,170,125,5,light,2,98.87,64.6,4,1066.0,417.0,0.0,872.0,420.0,0.0,3,1,0,0.02349004193967806,-0.005870810124243758,-0.02033157732340152,0.11197027271812054,-0.035054022274280505,-0.12016243480085333,0.05532097637802963,-0.0007465216882041881,-0.08903293584216945,49.0,46.16,4,744.0,472.0,499.0,626.0,423.0,428.0,2,1,1,0.0006819324911165603,-0.010561958505475491,0.027073761395366915,0.004360788897790957,-0.014298364595963925,0.08375301774831526,-0.005592473198407999,-0.01465849106569403,0.0765971757835304,24.86,35.07,4,785.0,458.0,0.0,650.0,402.0,0.0,3,1,0,0.06993534782259554,-0.016217195116036018,-0.01717246766453863,0.04893007744654204,-0.01662980676095796,-0.03226952445358486,0.06484398969466118,-0.027609828209696236,-0.04903750602342573
92,least_connections,941,measured,468,429,17,heavy,0,100.0,70.3,4,683.0,417.0,468.0,557.0,420.0,429.0,2,1,1,-0.021831005138477216,-0.0053116853505062595,0.02468866360082266,-0.12970943579471633,-0.031715543962444304,0.17356732089446603,-0.09244768803892556,-0.0006754243845656926,0.11351781995232288,49.0,46.16,4,744.0,472.0,499.0,626.0,423.0,428.0,2,1,1,0.0006169865395816432,-0.009556057695430206,0.024495307929141494,0.003945475669429932,-0.012936615586824518,0.07577653986752332,-0.005059856703321541,-0.013262444297532705,0.0693022066612894,24.86,35.07,4,785.0,458.0,0.0,650.0,402.0,0.0,3,1,0,0.06327483850615787,-0.0146727003430802,-0.015536994553630189,0.0442700700706809,-0.01504601564086673,-0.029196236410386302,0.05866837162850297,-0.024980320761153724,-0.04436726735452804
92,least_connections,942,measured,396,325,14,medium,0,100.0,81.15,4,493.0,813.0,468.0,449.0,745.0,429.0,1,2,1,-0.06283576201871294,0.03827808967153742,0.022337362305506214,-0.23195933079839415,0.21016212689112185,0.15703709985689782,-0.13250028917807552,0.14641271127110725,0.10270659900448262,49.0,46.16,4,1216.0,499.0,0.0,1049.0,428.0,0.0,3,1,0,0.04364212614352171,-0.008645956962532092,-0.02092147876705792,0.12558332152404203,-0.004724965122773206,-0.06043347073210475,0.11502024869699479,-0.01058566388824389,-0.05830990825883341,24.86,35.07,4,785.0,458.0,0.0,650.0,402.0,0.0,3,1,0,0.0572486634103333,-0.0132753003104059,-0.01405728078661779,0.04005387292109225,-0.013613061770307994,-0.026415642466539987,0.053080907663883625,-0.022601242593424775,-0.04014181332076346
92,least_connections,943,measured,379,310,12,medium,0,100.0,74.2,4,0.0,1192.0,468.0,0.0,1055.0,429.0,0,3,1,-0.09993530395797383,0.07771645754862455,0.020209994466886573,-0.5072330453255313,0.41874986083799903,0.1420811855848123,-0.32300026163730644,0.272706738769097,0.09292501814691284,49.0,46.16,4,1216.0,499.0,0.0,1049.0,428.0,0.0,3,1,0,0.03948573317747202,-0.007822532489909995,-0.01892895697971907,0.11362300518841897,-0.004274968444413857,-0.05467790209095191,0.10406593929728097,-0.009577505422696864,-0.052756583662754035,24.86,35.07,4,785.0,458.0,0.0,650.0,402.0,0.0,3,1,0,0.05179640975220631,-0.012010985995129148,-0.012718492140273239,0.03623921835717869,-0.012316579696945329,-0.02389986699353618,0.048025583124466115,-0.020448743298812883,-0.03631878348069075
92,least_connections,944,measured,182,100,5,light,0,100.0,79.2,5,182.0,1660.0,0.0,100.0,1484.0,0.0,1,4,0,-0.047333755735218946,0.11339879038979864,-0.024798667137669515,-0.3491473584691314,0.5646466994883483,-0.15373607018516983,-0.24700023671946775,0.44080609698156403,-0.10999641215279314,49.0,46.16,4,1216.0,499.0,0.0,1049.0,428.0,0.0,3,1,0,0.035725187160569924,-0.007077529395632859,-0.017126199172126776,0.10280176659904575,-0.0038678285925649314,-0.049470482844194585,0.09415489745944472,-0.0086653620491067,-0.047732147123444126,24.86,35.07,4,1243.0,0.0,0.0,1052.0,0.0,0.0,4,0,0,0.08994731857399166,-0.053950982793778975,-0.01150720717453293,0.11566405470411406,-0.09401976258295054,-0.02162368918462797,0.1646898133030884,-0.13973933917511644,-0.032859851720624965
92,least_connections,945,measured,187,105,6,light,1,100.0,79.2,5,182.0,1660.0,0.0,100.0,1484.0,0.0,1,4,0,-0.04282577899853142,0.1025989055907702,-0.022436889315034323,-0.3158952290911189,0.5108708233466009,-0.13909453969134414,-0.22347640465094698,0.3988245639357008,-0.09952056337633665,44.17,40.0,4,1047.0,499.0,0.0,852.0,428.0,0.0,3,1,0,0.03232278838337278,-0.006403478977001165,-0.015495132584305179,0.049324047331109455,-0.0034994639647016046,-0.044759008287604624,0.02948835960616425,-0.0078400894730013,-0.04318622834978278,21.46,30.9,3,1073.0,0.0,0.0,927.0,0.0,0.0,3,0,0,0.038297007054473184,-0.04881279395627622,-0.01041128268172027,0.07388652568467466,-0.0850654994798124,-0.019564290214663403,0.11130665648057206,-0.1264308306822482,-0.029730342032946395
92,least_connections,946,measured,486,421,16,heavy,2,100.0,79.2,5,182.0,1660.0,0.0,100.0,1484.0,0.0,1,4,0,-0.038747133379623655,0.09282758124879209,-0.020300042713602483,-0.285809969177679,0.4622164592183533,-0.1258474406731209,-0.202192937541333,0.36084127213230077,-0.0900424144833522,44.17,40.0,4,1047.0,499.0,0.0,852.0,428.0,0.0,3,1,0,0.029244427584956323,-0.005793623836334388,-0.01401940567151421,0.044626519013860944,-0.003166181682349084,-0.04049624559354704,0.026679944405577166,-0.007093414285096411,-0.03907325422123204,27.42,41.27,3,885.0,0.0,486.0,817.0,0.0,421.0,2,0,1,-0.008434227177472109,-0.04416395643663087,0.033664168276629505,0.03283066609565802,-0.07696402333887789,0.07024183266292358,0.06753141935543822,-0.11438979918870075,0.10006937308130247
92,least_connections,947,measured,156,117,5,light,2,100.0,79.2,5,599.0,1243.0,0.0,520.0,1064.0,0.0,2,3,0,0.008026970026145497,0.04090295899834023,-0.01836670531230701,-0.007066162589328628,0.2631799710388276,-0.11386197013282368,0.007063532700698705,0.13647543669112927,-0.08146694643731867,33.09,29.88,3,659.0,499.0,0.0,528.0,428.0,0.0,2,1,0,-0.0166246562213207,-0.005241850137635881,-0.012684224178989047,-0.05992294538201701,-0.00286464056974442,-0.03663946029892351,-0.06746814553781111,-0.006417851019849152,-0.03535199191444804,22.0,31.33,3,614.0,0.0,486.0,519.0,0.0,421.0,2,0,1,-0.007630967446284276,-0.03995786534742793,0.0304580570121886,-0.019334159246785595,-0.06963411635422286,0.06355213431407372,-0.028773160265714637,-0.10349553259930068,0.09053895659736891
92,least_connections,948,measured,379,328,7,medium,1,100.0,79.2,5,978.0,864.0,0.0,830.0,754.0,0.0,3,2,0,0.05034639691707948,-0.006076461133020961,-0.016617495282563486,0.22220997987949637,0.009512037289097997,-0.10301797297731666,0.14662891053872734,-0.016760319184216388,-0.0737081896337645,43.91,40.12,4,1038.0,499.0,0.0,856.0,428.0,0.0,3,1,0,0.028042544597943392,-0.004742626315003898,-0.011476202828609137,0.04375679091286899,-0.002591817658340184,-0.03314998788950222,0.03169548737055186,-0.005806627113196849,-0.031985135541643464,22.0,31.33,3,614.0,486.0,0.0,519.0,421.0,0.0,2,1,0,-0.006904208641876242,0.0069315458647987716,-0.015526610549062918,-0.017492810747091733,0.02494056139379837,-0.03044330704917139,-0.026032859288027538,0.033329438759362895,-0.04505205514206306
92,least_connections,949,measured,363,300,8,medium,2,100.0,74.2,4,1192.0,468.0,0.0,1055.0,429.0,0.0,3,1,0,0.04555150197259572,-0.04858165077568109,-0.015034876684224107,0.3301264897322427,-0.23025101388129227,-0.09320673745566745,0.23444996667789614,-0.1621879078333386,-0.06668836204959645,30.43,26.91,3,1065.0,0.0,0.0,861.0,0.0,0.0,3,0,0,0.025371826064805925,-0.04737484784509423,-0.010383231130646363,0.046569069329330415,-0.13133817516026697,-0.029992846185740104,0.030090560001927835,-0.12626551976908287,-0.02893893215672504,29.26,41.33,4,614.0,849.0,0.0,519.0,721.0,0.0,2,2,0,-0.00624666496169754,0.04935529886633721,-0.01404788573486645,-0.015826828771178234,0.08825098411819854,-0.027543944473059828,-0.02355353935583443,0.1206313969727569,-0.04076138322377134
92,least_connections,950,measured,399,325,7,medium,1,100.0,74.2,4,1192.0,468.0,0.0,1055.0,429.0,0.0,3,1,0,0.04121326368949137,-0.04395482689228289,-0.013602983666678954,0.29868587166250526,-0.20832234589259774,-0.08432990531703245,0.21212139842285838,-0.14674144042063966,-0.06033708947344441,41.83,37.06,4,1464.0,0.0,0.0,1186.0,0.0,0.0,4,0,0,0.06603936190443892,-0.04286295757413287,-0.00939435197534671,0.14527677701225133,-0.11882977752595583,-0.027136384644241045,0.11911467333507758,-0.11424023217202736,-0.026182843379894082,29.26,41.33,4,977.0,486.0,0.0,819.0,421.0,0.0,3,1,0,0.037432155737602446,0.00157089398564296,-0.01270999185535536,0.05136620254036253,0.014160414202179616,-0.02492071166610175,0.06916584534472126,0.018666502022970516,-0.03687934672626931
92,least_connections,951,measured,179,102,2,light,0,100.0,79.3,5,1839.0,0.0,0.0,1586.0,0.0,0.0,5,0,0,0.1234559914106736,-0.08285255312929903,-0.01230746141270953,0.4560173759486159,-0.47076783675996936,-0.07629848576302936,0.43213364619211003,-0.3268374937139121,-0.05459069999978304,36.49,33.78,3,1277.0,0.0,0.0,1081.0,0.0,0.0,3,0,0,0.01666599863916357,-0.038780771138501174,-0.008499651787218452,0.08310075743285328,-0.10751265585681719,-0.024551967059075232,0.0780829187317369,-0.1033602100604057,-0.0236892392484756,20.1,27.93,3,519.0,486.0,0.0,417.0,421.0,0.0,2,1,0,-0.009216711702259905,0.0014212850346293493,-0.011499516440559611,-0.03640200722538625,0.012811803325781565,-0.02254731055504444,-0.058659473259537936,0.016888739925544766,-0.03336702799043414
92,least_connections,952,measured,398,338,8,medium,1,100.0,79.3,5,1839.0,0.0,0.0,1586.0,0.0,0.0,5,0,0,0.11169827794299039,-0.0749618337836515,-0.011135322230546718,0.4125871496677953,-0.4259328046875913,-0.06903196330940752,0.3909780608404805,-0.29571011336020614,-0.04939158571408942,47.86,44.34,4,1277.0,398.0,0.0,1081.0,338.0,0.0,3,1,0,0.015078760673528951,0.007996535863351542,-0.007690161140816695,0.07518639958210532,0.005610998442471524,-0.02221368448202045,0.07064645028109529,0.0020490956596329324,-0.021433121224811256,16.98,24.03,2,363.0,486.0,0.0,300.0,421.0,0.0,1,1,0,-0.05142282986213538,0.0012859245551408438,-0.010404324398601552,-0.061163720822968504,0.011591631580469039,-0.020399947645040207,-0.08835857104434386,0.015280288504064321,-0.03018921580086898
92,least_connections,953,measured,478,431,18,heavy,2,100.0,74.2,4,1660.0,0.0,0.0,1484.0,0.0,0.0,4,0,0,0.05797644648356726,-0.06782261151854183,-0.01007481535144703,0.37329313541371956,-0.38536777566972547,-0.062457490613273464,0.3075991979032918,-0.2675472454211389,-0.04468762516989043,47.86,44.34,4,1675.0,0.0,0.0,1419.0,0.0,0.0,4,0,0,0.056726588455188326,-0.03584893920753454,-0.006957764841691296,0.17091014383959185,-0.09780773610306998,-0.020098095483732786,0.15948369311146715,-0.09371153249842734,-0.01939187158435304,26.54,38.4,3,363.0,486.0,478.0,300.0,421.0,431.0,1,1,1,-0.046525417494312965,0.0011634555498893362,0.03367046386611787,-0.05533860455411435,0.010487666668043419,0.06803814260686838,-0.07994346904012062,0.01382502293224866,0.10267007459286458
92,least_connections,954,measured,158,110,3,light,2,82.87,53.2,3,1243.0,0.0,0.0,1064.0,0.0,0.0,3,0,0,0.009370979925041573,-0.0613633151834426,-0.009115309127499693,0.18272553521558754,-0.34866608274879923,-0.05650915817391409,0.08830403619821647,-0.24206655538103042,-0.04043166086799611,47.86,44.34,4,1675.0,0.0,0.0,1419.0,0.0,0.0,4,0,0,0.05132405622136088,-0.03243475452110268,-0.006295120571054029,0.15463298728344027,-0.08849271361706332,-0.01818399115194871,0.14429476995799412,-0.08478662464143426,-0.017545026671557513,29.7,42.07,4,521.0,486.0,478.0,410.0,421.0,431.0,2,1,1,0.0009894748747599214,0.0010526502594236792,0.03046375302172569,-0.021477785072770136,0.0094888412710869,0.061558319501452345,-0.03915520214741072,0.012508354081558315,0.092891972250687
92,least_connections,955,measured,364,329,9,medium,0,81.87,54.15,3,864.0,364.0,0.0,754.0,329.0,0.0,2,1,0,-0.03460539458029119,-0.012435289701119276,-0.008247184448690199,-0.06328007131288116,-0.09590423359811998,-0.05112733358592227,-0.060343967249232744,-0.07017926439236086,-0.036581026499615525,37.03,34.09,3,1296.0,0.0,0.0,1091.0,0.0,0.0,3,0,0,0.003352150640188206,-0.02934573028099766,-0.005695585278572693,0.041933246997942486,-0.08006483612972395,-0.016452182470810737,0.03781431567628041,-0.0767117080089167,-0.015874071750456797,29.7,42.07,4,1007.0,0.0,478.0,831.0,0.0,431.0,3,0,1,0.04397913939915919,-0.04213150237299309,0.027562443210132768,0.06851057541035083,-0.07935771504044518,0.05569562240607593,0.09154211869202525,-0.11565117170398692,0.08404511775062157
92,least_connections,956,measured,380,344,7,medium,0,80.8,55.1,3,848.0,364.0,0.0,773.0,329.0,0.0,2,1,0,-0.031309642715501546,-0.011250976396250778,-0.007461738310719704,-0.06690419150530513,-0.08677049706496567,-0.04625806372059634,-0.046001684654067676,-0.06349552492642171,-0.033097119213937855,22.77,20.72,2,797.0,0.0,0.0,663.0,0.0,0.0,2,0,0,-0.04005100202849185,-0.02655089882566455,-0.005153148585375294,-0.09105359285220171,-0.07243961364117882,-0.014885307949781143,-0.08679895248336536,-0.06940583105568654,-0.014362255393270436,29.7,42.07,4,1007.0,0.0,478.0,831.0,0.0,431.0,3,0,1,0.0397906499325726,-0.03811897833746994,0.024937448618691554,0.06198575870460313,-0.07179983741754564,0.05039127741502108,0.08282382167373711,-0.1046367743988453,0.07604082082199094
92,least_connections,957,measured,410,436,17,heavy,1,80.8,55.1,3,1212.0,0.0,0.0,1102.0,0.0,0.0,3,0,0,0.014756128246065509,-0.05326335506146045,-0.006751096566841637,0.15902319181266045,-0.2980621957571912,-0.041852533842444306,0.10721276150346265,-0.20628166540961965,-0.02994501262213425,23.09,24.19,2,398.0,0.0,410.0,338.0,0.0,436.0,1,0,1,-0.07932052110967858,-0.024022241794648878,0.0384215276971321,-0.1855246792472301,-0.0655406028182094,0.09251873498421162,-0.17042226653256867,-0.06279575190752591,0.11027938797751724,19.28,28.4,2,486.0,478.0,0.0,421.0,431.0,0.0,1,1,0,-0.050166736228806186,0.008595300778570278,-0.020521446714607865,-0.03819383736250194,0.021533480431744426,-0.040903129957838076,-0.04871495499360293,0.035312759670885985,-0.061185289097563746
92,least_connections,958,measured,488,426,17,heavy,1,49.6,33.65,2,744.0,0.0,0.0,673.0,0.0,0.0,2,0,0,-0.029733117527936198,-0.0481906545794166,-0.006108134989047195,-0.1384075883599739,-0.269675319970792,-0.03786657823840199,-0.09706940625877192,-0.1866357925134654,-0.027093106658121466,37.03,37.5,3,398.0,0.0,898.0,338.0,0.0,862.0,1,0,2,-0.07176618576589966,-0.021734409242777555,0.07784623480987689,-0.16785566217606535,-0.059298640645046606,0.20985708675442274,-0.15419157448184787,-0.05681520410680916,0.22022301769394415,19.28,28.4,2,486.0,478.0,0.0,421.0,431.0,0.0,1,1,0,-0.04538895182606274,0.007776700704420728,-0.018567023217978543,-0.034556329042263675,0.019482672771578294,-0.03700759377137731,-0.04407543547040263,0.03194963970223018,-0.05535811870731958
92,least_connections,959,measured,377,331,9,medium,0,74.73,50.2,3,744.0,377.0,0.0,673.0,331.0,0.0,2,1,0,-0.02690139204908512,-0.0005171682022385993,-0.0055264078472331765,-0.12522591327807164,-0.01659513076722452,-0.03426023745379228,-0.08782470090079364,-0.019122859893135363,-0.024512810785919423,37.03,37.5,3,398.0,0.0,898.0,338.0,0.0,862.0,1,0,2,-0.06493131093105207,-0.01966446550537017,0.0704323076851267,-0.15186940863548765,-0.05365115105980407,0.1898706975397158,-0.13950666262643377,-0.05140423228711305,0.19924939696118754,19.28,28.4,2,486.0,478.0,0.0,421.0,431.0,0.0,1,1,0,-0.04106619450929486,0.007036062542094948,-0.016798735292456776,-0.03126525008585761,0.017627180126666073,-0.03348306103124614,-0.03987777494941189,0.028906816873446345,-0.0500859169256701
92,least_connections,960,measured,397,314,8,medium,2,74.73,50.2,3,744.0,377.0,0.0,673.0,331.0,0.0,2,1,0,-0.02433935471107701,-0.00046791408773969034,-0.005000083290353827,-0.11329963582301716,-0.015014642122726962,-0.030997357696288252,-0.07946044367214661,-0.017301635141408173,-0.02217825737773662,25.66,26.94,2,0.0,410.0,488.0,0.0,436.0,426.0,0,1,1,-0.10183127678342353,0.025292240959993884,0.020640568631214416,-0.24029000917360446,0.057444876932286115,0.06580137940668167,-0.22178578999534485,0.07676521840689773,0.05699945439345541,27.22,38.87,3,486.0,875.0,0.0,421.0,745.0,0.0,1,2,0,-0.03715512836555249,0.04944986157436708,-0.015198855740794227,-0.028287607220537844,0.08778649630507881,-0.030294198075889366,-0.036079891620896476,0.12085219939343558,-0.045315829599415804
92,least_connections,961,measured,439,413,17,heavy,1,74.73,50.2,3,1121.0,0.0,0.0,1004.0,0.0,0.0,3,0,0,0.021062579297687692,-0.043507251068045656,-0.004523884881748701,0.12488763108076217,-0.2409815016031022,-0.028045228391879846,0.07784531286805779,-0.16539195560413122,-0.020066042389380753,38.2,39.84,3,0.0,898.0,439.0,0.0,862.0,413.0,0,2,1,-0.092133059946907,0.0659673563334185,0.018674800190146376,-0.21740524639516595,0.17812359613601397,0.0468679147012834,-0.200663333805312,0.18990067379671696,0.04789533968931681,27.22,38.87,3,883.0,478.0,0.0,735.0,431.0,0.0,2,1,0,0.009467355515067027,0.0016564507214795188,-0.013751345670242396,0.04624454584808482,0.0075877823712618,-0.027409036354376092,0.06205470123188733,0.014644053419457598,-0.041000036304233343
92,least_connections,962,measured,171,122,3,light,0,86.13,56.3,4,1292.0,0.0,0.0,1126.0,0.0,0.0,4,0,0,0.06214051959133193,-0.039363703347279407,-0.004093038702534539,0.21613642812068956,-0.21803088240280674,-0.02537425425931986,0.12562194973776653,-0.14964034078469016,-0.018154990733249252,38.2,39.84,3,0.0,898.0,439.0,0.0,862.0,413.0,0,2,1,-0.08335848280910634,0.05968475096833103,0.016896247791084815,-0.1966999848337216,0.16115944412306024,0.04240430377735166,-0.181552540109568,0.17181489533988678,0.043333878766524725,17.5,24.83,2,397.0,478.0,0.0,314.0,431.0,0.0,1,1,0,-0.0345181976178872,0.0014986935099100401,-0.012441693701647882,-0.04610255375649469,0.00686513643114163,-0.024798651939673608,-0.07082352428226064,0.013249381665223547,-0.037095270941925405
92,least_connections,963,measured,368,344,12,medium,2,60.8,39.1,3,912.0,0.0,0.0,782.0,0.0,0.0,3,0,0,0.01313847464159057,-0.03561477921896708,-0.0037032254927693445,-0.03365434281143953,-0.1972660364596823,-0.02295765861557511,-0.04196109309440166,-0.1353888797575768,-0.016425943996749324,38.2,39.84,3,0.0,898.0,439.0,0.0,862.0,413.0,0,2,1,-0.07541957968442954,0.05400048897134712,0.015287081334791022,-0.17796665294479572,0.14581092563514975,0.038365798655699127,-0.16426182200389486,0.15545157197418327,0.03920684269352237,24.86,36.3,3,397.0,846.0,0.0,314.0,775.0,0.0,1,2,0,-0.031230750225707468,0.04443986102143788,-0.011256770491967131,-0.04171183435111424,0.07280179010436622,-0.022436875564466597,-0.06407842673156915,0.11573356753837688,-0.03356238799507537
92,least_connections,964,measured,355,333,11,medium,0,60.2,39.3,3,548.0,355.0,0.0,453.0,333.0,0.0,2,1,0,-0.031196708884365904,0.010861004742930003,-0.0033505373506008355,-0.25000472286114367,0.03564818923489063,-0.02077121493790129,-0.18679813184731578,0.02814815640981147,-0.014861568378011293,38.2,39.84,3,0.0,1337.0,0.0,0.0,1275.0,0.0,0,3,0,-0.06823676257162672,0.09194148548654762,-0.02925273140004168,-0.16101744790243422,0.24540716401003346,-0.07877108012783683,-0.14861783895590489,0.25741749369092776,-0.08129797565824166,24.86,36.3,3,875.0,368.0,0.0,745.0,344.0,0.0,2,1,0,0.014827507165402987,-0.0028764069216468957,-0.010184697111779786,0.048755959396610926,-0.02062695181033533,-0.020300030272612634,0.07200840756032631,-0.025272803973214575,-0.030365970090782478
92,least_connections,965,measured,180,111,5,light,0,60.8,38.75,3,557.0,355.0,0.0,442.0,333.0,0.0,2,1,0,-0.02822559375252154,0.009826623338841434,-0.0030314385553055177,-0.22076617782674907,0.03225312359347249,-0.018793003991434503,-0.17398402405233335,0.025467379608877044,-0.013446180913438788,38.2,39.84,3,0.0,1337.0,0.0,0.0,1275.0,0.0,0,3,0,-0.061738023279090844,0.08318515353544785,-0.026466756980990092,-0.14568245286410716,0.22203505315193503,-0.07126907249661428,-0.13446375905534252,0.2329015419108394,-0.0735553113098377,24.86,36.3,3,875.0,368.0,0.0,745.0,344.0,0.0,2,1,0,0.01341536362584081,-0.002602463405299571,-0.009214725958276949,0.0441125346921718,-0.018662480209351018,-0.018366694056173336,0.06515046398315238,-0.022865870261479848,-0.027473972939279386
92,least_connections,966,measured,376,322,14,medium,0,85.87,54.85,4,557.0,731.0,0.0,442.0,655.0,0.0,2,2,0,-0.025537441966567098,0.05197465467618533,-0.002742730121466897,-0.19974082755753492,0.25597504833060214,-0.01700319408748836,-0.15741411699973015,0.16870858155088878,-0.012165592255016048,38.2,39.84,3,0.0,1337.0,0.0,0.0,1275.0,0.0,0,3,0,-0.05585821153822505,0.0752627579606433,-0.023946113458991038,-0.131807933543716,0.20088885761365552,-0.06448154178265102,-0.12165768676435752,0.21072044268123563,-0.06655004356604363,24.86,36.3,3,875.0,368.0,0.0,745.0,344.0,0.0,2,1,0,0.012137709947189296,-0.0023546097476519895,-0.00833713300986962,0.039911340911964965,-0.016885101141793785,-0.016617485098442544,0.05894565788951883,-0.02068816833181511,-0.024857404087919446
92,least_connections,967,measured,153,112,3,light,1,85.87,54.85,4,557.0,731.0,0.0,442.0,655.0,0.0,2,2,0,-0.023105304636417856,0.04702468756416768,-0.00248151772894624,-0.1807178915996745,0.23159647229911617,-0.015383842269632325,-0.1424222963330892,0.1526410975936613,-0.011006964421204996,42.57,43.34,4,563.0,927.0,0.0,548.0,839.0,0.0,2,2,0,0.03562941858559683,0.02501097602334848,-0.021665531224801415,0.026282617950243337,0.0757701909021509,-0.05834044256525568,0.044869235784628925,0.06737801956873701,-0.06021194417880138,24.86,36.3,3,875.0,368.0,0.0,745.0,344.0,0.0,2,1,0,0.010981737571266498,-0.0021303612002565586,-0.00754312034226299,0.03611026082511115,-0.015276996271146759,-0.015034867470019444,0.05333178570956465,-0.018717866585927945,-0.022490032270022355
92,least_connections,968,measured,386,327,8,medium,2,60.73,38.3,3,535.0,376.0,0.0,444.0,322.0,0.0,2,1,0,-0.020904799432949484,-0.0005377543353675546,-0.0022451827071418365,-0.17677650509811815,-0.004587318713498101,-0.013918714434429246,-0.1279535062061283,-0.01253900693906837,-0.009958682095375948,42.57,43.34,4,1051.0,439.0,0.0,974.0,413.0,0.0,3,1,0,0.07532004085182117,-0.020454921919918267,-0.019602147298629854,0.14992917134273714,-0.05759567761914239,-0.052784209939993235,0.16104240380514045,-0.059485363247333195,-0.05447747330462982,24.64,36.73,3,846.0,386.0,0.0,775.0,327.0,0.0,2,1,0,0.009935857802574444,-0.001927469657374975,-0.006824727928714134,0.027423569317957697,-0.010564901388180406,-0.013602975330017593,0.057300187070558534,-0.02206219675234751,-0.020348124434782133
92,least_connections,969,measured,365,333,9,medium,0,85.07,54.95,4,535.0,741.0,0.0,444.0,655.0,0.0,2,2,0,-0.01891386615362095,0.04259736058999625,-0.002031355782652138,-0.15994064746972592,0.21600829894175572,-0.012593122583531223,-0.11576745799602081,0.13929804134084292,-0.00901023618153062,42.57,43.34,4,1051.0,439.0,0.0,974.0,413.0,0.0,3,1,0,0.0681467036278382,-0.018506834118021287,-0.01773527612733177,0.13565020264342884,-0.052110374988747876,-0.04775714232666055,0.1457050320141747,-0.05382009055711098,-0.04928914251371269,24.64,36.73,3,1232.0,0.0,0.0,1102.0,0.0,0.0,3,0,0,0.05207348585765806,-0.04482780134533473,-0.006174753840265169,0.09465941985910462,-0.07940633935121084,-0.012307453870015918,0.1504620740162196,-0.11858008277593346,-0.01841020782194574
92,least_connections,970,measured,373,335,10,medium,2,73.07,49.4,3,355.0,741.0,0.0,333.0,655.0,0.0,1,2,0,-0.06019644579431918,0.038540469105234704,-0.001837893327161458,-0.25327963342499016,0.1954360799949218,-0.011393777575575869,-0.15495627152020927,0.1260315612131436,-0.008152118449956275,38.2,39.84,3,898.0,439.0,0.0,862.0,413.0,0.0,2,1,0,0.01857264115081053,-0.01674427848773355,-0.01604620221044303,0.0831801153168438,-0.047147482132676666,-0.04320884305745478,0.10016169563187233,-0.04869436764690996,-0.044594938464787674,32.1,47.9,4,1232.0,373.0,0.0,1102.0,335.0,0.0,3,1,0,0.04711410625216682,0.0025254132952640396,-0.0055866820459542004,0.08564423701538038,-0.004348592746333618,-0.011135315406204879,0.13613235268134155,-0.006254995527431861,-0.016656854696046143
92,least_connections,971,measured,192,112,2,light,0,85.87,55.0,4,912.0,376.0,0.0,778.0,322.0,0.0,3,1,0,0.03170434949674976,-0.008213951988687879,-0.0016628558674317954,0.10681049039326285,-0.04333561016332477,-0.0103086559017115,0.061110992434096345,-0.036614301759536755,-0.007375726216627106,38.2,39.84,3,1337.0,0.0,0.0,1275.0,0.0,0.0,3,0,0,0.059887718410824034,-0.05823348552518296,-0.014517992476115122,0.18874119276966142,-0.1561402389363673,-0.03909371514722099,0.2073933198574083,-0.16082764215672807,-0.04034780146814123,22.54,33.53,3,754.0,373.0,0.0,671.0,335.0,0.0,2,1,0,-0.0004568517128921423,0.0022848977433341244,-0.005054617089196658,-0.00900759508132254,-0.003934441056206606,-0.01007480917704251,-0.006816760272436995,-0.005659281667676444,-0.015070487582136987
92,least_connections,972,measured,374,313,8,medium,1,85.87,55.0,4,912.0,376.0,0.0,778.0,322.0,0.0,3,1,0,0.028684887639916445,-0.007431670846908087,-0.0015044886419621007,0.09663806273676168,-0.03920840919538909,-0.009326879149167548,0.05529089791656333,-0.03312722540148563,-0.0066732761007578575,48.89,49.62,4,1337.0,374.0,0.0,1275.0,313.0,0.0,3,1,0,0.054184126181221745,-0.009603539057931973,-0.01313532652600892,0.1707658410773127,-0.04458946788120306,-0.035370504180818996,0.1876415751090837,-0.057013700046563476,-0.036505153709270634,22.54,33.53,3,754.0,373.0,0.0,671.0,335.0,0.0,2,1,0,-0.0004133420259500309,0.002067288434445161,-0.004573224985463643,-0.008149728883101365,-0.0035597323841869283,-0.009115303541133699,-0.006167545008395364,-0.005120302461231074,-0.013635203050504892
92,least_connections,973,measured,371,327,9,medium,2,73.07,49.4,3,1096.0,0.0,0.0,988.0,0.0,0.0,3,0,0,0.025952993578972017,-0.049807792897769446,-0.0013612040093942815,0.19841856469833996,-0.2622679257799552,-0.008438604944484925,0.14502509811498582,-0.17563891822039177,-0.006037725995923776,48.89,49.62,4,1711.0,0.0,0.0,1588.0,0.0,0.0,4,0,0,0.09210763343833894,-0.05177281651726725,-0.011884343047341404,0.2511826997502217,-0.1370231240013606,-0.03200188473502671,0.2582679727177424,-0.14008084766117648,-0.03302847240362581,29.96,44.43,4,1127.0,371.0,0.0,1006.0,327.0,0.0,3,1,0,0.04270992410804067,0.0018704038216408592,-0.00413767974875282,0.0601216738676702,-0.003582615014264365,-0.008247179394359061,0.09545158626224545,-0.0070453530204789006,-0.012336612283790141
92,least_connections,974,measured,159,101,1,light,0,83.67,54.45,4,1255.0,0.0,0.0,1089.0,0.0,0.0,4,0,0,0.06656518013154157,-0.04506419357417236,-0.001231565532309112,0.2754263204413552,-0.23729002808662616,-0.007634928283105408,0.17690366019927284,-0.15891140219940209,-0.005462704472502464,37.17,36.0,3,1301.0,0.0,0.0,1152.0,0.0,0.0,3,0,0,0.04025157764602548,-0.04684207208705132,-0.010752500852356508,0.12127414331142511,-0.12397330266789769,-0.02895408618883369,0.11039721341129072,-0.12673981455058825,-0.029882903603280494,29.96,44.43,4,1127.0,371.0,0.0,1006.0,327.0,0.0,3,1,0,0.038642312288227273,0.001692270124341727,-0.003743615010776361,0.05439580016598733,-0.0032414135843344266,-0.007461733737753436,0.08636095899917445,-0.006374367018528532,-0.01116169682819108
92,least_connections,975,measured,375,320,12,medium,1,49.4,32.75,2,741.0,0.0,0.0,655.0,0.0,0.0,2,0,0,-0.02594216128688187,-0.04077236561472737,-0.0011142735768511012,-0.060836503727662694,-0.21469097779266177,-0.006907792256142988,-0.03627764077208645,-0.14377698294231617,-0.004942446903692705,33.94,32.69,3,813.0,375.0,0.0,726.0,320.0,0.0,2,1,0,-0.006665806166067656,0.000702977862282364,-0.00972845315213208,-0.016425434963132396,-0.015227545951227162,-0.02619655417084953,-0.020563235485022674,-0.024193165545770307,-0.027036912783920446,22.6,32.97,3,1130.0,0.0,0.0,989.0,0.0,0.0,3,0,0,0.03496209207030086,-0.04155279868568628,-0.0033870802478452792,0.049758104912083795,-0.07006604086201687,-0.006751092429395966,0.07300912163417372,-0.10438633206438296,-0.010098678082649073
92,least_connections,976,measured,427,434,16,heavy,0,77.87,54.45,3,741.0,0.0,427.0,655.0,0.0,434.0,2,0,1,-0.02347147925955978,-0.03688928317522953,0.0420757479429397,-0.05504255099169475,-0.19424421800288447,0.2513056482761881,-0.032822627365221124,-0.13008393694780987,0.19186159565856375,33.94,32.69,3,813.0,375.0,0.0,726.0,320.0,0.0,2,1,0,-0.006030967483585031,0.0006360275896840489,-0.008801933804309976,-0.014861107823786468,-0.013777303479681716,-0.02370164424981624,-0.01860483210549671,-0.02188905454141124,-0.024461968709261355,14.88,22.07,2,744.0,0.0,0.0,662.0,0.0,0.0,2,0,0,-0.01145153121077086,-0.037595389287049495,-0.003064501176621919,-0.024828381270019434,-0.06339308458944383,-0.00610813124564397,-0.03256317566431899,-0.09444477662967982,-0.009136899217634876
92,least_connections,977,measured,196,123,7,light,2,77.87,54.45,3,741.0,0.0,427.0,655.0,0.0,434.0,2,0,1,-0.021236100282458842,-0.03337601811092195,0.038068533853135925,-0.04980040327820001,-0.17574476866927644,0.22737177701178923,-0.029696662854247713,-0.11769499057182797,0.17358906273870053,33.94,32.69,3,813.0,375.0,0.0,726.0,320.0,0.0,2,1,0,-0.005456589628005493,0.0005754535335236594,-0.007963654394375692,-0.013445764221521106,-0.012465179338759652,-0.02144434479745279,-0.016832943333544653,-0.019804382680324445,-0.022132257403617416,18.8,26.17,3,940.0,0.0,0.0,785.0,0.0,0.0,3,0,0,0.032722991036059926,-0.03401487602161621,-0.002772643921705546,0.013002893136649096,-0.057355647961877754,-0.005526404460344544,0.007633317256092342,-0.08545003599828174,-0.008266718339764887
92,least_connections,978,measured,350,337,8,medium,0,76.87,54.65,3,376.0,777.0,0.0,322.0,771.0,0.0,1,2,0,-0.06229751476802965,0.05597045073410916,-0.008640941026301054,-0.26521623788662535,0.3096594950135118,-0.05183823349727006,-0.1775112663919384,0.2422997704350128,-0.039276562284032854,21.4,19.78,2,374.0,375.0,0.0,313.0,320.0,0.0,1,1,0,-0.048020814652095664,0.0005206484350928353,-0.007205211118720864,-0.12564820844532182,-0.011278019401734923,-0.019402026245314428,-0.1320006392065404,-0.01791825099648403,-0.020024423365177662,18.8,26.17,3,940.0,0.0,0.0,785.0,0.0,0.0,3,0,0,0.029606515699292305,-0.030775364019557522,-0.0025085825958288273,0.011764522361730145,-0.051893205298841776,-0.005000080226026016,0.006906334660274016,-0.07731193733177873,-0.0074794118312158505
92,least_connections,979,measured,428,447,13,heavy,1,76.87,54.65,3,726.0,427.0,0.0,659.0,434.0,0.0,2,1,0,-0.01328051789669804,0.007556031389817586,-0.00781799426189143,-0.028846437452978546,0.06905700342492338,-0.04690125887848244,-0.008153050545087137,0.06677122086977347,-0.03553593730460115,33.63,33.75,3,374.0,803.0,0.0,313.0,767.0,0.0,1,2,0,-0.04344740373284846,0.04355496309660327,-0.006519000535985544,-0.11368171240291021,0.10043553346645753,-0.01755421422195115,-0.11942914975829844,0.11017217766984777,-0.018117335425636934,18.8,26.17,3,940.0,0.0,0.0,785.0,0.0,0.0,3,0,0,0.026786847537454944,-0.027844376970075854,-0.0022696699676546532,0.010644091660613003,-0.04695099527038066,-0.0045238821092616335,0.006248588502152708,-0.06994889568113313,-0.006767086894909579
92,least_connections,980,measured,374,301,10,medium,0,76.73,53.6,3,350.0,801.0,0.0,337.0,735.0,0.0,1,2,0,-0.05509960689519845,0.04992030957944947,-0.007073423379806532,-0.25289280848920276,0.2880674475431847,-0.04243447231862697,-0.15304323620745977,0.19657872364408074,-0.03215156232321057,22.94,23.97,2,375.0,428.0,0.0,320.0,447.0,0.0,1,1,0,-0.03930955575829145,-0.0036770288536401297,-0.005898143342082158,-0.10259637924889158,-0.006068530945313941,-0.01588238429605104,-0.1060757783527462,0.009203398844147975,-0.016391874908909608,11.34,15.0,2,567.0,0.0,0.0,450.0,0.0,0.0,2,0,0,-0.018848181026202893,-0.025192531544354343,-0.002053510923116115,-0.057864869449921585,-0.042479471911296786,-0.004093036194093859,-0.095378261196465,-0.06328709609245378,-0.006122602428727714
92,least_connections,981,measured,155,120,4,light,1,76.73,53.6,3,350.0,801.0,0.0,337.0,735.0,0.0,1,2,0,-0.04985202528613193,0.045165994381406664,-0.0063997640103011484,-0.2288077791092787,0.26063245253907186,-0.03839309400256726,-0.1384676899019874,0.17785694043988257,-0.02908950876861909,27.37,27.72,3,530.0,428.0,0.0,440.0,447.0,0.0,2,1,0,0.007518111683541301,-0.0033268356294839235,-0.005336415404741001,-0.052757268300017535,-0.0054905756171888115,-0.014369776267855704,-0.06204475184296085,0.008326884668514833,-0.014830743965203931,11.34,15.0,2,567.0,0.0,0.0,450.0,0.0,0.0,2,0,0,-0.01705311616656452,-0.022793242825844405,-0.0018579384542479135,-0.05235392950231002,-0.03843380791974471,-0.003703223223227777,-0.08629461727299215,-0.057259753607458184,-0.005539497435515551
92,least_connections,982,measured,389,325,10,medium,2,76.73,53.6,3,350.0,801.0,0.0,337.0,735.0,0.0,1,2,0,-0.04510421335411936,0.04086447110698698,-0.0057902626759867536,-0.20701656205125213,0.23581031420201737,-0.03473660885946562,-0.12528029086370288,0.1609181842075128,-0.026319079362083938,27.37,27.72,3,530.0,428.0,0.0,440.0,447.0,0.0,2,1,0,0.0068021010470135645,-0.003009994140961647,-0.004828185366194239,-0.04773276655715872,-0.0049676636536470226,-0.01300122614710754,-0.056135727857916956,0.0075338480334181945,-0.013418292158994033,11.7,14.93,2,196.0,389.0,0.0,123.0,325.0,0.0,1,1,0,-0.05851291009174431,0.022461442431945762,-0.0016809919347957312,-0.11450117431161384,0.03561703092975478,-0.003350535297206084,-0.17669512991365954,0.04620942927579181,-0.005011926251180737
92,least_connections,983,measured,153,106,6,light,2,76.73,53.6,3,724.0,427.0,0.0,638.0,434.0,0.0,2,1,0,0.0022753262396969787,-0.006111283510912002,-0.005238809087797539,0.038286602588549656,-0.012235112547381077,-0.03142836039665937,0.022817832075697375,0.00942597618774968,-0.0238125003752188,27.37,27.72,3,530.0,428.0,0.0,440.0,447.0,0.0,2,1,0,0.006154281899678926,-0.002723328032298633,-0.004368358188461454,-0.043186788789810276,-0.00449455282949017,-0.0117630141330973,-0.050789468061924886,0.00681633869690218,-0.012140359572423173,14.76,18.47,3,349.0,389.0,0.0,229.0,325.0,0.0,2,1,0,-0.009856351761011295,0.020322257438427117,-0.0015208974648151855,-0.07591058628193634,0.03222493274596861,-0.0030314366974721714,-0.12789876833458086,0.041808531249525924,-0.004534599941544476
92,least_connections,984,measured,370,349,12,medium,0,100.0,71.05,4,724.0,797.0,0.0,638.0,783.0,0.0,2,2,0,0.002058628502582982,0.037554643716884606,-0.004739874888959678,0.034640259484878255,0.21210473944125835,-0.02843518321602514,0.020644705211345205,0.16640921655082117,-0.021544643196626533,27.37,27.72,3,530.0,428.0,0.0,440.0,447.0,0.0,2,1,0,0.0055681598139952215,-0.0024639634577939967,-0.003952324075274649,-0.03907376128601883,-0.004066500179062529,-0.010642727072802319,-0.04595237586555109,0.0061671635829115,-0.010984134851240014,10.84,14.37,2,153.0,389.0,0.0,106.0,325.0,0.0,1,1,0,-0.052001551820053296,0.018386804349053106,-0.0013760500872137392,-0.10414767330270429,0.029155891532066838,-0.00274272844057006,-0.1528131713503351,0.03782676636861869,-0.004102733280445002
92,least_connections,985,measured,473,447,17,heavy,2,100.0,71.05,4,1151.0,370.0,0.0,1072.0,349.0,0.0,3,1,0,0.04494646887195149,-0.009105889244814147,-0.00428845823286828,0.2888967427085406,-0.06565126748965514,-0.025727070528784653,0.21501187614359807,-0.04577261359687612,-0.019492772415995435,22.94,23.97,2,803.0,0.0,0.0,767.0,0.0,0.0,2,0,0,0.005037858879329005,-0.04531320049809479,-0.003575912258581825,0.035218977884078184,-0.11431867023003617,-0.009629134018249717,0.05087939802640612,-0.1208041139011753,-0.009938026770169537,20.3,29.27,3,542.0,0.0,473.0,431.0,0.0,447.0,2,0,1,-0.003965122848528957,-0.026448220101423604,0.04183890252880208,-0.023838371083399118,-0.044011336232891905,0.08310895998234138,-0.040243662967763494,-0.06379165582521802,0.13109752703197833
92,least_connections,986,measured,448,433,18,heavy,1,78.07,54.2,3,801.0,370.0,0.0,735.0,349.0,0.0,2,1,0,-0.0024180474378488748,-0.008238661697688984,-0.0038800336392617774,0.050271656101378015,-0.059398765823973715,-0.023276873335567067,0.04208217365373157,-0.0414133170638403,-0.017636317900186344,35.74,37.5,3,803.0,0.0,448.0,767.0,0.0,433.0,2,0,1,0.004558062795583379,-0.040997657593514335,0.03984855104042143,0.03186478951416599,-0.10343117782717558,0.10709745017396455,0.04603374107151029,-0.10929896019630146,0.11343404720794185,20.3,29.27,3,542.0,0.0,473.0,431.0,0.0,447.0,2,0,1,-0.0035874921010499994,-0.02392934199652612,0.037854245145106644,-0.021568050027837293,-0.039819780401187915,0.0751938209364041,-0.03641093316130983,-0.057716260032340115,0.11861204826702801
92,least_connections,987,measured,155,122,6,light,0,88.4,60.3,4,956.0,370.0,0.0,857.0,349.0,0.0,3,1,0,0.040896143021084574,-0.007454027250290027,-0.003510506625998751,0.13897594282188164,-0.053741740507404795,-0.021060028255989252,0.09326482378194761,-0.03746919162918885,-0.015956668576359072,25.03,27.5,2,428.0,0.0,448.0,447.0,0.0,433.0,1,0,1,-0.038959938649800976,-0.0370931187750844,0.03605345094133368,-0.06810872785453008,-0.09358058946268266,0.09689769301453935,-0.0488266152210145,-0.09888953541570132,0.10263080461670929,20.3,29.27,3,542.0,0.0,473.0,431.0,0.0,447.0,2,0,1,-0.0032458261866642746,-0.02165035704447601,0.03424907894081077,-0.019513950025186133,-0.03602742036297954,0.06803250465674657,-0.03294322524118509,-0.05221947336259344,0.10731566271778725
92,least_connections,988,measured,448,405,17,heavy,1,88.4,60.3,4,956.0,370.0,0.0,857.0,349.0,0.0,3,1,0,0.03700127225717176,-0.006744119893119543,-0.0031761726616179177,0.12574013874360723,-0.04862347950669957,-0.01905431127922837,0.08438245961223834,-0.03390069718831373,-0.014436985854801064,37.83,40.16,3,428.0,0.0,896.0,447.0,0.0,838.0,1,0,2,-0.03524946830220088,-0.033560440796504935,0.07570368917367831,-0.06162218234457485,-0.0846681523709986,0.20347886510839275,-0.04417646139044168,-0.08947148442372976,0.2073653708436894,20.3,29.27,3,542.0,473.0,0.0,431.0,447.0,0.0,2,1,0,-0.002936699883172439,0.02349548194842193,-0.012096638327928573,-0.017655478594216012,0.05299423871920899,-0.024037257691515008,-0.02980577521821509,0.08756333362432021,-0.03771440039819249
92,least_connections,989,measured,350,348,16,medium,1,88.4,60.3,4,1326.0,0.0,0.0,1206.0,0.0,0.0,4,0,0,0.07656124179276991,-0.04918572298719886,-0.002873680027178116,0.3369394906092955,-0.2671672751092361,-0.017239614966920908,0.23422698726821561,-0.18855301174180766,-0.013062034821010487,47.83,51.03,4,428.0,0.0,1246.0,447.0,0.0,1186.0,1,0,3,-0.03189237608294365,-0.030364208339694942,0.11157771424103774,-0.05575340307366296,-0.07660451881185588,0.27457611605045057,-0.03996917935325675,-0.08095039066908884,0.2860091450490523,17.24,25.73,2,389.0,473.0,0.0,325.0,447.0,0.0,1,1,0,-0.04574091440677053,0.021257817000953173,-0.010944577534792518,-0.043659718728100205,0.04794716836499861,-0.021747995054227864,-0.05893538392759143,0.0792239685172421,-0.03412255274122177
92,least_connections,990,measured,176,109,6,light,2,63.47,45.25,3,952.0,0.0,0.0,905.0,0.0,0.0,3,0,0,0.026185794728605882,-0.04450136841698944,-0.0025999962150659145,0.07926271372587057,-0.24172277271788029,-0.015597746874833203,0.07575298848076656,-0.1705955820521117,-0.011818031504723775,47.83,51.03,4,428.0,448.0,798.0,447.0,433.0,753.0,1,1,2,-0.028855006932187108,0.01561152125274766,0.05786736503894345,-0.05044355516188555,0.04650067345593992,0.13261648595040768,-0.03616259084342277,0.04918476558511009,0.1363445836158092,20.76,29.37,3,565.0,473.0,0.0,434.0,447.0,0.0,2,1,0,0.0016992633825364256,0.019233263000862394,-0.009902236817193232,-0.00765403123018589,0.04338077137785589,-0.019676757430015686,-0.020449474347185914,0.07167882865845715,-0.030872785813486365
92,least_connections,991,measured,198,123,4,light,0,76.67,51.4,4,1150.0,0.0,0.0,1028.0,0.0,0.0,4,0,0,0.06677580974311507,-0.04026314285346664,-0.00235237752791678,0.19114245527578766,-0.21870155626855836,-0.014112247172468137,0.12418127529212208,-0.1543483837614344,-0.010692504694750082,47.83,51.03,4,428.0,1246.0,0.0,447.0,1186.0,0.0,1,3,0,-0.026106911033883573,0.10029251015838167,-0.033811613037327805,-0.04563940705122978,0.24835775217442183,-0.08629936985439306,-0.03271853457262058,0.2574022879103377,-0.08954240053807738,20.76,29.37,3,565.0,473.0,0.0,434.0,447.0,0.0,2,1,0,0.001537428774675803,0.01740152366744693,-0.00895916664412721,-0.0069250758749300895,0.03924926934186962,-0.017802780531918954,-0.01850190536173965,0.0648522735481279,-0.027932520497916235
92,least_connections,992,measured,445,446,16,heavy,2,48.2,29.7,3,723.0,0.0,0.0,594.0,0.0,0.0,3,0,0,0.01733230858844198,-0.03642855781980315,-0.0021283415728770867,-0.08461714363936679,-0.19787283662393376,-0.012768223632233075,-0.08397884616427054,-0.13964853768891683,-0.009674170914297694,35.6,37.06,3,0.0,1246.0,0.0,0.0,1186.0,0.0,0,3,0,-0.06670443878122345,0.09074084252425009,-0.03059145941472516,-0.1519322526381875,0.22470463291971499,-0.07808038224921277,-0.155986412232371,0.23288778429982931,-0.08101455286778429,21.88,33.4,3,176.0,473.0,445.0,109.0,447.0,446.0,1,1,1,-0.041692893240145926,0.015744235699118647,0.034977987548737516,-0.07665602102969865,0.03551124369026299,0.06441653189969238,-0.11475569215268511,0.0586758665435443,0.10923565605744087
92,least_connections,993,measured,403,445,17,heavy,0,64.73,45.85,3,568.0,0.0,403.0,472.0,0.0,445.0,2,0,1,-0.027402287694357486,-0.03295917136077428,0.04115825785129715,-0.17005043154672866,-0.1790278045645115,0.2315271627454399,-0.1311713370057686,-0.12634867695663904,0.19255670250611162,35.6,37.06,3,0.0,1246.0,0.0,0.0,1186.0,0.0,0,3,0,-0.0603516350877736,0.08209885752194056,-0.027677987089513238,-0.13746251429169346,0.20330419168926595,-0.07064415536833536,-0.14113056344833566,0.2107079953188932,-0.07329888116609055,21.88,33.4,3,176.0,473.0,445.0,109.0,447.0,446.0,1,1,1,-0.037722141502989165,0.01424478468015497,0.03164675063933394,-0.06935544759829879,0.03212922048166652,0.058281624099721666,-0.10382657861433414,0.05308768877749247,0.0988322602424465
92,least_connections,994,measured,397,313,12,medium,0,91.2,61.5,4,568.0,397.0,403.0,472.0,313.0,445.0,2,1,1,-0.02479254600918057,0.013263697567009208,0.03723842377022123,-0.15385515235180208,0.077482779997188,0.20947695676968373,-0.11867882871950491,0.02727976846780278,0.174217968934101,35.6,37.06,3,0.0,1246.0,0.0,0.0,1186.0,0.0,0,3,0,-0.054603860317509446,0.07427991871032717,-0.025041988319083407,-0.12437084626391312,0.18394188771885966,-0.06391614057135105,-0.12768955740563703,0.19064056719328432,-0.0663180353407486,21.88,33.4,3,176.0,918.0,0.0,109.0,893.0,0.0,1,2,0,-0.034129556597942576,0.05597203874689758,-0.014451125838788563,-0.06275016687465129,0.10959310424531735,-0.027792816290728013,-0.09393833303201662,0.18253965492566782,-0.04508827247905634
92,least_connections,995,measured,354,329,12,medium,1,78.0,55.35,3,370.0,397.0,403.0,349.0,313.0,445.0,1,1,1,-0.06551525137792073,0.012000488274913096,0.03369190722067635,-0.2586308521278209,0.07010346761650343,0.18952677041066623,-0.16301894027002828,0.02468169528039299,0.15762578141656755,45.71,47.34,4,0.0,1600.0,0.0,0.0,1515.0,0.0,0,4,0,-0.04940349266822283,0.11028954096467243,-0.022657037050599273,-0.11252600376258806,0.25793381677964855,-0.05782888908836523,-0.11552864717652875,0.2655051560320192,-0.06000203197496301,21.88,33.4,3,649.0,445.0,0.0,556.0,446.0,0.0,2,1,0,0.012204777590523602,0.0075574681632928215,-0.01307482813985632,0.02881651568483931,0.013565189555287113,-0.025145881405896773,0.049817698685318296,0.030345402075604197,-0.04079415129057479
92,least_connections,996,measured,183,124,5,light,0,65.53,44.1,3,183.0,800.0,0.0,124.0,758.0,0.0,1,2,0,-0.05927570362764256,0.053941484856440645,-0.012600746074716859,-0.3467929931950126,0.3065063119704873,-0.07160276327923848,-0.24927904119669225,0.2236405814441651,-0.058695721575486505,45.71,47.34,4,0.0,1600.0,0.0,0.0,1515.0,0.0,0,4,0,-0.04469839812839209,0.09978577515851315,-0.02049922399816125,-0.10180924149948443,0.23336869137206295,-0.052321375841854256,-0.1045259188740022,0.24021895069563637,-0.054287552739252246,18.36,29.77,2,473.0,445.0,0.0,447.0,446.0,0.0,1,1,0,-0.032041482406759816,0.006837709290598265,-0.011829606412250955,-0.0057755334280025356,0.012273266740497862,-0.02275103555771613,0.01220014008036735,0.027455363782689507,-0.03690899402480576
92,least_connections,997,measured,352,348,8,medium,2,65.53,44.1,3,183.0,800.0,0.0,124.0,758.0,0.0,1,2,0,-0.053630398520248035,0.04880420058439868,-0.01140067501998192,-0.31376508908120193,0.27731523463996466,-0.06478345249073958,-0.2255381801303406,0.2023414784494827,-0.0531056528540116,45.71,47.34,4,448.0,1152.0,0.0,433.0,1082.0,0.0,1,3,0,0.002642492396307386,0.047198467773802155,-0.01854691695071732,0.023696400548085514,0.09533357790805697,-0.047338387666439566,0.027854525780664677,0.0949153601531948,-0.04911730962122822,25.4,41.37,3,473.0,797.0,0.0,447.0,794.0,0.0,1,2,0,-0.028989912653735073,0.04927039910872723,-0.010702977230131817,-0.005225482625335634,0.07479962228902187,-0.02058427026650507,0.011038221977475227,0.12979294818433812,-0.03339385173672902
92,least_connections,998,measured,177,120,3,light,0,77.33,50.1,4,360.0,800.0,0.0,244.0,758.0,0.0,2,2,0,-0.005438841291562274,0.04415618148112262,-0.010314896446650307,-0.1771207948829922,0.250904259912349,-0.058613599872573904,-0.14977263916554628,0.18307086145429385,-0.04804797162982002,45.71,47.34,4,1246.0,354.0,0.0,1186.0,329.0,0.0,3,1,0,0.08855862690731665,-0.04346442484864611,-0.01678054390779186,0.22772531478160116,-0.12003152474985321,-0.04282996979344532,0.23810349951583945,-0.127025983670919,-0.044439470609682674,25.4,41.37,3,825.0,445.0,0.0,795.0,446.0,0.0,2,1,0,0.016854931635282788,0.0014940799192339344,-0.009683646065357359,0.0589674204818392,0.003980610642448368,-0.01862386357445697,0.11493934369390618,0.01247933407154403,-0.03021348490465959
92,least_connections,999,measured,415,413,15,heavy,2,77.33,50.1,4,757.0,403.0,0.0,557.0,445.0,0.0,3,1,0,0.03816304382010578,-0.00313306936288453,-0.009332525356493135,0.07920816970903882,-0.012451701349144584,-0.05303135226566211,0.0060866598026010355,0.02404030322055159,-0.04347197433174192,45.71,47.34,4,1246.0,354.0,0.0,1186.0,329.0,0.0,3,1,0,0.08012447196376268,-0.03932495581544172,-0.015182396868954541,0.2060371895643058,-0.1085999509641529,-0.03875092505121243,0.21542697575242617,-0.11492827094035529,-0.04020714007542718,33.7,55.13,4,825.0,445.0,415.0,795.0,446.0,413.0,2,1,1,0.01524970005097015,0.0013517865935926132,0.03432250616762452,0.053351475674044996,0.0036015048669770927,0.05824507581358655,0.10399273953258178,0.011290826064730308,0.09721954540372069
92,least_connections,1000,measured,168,111,5,light,0,88.53,55.65,5,925.0,403.0,0.0,668.0,445.0,0.0,4,1,0,0.07761236844494832,-0.0028346818045145716,-0.008443713417779502,0.1729978678319875,-0.011265825030178478,-0.047980747287980005,0.05572126363092472,0.02175075053288003,-0.039331786300147456,45.71,47.34,4,1600.0,0.0,0.0,1515.0,0.0,0.0,4,0,0,0.11557747009873312,-0.07866362215501417,-0.01373645431000649,0.27792480416362364,-0.18976730257300908,-0.035060360760620767,0.2879309542521951,-0.19700355466032146,-0.03637788863967221,33.7,55.13,4,825.0,860.0,0.0,795.0,859.0,0.0,2,2,0,0.013797347665163467,0.044306945240007826,-0.012030204170335183,0.04827038275270737,0.07835374249869356,-0.022397312359135977,0.09408866910090735,0.1347710648522163,-0.036595014475998736
92,least_connections,1001,measured,351,322,9,medium,1,64.53,43.45,3,565.0,403.0,0.0,424.0,445.0,0.0,2,1,0,-0.01594708614618054,-0.002564712108846512,-0.007639550235133835,-0.06062097672343991,-0.01019288931301865,-0.043411152308172385,-0.059966475762496724,0.019679250482129568,-0.0355859018906096,55.74,57.41,5,1600.0,351.0,0.0,1515.0,322.0,0.0,4,1,0,0.10457009199409187,-0.028087948389684023,-0.012428220566196347,0.2514557751956594,-0.08095953225993341,-0.03172127878341879,0.2605089586091289,-0.08719964469267179,-0.032913327816846284,33.7,55.13,4,1270.0,415.0,0.0,1241.0,413.0,0.0,3,1,0,0.05556721478095289,-0.0029966640572264697,-0.01088447043982707,0.12419701296673524,-0.009632328215467709,-0.02026423499159922,0.21963577998018602,-0.012572211165455094,-0.0331097750020941
92,least_connections,1002,measured,151,100,4,light,0,74.6,48.45,4,716.0,403.0,0.0,524.0,445.0,0.0,3,1,0,0.028655584189736877,-0.0023204538127658964,-0.006911974022263946,0.03623181471053849,-0.009222137949874032,-0.039276756850251206,-0.009017287594639878,0.017805036150498194,-0.032196768377218216,55.74,57.41,5,1600.0,351.0,0.0,1515.0,322.0,0.0,4,1,0,0.09461103561370217,-0.025412905685904583,-0.011244580512272886,0.22750760612940615,-0.07324910061613024,-0.02870020461356938,0.23569858159873566,-0.07889491662670305,-0.029778725167622828,24.24,40.23,3,797.0,415.0,0.0,794.0,413.0,0.0,2,1,0,0.007191198860771436,-0.002711267480347765,-0.009847854207462588,0.026778249827046158,-0.008714963623518396,-0.01833430784954215,0.0639085628392159,-0.011374857721126036,-0.029956463097132756
92,least_connections,1003,measured,439,447,17,heavy,2,74.6,48.45,4,1119.0,0.0,0.0,969.0,0.0,0.0,4,0,0,0.06901038116032883,-0.04518335843830747,-0.0062536907820483325,0.2758605307698523,-0.25142320417687014,-0.035536113340703473,0.1931510255096115,-0.1852002053876445,-0.029130409484149813,55.74,57.41,5,1951.0,0.0,0.0,1837.0,0.0,0.0,5,0,0,0.12868436102010694,-0.06607652918067104,-0.010173668082532611,0.2965749089470137,-0.15700768967309742,-0.02596685179322944,0.304292764303618,-0.1624227817098742,-0.026942656104039703,33.02,55.13,4,797.0,415.0,439.0,794.0,413.0,447.0,2,1,1,0.006506322778793205,-0.0024530515298384487,0.03417393689619598,0.02422794031970843,-0.007884967087945213,0.06284991194565234,0.057822033045004856,-0.010291537938161649,0.10770605719783227
92,least_connections,1004,measured,443,438,15,heavy,0,100.0,70.35,5,1119.0,0.0,443.0,969.0,0.0,438.0,4,0,1,0.06243796390696418,-0.04088018144418295,0.03742579904299935,0.2495880992679616,-0.22747813711240633,0.23505462761237939,0.17475568974679134,-0.1675620905888212,0.1717867723714835,42.94,43.88,4,1503.0,0.0,0.0,1404.0,0.0,0.0,4,0,0,0.07334480736286321,-0.05978352640155952,-0.009204747312767601,0.15252015571396482,-0.14205457637089766,-0.023493818289112352,0.1528869057985115,-0.14695394535655285,-0.024376688856035923,33.02,55.13,4,797.0,415.0,439.0,794.0,413.0,447.0,2,1,1,0.005886672990336711,-0.00221942757461574,0.03091927623941541,0.021920517432117148,-0.00713401784147423,0.05686420604606641,0.052315172755004385,-0.00931139146786053,0.09744833746470538
92,least_connections,1005,measured,171,106,4,light,1,92.93,64.8,4,951.0,443.0,0.0,858.0,438.0,0.0,3,1,0,0.013407590927162621,0.0060970693963061234,-0.009222462997377,0.12448447076625102,0.06139279658083874,-0.05453787660467261,0.10789800500900171,0.04653906089582843,-0.04271672975913397,25.03,23.66,3,876.0,0.0,0.0,757.0,0.0,0.0,3,0,0,0.023275687387261726,-0.054089857220458615,-0.00832810471155164,-0.024087206054712096,-0.12852556909747884,-0.021256311785387366,-0.04460529951563241,-0.13295833151307163,-0.02205509944117536,25.98,43.53,3,445.0,415.0,439.0,446.0,413.0,447.0,1,1,1,-0.03775786275930987,-0.002008053519890432,0.02797458326423299,-0.04386238898998923,-0.006454587570857637,0.051448567375012466,-0.05761960560261506,-0.008424592280445231,0.08816754342044772
92,least_connections,1006,measured,442,403,16,heavy,1,56.4,44.15,2,403.0,443.0,0.0,445.0,438.0,0.0,1,1,0,-0.07403712294798664,0.005516396120467448,-0.008344133188103,-0.21791087565593165,0.055545863573139787,-0.049343793118513314,-0.08921132880137941,0.042106769381940024,-0.0386484697820736,37.66,36.25,4,876.0,0.0,442.0,757.0,0.0,403.0,3,0,1,0.021058955255141565,-0.048938442247081604,0.03554894834487731,-0.021793186430453804,-0.11628503870724276,0.09502660226220054,-0.04035717575223885,-0.12029563327373147,0.09398883860084135,25.98,43.53,3,445.0,854.0,0.0,446.0,860.0,0.0,1,2,0,-0.03416187582985178,0.041267089899237455,-0.017773562987689423,-0.03968501860999027,0.07359823029303357,-0.03288939142260777,-0.052132024116651715,0.12718727365102578,-0.05503888928626158
92,least_connections,1007,measured,376,350,9,medium,0,81.47,61.65,3,403.0,819.0,0.0,445.0,788.0,0.0,1,2,0,-0.06698596838151172,0.048074925288132675,-0.007549453836855096,-0.19715745892679531,0.27704943212172967,-0.04464438425008348,-0.08071501177267662,0.19642993420270766,-0.03496766313616183,27.54,25.97,3,522.0,0.0,442.0,428.0,0.0,403.0,2,0,1,-0.02403055975781976,-0.04427763822355002,0.03216333421679376,-0.11122784894728133,-0.10521027311607678,0.0859764496658005,-0.1295344685377399,-0.10883890629528085,0.08503752063885646,25.98,43.53,3,860.0,439.0,0.0,859.0,447.0,0.0,2,1,0,0.012175536380700985,-0.005747009365542524,-0.016080842703147573,0.03918974506715164,-0.008506363068207734,-0.02975706842997846,0.07738848611668017,-0.009481355585579887,-0.049797090306617615
92,least_connections,1008,measured,389,312,7,medium,0,100.0,77.25,4,792.0,819.0,0.0,757.0,788.0,0.0,2,2,0,-0.017522452118419907,0.04349636097497718,-0.0068304582333450865,0.056254362558296356,0.25066377191966016,-0.04039253813102791,0.06811498934853066,0.1777223214214974,-0.03163740950414642,27.54,25.97,3,522.0,442.0,0.0,428.0,403.0,0.0,2,1,0,-0.02174193501897978,0.0030231799292597256,-0.013983740697277298,-0.10063472047611166,0.019068256296338695,-0.036470287037064855,-0.11719785248652656,0.01547015620903161,-0.03700474323151083,17.08,28.67,2,415.0,439.0,0.0,413.0,447.0,0.0,1,1,0,-0.03206793873945647,-0.005199675140252755,-0.014549333874276376,-0.04506642112971994,-0.007696233252187948,-0.026923061912837654,-0.06448978240236872,-0.008578369339334202,-0.045054510277415936
92,least_connections,1009,measured,192,105,2,light,2,100.0,77.25,4,1168.0,443.0,0.0,1107.0,438.0,0.0,3,1,0,0.027230253071996502,-0.003730049820825629,-0.006179938401597936,0.27769045501306167,-2.619056815422738e-06,-0.03654562973759668,0.21996118083914679,0.0024630527146881076,-0.0286243228847039,22.66,22.66,2,351.0,442.0,0.0,322.0,403.0,0.0,1,1,0,-0.06275517476773906,0.002735258031234991,-0.012651955868965175,-0.1352545430158017,0.017252231887163585,-0.032996926366868205,-0.1360063903449526,0.013996807998647637,-0.033480481971366945,20.92,32.17,3,607.0,439.0,0.0,518.0,447.0,0.0,2,1,0,0.014070050891058644,-0.004704467984038202,-0.013163683029107198,-0.006031523879270431,-0.006963258656741481,-0.024358960778281688,-0.026681231697381208,-0.00776138178320715,-0.04076360453670966
92,least_connections,1010,measured,452,447,20,heavy,1,80.53,55.0,3,765.0,443.0,0.0,662.0,438.0,0.0,2,1,0,-0.01844700459018911,-0.0033748069807469916,-0.0055913728395409895,0.00816437993245267,-2.369622833009455e-06,-0.033065093572111286,-0.0022970268598195287,0.0022284762656701873,-0.025898196895684483,25.54,26.56,2,0.0,442.0,452.0,0.0,403.0,447.0,0,1,1,-0.09986239168328319,0.0024747572663554734,0.03163689253578887,-0.21310785184422876,0.015609162183624195,0.08698917546398999,-0.21409506745495713,0.012663778665443104,0.09609206393066799,20.92,32.17,3,607.0,439.0,0.0,518.0,447.0,0.0,2,1,0,0.012730046044291149,-0.004256423414129795,-0.01190999893109699,-0.00545709303362564,-0.006300091165623245,-0.02203905975177867,-0.02414016201191635,-0.007022202565758862,-0.03688135648559445
92,least_connections,1011,measured,393,317,10,medium,1,80.53,55.0,3,765.0,443.0,0.0,662.0,438.0,0.0,2,1,0,-0.016690147010171102,-0.0030533967921044236,-0.005058861140537086,0.007386819938885791,-2.143944467958292e-06,-0.02991603704143402,-0.0020782623969795577,0.002016240430844446,-0.02343170195323834,36.77,36.47,3,0.0,835.0,452.0,0.0,720.0,447.0,0,2,1,-0.09035168771344669,0.04532296632488851,0.02862385515142803,-0.19281186595430222,0.11571441204368721,0.07870449208646713,-0.1937050610306755,0.10108568069730567,0.0869404387944139,17.08,28.67,2,415.0,439.0,0.0,413.0,447.0,0.0,1,1,0,-0.03156623952001775,-0.0038510497556412393,-0.010775713318611562,-0.03968022703042319,-0.005700082483182933,-0.0199401016801807,-0.05350776562982906,-0.006353421369019924,-0.03336884634410926
92,least_connections,1012,measured,358,312,8,medium,2,80.53,55.0,3,1208.0,0.0,0.0,1100.0,0.0,0.0,3,0,0,0.02798329102707875,-0.04584649732437566,-0.004577064841438316,0.27388966248438873,-0.26720828896562976,-0.02706689065653554,0.19626252449797094,-0.19631863961018836,-0.021200111291025166,36.77,36.47,3,0.0,835.0,452.0,0.0,720.0,447.0,0,2,1,-0.08174676507407082,0.041006493341565795,0.025897773708434886,-0.17444883110151152,0.10469399184905034,0.07120882617347025,-0.175256959980135,0.09145847301184798,0.07866039700446972,24.24,39.07,3,415.0,797.0,0.0,413.0,759.0,0.0,1,2,0,-0.028559930994301763,0.03959961711451053,-0.009749454907315222,-0.035901157789430496,0.059623734896167804,-0.01804104437730635,-0.0484117879507977,0.08834690447564866,-0.03019086097800362
92,least_connections,1013,measured,159,107,6,light,0,91.13,60.35,4,1367.0,0.0,0.0,1207.0,0.0,0.0,4,0,0,0.06840211591792386,-0.04148016424586369,-0.004141153904158476,0.3437096946287327,-0.24175988049271263,-0.0244890915463893,0.2259756174029261,-0.17762162631397996,-0.019181053072832292,36.77,36.47,3,0.0,835.0,452.0,0.0,720.0,447.0,0,2,1,-0.07396135887654026,0.03710111302332143,0.023431319069536327,-0.15783465671089136,0.09472313548247413,0.06442703320456833,-0.15856582093440785,0.08274814224881483,0.07116893062309165,24.24,39.07,3,1212.0,0.0,0.0,1172.0,0.0,0.0,3,0,0,0.06032786288724171,-0.05033957544514806,-0.008820935392332821,0.1117370477143248,-0.09027376366537197,-0.016322849674705743,0.18510362042546874,-0.14897184833155597,-0.027315540884860417
92,least_connections,1014,measured,169,102,5,light,1,91.13,60.35,4,1367.0,0.0,0.0,1207.0,0.0,0.0,4,0,0,0.06188762868764541,-0.03752967241292429,-0.0037467582942386215,0.3109754379974249,-0.21873512996959715,-0.022156797113399844,0.20445413003121887,-0.16070528095074377,-0.01735428611351493,41.6,39.66,4,562.0,442.0,452.0,419.0,403.0,447.0,2,1,1,0.019250380517597365,-0.009516226538990355,0.02119976487243763,0.002476126921438393,-0.01588995225055062,0.05829112528032372,-0.024997052273988046,-0.014760609393929452,0.06439093723041626,15.94,25.3,2,797.0,0.0,0.0,759.0,0.0,0.0,2,0,0,0.011498451909318474,-0.04554533016465777,-0.007980846307348743,0.02600018602724624,-0.08167626236390797,-0.014768292562829006,0.04291914863891619,-0.13478405325236018,-0.024714060800587995
92,least_connections,1015,measured,156,121,7,light,2,65.2,44.75,3,978.0,0.0,0.0,895.0,0.0,0.0,3,0,0,0.012909668585874196,-0.03395541789740769,-0.0033899241709778004,0.04672380898179718,-0.19790321282963552,-0.020046625959742718,0.04383945098062658,-0.14540001609829198,-0.015701496959846843,41.6,39.66,4,1004.0,0.0,452.0,822.0,0.0,447.0,3,0,1,0.06050091117125021,-0.05169381947632007,0.01918073964649119,0.11649880871123339,-0.12863512686614442,0.052739589539340506,0.09132707175210605,-0.12729828945165048,0.05825846701799567,19.06,29.33,3,953.0,0.0,0.0,880.0,0.0,0.0,3,0,0,0.053487261478045514,-0.0412076796727856,-0.007220765706648863,0.05175254926274661,-0.07389757071020245,-0.013361788509226244,0.07532367416536861,-0.1219474767521354,-0.02236034072434152
92,least_connections,1016,measured,388,318,12,medium,0,66.0,43.15,3,602.0,388.0,0.0,545.0,318.0,0.0,2,1,0,-0.0314037238871569,0.012362331652912312,-0.0030670742499322957,-0.18451972838154862,0.05497645823350436,-0.01813742348738627,-0.11866906816038547,0.01230474733964057,-0.014206116297004287,41.6,39.66,4,1004.0,452.0,0.0,822.0,447.0,0.0,3,1,0,0.054738919631131144,-0.003686698347056025,-0.025729897689455817,0.1054036840720683,0.0004593750122638962,-0.06912676592699124,0.08262925539476262,0.011209285734221003,-0.0736738869837182,19.06,29.33,3,953.0,0.0,0.0,880.0,0.0,0.0,3,0,0,0.048393236575374504,-0.037283138751567926,-0.006533073734587067,0.046823735047246934,-0.06685970683304031,-0.012089237222633269,0.06814999091152399,-0.11033343134717012,-0.020230784464880424
92,least_connections,1017,measured,362,322,11,medium,0,90.13,59.25,4,602.0,750.0,0.0,545.0,640.0,0.0,2,2,0,-0.028412893040761,0.0542688669603447,-0.002774971940414934,-0.16694642091663925,0.26808981141761506,-0.016410049821920913,-0.10736725214511067,0.15679953330729385,-0.012853152840146737,41.6,39.66,4,1004.0,452.0,0.0,822.0,447.0,0.0,3,1,0,0.049525689190071026,-0.003335584218764981,-0.023279431242840976,0.09536523796996654,0.00041562501109590477,-0.06254326441013493,0.07475980250002331,0.010141734711914235,-0.06665732631860218,19.06,29.33,3,953.0,0.0,0.0,880.0,0.0,0.0,3,0,0,0.043784356901529306,-0.03373236363237098,-0.005910876236054965,0.042364331709413894,-0.060492115706084086,-0.010937881296668195,0.06165951558661695,-0.09982548550458249,-0.018304043087272764
92,least_connections,1018,measured,162,101,8,light,2,90.13,59.25,4,602.0,750.0,0.0,545.0,640.0,0.0,2,2,0,-0.025706903227355193,0.04910040344031187,-0.0025106888984706547,-0.15104676178172127,0.24255744842546123,-0.01484718793411892,-0.09714179955986202,0.1418662444208849,-0.011629043045847047,41.6,39.66,4,1004.0,452.0,0.0,822.0,447.0,0.0,3,1,0,0.04480895688625473,-0.00301790953126356,-0.0210623425530466,0.08628283435377926,0.0003760416767058239,-0.05658676303774113,0.0676398213095449,0.009175855215541456,-0.06030900952635435,22.3,32.7,4,953.0,162.0,0.0,880.0,101.0,0.0,3,1,0,0.0396144181490027,0.012564142654612191,-0.005347935642144969,0.03832963345137447,-0.025416676115028458,-0.009896178316033129,0.055787180768843925,-0.059857978948590504,-0.016560800888484883
92,least_connections,1019,measured,181,102,3,light,0,62.07,37.1,3,181.0,750.0,0.0,102.0,640.0,0.0,1,2,0,-0.0663425269562692,0.044424174541234554,-0.002271575670044878,-0.39059786383425565,0.21945673905160779,-0.013433170035631405,-0.2882949615065418,0.12835517352365777,-0.010521515136718756,36.77,36.47,3,835.0,452.0,0.0,720.0,447.0,0.0,2,1,0,-0.002542463043955473,-0.0027304895759051317,-0.01905640516704216,0.03437834672824924,0.00034022818368623087,-0.05119754751033721,0.03235864785149298,0.008301964242632742,-0.05456529433336822,22.3,32.7,4,1115.0,0.0,0.0,981.0,0.0,0.0,4,0,0,0.07892551664728362,-0.031716342586870144,-0.004838608438131163,0.0639934778845769,-0.05231032600883527,-0.008953685143077593,0.08093443339403342,-0.0846175365090422,-0.014983581756248228
92,least_connections,1020,measured,181,105,4,light,0,74.13,42.35,4,362.0,750.0,0.0,207.0,640.0,0.0,2,2,0,-0.016940290828914767,0.040193300775402695,-0.002055235130040604,-0.24422346410400914,0.19855609723716894,-0.012153820508428415,-0.2133382985059188,0.1161308712833094,-0.009519466076078875,36.77,36.47,3,835.0,452.0,0.0,720.0,447.0,0.0,2,1,0,-0.0023003237064359028,-0.0024704429496284486,-0.017241509436847668,0.03110421846841599,0.0003078254995256269,-0.04632159060459081,0.02927687186563649,0.0075113009814296305,-0.0493685996349522,6.36,7.4,2,318.0,0.0,0.0,222.0,0.0,0.0,2,0,0,-0.014758999677400991,-0.02869573853097775,-0.004377788586880576,-0.08632018667585899,-0.04732839019847001,-0.00810095322468925,-0.15567836978635075,-0.07655872350818105,-0.013556573969938873
92,least_connections,1021,measured,155,109,6,light,2,74.13,42.35,4,1112.0,0.0,0.0,847.0,0.0,0.0,4,0,0,0.07084087065592519,-0.04980243308529325,-0.001859498450989118,0.23141686581065835,-0.27273495964256145,-0.010996313793339995,0.09650344420893064,-0.18445302121986293,-0.008612850259309458,25.54,26.56,2,442.0,452.0,0.0,403.0,447.0,0.0,1,1,0,-0.04516514548496127,-0.00223516266871146,-0.015599460919052652,-0.07344992478707943,0.0002785087852850976,-0.04191001054701073,-0.06313937783585272,0.006795938983198246,-0.04466682824114723,9.46,11.03,3,473.0,0.0,0.0,331.0,0.0,0.0,3,0,0,0.02973051956625171,-0.025962811051837013,-0.0039608563405109974,-0.050051597468634315,-0.04282092446528239,-0.007329433869956941,-0.10797884250511097,-0.0692674165074019,-0.012265471687087552
92,least_connections,1022,measured,372,333,6,medium,1,62.07,37.25,3,931.0,0.0,0.0,745.0,0.0,0.0,3,0,0,0.021010220842889227,-0.04505934422002723,-0.0016824033604187257,0.10020256113027826,-0.2467602015813651,-0.0099490458130219,0.041169782855699166,-0.16688606681797122,-0.00779257880604189,23.54,24.38,2,372.0,452.0,0.0,333.0,447.0,0.0,1,1,0,-0.040863703057822096,-0.0020222900335960803,-0.01411379797438097,-0.08454993195021471,0.00025198413906746264,-0.03791858097110495,-0.07691777042291437,0.006148706699084128,-0.04041284459913321,6.34,7.0,2,317.0,0.0,0.0,210.0,0.0,0.0,2,0,0,-0.016184858714434397,-0.02349016238023349,-0.0035836319271289976,-0.07351335009066913,-0.038742741182874546,-0.006631392549008661,-0.1341872067109734,-0.06267051969717315,-0.011097331526412547
92,least_connections,1023,measured,354,327,9,medium,1,62.07,37.25,3,931.0,0.0,0.0,745.0,0.0,0.0,3,0,0,0.01900924742928073,-0.04076797810383416,-0.0015221744689502756,0.09065946007025172,-0.22325923000218748,-0.009001517640353148,0.03724885115515636,-0.15099215569245014,-0.00705042844356171,33.66,34.59,3,824.0,354.0,0.0,780.0,327.0,0.0,2,1,0,0.006111978412537383,-0.00182969098277741,-0.01276962673872564,0.04034597993620029,-0.025105347683700874,-0.03430728754528543,0.05679166009355366,-0.028365455843685786,-0.03656400225635862,6.34,7.0,2,317.0,0.0,0.0,210.0,0.0,0.0,2,0,0,-0.01464344359877398,-0.02125300405830649,-0.0032423336483548074,-0.06651207865346255,-0.035052956308315064,-0.00599983135386498,-0.12140747273849972,-0.056701898773632846,-0.010040442809611352
92,least_connections,1024,measured,174,123,5,light,2,50.0,32.0,2,750.0,0.0,0.0,640.0,0.0,0.0,2,0,0,-0.025885057314550985,-0.03688531352251662,-0.0013772054719073921,-0.02714937739675638,-0.20199644619245533,-0.0081442302460338,-0.013798658478668069,-0.13661195038840726,-0.006378959067984405,33.66,34.59,3,824.0,354.0,0.0,780.0,327.0,0.0,2,1,0,0.0055298852303909685,-0.0016554346987033702,-0.01155347181122796,0.03650350565656216,-0.022714362190015075,-0.031039926826686815,0.05138293056083426,-0.025663983858572867,-0.03308171632718161,9.82,11.1,3,491.0,0.0,0.0,333.0,0.0,0.0,3,0,0,0.02983507030405709,-0.019228908433705873,-0.0029335399675591116,-0.028691880686466123,-0.03171457951704696,-0.005428418843973077,-0.07274961819197594,-0.05130171793804877,-0.009084210161076937
92,least_connections,1025,measured,495,414,12,heavy,0,83.0,52.7,3,750.0,495.0,0.0,640.0,414.0,0.0,2,1,0,-0.023419813760784225,0.009711473706385185,-0.00124604304601145,-0.024563722406589106,0.11581273915920709,-0.007368589270221057,-0.012484500528318732,0.06368442583906009,-0.005771439156747795,33.66,34.59,3,1178.0,0.0,0.0,1107.0,0.0,0.0,3,0,0,0.04808712972092062,-0.044581674477965176,-0.010453141162539583,0.12453718538995079,-0.11206129368212249,-0.02808374331938331,0.13894467526932625,-0.11567515206251831,-0.02993107667697384,9.82,11.1,3,491.0,0.0,0.0,333.0,0.0,0.0,3,0,0,0.026993635037004027,-0.01739758382097198,-0.002654155208743958,-0.025959320621088397,-0.0286941433725663,-0.004911426573118499,-0.06582108312607347,-0.04641584003918698,-0.00821904728859342
92,least_connections,1026,measured,190,124,3,light,0,95.67,58.9,4,940.0,495.0,0.0,764.0,414.0,0.0,3,1,0,0.021894544919381156,0.00878657144863422,-0.001127372279724645,0.09237885433054638,0.10478295447737784,-0.006666818863533337,0.044799737617235436,0.05761924242581626,-0.005221778284676576,33.66,34.59,3,1178.0,0.0,0.0,1107.0,0.0,0.0,3,0,0,0.04350740308083294,-0.04033580071815897,-0.009457603908964385,0.11267650106709834,-0.10138878952192035,-0.02540910109848966,0.12571184905319993,-0.10465847091370704,-0.027080497945833473,6.58,7.73,2,329.0,0.0,0.0,232.0,0.0,0.0,2,0,0,-0.018661087574229906,-0.015740671076117506,-0.002401378522196914,-0.05280129008574665,-0.02596136781327427,-0.004443671661392927,-0.09001272600295535,-0.0419952838449787,-0.007436280880155952
92,least_connections,1027,measured,378,350,9,medium,2,95.67,58.9,4,940.0,495.0,0.0,764.0,414.0,0.0,3,1,0,0.01980935016515438,0.007949755120192872,-0.0010200034911794409,0.08358086820382771,0.0948036254795323,-0.00603188373367302,0.04053309593940346,0.05213169552811947,-0.0047244660670883315,33.66,34.59,3,1178.0,0.0,0.0,1107.0,0.0,0.0,3,0,0,0.039363840882658374,-0.036494295887858116,-0.008556879727158254,0.10194540572737468,-0.09173271432935651,-0.022989186708157312,0.11373929200051422,-0.094690997493354,-0.024501402903373142,11.04,15.77,2,174.0,378.0,0.0,123.0,350.0,0.0,1,1,0,-0.05996774136534633,0.02884234068169867,-0.0021726758057972083,-0.07582021483948506,0.044911143407037564,-0.004020464836498362,-0.1143131013042612,0.06755982255295578,-0.006728063653474433
92,least_connections,1028,measured,447,431,17,heavy,2,45.67,26.9,2,190.0,495.0,0.0,124.0,414.0,0.0,1,1,0,-0.0682450550659941,0.007192635584936408,-0.0009228603015433036,-0.37676016686320357,0.0857747087671959,-0.005457418616180351,-0.25285100843577785,0.047166772144489055,-0.004274516917841824,23.03,24.19,2,806.0,0.0,0.0,774.0,0.0,0.0,2,0,0,-0.007468996571018849,-0.03301864866044306,-0.007741938800762229,-0.0039269458384977585,-0.08299626534560826,-0.020799740354999475,0.008755192762370023,-0.08567280725589171,-0.022167935960194746,19.98,30.13,3,174.0,378.0,447.0,123.0,350.0,431.0,1,1,1,-0.05425652790198,0.026095451092965464,0.04111814592627418,-0.06859924199762935,0.04063389165398637,0.07724815086221576,-0.10342613927528396,0.06112555373838856,0.12389683129765011
92,least_connections,1029,measured,484,438,13,heavy,0,65.27,42.6,2,0.0,979.0,0.0,0.0,852.0,0.0,0,2,0,-0.10482942623884726,0.04959152289884269,-0.0008349688442534652,-0.4554814208127398,0.36954219682111367,-0.0049376644622584126,-0.2848651981085609,0.2408175557497758,-0.003867420068523555,23.03,24.19,2,806.0,0.0,0.0,774.0,0.0,0.0,2,0,0,-0.00675766356425514,-0.029874015454686577,-0.007004611295927731,-0.0035529509967360817,-0.075091859122217,-0.018818812702142383,0.007921364880239534,-0.07751349227914012,-0.020056703963985723,16.5,26.03,2,378.0,0.0,447.0,350.0,0.0,431.0,1,0,1,-0.04908923953036286,-0.019473730190264806,0.037202132028533785,-0.025151695140712263,-0.031636002789250425,0.06989118411343331,-0.02511571331255849,-0.05025148312558496,0.1120971330788263
92,least_connections,1030,measured,174,110,6,light,0,76.87,48.1,3,669.0,484.0,0.0,524.0,438.0,0.0,2,1,0,-0.008677870905442309,0.001784620491243158,-0.0007554480019436113,-0.00857842835438366,0.03577627331434097,-0.004467410703948088,-0.020687560193459853,0.030596836154559076,-0.003499094347711788,10.11,10.22,1,354.0,0.0,0.0,327.0,0.0,0.0,1,0,0,-0.04919797678489296,-0.027028871125668808,-0.006337505458220328,-0.12005811212629863,-0.06794025349152967,-0.01702654482574787,-0.11921697939406899,-0.07013125491922201,-0.018146541681701368,16.5,26.03,2,378.0,0.0,447.0,350.0,0.0,431.0,1,0,1,-0.04441407386080448,-0.017619089219763396,0.03365907183534009,-0.022756295603501564,-0.028623050142655145,0.0632348808645349,-0.022723740616124338,-0.04546562758981496,0.1014212156427476
92,least_connections,1031,measured,499,446,15,heavy,1,76.87,48.1,3,669.0,484.0,0.0,524.0,438.0,0.0,2,1,0,-0.007851407009685896,0.0016146566349342917,-0.0006835005731870769,-0.007761435177775666,0.03236900918916563,-0.004041943017857794,-0.018717316365511272,0.027682851758886795,-0.003165847266977332,24.37,24.16,2,354.0,0.0,499.0,327.0,0.0,446.0,1,0,1,-0.04451245518633172,-0.02445469292322416,0.03734996671693898,-0.1086240062095083,-0.061469753159003035,0.11358822815085397,-0.10786298135653861,-0.063452087784058,0.10968289085941305,16.5,26.03,2,378.0,447.0,0.0,350.0,431.0,0.0,1,1,0,-0.040184162064537385,0.027142819504114294,-0.012630454280497286,-0.02058902935554903,0.0549886689185501,-0.023673203027325566,-0.020559574843160094,0.0888485591647706,-0.03822207473592677
92,least_connections,1032,measured,463,410,16,heavy,1,76.87,48.1,3,669.0,484.0,0.0,524.0,438.0,0.0,2,1,0,-0.007103653961144374,0.0014608798125596012,-0.0006184052805025934,-0.007022250875130365,0.029286246409245098,-0.0036569960637760995,-0.016934714806891127,0.025046389686611853,-0.002864338003455681,27.49,26.75,2,0.0,499.0,463.0,0.0,446.0,410.0,0,1,1,-0.08335707396677178,0.020958225677173602,0.03379282702961146,-0.18978906684261634,0.07337770632552787,0.09346417921131686,-0.19004567360829686,0.06869215867156657,0.08905832982518322,16.5,26.03,2,378.0,447.0,0.0,350.0,431.0,0.0,1,1,0,-0.036357099010771915,0.024557789075151028,-0.011427553872830879,-0.018628169416925314,0.04975165283106914,-0.021418612262818368,-0.018601520096192453,0.08038679162526863,-0.03458187714202898
92,least_connections,1033,measured,400,433,21,heavy,1,76.87,48.1,3,669.0,484.0,0.0,524.0,438.0,0.0,2,1,0,-0.0064271154886544335,0.0013217484018396425,-0.0005595095395023465,-0.006353465077498954,0.02649708008455509,-0.003308710724368852,-0.015321884825282461,0.022661019240267866,-0.0025915439078884736,38.91,40.28,3,0.0,499.0,863.0,0.0,446.0,843.0,0,1,2,-0.07541830501755542,0.01896220418410945,0.07365836277735821,-0.17171391761951002,0.06638935334214426,0.18796418935445675,-0.17194608564560193,0.06215004832189357,0.20300217936564197,16.5,26.03,2,378.0,447.0,0.0,350.0,431.0,0.0,1,1,0,-0.032894518152603164,0.02221895202037474,-0.010339215408751748,-0.016854058043884804,0.04501340018049112,-0.019378744428264236,-0.016829946753697922,0.07273090670857638,-0.03128836503326432
92,least_connections,1034,measured,420,415,17,heavy,2,76.87,48.1,3,669.0,484.0,0.0,524.0,438.0,0.0,2,1,0,-0.005815009251639719,0.0011958676016644437,-0.0005062229166925992,-0.005748373165356202,0.02397354864793083,-0.0029935954172861045,-0.013862657699065084,0.020502826931670937,-0.0023447302023752855,38.91,40.28,3,0.0,962.0,400.0,0.0,856.0,433.0,0,2,1,-0.06823560930159776,0.060240180202856396,0.023559380381328633,-0.15536021117955667,0.17975363261568156,0.05037576315743365,-0.15557026796506843,0.1721536151483799,0.06774601942605703,24.9,39.87,3,378.0,447.0,420.0,350.0,431.0,415.0,1,1,1,-0.02976170689997429,0.02010286135176762,0.0337293719997915,-0.015248909658752918,0.04072640968711101,0.058466850279189506,-0.015227094681917158,0.06580415368871195,0.09685020941434816
92,least_connections,1035,measured,191,123,6,light,0,89.6,54.25,4,1344.0,0.0,0.0,1085.0,0.0,0.0,4,0,0,0.08090660160679308,-0.04200192477763239,-0.0004580112103409231,0.40194194808848727,-0.27024615439790384,-0.002708491091830285,0.24124330970084584,-0.17959268039515486,-0.0021214225640538297,38.91,40.28,3,0.0,962.0,400.0,0.0,856.0,433.0,0,2,1,-0.061736979844302736,0.05450302018353674,0.021315629868821146,-0.14056400059102747,0.1626342390332357,0.04557807142815426,-0.14075405196839524,0.15575803275329614,0.06129401757595636,24.9,39.87,3,378.0,447.0,420.0,350.0,431.0,415.0,1,1,1,-0.026927258623786254,0.018188303127789754,0.030517050856954213,-0.013796632548395499,0.03684770400262424,0.0528985788240286,-0.013776895188401223,0.05953709143264414,0.087626379946315
92,least_connections,1036,measured,373,302,10,medium,1,78.0,48.75,3,1170.0,0.0,0.0,975.0,0.0,0.0,3,0,0,0.03011731075081732,-0.038001741465476926,-0.000414391095070359,0.25870938160386947,-0.2445084254076273,-0.00245053955927502,0.16850585163409865,-0.1624886155956163,-0.0019193823198582268,49.57,49.72,4,0.0,1335.0,400.0,0.0,1158.0,433.0,0,3,1,-0.055857267478178665,0.0923961565832906,0.01928556988131437,-0.12717695291569153,0.24356703259469625,0.041237302720710994,-0.1273489041618814,0.2263108391577441,0.05545649209253194,17.34,28.2,2,0.0,447.0,420.0,0.0,431.0,415.0,0,1,1,-0.06744665802923065,0.01645608378228597,0.027610665061053814,-0.08088266754378641,0.03333839885951717,0.047860618936025875,-0.11802036548791857,0.05386689224858279,0.07928101042761834
92,least_connections,1037,measured,362,323,10,medium,2,45.0,28.05,2,675.0,0.0,0.0,561.0,0.0,0.0,2,0,0,-0.015834904785541698,-0.03438252799257436,-0.0003749252764922296,-0.0645010356917371,-0.22122190870213898,-0.0022171548393440654,-0.03482803899772019,-0.14701350934841476,-0.0017365840036812528,49.57,49.72,4,0.0,1335.0,400.0,0.0,1158.0,433.0,0,3,1,-0.05053752771835213,0.08359652262297722,0.01744884894023681,-0.11506486216181615,0.22037017234758233,0.03730994055683376,-0.11522043709884508,0.20475742590462565,0.050174921417052695,24.58,38.97,3,0.0,1229.0,0.0,0.0,1169.0,0.0,0,3,0,-0.06102316678835154,0.10105663816129729,-0.018102822314375346,-0.07317955634914008,0.17166807515861077,-0.03269753524835755,-0.10678033067954537,0.2713081406058606,-0.05342829215278976
92,least_connections,1038,measured,177,105,9,light,0,56.8,33.3,3,675.0,177.0,0.0,561.0,105.0,0.0,2,1,0,-0.014326818615490094,0.011975898709666283,-0.0003392181073024934,-0.05835807991157166,-0.09339125073050672,-0.0020059972355970118,-0.03151108290269922,-0.08551222274380385,-0.001571195050949705,49.57,49.72,4,0.0,1335.0,400.0,0.0,1158.0,433.0,0,3,1,-0.045724429840413826,0.07563494903983653,0.015787053803071396,-0.10410630386069081,0.19938253688590782,0.03375661288475436,-0.10424706213705032,0.18525671867561366,0.04539635747257148,24.58,38.97,3,447.0,782.0,0.0,431.0,738.0,0.0,1,2,0,-0.012127536391274979,0.04834829620489255,-0.016378743998720552,0.014675639493635165,0.07443302038160023,-0.029583484272323497,0.03337335160739545,0.11548514308784213,-0.048339883376333596
92,least_connections,1039,measured,164,119,6,light,0,67.73,39.25,4,839.0,177.0,0.0,680.0,105.0,0.0,3,1,0,0.03012154052702823,0.010835336927793301,-0.00030691162089273213,0.04612046738159392,-0.0844968458990299,-0.0018149498798258677,0.0253233059451769,-0.07736820153010823,-0.0014215574270497332,49.57,49.72,4,872.0,463.0,400.0,748.0,410.0,433.0,2,1,1,0.044798078216949845,-0.017736179893662635,0.014283524869445549,0.1312235482076743,-0.0450212421372399,0.030541697371920612,0.11716932473314497,-0.04387487357920672,0.04107289485613609,24.58,38.97,3,447.0,782.0,0.0,431.0,738.0,0.0,1,2,0,-0.01097253292543926,0.043743696566331355,-0.014818863617890024,0.013277959541860396,0.06734416129763829,-0.02676600957972126,0.03019493716859588,0.10448655803185716,-0.04373608495953992
92,least_connections,1040,measured,159,125,8,light,2,67.73,39.25,4,1016.0,0.0,0.0,785.0,0.0,0.0,4,0,0,0.07033672260835434,-0.0332805001492301,-0.00027768194271247194,0.14848994667858495,-0.18321143200388418,-0.0016420975103186423,0.07041156252182668,-0.11749980138438364,-0.001286171005425949,49.57,49.72,4,872.0,863.0,0.0,748.0,843.0,0.0,2,2,0,0.040531594577240336,0.02703688032296736,-0.030160711059163774,0.11872606742599104,0.06266785575338157,-0.07576839625533713,0.10601034142522642,0.08272928104738442,-0.08526440465397211,27.76,43.13,4,809.0,579.0,0.0,754.0,540.0,0.0,2,2,0,0.03315637043707423,0.03957763022668075,-0.013407543273329069,0.07751815387120703,0.024197098316910817,-0.024216865810224,0.12473192727952326,0.034821171552632646,-0.03957074353482183
92,least_connections,1041,measured,470,439,16,heavy,0,86.33,55.05,4,825.0,0.0,470.0,662.0,0.0,439.0,3,0,1,0.02055408689508703,-0.03011092870644628,0.04283266418335085,0.019141697788561007,-0.16576272419399044,0.2820063562208228,0.008062842281652716,-0.10630934410968043,0.19743155956651937,49.57,49.72,4,1335.0,400.0,0.0,1158.0,433.0,0.0,3,1,0,0.07975534293949862,-0.01862196088692976,-0.027288262386862463,0.22710589773916198,-0.06298758629115818,-0.0685523585167336,0.21183673747996676,-0.041072317147604565,-0.07714398516311763,27.76,43.13,4,968.0,420.0,0.0,879.0,415.0,0.0,3,1,0,0.07308252109839596,-0.007275568116903358,-0.012130634390154871,0.09890690112156826,-0.006878815808509256,-0.021910497637821713,0.1505511088084575,-0.006193543198411727,-0.03580210129341023
92,least_connections,1042,measured,389,325,11,medium,0,80.0,49.4,4,341.0,389.0,470.0,224.0,325.0,439.0,2,1,1,-0.024487345416916717,0.015840679016163116,0.038753362832555524,-0.27461782898495285,0.08465912255464361,0.2551486080093159,-0.1908479046023142,0.05083916485314628,0.17862855389351753,49.57,49.72,4,1335.0,400.0,0.0,1158.0,433.0,0.0,3,1,0,0.07215959599287972,-0.016848440802460257,-0.024689380254780322,0.20547676462114656,-0.05698876854914313,-0.062023562467520874,0.19166181010092231,-0.03716066789545175,-0.06979693895710642,27.76,43.13,4,968.0,420.0,0.0,879.0,415.0,0.0,3,1,0,0.06612228099378681,-0.006582656867674466,-0.010975335876806788,0.08948719625284747,-0.006223690493413134,-0.019823783577076787,0.1362129079695568,-0.0056036819414201355,-0.032392377360704494
92,least_connections,1043,measured,383,311,12,medium,0,100.0,64.95,5,341.0,1242.0,0.0,224.0,1075.0,0.0,2,3,0,-0.022155217281972256,0.10049984337290041,-0.008021333854445223,-0.24846375003400495,0.5911042854859474,-0.052643322912206275,-0.1726719136878081,0.38528305391475137,-0.03697892742967462,49.57,49.72,4,1335.0,400.0,0.0,1158.0,433.0,0.0,3,1,0,0.06528725351736736,-0.015243827392702136,-0.022338010706706005,0.18590754894294212,-0.05156126678255808,-0.05611655651823317,0.17340830437702498,-0.03362155666731348,-0.063149611437382,27.76,43.13,4,968.0,420.0,0.0,879.0,415.0,0.0,3,1,0,0.059824920899140446,-0.005955737165991182,-0.00993006579330138,0.08096460613352865,-0.0056309580654690244,-0.01793580418878376,0.12324025006769423,-0.005069997946999166,-0.0293073890406374
92,least_connections,1044,measured,185,119,6,light,1,100.0,64.95,5,341.0,1242.0,0.0,224.0,1075.0,0.0,2,3,0,-0.02004519658845108,0.09092842971833846,-0.0072573972968790115,-0.2248005357450521,0.5348086392491904,-0.047629673111043776,-0.15622696952706444,0.34858942973239415,-0.03345712481732466,54.86,53.44,5,1520.0,400.0,0.0,1277.0,433.0,0.0,4,1,0,0.10215332007580402,-0.013792034307682888,-0.020210581115591146,0.21602519734293402,-0.04665066994612398,-0.05077212256411572,0.1905390611030226,-0.030419503651378854,-0.057135362729059905,27.76,43.13,4,1388.0,0.0,0.0,1294.0,0.0,0.0,4,0,0,0.09721120961169397,-0.04847242432932082,-0.00898434524155839,0.1492536912636688,-0.08109467634494817,-0.016227632361280542,0.23666181355331067,-0.1297458711583961,-0.026516209132005267
92,least_connections,1045,measured,152,108,4,light,2,94.6,59.0,4,177.0,1242.0,0.0,105.0,1075.0,0.0,1,3,0,-0.061220030473451204,0.0822685792689729,-0.0065662166019381536,-0.3023115958328249,0.4838744831302199,-0.04309351376713484,-0.19518154385782022,0.3153904364245471,-0.030270731977579454,54.86,53.44,5,1520.0,400.0,0.0,1277.0,433.0,0.0,4,1,0,0.09242443244953698,-0.012478507230760702,-0.01828576386648723,0.19545136902455937,-0.04220774899887407,-0.04593668231991423,0.17239248385511569,-0.027522408065533244,-0.05169389961200658,21.86,32.37,4,1093.0,0.0,0.0,971.0,0.0,0.0,4,0,0,0.08795299917248502,-0.0438560029646236,-0.008128693313790925,0.08165810161950984,-0.07337137383590549,-0.01468214356496811,0.1167098948022017,-0.11738912152426313,-0.023990855881338098
92,least_connections,1046,measured,430,412,18,heavy,0,100.0,79.6,5,566.0,853.0,430.0,430.0,750.0,412.0,2,2,1,-0.012305651153984187,0.0313495762546943,0.03714303758690856,-0.03888509464239709,0.20315627838765926,0.2203757097662431,-0.029569015871361154,0.13832944247935214,0.15899314725838049,29.94,30.06,3,648.0,400.0,0.0,529.0,433.0,0.0,2,1,0,-0.002545694903933665,-0.011290077970688248,-0.0165442625458694,-0.048578013059412284,-0.03818796337993367,-0.04156176019420811,-0.055513943178704866,-0.024901226345006272,-0.04677067107752976,21.86,32.37,4,1093.0,0.0,0.0,971.0,0.0,0.0,4,0,0,0.07957652306081978,-0.03967924077751659,-0.0073545320458108365,0.0738811395605089,-0.06638362394677164,-0.01328384417782829,0.10559466672580156,-0.10620920518861902,-0.021706012464067802
92,least_connections,1047,measured,382,323,9,medium,1,100.0,74.35,4,389.0,853.0,430.0,325.0,750.0,412.0,1,2,1,-0.05421758460417163,0.02836390232567579,0.03360560543577441,-0.1419436570574069,0.18380806139835837,0.1993875469313628,-0.0742529191217077,0.12515520986227097,0.14385094275758234,40.86,40.16,4,1048.0,382.0,0.0,962.0,323.0,0.0,3,1,0,0.040780652456531674,-0.010214832449670322,-0.014968618493881838,0.05944982491903514,-0.03920407571109645,-0.03760349731856925,0.07219869426688605,-0.053630871455005655,-0.04231632145109836,14.62,21.6,3,731.0,0.0,0.0,648.0,0.0,0.0,3,0,0,0.028913906352079577,-0.03590026546537215,-0.006654100422400281,0.0013400786499842277,-0.0600613740470791,-0.012018716160892262,-0.0018746666131636558,-0.09609404278970293,-0.01963877318177563
92,least_connections,1048,measured,433,428,14,heavy,2,100.0,74.35,4,772.0,470.0,430.0,636.0,439.0,412.0,2,1,1,-0.005970104891302674,-0.01742132193209832,0.03040507158474828,0.10259065948774299,-0.06471334127450112,0.1803982567474235,0.07350926365178828,-0.027454810124611984,0.13015085297114592,27.63,27.34,3,585.0,382.0,0.0,552.0,323.0,0.0,2,1,0,-0.006187119432752519,-0.009241991263987434,-0.013543035780178805,-0.06589913799842398,-0.03547035421480156,-0.03402221185965789,-0.05059999090138881,-0.04852316941167177,-0.0382861955986128,20.1,31.7,3,572.0,433.0,0.0,523.0,428.0,0.0,2,1,0,-0.016923699241542522,0.010602707662849237,-0.006020376572647874,-0.027558976459538087,0.024011137766928425,-0.010874076526521571,-0.03939453963413217,0.04213713588868147,-0.01776841383113033
92,least_connections,1049,measured,373,346,10,medium,1,100.0,74.35,4,772.0,470.0,430.0,636.0,439.0,412.0,2,1,1,-0.0054015234730833694,-0.015762148414755622,0.02750935048143892,0.09282012048891031,-0.05855016591502482,0.163217470390526,0.06650838139923704,-0.02484006630322036,0.1177555336405606,38.29,38.16,4,967.0,373.0,0.0,875.0,346.0,0.0,3,1,0,0.0374860302637908,-0.00836180161979816,-0.012253222848733205,0.0391252697021062,-0.03441875585420823,-0.03078200120635714,0.04554346061302919,-0.03739893899151256,-0.034639891255887775,17.06,28.1,2,420.0,433.0,0.0,415.0,428.0,0.0,1,1,0,-0.05839581858815297,0.009592925980673114,-0.005447007375252838,-0.052439073939582095,0.021724362741506673,-0.009838450190662373,-0.06821410728802435,0.038124075327854653,-0.016076183942451253
92,least_connections,1050,measured,170,119,2,light,2,100.0,74.35,4,1242.0,430.0,0.0,1075.0,412.0,0.0,3,1,0,0.038196807560634316,-0.014260991422874139,-0.01819448788640787,0.3674721725058394,-0.07710094376438759,-0.11169212996412728,0.258769487932643,-0.034688631417199384,-0.07984023146806421,33.0,34.44,3,782.0,373.0,0.0,756.0,346.0,0.0,2,1,0,-0.009167968083327593,-0.007565439560769757,-0.011086249244091947,-0.012424075711699872,-0.0311407791061884,-0.027850382043846936,0.00756015484035974,-0.03383713527803517,-0.03134085399342227,20.46,32.07,3,590.0,433.0,0.0,534.0,428.0,0.0,2,1,0,-0.009750411829190564,0.008679313982513773,-0.0049282447680859005,-0.016682971659621904,0.01965537581374413,-0.008901454934408814,-0.025828636752656953,0.03449321101091611,-0.014545118805074943
92,least_connections,1051,measured,428,406,19,heavy,1,100.0,74.35,4,1242.0,430.0,0.0,1075.0,412.0,0.0,3,1,0,0.034559016364383424,-0.012902801763552796,-0.016461679516273788,0.33247482274337853,-0.06975799673920785,-0.10105478425325802,0.2341247747962008,-0.031384952234608965,-0.07223639989967715,45.23,47.12,4,782.0,373.0,428.0,756.0,346.0,406.0,2,1,1,-0.008294828265867832,-0.006844921507363114,0.03305348424400751,-0.011240830405823715,-0.028174990619884738,0.08544149107597523,0.006840140093658825,-0.03061455096584134,0.08643565591071317,12.06,18.23,2,170.0,433.0,0.0,119.0,428.0,0.0,1,1,0,-0.05190570140554883,0.007852712650845792,-0.0044588881235062905,-0.0910941172158484,0.017783435260054214,-0.008053697321607975,-0.14852749674446736,0.031208143295590768,-0.013159869395067806
92,least_connections,1052,measured,185,121,3,light,2,100.0,74.35,4,1242.0,430.0,0.0,1075.0,412.0,0.0,3,1,0,0.031267681472537376,-0.011673963500357293,-0.014893900514723902,0.3008105539106758,-0.06311437800214048,-0.09143051908628107,0.21182717719656263,-0.02839590916464621,-0.06535674276637456,45.23,47.12,4,1155.0,0.0,428.0,1102.0,0.0,406.0,3,0,1,0.0355790556052579,-0.04927692444770495,0.029905533363625843,0.08625149357840439,-0.1219134268873787,0.07730420621159664,0.10401607913235797,-0.12552626039766598,0.07820368868112144,12.36,18.3,2,185.0,433.0,0.0,121.0,428.0,0.0,1,1,0,-0.04696230127168703,0.007104835255527145,-0.0040342321117437865,-0.07970420129052952,0.01608977475909666,-0.007286678529073882,-0.1337788462608673,0.02823593917220117,-0.011906548500299444
92,least_connections,1053,measured,174,103,5,light,2,85.53,58.1,3,853.0,430.0,0.0,750.0,412.0,0.0,2,1,0,-0.014794093180175938,-0.010562157452704224,-0.013475433799035912,0.037527009093786035,-0.05710348485907951,-0.08272285060187334,0.04462935079689001,-0.025691536863251346,-0.059132291074338886,45.23,47.12,4,1155.0,0.0,428.0,1102.0,0.0,406.0,3,0,1,0.03219057411904286,-0.044583884024114,0.02705738732899481,0.07803706561855633,-0.11030262432667597,0.06994190085811125,0.09410978588165719,-0.11357137845503112,0.07075571833053845,15.84,21.73,3,359.0,433.0,0.0,224.0,428.0,0.0,2,1,0,0.0005941990761833826,0.00642818427881027,-0.0036500195296729496,-0.04062761069143146,0.014557415258230316,-0.00659270914535256,-0.08997451169634026,0.025546802108182012,-0.010772591500270925
92,least_connections,1054,measured,364,326,11,medium,0,100.0,74.4,4,853.0,794.0,0.0,750.0,738.0,0.0,2,2,0,-0.013385131924921079,0.03352766253145355,-0.012192059151508682,0.03395300822771119,0.16789049782591214,-0.0748444838778854,0.040378936435281454,0.12423146664753451,-0.05350064430535423,33.8,33.59,3,755.0,0.0,428.0,669.0,0.0,406.0,2,0,1,-0.013959095071432864,-0.04033779983134124,0.02448049329766197,-0.032796396413142914,-0.09979761248604016,0.06328076744305303,-0.037278646107072044,-0.10275505669740911,0.06401707848953479,15.84,21.73,3,359.0,433.0,0.0,224.0,428.0,0.0,2,1,0,0.0005376086879754494,0.00581597625225691,-0.0033023986220850495,-0.03675831443510466,0.013170994757446472,-0.005964832083890412,-0.0814055105824031,0.023113773335974197,-0.009746630405007027
92,least_connections,1055,measured,463,406,15,heavy,1,84.27,58.85,3,470.0,794.0,0.0,439.0,738.0,0.0,1,2,0,-0.055194257682638345,0.03033455181417226,-0.011030910660888809,-0.20029648461937244,0.1519009266043967,-0.06771643779427727,-0.10415715274903106,0.11239989839538833,-0.04840534484770145,47.03,46.28,4,755.0,0.0,891.0,669.0,0.0,812.0,2,0,2,-0.012629657445582115,-0.036496104609308744,0.06523291797226105,-0.029672930088081667,-0.09029307796356015,0.17694110251650375,-0.033728298858779454,-0.0929688608214654,0.1727118805381505,12.14,17.7,2,607.0,0.0,0.0,531.0,0.0,0.0,2,0,0,0.0004864078605492095,-0.0378218264747154,-0.002987884467600759,0.011618667892048157,-0.06643576664802461,-0.005396752837805611,0.01893469677465115,-0.10816690348967414,-0.008818379890244454
92,least_connections,1056,measured,365,347,10,medium,2,84.27,58.85,3,470.0,794.0,0.0,439.0,738.0,0.0,1,2,0,-0.04993766171286326,0.02744554687948919,-0.00998034774080416,-0.18122062894133695,0.13743417168969224,-0.061267253242441345,-0.09423742391579001,0.10169514616725611,-0.04379531200506322,36.11,36.19,3,373.0,891.0,0.0,346.0,812.0,0.0,1,2,0,-0.05451073315371262,0.053147515330806826,-0.027147541335754734,-0.12559523606608752,0.14863279340711905,-0.0702369616687415,-0.12184048468175285,0.14546864973295986,-0.0733202033226257,19.44,29.27,3,607.0,365.0,0.0,531.0,347.0,0.0,2,1,0,0.00044008330240166704,0.008864152463919625,-0.0027033240421149725,0.010512128092805481,0.005939068270834874,-0.004882776377062219,0.017131392319922473,0.006785500017278942,-0.007978534186411649
92,least_connections,1057,measured,389,305,11,medium,0,78.87,52.15,3,430.0,753.0,0.0,412.0,631.0,0.0,1,2,0,-0.0451816939306858,0.024831685271918785,-0.009029838432156144,-0.18808850555009854,0.09961504422718187,-0.055432276743161216,-0.09747671687619094,0.04360513224656504,-0.03962432990934291,36.11,36.19,3,373.0,891.0,0.0,346.0,812.0,0.0,1,2,0,-0.04931923475812093,0.048085847204063316,-0.024562061208539997,-0.11363378501217444,0.1344772892731077,-0.06354772722409945,-0.11023662899777639,0.13161449261553512,-0.06633732681570897,19.44,29.27,3,607.0,365.0,0.0,531.0,347.0,0.0,2,1,0,0.00039817060693483897,0.008019947467355848,-0.0024458646095325944,0.00951097303634782,0.005373442721231553,-0.004417750055437246,0.015499831146596532,0.006139261920395225,-0.0072186737877057774
92,least_connections,1058,measured,354,340,9,medium,0,100.0,69.15,4,794.0,743.0,0.0,738.0,645.0,0.0,2,2,0,0.0022052247656606794,0.02246676286506938,-0.008169853819569846,0.04938024101022831,0.08409615112618046,-0.05015301229143158,0.05928297044535108,0.04578559584213027,-0.03585058420369121,36.11,36.19,3,373.0,891.0,0.0,346.0,812.0,0.0,1,2,0,-0.044622164781157034,0.04350624270843824,-0.022222817283917142,-0.10281151977291975,0.12166992838995458,-0.05749556272656617,-0.09973790242655961,0.11907977903310321,-0.06001948616659383,15.96,25.83,2,433.0,365.0,0.0,428.0,347.0,0.0,1,1,0,-0.0427236506300068,0.007256142946655289,-0.0022129251229104424,-0.022880548205209114,0.0048616862715904485,-0.003997011954919413,-0.017039835311809498,0.005554570308929002,-0.006531181046019513
92,least_connections,1059,measured,358,345,9,medium,2,100.0,69.15,4,794.0,743.0,0.0,738.0,645.0,0.0,2,2,0,0.0019952033594072827,0.02032707116363419,-0.007391772503420336,0.044677360914016084,0.07608699387606804,-0.045376534930342854,0.053636973260079546,0.04142506290478454,-0.03243624285095871,25.46,25.37,2,0.0,891.0,0.0,0.0,812.0,0.0,0,2,0,-0.08345633502875659,0.039362791021920314,-0.02010635849497265,-0.1894417151686961,0.11008231616233985,-0.05201979484784558,-0.18806643552879204,0.10773884769661718,-0.05430334462691823,23.12,37.33,3,798.0,358.0,0.0,775.0,345.0,0.0,2,1,0,0.004429168704370268,0.006565081713640494,-0.0020021703492999242,0.045346170671477476,0.0031320018647723186,-0.003616344149688992,0.08923379979725177,0.0044223890096659335,-0.0059091638035414645
92,least_connections,1060,measured,199,103,7,light,1,100.0,69.15,4,1148.0,389.0,0.0,1078.0,305.0,0.0,3,1,0,0.04488908421860205,-0.024692740602516902,-0.006687794169761257,0.2539461836841098,-0.14468319601689084,-0.041054960175072104,0.20233821390197676,-0.1163297049909092,-0.02934707686515312,31.14,28.59,3,199.0,891.0,0.0,103.0,812.0,0.0,1,2,0,-0.03242421241830812,0.03561395378173743,-0.01819146720973716,-0.1199574701866434,0.09959828605164081,-0.047065528671860285,-0.14103332262128804,0.0974780050588441,-0.04913159751959268,23.12,37.33,3,798.0,358.0,0.0,775.0,345.0,0.0,2,1,0,0.0040073431134778625,0.005939835836150917,-0.0018114874588904077,0.041027487750384395,0.002833715972889242,-0.0032719304211471833,0.080735342673704,0.004001209103983466,-0.005346386298442278
92,least_connections,1061,measured,357,316,6,medium,1,100.0,69.15,4,1537.0,0.0,0.0,1383.0,0.0,0.0,4,0,0,0.08369783356739732,-0.06542495124808219,-0.006050861391688756,0.4420782931745121,-0.36553876465020285,-0.03714496396792238,0.32104409829226466,-0.24322687594415593,-0.026552117163709966,41.34,38.47,4,556.0,891.0,0.0,419.0,812.0,0.0,2,2,0,0.013747708038764295,0.03222214865966719,-0.016458946523095527,-0.016247234930772597,0.0901127349991036,-0.042583097369778354,-0.038256339514498694,0.08819438552943037,-0.04445239775582195,23.12,37.33,3,1156.0,0.0,0.0,1120.0,0.0,0.0,3,0,0,0.0467095916151421,-0.03770976304166844,-0.0016389648437579879,0.10190106034558588,-0.062217114119766874,-0.0029603180000855466,0.17709388146668456,-0.1004274774773483,-0.004837206650971585
92,least_connections,1062,measured,403,447,18,heavy,2,100.0,69.15,4,1537.0,0.0,0.0,1383.0,0.0,0.0,4,0,0,0.07572661132288329,-0.0591940035101696,-0.005474588878194589,0.39997559858646337,-0.3307255489692312,-0.03360734835192977,0.2904684698834776,-0.22006241156852202,-0.024023344100499493,41.34,38.47,4,556.0,891.0,0.0,419.0,812.0,0.0,2,2,0,0.012438402511262936,0.02915337259684174,-0.01489142780661024,-0.01469987922307997,0.08153056976109374,-0.03852756428694232,-0.03461287860835596,0.0797949202409132,-0.04021883606479129,22.52,37.97,3,723.0,0.0,403.0,692.0,0.0,447.0,2,0,1,-0.0008228411463906959,-0.03411835703770002,0.04160102727288109,0.013843816503149142,-0.05629167467978908,0.07024542657135117,0.031148432438111412,-0.09086295581283894,0.1304330035062638
92,least_connections,1063,measured,474,426,21,heavy,2,100.0,69.15,4,1537.0,0.0,0.0,1383.0,0.0,0.0,4,0,0,0.06851455310165631,-0.053556479366343925,-0.004953199461223676,0.36188268443537164,-0.2992278776388282,-0.030406648508888842,0.26280480608505113,-0.1991040866572342,-0.02173540656711859,41.34,38.47,4,1447.0,0.0,0.0,1231.0,0.0,0.0,4,0,0,0.09742159320180024,-0.05979093953256268,-0.013473196586933073,0.21702663988660112,-0.15656077701887436,-0.03485827245009067,0.19826691935434462,-0.15738792930584042,-0.03638847072528736,32.0,52.17,4,723.0,0.0,877.0,692.0,0.0,873.0,2,0,2,-0.0007444753229249035,-0.030868989700776207,0.08072292490222122,0.012525357788563507,-0.05093056280552345,0.14932681451693677,0.028181915063053176,-0.08220934097352095,0.2464870031723339
92,least_connections,1064,measured,192,124,4,light,0,86.6,54.75,4,1299.0,0.0,0.0,1095.0,0.0,0.0,4,0,0,0.06198935756816523,-0.04845586228383498,-0.004481466179202373,0.20617957163200284,-0.27072998453036834,-0.027510777222328,0.10749006264837957,-0.18014179268987857,-0.01966536784644063,41.34,38.47,4,1447.0,0.0,0.0,1231.0,0.0,0.0,4,0,0,0.08814334623020022,-0.054096564338985284,-0.012190035007225162,0.1963574360878772,-0.1416502268266006,-0.03153843697865346,0.1793843556063118,-0.14239860270528418,-0.0329229020847838,32.0,52.17,4,723.0,0.0,877.0,692.0,0.0,873.0,2,0,2,-0.0006735729112177791,-0.0279290859197499,0.07303502729248586,0.011332466570605076,-0.04608003301452122,0.13510521313437138,0.02549792315228619,-0.07437987992842372,0.2230120504892545
92,least_connections,1065,measured,393,334,13,medium,0,88.53,55.15,4,935.0,393.0,0.0,769.0,334.0,0.0,3,1,0,0.013001709001582595,-0.0007571180300457031,-0.004054659876421195,-0.033012133602791094,-0.007898557432237996,-0.024890703201153906,-0.05022327665146609,-0.011890193386080578,-0.017792475670589142,41.34,38.47,4,1447.0,0.0,0.0,1231.0,0.0,0.0,4,0,0,0.07974874182732401,-0.04894451059241526,-0.011029079292251337,0.17765672788903175,-0.12815972903359102,-0.028534776314019798,0.16230013126285353,-0.12883683101906665,-0.02978738760051868,32.0,52.17,4,723.0,0.0,877.0,692.0,0.0,873.0,2,0,2,-0.0006094231101494152,-0.025269172975011814,0.06607931040748721,0.010253184040071278,-0.04169145844170967,0.12223804997871696,0.023069549518735133,-0.06729608184000242,0.20177280758551597
92,least_connections,1066,measured,151,115,6,light,0,98.6,60.9,5,1086.0,393.0,0.0,884.0,334.0,0.0,4,1,0,0.054847351228189234,-0.000685011550993736,-0.0036685017929525094,0.06121124420064927,-0.007146313867262943,-0.02252016003913925,0.006583702077244957,-0.01075779401597765,-0.01609795417815208,41.34,38.47,4,1447.0,0.0,0.0,1231.0,0.0,0.0,4,0,0,0.07215362355805506,-0.044283128631232856,-0.0099786907882274,0.16073703951864776,-0.1159540405542014,-0.025817178569827435,0.14684297590448653,-0.1165666566362984,-0.026950493543326424,24.7,40.6,3,358.0,403.0,474.0,345.0,447.0,426.0,1,1,1,-0.04363528304070208,0.02022131515412763,0.016702142522873917,-0.056770928725649816,0.0352029661717865,0.037672521409315346,-0.08377834408622377,0.07392259262095019,0.047746825910704935
92,least_connections,1067,measured,409,432,20,heavy,2,75.0,43.9,4,732.0,393.0,0.0,544.0,334.0,0.0,3,1,0,0.006539893741604325,-0.0006197723556610052,-0.003319120669814175,-0.15814220762798392,-0.006465712546571245,-0.02037538289255456,-0.14785284097773077,-0.009733242204932158,-0.01456481568499474,25.46,25.37,2,891.0,0.0,0.0,812.0,0.0,0.0,2,0,0,-0.02088595056765538,-0.04006568780921068,-0.009028339284586696,0.0017008588842187256,-0.10491079859665842,-0.0233583996584153,0.014390668675487772,-0.10546507028998427,-0.024383779872533432,32.88,55.0,4,358.0,403.0,883.0,345.0,447.0,858.0,1,1,2,-0.03947954179873045,0.018295475615639285,0.05819536250935758,-0.05136417360892126,0.03185030272685445,0.1080941860369996,-0.07579945417325008,0.06688234570466922,0.17348522344301875
92,least_connections,1068,measured,370,348,10,medium,1,36.27,22.45,2,151.0,393.0,0.0,115.0,334.0,0.0,1,1,0,-0.08025075373492035,-0.0005607464170266224,-0.0030030139393556823,-0.4935254894411918,-0.00584993039927878,-0.018434870236120792,-0.3278430465988993,-0.008806266756843373,-0.013177690381661908,36.03,36.25,3,891.0,370.0,0.0,812.0,348.0,0.0,2,1,0,-0.018896812418354864,0.006833992208900089,-0.008168497447959392,0.0015388723238169422,0.0007269645349961273,-0.021133790167137654,0.01302012880163178,0.0029720792614428004,-0.022061515122768344,25.72,43.5,3,0.0,403.0,883.0,0.0,447.0,858.0,0,1,2,-0.07880348566370396,0.01655304936653078,0.0526529470322759,-0.11125329993188114,0.028816940562392118,0.09779950165252345,-0.1726280775853215,0.060512598494700726,0.1569628212103503
92,least_connections,1069,measured,162,116,5,light,0,47.07,28.25,3,313.0,393.0,0.0,231.0,334.0,0.0,2,1,0,-0.029523924581027705,-0.0005073419963574216,-0.0027170126117979985,-0.3488087761610783,-0.0052927941707760495,-0.016679168308871194,-0.24414370882757558,-0.007967574684763029,-0.01192267225007506,36.03,36.25,3,891.0,370.0,0.0,812.0,348.0,0.0,2,1,0,-0.01709711599755917,0.0061831358080524645,-0.007390545310058497,0.0013923130548819662,0.0006577298173774393,-0.019121048246457877,0.011780116534809704,0.0026890240936863485,-0.019960418444409454,25.72,43.5,3,0.0,403.0,883.0,0.0,447.0,858.0,0,1,2,-0.07129839179097025,0.014976568474480229,0.04763838064824963,-0.10065774755741627,0.026072470032640488,0.08848526339990216,-0.15618730829148136,0.05474949387615781,0.14201398109507885
92,least_connections,1070,measured,377,312,9,medium,0,72.2,43.85,4,313.0,770.0,0.0,231.0,646.0,0.0,2,2,0,-0.02671212223997746,0.04262487651576732,-0.0024582495059124747,-0.31558889271716606,0.22260810686136134,-0.015090676088978698,-0.22089192703447313,0.13393409909473822,-0.010787179654829816,10.57,10.88,1,0.0,370.0,0.0,0.0,348.0,0.0,0,1,0,-0.1016366196894016,0.005594265731095088,-0.006686683851957688,-0.22906681880068502,0.0005950888823890998,-0.017299996032509507,-0.21892513265898167,0.0024329265609543127,-0.018059426211608554,25.72,43.5,3,0.0,877.0,409.0,0.0,873.0,432.0,0,2,1,-0.0645080687632588,0.05663412884652519,1.749178832563536e-05,-0.09107129540909091,0.10936080622000806,-0.005713333114374247,-0.1413123265494355,0.17801144684033324,1.2649562214223087e-05
92,least_connections,1071,measured,381,319,11,medium,1,72.2,43.85,4,706.0,377.0,0.0,565.0,312.0,0.0,3,1,0,0.018915789628682525,-0.004518535760110742,-0.002224130505349382,-0.04848518864886453,-0.03564028426829208,-0.013653468842409299,-0.04875936255499952,-0.029916767485713036,-0.00975982921151269,21.46,20.84,2,370.0,381.0,0.0,348.0,319.0,0.0,1,1,0,-0.048873041396986935,0.005061478518609844,-0.006049856818437909,-0.11160467279245652,0.0033819511656989765,-0.015652377362746696,-0.09968226288193578,-0.005998185492469915,-0.016339480858122025,25.72,43.5,3,0.0,877.0,409.0,0.0,873.0,432.0,0,2,1,-0.058364443166757964,0.051240402289713265,1.5825903723190593e-05,-0.0823978387034632,0.09894549134191205,-0.005169206151100517,-0.12785400973520356,0.16105797571268246,1.1444842003355271e-05
92,least_connections,1072,measured,366,322,8,medium,1,62.13,38.1,3,932.0,0.0,0.0,762.0,0.0,0.0,3,0,0,0.017114285854522293,-0.04717209924780994,-0.002012308552458965,0.09244990868277325,-0.2596427968776611,-0.012353138476465556,0.045003433878810006,-0.16821040867754988,-0.0088303216675591,31.91,30.91,3,370.0,747.0,0.0,348.0,641.0,0.0,1,2,0,-0.044218466025845324,0.047663333172166276,-0.005473679978586679,-0.10097565633603207,0.09767210547644874,-0.01416167475677082,-0.09018871403603713,0.08561473693538436,-0.014783339824015165,25.72,43.5,3,0.0,877.0,409.0,0.0,873.0,432.0,0,2,1,-0.05280592476992387,0.04636036397640724,1.4318674797175746e-05,-0.07455042549360957,0.08952211121411091,-0.0046769008033766685,-0.11567743737946988,0.14571912088290317,1.035485705067063e-05
92,least_connections,1073,measured,358,344,13,medium,0,86.0,55.3,4,932.0,358.0,0.0,762.0,344.0,0.0,3,1,0,0.01548435386837732,0.0004043818596912302,-0.0018206601188914444,0.08364515547489004,-0.01897840352423305,-0.011176649097754551,0.04071739255701856,0.0034286778631691384,-0.007989338651601091,31.91,30.91,3,736.0,381.0,0.0,670.0,319.0,0.0,2,1,0,0.0030767166795639678,4.006788139307438e-05,-0.0049523771234831855,0.0032533177367873034,-0.006242244704981761,-0.012812943827554551,0.009442353967394984,-0.013580714201318914,-0.013375402697918483,25.72,43.5,3,403.0,883.0,0.0,447.0,858.0,0.0,1,2,0,-0.0046928888507928035,0.04194509121674941,-0.04307094523527421,0.005473424553400871,0.08208191014610035,-0.07824100548876936,0.030148985228098682,0.12731729984643622,-0.13027634560552556
92,least_connections,1074,measured,419,445,17,heavy,1,75.2,49.5,3,770.0,358.0,0.0,646.0,344.0,0.0,2,1,0,-0.029074246726796926,0.0003658693016253961,-0.0016472639170922593,-0.022035335522718524,-0.017170936521925112,-0.010112206326539832,-0.015636644829364166,0.003102137114295883,-0.007228449256210511,43.89,44.81,4,736.0,381.0,419.0,670.0,319.0,445.0,2,1,1,0.0027836960434150237,3.625189268896545e-05,0.038603178067415436,0.0029434779523313526,-0.005647745209269223,0.09672026170704248,0.008543082160976406,-0.012287312848812362,0.11371689755902614,25.72,43.5,3,403.0,883.0,0.0,447.0,858.0,0.0,1,2,0,-0.0042459470554792045,0.037950320624678034,-0.03896895045096238,0.004952146024505555,0.07426458537028126,-0.07078948115650562,0.027277653301613095,0.11519184271820421,-0.1178690745954755
92,least_connections,1075,measured,165,121,4,light,0,86.2,55.55,4,935.0,358.0,0.0,767.0,344.0,0.0,3,1,0,0.016778629378703003,0.00033102460623250785,-0.001490381639273949,0.079587077384207,-0.0155356092341227,-0.009149139057345563,0.04059065467819434,0.0028066954843629366,-0.006540025517523795,43.89,44.81,4,1117.0,0.0,419.0,989.0,0.0,445.0,3,0,1,0.04560248236127572,-0.043051100895276875,0.034926684918137774,0.1011529426371433,-0.1035996606315157,0.08750880821113367,0.09792290766945486,-0.10131054495844928,0.10288671683911889,25.72,43.5,3,403.0,883.0,0.0,447.0,858.0,0.0,1,2,0,-0.00384157114543357,0.0343360043747087,-0.03525762183658501,0.004480513069790734,0.06719176771596876,-0.06404762580826699,0.02467978155860233,0.1042211910307562,-0.10664344844352545
92,least_connections,1076,measured,160,118,8,light,2,86.2,55.55,4,935.0,358.0,0.0,767.0,344.0,0.0,3,1,0,0.015180664675969374,0.00029949845325798197,-0.0013484405307716682,0.0720073557285682,-0.014056027402301469,-0.00827779248045551,0.036724878042175835,0.002539391152518833,-0.005917165944426291,43.89,44.81,4,1117.0,0.0,419.0,989.0,0.0,445.0,3,0,1,0.041259388803058974,-0.03895099604810765,0.031600333973553225,0.09151932905265348,-0.09373302628565706,0.07917463600054951,0.08859691646284013,-0.09166192162907316,0.09308798190205994,28.92,47.43,4,403.0,1043.0,0.0,447.0,976.0,0.0,1,3,0,-0.0034757072268208483,0.0741498089467319,-0.031899753090243586,0.004053797539334478,0.08974493269540029,-0.057947851921765374,0.02232932617206876,0.1298826649008429,-0.09648692954414208
92,least_connections,1077,measured,162,102,3,light,0,97.0,60.65,5,1097.0,358.0,0.0,869.0,344.0,0.0,4,1,0,0.05681878731453918,0.00027097479104293276,-0.0012200176230791283,0.16286379804013307,-0.012717358125891781,-0.0074894312918406996,0.07937012775244479,0.0022975443760884506,-0.005353626330671406,43.89,44.81,4,1117.0,419.0,0.0,989.0,445.0,0.0,3,1,0,0.03732992320276764,0.00784252284989806,-0.014493121869733021,0.08280320247621029,0.02350685376875926,-0.03667873069338038,0.08015911489495059,0.042886237573695724,-0.04159599256480291,28.92,47.43,4,1037.0,409.0,0.0,991.0,432.0,0.0,3,1,0,0.0830231129625816,-0.019079878073138254,-0.028861681367363244,0.1183915311070169,-0.033526013275590225,-0.052429008881597246,0.18426621574298283,-0.04655060477225323,-0.08729769815898569
92,least_connections,1078,measured,188,117,1,light,1,70.8,43.95,4,704.0,358.0,0.0,535.0,344.0,0.0,3,1,0,0.008323574010206669,0.0002451676680864656,-0.0011038254685001637,-0.08969465891607004,-0.011506181161521106,-0.006776152121189204,-0.07928417012874045,0.0020787306259847926,-0.004843757156321749,38.69,37.59,4,935.0,419.0,0.0,758.0,445.0,0.0,3,1,0,0.033774692421551664,0.007095615911812528,-0.013112824548806067,0.02786956414514266,0.021268105790782185,-0.03318551824639177,0.00721241347638385,0.038801833995248516,-0.03763446946339311,28.92,47.43,4,1037.0,409.0,0.0,991.0,432.0,0.0,3,1,0,0.07511614982328811,-0.017262746828077463,-0.026112949808566745,0.10711614719206292,-0.030333059630295922,-0.04743576994049275,0.16671705233888923,-0.042117213841562445,-0.07898363166765372
92,least_connections,1079,measured,172,123,4,light,0,46.13,28.45,3,692.0,0.0,0.0,569.0,0.0,0.0,3,0,0,0.007530852675901284,-0.04286208186039342,-0.00099869923340491,-0.08839040568596818,-0.22634686232074133,-0.006130804300123566,-0.05635234440219378,-0.1537382913383947,-0.0043824469509577725,33.31,33.94,3,747.0,419.0,0.0,641.0,445.0,0.0,2,1,0,-0.012525845178686823,0.00641984296783038,-0.01186398411558644,-0.02338331951493894,0.01924257190594579,-0.030024992699116366,-0.026554840188033668,0.03510642123379629,-0.034050234276403295,28.92,47.43,4,1037.0,409.0,0.0,991.0,432.0,0.0,3,1,0,0.06796223079249877,-0.015618675701593893,-0.023626002207750865,0.0969146093642474,-0.027444196808362978,-0.04291807756520773,0.15083923783042358,-0.038106050618556486,-0.07146138103263908
92,least_connections,1080,measured,382,331,16,medium,0,60.8,39.9,3,530.0,0.0,382.0,467.0,0.0,331.0,2,0,1,-0.03627027161522764,-0.03877997882607024,0.04218031520605769,-0.1776865575253997,-0.20479001829019455,0.22486578023639614,-0.09712831160198479,-0.13909654930616663,0.1457730241872287,22.86,23.88,2,381.0,419.0,0.0,319.0,445.0,0.0,1,1,0,-0.05441680776937878,0.005808429351846528,-0.01073408086648297,-0.11576858160195157,0.01740994601014144,-0.02716546958491481,-0.11506747445584,0.03176295254486332,-0.030807354821507742,20.86,32.53,3,1043.0,0.0,0.0,976.0,0.0,0.0,3,0,0,0.06148963738368936,-0.05721508300438994,-0.021375906759393642,0.08877036085336669,-0.09883998758851888,-0.03883064160661651,0.13194978660847848,-0.164762617226313,-0.06465553522000679
92,least_connections,1081,measured,393,317,10,medium,1,60.8,39.9,3,530.0,0.0,382.0,467.0,0.0,331.0,2,0,1,-0.032815960032825,-0.03508664750930165,0.03816314232929029,-0.16076402823726638,-0.18528620702446175,0.20344999164245364,-0.08787799621131956,-0.12584925889605553,0.13188987902654026,34.09,33.78,3,381.0,812.0,0.0,319.0,762.0,0.0,1,2,0,-0.04923425464848556,0.04833914583080899,-0.00971178745062745,-0.10474300240176569,0.11734369264863137,-0.02457828200539911,-0.10410866736480763,0.11836588563582871,-0.027873321028983197,20.86,32.53,3,1043.0,0.0,0.0,976.0,0.0,0.0,3,0,0,0.05563348144238561,-0.051766027480162326,-0.019340106115641867,0.08031604077209367,-0.08942665543723137,-0.035132485263129225,0.11938314026481386,-0.14907093939523558,-0.05849786519905376
92,least_connections,1082,measured,367,338,9,medium,0,85.27,56.8,4,530.0,749.0,0.0,467.0,669.0,0.0,2,2,0,-0.02969063050588927,0.05442273842128943,-0.00855534288120901,-0.14545316840514577,0.28413787618421715,-0.04633889645047844,-0.07950866323881292,0.18877924195118786,-0.0304091570712255,23.2,23.81,2,0.0,812.0,0.0,0.0,762.0,0.0,0,2,0,-0.08762917824205382,0.04373541765644623,-0.008786855312472454,-0.19325727428186965,0.10616810287257125,-0.02223749324298015,-0.1843870085681593,0.10709294414670217,-0.025218719026222892,20.86,32.53,3,1043.0,0.0,0.0,976.0,0.0,0.0,3,0,0,0.05033505463834889,-0.04683592962490877,-0.017498191247485497,0.07266689403189427,-0.080909831109876,-0.031786534285688346,0.10801331738245065,-0.13487370707187982,-0.05292663994200102
92,least_connections,1083,measured,166,123,1,light,1,73.8,50.65,3,358.0,749.0,0.0,344.0,669.0,0.0,1,2,0,-0.06994685163684766,0.049239620476404726,-0.007740548321093867,-0.23534651744592552,0.2570771260714346,-0.04192566821709954,-0.1275792667398784,0.1708002665272652,-0.02751304687396593,27.94,27.66,3,166.0,812.0,0.0,123.0,762.0,0.0,1,2,0,-0.03619964199224371,0.039570139784403734,-0.007950011949379839,-0.13194025496250789,0.09605685497994543,-0.02011963674364871,-0.13204955537119173,0.09689361613273054,-0.022816936261820714,20.86,32.53,3,1043.0,0.0,0.0,976.0,0.0,0.0,3,0,0,0.045541239910887085,-0.04237536489872698,-0.01583169684296307,0.06574623745742816,-0.07320413290893543,-0.02875924530609898,0.09772633477459822,-0.12202859211265317,-0.04788600756657235
92,least_connections,1084,measured,157,101,3,light,0,84.27,55.7,4,882.0,382.0,0.0,783.0,331.0,0.0,3,1,0,0.02288255373446209,0.001466232585227864,-0.007003353242894451,0.10313092866003559,0.011228510890028104,-0.03793274743451863,0.08316637771153862,0.001628812572287558,-0.024892756695492985,23.2,23.81,2,812.0,0.0,0.0,762.0,0.0,0.0,2,0,0,0.010331843186155903,-0.050366245410482784,-0.007192867954200806,0.047618680884261605,-0.12299617882766843,-0.018203480863301213,0.061196235616540806,-0.12778077587991046,-0.020643894713075883,8.18,14.4,1,409.0,0.0,0.0,432.0,0.0,0.0,1,0,0,-0.04496382148652166,-0.03833961586075298,-0.014323916191252301,-0.05523911849089834,-0.06623231072713205,-0.026020269562660982,-0.07564442726742698,-0.11040682143525762,-0.043325435417374984
92,least_connections,1085,measured,460,402,18,heavy,2,84.27,55.7,4,882.0,382.0,0.0,783.0,331.0,0.0,3,1,0,0.020703262902608557,0.00132659138663474,-0.006336367219761645,0.0933089354543179,0.010159128900501607,-0.03432010482170733,0.07524577031043972,0.0014736875654030313,-0.022522017962588892,23.2,23.81,2,812.0,0.0,0.0,762.0,0.0,0.0,2,0,0,0.009347858120807712,-0.045569460133293944,-0.006507832910943587,0.04308356841909383,-0.11128225703455716,-0.016469816019177286,0.05536802270067978,-0.11561117817706185,-0.018677809502306752,17.38,27.8,2,409.0,0.0,460.0,432.0,0.0,402.0,1,0,1,-0.04068155277351959,-0.0346882238740146,0.030124166529910047,-0.049978250063193744,-0.059924471610262334,0.059695946586163874,-0.0684401960991006,-0.09989188606047118,0.08203889176523216
92,least_connections,1086,measured,396,346,10,medium,1,60.4,38.5,3,524.0,382.0,0.0,439.0,331.0,0.0,2,1,0,-0.024352376648206775,0.0012002493498123878,-0.005732903675022441,-0.13151413776355364,0.009191592814739552,-0.031051523410116157,-0.08753954114769744,0.0013333363686979793,-0.02037706387091376,34.51,34.62,3,812.0,396.0,0.0,762.0,346.0,0.0,2,1,0,0.008457585918826033,0.001854388677586652,-0.005888039300377531,0.03898037142679919,0.0016834000979857044,-0.014901262112588973,0.050094877681567423,-0.006773208826865482,-0.016898970502087062,17.38,27.8,2,409.0,0.0,460.0,432.0,0.0,402.0,1,0,1,-0.03680711917604153,-0.03138458350506083,0.027255198288966234,-0.045218416723841956,-0.05421737907595164,0.05401061833986255,-0.06192208218490053,-0.09037837310233107,0.0742256639780672
92,least_connections,1087,measured,182,100,8,light,2,49.93,33.45,2,367.0,382.0,0.0,338.0,331.0,0.0,1,1,0,-0.06511700290846825,0.0010859398879254911,-0.005186912848829828,-0.21368739448448507,0.008316203022859597,-0.02809423546629557,-0.12489291818125006,0.0012063519526315236,-0.018436391121302926,34.51,34.62,3,812.0,396.0,0.0,762.0,346.0,0.0,2,1,0,0.0076521015456045005,0.0016777802321022023,-0.005327273652722528,0.03526795510043737,0.0015230762791299257,-0.013482094292342404,0.04532393694998957,-0.00612814131954495,-0.015289544739983533,12.84,16.73,2,0.0,182.0,460.0,0.0,100.0,402.0,0,1,1,-0.07638557948127113,0.01468832467455948,0.0246594651185885,-0.11492142465490462,-0.016120485830622908,0.04886674992654231,-0.1863104553101481,-0.05161217883861701,0.06715655312301318
92,least_connections,1088,measured,188,124,8,light,0,62.47,39.65,3,367.0,570.0,0.0,338.0,455.0,0.0,1,2,0,-0.05891538358385222,0.04406641726821377,-0.004692921148941273,-0.1933362140573913,0.12092100908417458,-0.02541859399331504,-0.11299835454494053,0.057186699385714246,-0.016680544347845504,34.51,34.62,3,812.0,396.0,0.0,762.0,346.0,0.0,2,1,0,0.006923329969832637,0.0015179916385686526,-0.004819914257225145,0.03190910223372906,0.0013780213954032727,-0.012198085312119317,0.04100737152618103,-0.0055445088129216225,-0.013833397621889863,12.84,16.73,2,182.0,0.0,460.0,100.0,0.0,402.0,1,0,1,-0.026026862161059372,-0.029794463616441648,0.02231094463110388,-0.0710431937353899,-0.047518534799135016,0.04421277374306209,-0.13840787226473716,-0.07685546339366936,0.06076069092082144
92,least_connections,1089,measured,479,435,15,heavy,2,62.47,39.65,3,937.0,0.0,0.0,793.0,0.0,0.0,3,0,0,0.03286340578241034,-0.04629818482989276,-0.004245976277613532,0.16888628251950316,-0.23440480130479444,-0.022997775517761228,0.10359672684029192,-0.15409298627006807,-0.015091921076622123,34.51,34.62,3,1208.0,0.0,0.0,1108.0,0.0,0.0,3,0,0,0.04934786543755833,-0.04171047922043335,-0.0043608748041560836,0.13123748705500654,-0.10112056567626779,-0.011036362901441287,0.1349292885236876,-0.10284384130692908,-0.012515931181709876,22.42,31.23,3,182.0,460.0,479.0,100.0,402.0,435.0,1,1,1,-0.023548113383815614,0.016127004573786352,0.020186092761474938,-0.0642771752844004,0.04024513518173498,0.04344012862467522,-0.125226170144286,0.0517021997866801,0.06492633940455271
92,least_connections,1090,measured,387,314,12,medium,0,88.27,55.35,4,937.0,387.0,0.0,793.0,314.0,0.0,3,1,0,0.029733557612656975,0.001195066333044878,-0.0038415975845074815,0.15280187466050288,0.021348036914709795,-0.020807511182736348,0.09373037190312122,0.0026301552794622263,-0.01365459525980097,34.51,34.62,3,1208.0,0.0,0.0,1108.0,0.0,0.0,3,0,0,0.044648068729219434,-0.03773805262801112,-0.003945553394236457,0.11873867876405353,-0.09149003561186134,-0.00998528072035164,0.12207888009286022,-0.09304918975388822,-0.011323937735832745,22.42,31.23,3,182.0,939.0,0.0,100.0,837.0,0.0,1,2,0,-0.021305435918690316,0.05767499960304026,-0.024820292490184803,-0.05815553954302892,0.12308845564061736,-0.04737321695862717,-0.11329986822578256,0.17796865694985345,-0.07244759768159516
92,least_connections,1091,measured,483,421,19,heavy,1,63.8,38.45,3,570.0,387.0,0.0,455.0,314.0,0.0,2,1,0,-0.016182110005782013,0.0010812504918025073,-0.0034757311478877213,-0.08311576419605293,0.019314890541880292,-0.01882584345104717,-0.06810109208765222,0.0023796643004658224,-0.0123541576160104,25.11,23.97,2,396.0,0.0,483.0,346.0,0.0,421.0,1,0,1,-0.04577192874612572,-0.03414395237772435,0.039514113822448196,-0.1024745287372849,-0.08277669888692216,0.1158228412530152,-0.1049941084874122,-0.08418736215827982,0.10878727061996085,22.42,31.23,3,182.0,939.0,0.0,100.0,837.0,0.0,1,2,0,-0.019276346783576953,0.05218214249798881,-0.022456455110167202,-0.05261691672940712,0.11136574557960618,-0.04286148201018649,-0.10250940458523183,0.1610192610498674,-0.06554782647382419
92,least_connections,1092,measured,370,340,14,medium,1,63.8,38.45,3,570.0,387.0,0.0,455.0,314.0,0.0,2,1,0,-0.01464095667189802,0.0009782742544879874,-0.0031447091338031763,-0.07519997712976223,0.01747537715693931,-0.01703290597951887,-0.06161527379359008,0.0021530296051833764,-0.011177571176390361,35.69,34.59,3,396.0,370.0,483.0,346.0,340.0,421.0,1,1,1,-0.04141269743697089,0.012191752837387715,0.03575086488697694,-0.09271504980992441,0.02075305474856702,0.10479209446701375,-0.09499466958384914,0.019961434237746836,0.09842657817996459,22.42,31.23,3,182.0,939.0,0.0,100.0,837.0,0.0,1,2,0,-0.0174405042327601,0.047212414641037495,-0.02031774509967509,-0.04760578180279691,0.10075948409583417,-0.038779436104454446,-0.09274660414854308,0.14568409333083243,-0.05930517633345998
92,least_connections,1093,measured,483,441,17,heavy,0,96.0,60.5,4,570.0,387.0,483.0,455.0,314.0,441.0,2,1,1,-0.01324657984600297,0.0008851052778700852,0.040238687200935444,-0.06803807454597532,0.015811055522945094,0.27592260887567344,-0.055747152479914824,0.0019479791665945045,0.1893869594118373,35.69,34.59,3,396.0,370.0,483.0,346.0,340.0,421.0,1,1,1,-0.03746863101440223,0.01103063351954127,0.03234602061202675,-0.08388504506612209,0.01877657334394159,0.09481189499396482,-0.08594755819491112,0.018060345262723335,0.08905261835330128,22.42,31.23,3,182.0,939.0,0.0,100.0,837.0,0.0,1,2,0,-0.015779503829640093,0.04271599419903392,-0.01838272175684889,-0.04307189782157815,0.09116334275337377,-0.035086156475458784,-0.08391359422963421,0.13180941777551505,-0.05365706430170189
92,least_connections,1094,measured,386,315,12,medium,1,96.0,60.5,4,570.0,387.0,483.0,455.0,314.0,441.0,2,1,1,-0.011985000813050317,0.0008008095371205559,0.036406431277036834,-0.0615582579225491,0.014305240711236039,0.24964426517322832,-0.050437899862780106,0.0017624573412045597,0.17135010613451945,46.71,44.44,4,396.0,756.0,483.0,346.0,655.0,421.0,1,2,1,-0.03390018996541154,0.05306399722062804,0.02926544722040516,-0.07589599315506283,0.11677064118873626,0.08578219070882531,-0.07776207646206246,0.10540281238055921,0.08057141660536782,22.42,31.23,3,182.0,939.0,0.0,100.0,837.0,0.0,1,2,0,-0.014276693941102939,0.0386478042753164,-0.01663198635143471,-0.038969812314761196,0.08248111963400484,-0.03174461776351033,-0.07592182335062145,0.11925613989213266,-0.048546867701539806
92,least_connections,1095,measured,354,316,7,medium,2,96.0,60.5,4,957.0,0.0,483.0,769.0,0.0,441.0,3,0,1,0.032240328062568976,-0.042359358264600674,0.03293915210779523,0.1777330047367413,-0.22048573459459597,0.2258686208710161,0.09641332869557989,-0.14045301478652922,0.15503104840742238,46.71,44.44,4,396.0,756.0,483.0,346.0,655.0,421.0,1,2,1,-0.030671600444896155,0.048010283199615846,0.026478261770842764,-0.06866780333077112,0.10564962774218994,0.07761245826036575,-0.0703561644180565,0.09536444929669642,0.07289794835723756,25.86,38.43,3,354.0,939.0,0.0,316.0,837.0,0.0,1,2,0,-0.012917008803855046,0.034967061011000555,-0.01504798765129807,-0.0041345920943077485,0.07462577490695677,-0.0287213208336522,-0.003548316364847967,0.10789841228335811,-0.04392335649186935
92,least_connections,1096,measured,367,326,11,medium,2,58.0,37.75,2,387.0,483.0,0.0,314.0,441.0,0.0,1,1,0,-0.056997979825476136,0.004758766558785335,-0.013281810224466445,-0.1830034719048531,0.09184624012869888,-0.08697600968812828,-0.11860222641828486,0.07242346281218787,-0.05923381334566547,35.4,33.62,3,0.0,1239.0,0.0,0.0,1076.0,0.0,0,3,0,-0.07083439586737769,0.08652177550260028,-0.019127377672185343,-0.16449535947613986,0.22044490129055277,-0.05463634728824052,-0.1614829582830035,0.20531485888748724,-0.05307745148630888,33.2,49.3,4,814.0,846.0,0.0,718.0,761.0,0.0,2,2,0,0.031397082737555176,0.0316368647242386,-0.013614845970222063,0.07949727381943586,0.05068998682057993,-0.025985956944732942,0.11802771376513756,0.07470173809764144,-0.03974017968311989
92,least_connections,1097,measured,402,404,14,heavy,0,84.8,57.95,3,387.0,885.0,0.0,314.0,845.0,0.0,1,2,0,-0.05156960079447841,0.047389450922801245,-0.012016875917374404,-0.16557456981867663,0.32557516964025135,-0.07869258019402083,-0.10730677628321009,0.2482878949253128,-0.05359249778893543,35.4,33.62,3,0.0,1239.0,0.0,0.0,1076.0,0.0,0,3,0,-0.06408826292762744,0.07828160640711454,-0.01730572265578674,-0.14882913476412654,0.1994501487866906,-0.04943288564174142,-0.14610362892271744,0.18576106280296464,-0.048022456106660415,33.2,49.3,4,1293.0,367.0,0.0,1153.0,326.0,0.0,3,1,0,0.07149078460835491,-0.014460070238160538,-0.012318193973058058,0.15860229536044196,-0.04081382144804671,-0.023511103902377425,0.23797745531131495,-0.06360318934022918,-0.0359554006656799
92,least_connections,1098,measured,185,110,2,light,0,97.13,63.45,4,572.0,885.0,0.0,424.0,845.0,0.0,2,2,0,-0.0035743100158659447,0.04287616988253446,-0.010872411544291128,-0.03821826158197722,0.2945680106268941,-0.07119804874697122,-0.04732517854195198,0.22464142874194967,-0.048488450380465384,35.4,33.62,3,0.0,1239.0,0.0,0.0,1076.0,0.0,0,3,0,-0.05798461883928197,0.07082621532072268,-0.01565755859333086,-0.13465493145325735,0.18045489652129149,-0.04472499177109938,-0.13218899759674435,0.16806953301220612,-0.043448888858407045,33.2,49.3,4,1293.0,367.0,0.0,1153.0,326.0,0.0,3,1,0,0.06468213845517824,-0.013082920691669053,-0.011145032642290624,0.14349731484992367,-0.036926790833947024,-0.02127195114977005,0.21531293575785637,-0.05754574273639784,-0.032531076792758004
92,least_connections,1099,measured,181,115,3,light,1,97.13,63.45,4,572.0,885.0,0.0,424.0,845.0,0.0,2,2,0,-0.0032338995381644142,0.03879272513181689,-0.009836943778168164,-0.034578427145598445,0.2665139143767137,-0.06441728219964063,-0.04281801868081367,0.20324700695700207,-0.04387050272518297,40.57,37.22,4,937.0,483.0,0.0,770.0,421.0,0.0,3,1,0,0.07678942649235032,-0.022086938972860876,-0.014166362536823157,0.1203870348075971,-0.03215985552835529,-0.04046546874528039,0.09810876407913607,-0.033130541560384946,-0.03931089944332066,33.2,49.3,4,1293.0,367.0,0.0,1153.0,326.0,0.0,3,1,0,0.05852193479278031,-0.011836928244843434,-0.01008360096207247,0.12983090391183572,-0.03340995361166635,-0.019246051040268143,0.19480694187615577,-0.05206519580912186,-0.029432879002971528
92,least_connections,1100,measured,398,331,9,medium,0,100.0,74.5,4,387.0,1283.0,0.0,314.0,1176.0,0.0,1,3,0,-0.046009809332715645,0.07818208010792503,-0.008900091989771196,-0.14287254519522402,0.4811951288805187,-0.058282302942532,-0.08850201690168855,0.33362824438966854,-0.03969235960849887,40.57,37.22,4,937.0,483.0,0.0,770.0,421.0,0.0,3,1,0,0.06947614777879314,-0.019983420975445546,-0.012817185152363809,0.1089216029211593,-0.029097012144702422,-0.03661161457906321,0.0887650722620755,-0.029975251887967347,-0.0355670042582425,33.2,49.3,4,1660.0,0.0,0.0,1479.0,0.0,0.0,4,0,0,0.09603231742022526,-0.0537935019720919,-0.009123258013303664,0.18387557972975616,-0.09663757707722194,-0.017413093798337845,0.2745713601101727,-0.14542406604952296,-0.02662974766935519
92,least_connections,1101,measured,434,423,13,heavy,0,100.0,95.65,5,387.0,1717.0,0.0,314.0,1599.0,0.0,1,4,0,-0.041627922729599864,0.11382006794345145,-0.008052464181221559,-0.1292656361290122,0.5662559102569773,-0.052731607424195616,-0.080073253387242,0.4932112687335097,-0.03591213488387993,40.57,37.22,4,937.0,483.0,0.0,770.0,421.0,0.0,3,1,0,0.06285937179986047,-0.01808023802540311,-0.011596500852138685,0.09854811692866794,-0.02632586813092125,-0.03312479414296195,0.08031125585616355,-0.027120465993875215,-0.03217967051936226,33.2,49.3,4,1660.0,0.0,0.0,1479.0,0.0,0.0,4,0,0,0.08688638242782286,-0.04867031130808315,-0.008254376297750934,0.16636361975549369,-0.08743399830796271,-0.01575470391278186,0.2484217067663467,-0.13157415499718744,-0.024093581224654697
92,least_connections,1102,measured,350,307,12,medium,1,100.0,79.95,4,398.0,1319.0,0.0,331.0,1268.0,0.0,1,3,0,-0.037663358660114166,0.05989616124588919,-0.00728556283062903,-0.1103197025294238,0.4031521727721858,-0.047709549574272224,-0.06475675306464751,0.2965006717112707,-0.03249193156160565,45.4,43.22,4,756.0,833.0,0.0,655.0,728.0,0.0,2,2,0,0.013788864735021139,0.02672558963234503,-0.010492072199554048,0.042373466336821985,0.06665754788154743,-0.029970051843632238,0.040147683869862255,0.06226303076744624,-0.029114939993708712,26.12,38.77,3,1306.0,0.0,0.0,1163.0,0.0,0.0,3,0,0,0.035527588636510926,-0.044035043564456186,-0.007468245221774654,0.08646232263592285,-0.0791069508500615,-0.014254255921088348,0.12946090929653592,-0.1190432830926934,-0.02179895444135425
92,least_connections,1103,measured,402,444,16,heavy,2,100.0,79.95,4,881.0,836.0,0.0,772.0,827.0,0.0,2,2,0,0.009007528105701684,0.011107864709999526,-0.006591699703902456,0.19152026914004516,0.07342339441293005,-0.04316578294815106,0.1409105567510332,0.06876251250067345,-0.02939746188907178,45.4,43.22,4,1239.0,350.0,0.0,1076.0,307.0,0.0,3,1,0,0.05555953974891935,-0.01890360484511186,-0.009492827228167949,0.16319504097141035,-0.06454793286907612,-0.02711576119185774,0.15535683302511344,-0.06269951978183437,-0.026342088565736454,24.96,40.17,3,846.0,0.0,402.0,761.0,0.0,444.0,2,0,1,-0.010939891460390344,-0.039841229891650835,0.036326916454675534,-0.00501027951987934,-0.07157295553100802,0.059846149404729584,-0.004106796350753228,-0.10770582756005592,0.11418189836258424
92,least_connections,1104,measured,198,116,5,light,2,100.0,79.95,4,1283.0,434.0,0.0,1176.0,423.0,0.0,3,1,0,0.05123356851286841,-0.03303392739390065,-0.00596391877972127,0.4157564339838503,-0.17604550029306332,-0.0390547560007081,0.31025240848903,-0.12054820297558114,-0.026597703613922087,45.4,43.22,4,1239.0,350.0,0.0,1076.0,307.0,0.0,3,1,0,0.05026815501092703,-0.017103261526529773,-0.008588748444532905,0.1476526561169903,-0.05840051069106886,-0.024533307745014145,0.14056094416557885,-0.0567281369454692,-0.023833318226142507,19.34,29.53,3,565.0,0.0,402.0,442.0,0.0,444.0,2,0,1,-0.009897997035591272,-0.036046827044826944,0.03286721012565882,-0.05538072908941462,-0.06475648357567393,0.05414651612808868,-0.0999220220951259,-0.09744812969719345,0.10330743185186193
92,least_connections,1105,measured,174,118,7,light,2,100.0,79.95,4,1283.0,434.0,0.0,1176.0,423.0,0.0,3,1,0,0.04635418103545237,-0.02988783907067201,-0.00539592651498591,0.3761605831282455,-0.15927926216991445,-0.03533525542921209,0.28070456006150335,-0.10906742173981152,-0.024064588984024745,45.4,43.22,4,1239.0,350.0,0.0,1076.0,307.0,0.0,3,1,0,0.04548071167655303,-0.015474379476384081,-0.007770772402196438,0.13359049839156267,-0.05283855729191944,-0.02219680224548899,0.12717418757838084,-0.051325457236376895,-0.021563478395081315,22.82,33.47,4,739.0,402.0,0.0,560.0,444.0,0.0,3,1,0,0.034128569575508125,0.010470104329056804,-0.01334690058925653,-0.01862065965232751,0.0141536577172474,-0.023753152074586434,-0.05481833745114567,0.04573740646444402,-0.04043613308641063
92,least_connections,1106,measured,174,118,3,light,0,100.0,85.85,5,1457.0,434.0,0.0,1294.0,423.0,0.0,4,1,0,0.08502339735407143,-0.027041378206798486,-0.004882028751653919,0.4452881466398413,-0.14410980862992262,-0.03196999300738237,0.3073517448175507,-0.09868004824078183,-0.02177272336649858,23.8,22.75,2,483.0,350.0,0.0,421.0,307.0,0.0,1,1,0,-0.045018585127109614,-0.014000629050061789,-0.007030698840082492,-0.074560977645729,-0.047806313740308054,-0.020082821079251943,-0.07013109219098876,-0.046437318451960044,-0.019509813786025954,22.82,33.47,4,739.0,402.0,0.0,560.0,444.0,0.0,3,1,0,0.03087822961593592,0.009472951535813304,-0.012075767199803527,-0.01684726349496299,0.012805690315604787,-0.02149094711510201,-0.04959754340817943,0.041381462991639834,-0.03658507279246676
92,least_connections,1107,measured,353,317,12,medium,1,100.0,85.85,5,1891.0,0.0,0.0,1717.0,0.0,0.0,5,0,0,0.12000983116615532,-0.06754990908052742,-0.004417073632448784,0.4288162596582691,-0.39216284272866014,-0.028925231768584046,0.4694372929301649,-0.28063909126546926,-0.019699130664927286,33.89,32.66,3,833.0,353.0,0.0,728.0,317.0,0.0,2,1,0,0.002352799397467714,-0.012667235807198765,-0.0063611084743603495,0.02301625832053089,-0.04247782127524473,-0.01817017145265652,0.023348654684343523,-0.03918733574224956,-0.01765173628259491,15.48,22.6,3,372.0,402.0,0.0,234.0,444.0,0.0,2,1,0,-0.015146454383767716,0.008570765675259662,-0.010925694133155573,-0.08165228601925223,0.011586100761737661,-0.01944419024699706,-0.143191428162956,0.03744037127815032,-0.03310078014556517
92,least_connections,1108,measured,370,306,14,medium,1,100.0,85.85,5,1891.0,0.0,0.0,1717.0,0.0,0.0,5,0,0,0.10858032343604529,-0.06111658440619148,-0.003996399953167948,0.38797661588129106,-0.35481400056402584,-0.02617044779062366,0.42472897931776826,-0.253911558763996,-0.01782302298255326,44.46,42.22,4,833.0,723.0,0.0,728.0,623.0,0.0,2,2,0,0.0021287232643755483,0.03162306782976801,-0.005755288619659364,0.020824233718575558,0.057213944016275164,-0.0164396789333559,0.021124973285834625,0.05106264861415516,-0.015970618541395396,15.48,22.6,3,372.0,402.0,0.0,234.0,444.0,0.0,2,1,0,-0.013703934918646993,0.007754502277615885,-0.009885151834759805,-0.0738758778269425,0.010482662593953126,-0.01759236260442591,-0.12955414929029352,0.03387462163261219,-0.02994832489360658
92,least_connections,1109,measured,363,324,8,medium,2,87.93,63.4,3,1319.0,0.0,0.0,1268.0,0.0,0.0,3,0,0,0.012071539798145292,-0.055295957319887526,-0.0036157904338186193,0.24185185881323168,-0.3210221909864996,-0.023678024191516645,0.18115955271607603,-0.22972950554837734,-0.01612559222231009,44.46,42.22,4,833.0,723.0,0.0,728.0,623.0,0.0,2,2,0,0.001925987715387406,0.02861134708407581,-0.005207165893977519,0.0188409733644255,0.0517649969671061,-0.014873995225417241,0.01911307106813609,0.04619953922233086,-0.014449607251738692,18.78,29.53,3,174.0,765.0,0.0,118.0,768.0,0.0,1,2,0,-0.0554826984864856,0.050099878477933645,-0.008943708802877919,-0.10266865136723369,0.07517002806119569,-0.01591689949924249,-0.15219978586582114,0.12836275290569676,-0.027096103475167856
92,least_connections,1110,measured,476,411,17,heavy,0,87.47,61.9,3,836.0,0.0,476.0,827.0,0.0,411.0,2,0,1,-0.032162030885578285,-0.050029675670374425,0.03981247078663576,-0.07251498488326646,-0.29044864898778533,0.26568813684259607,-0.0355937380187884,-0.20785050501996047,0.1713387498941004,30.66,29.06,3,350.0,723.0,0.0,307.0,623.0,0.0,1,2,0,-0.04134133991283542,0.025886456885592407,-0.004711245332646327,-0.10781054790837691,0.04683499725595314,-0.01345742425156798,-0.10173995950978164,0.041799583105918386,-0.013073454180144531,18.78,29.53,3,537.0,402.0,0.0,442.0,444.0,0.0,2,1,0,-0.007114731737205782,0.0022445612532778353,-0.008091927012127641,-0.02720497028464,0.0023252634839389524,-0.014401004308838443,-0.03999028245002864,0.018423443105154202,-0.024515522191818538
92,least_connections,1111,measured,385,317,13,medium,0,86.33,57.55,3,434.0,385.0,476.0,423.0,317.0,411.0,1,1,1,-0.07218288055180438,-0.0021810444273909213,0.03602080690219426,-0.30808498632295545,-0.030564650671488336,0.24038450476234882,-0.21496576296937994,-0.04465045692282138,0.15502077371370987,30.66,29.06,3,350.0,723.0,0.0,307.0,623.0,0.0,1,2,0,-0.03740406944494633,0.02342108003934551,-0.004262555300965725,-0.09754287667900768,0.04237452132681474,-0.012175764799037697,-0.09205043955646909,0.03781867042916423,-0.011828363305845052,18.78,29.53,3,537.0,402.0,0.0,442.0,444.0,0.0,2,1,0,-0.006437138238424289,0.002030793514870427,-0.007321267296686914,-0.024614020733721903,0.0021038098188018994,-0.013029480088949068,-0.03618168412145448,0.016668829476091884,-0.02218071055450249
92,least_connections,1112,measured,407,427,17,heavy,0,100.0,78.9,4,434.0,385.0,883.0,423.0,317.0,838.0,1,1,2,-0.06530832049925159,-0.001973325910496551,0.07567415409064741,-0.27874355905410253,-0.027653731559918016,0.46298280589609336,-0.1944928331627723,-0.04039803245398127,0.333423557169547,30.66,29.06,3,703.0,370.0,0.0,624.0,306.0,0.0,2,1,0,0.009242123109901162,-0.02189339923877809,-0.0038565976532547036,0.0029986217802175086,-0.052912848051249226,-0.011016168151510297,0.006344245163194651,-0.05541108389742287,-0.01070185251481219,15.3,25.6,2,765.0,0.0,0.0,768.0,0.0,0.0,2,0,0,-0.005824077453812443,-0.041246515618065076,-0.006624003744621494,0.018987314574251596,-0.07083941016394114,-0.011788577223334871,0.06558165087423959,-0.11882343999782162,-0.020068261930264158
92,least_connections,1113,measured,370,345,12,medium,2,100.0,78.9,4,434.0,861.0,407.0,423.0,728.0,427.0,1,2,1,-0.05908848045170381,0.04129851011726049,0.025383191569542673,-0.2521965534299023,0.2620910682711853,0.13177809422344952,-0.1759697061948892,0.14937797063687408,0.1157403612486378,30.66,29.06,3,703.0,370.0,0.0,624.0,306.0,0.0,2,1,0,0.008361920908958181,-0.0198083135969897,-0.0034893026386590177,0.002713038753530128,-0.04787352918922548,-0.009967009279937888,0.005740031338128504,-0.05013383781195403,-0.009682628465782458,22.7,37.1,3,765.0,370.0,0.0,768.0,345.0,0.0,2,1,0,-0.005269403410592205,0.005765624191365157,-0.005993146245133732,0.01717899890051333,0.002859581280243717,-0.010665855583017265,0.05933577936240725,-0.0034593028551719307,-0.01815699888928662
92,least_connections,1114,measured,158,113,6,light,1,84.53,57.75,3,0.0,861.0,407.0,0.0,728.0,427.0,0,2,1,-0.09654490634972748,0.037365318677521395,0.022965744753395752,-0.4899556118334037,0.23713001415012003,0.11922779953550194,-0.35056782941442355,0.13515149724288605,0.1047174697011485,25.17,23.0,3,511.0,370.0,0.0,430.0,306.0,0.0,2,1,0,0.0075655474890574115,-0.017921807540133533,-0.0031569881016438733,-0.0471779989508877,-0.04331414545691829,-0.009017770300896184,-0.049657828789312325,-0.04535918659176795,-0.008760473373803177,22.7,37.1,3,765.0,370.0,0.0,768.0,345.0,0.0,2,1,0,-0.004767555466726275,0.0052165171255208614,-0.005422370412263853,0.015542903767131105,0.0025872402059347877,-0.009650059813206097,0.0536847527564637,-0.0031298454403936443,-0.01642776089983075
92,least_connections,1115,measured,388,337,7,medium,0,100.0,74.6,4,388.0,1268.0,0.0,337.0,1155.0,0.0,1,3,0,-0.044266253137281775,0.0768906171254672,-0.022305369259399306,-0.20926142657942876,0.4600382667707436,-0.13761929248375218,-0.16472803613685935,0.31544659274356357,-0.0984222893180085,25.17,23.0,3,881.0,0.0,0.0,736.0,0.0,0.0,3,0,0,0.04992891938352359,-0.05929886895354485,-0.0028563225681539806,0.05296140230974106,-0.13483524725013696,-0.008158935034144168,0.0415893453810984,-0.12755712120207577,-0.007926142576298112,22.7,37.1,3,765.0,370.0,0.0,768.0,345.0,0.0,2,1,0,-0.004313502565133298,0.004719705970709351,-0.004905954182524439,0.014062627217880513,0.0023408363767981333,-0.008731006497662659,0.04857191916060999,-0.002831764922260907,-0.014863212242704014
92,least_connections,1116,measured,433,429,17,heavy,1,100.0,74.6,4,388.0,1268.0,0.0,337.0,1155.0,0.0,1,3,0,-0.040050419505159696,0.06956770120875604,-0.020181048377551754,-0.18933176690519743,0.41622509850686323,-0.12451269319958531,-0.14903965174287273,0.2854040601013194,-0.08904873795438865,37.54,36.41,4,881.0,0.0,433.0,736.0,0.0,429.0,3,0,1,0.045173784204140394,-0.05365135762463582,0.04049960837937996,0.04791745923262286,-0.12199379513107629,0.10455007918679474,0.03762845534480333,-0.11540882394473521,0.11412337100239694,22.7,37.1,3,765.0,370.0,0.0,768.0,345.0,0.0,2,1,0,-0.0039026927970253755,0.004270210163975122,-0.004438720450855444,0.012723329387606175,0.002117899579007834,-0.007899482069313834,0.04394602209769474,-0.002562073024902717,-0.013447668219589346
92,least_connections,1117,measured,447,439,16,heavy,2,100.0,74.6,4,773.0,883.0,0.0,654.0,838.0,0.0,2,2,0,0.006847806388755734,0.019858305628783796,-0.01825904377016587,0.06092205216513885,0.1443623907125588,-0.11265434146629147,0.008559362708829454,0.114817959139289,-0.0805679057682564,37.54,36.41,4,881.0,0.0,433.0,736.0,0.0,429.0,3,0,1,0.0408715190418413,-0.048541704517527644,0.03664250281943901,0.04335389168665876,-0.11037533845192617,0.09459292878805238,0.034044792931012535,-0.10441750737856996,0.10325447852597819,24.38,40.93,3,402.0,370.0,447.0,444.0,345.0,439.0,1,1,1,-0.046614907995494614,0.0038635234816917774,0.03906791505693578,-0.05417413055407061,0.001916194857197559,0.07373856384204938,-0.057953599054466676,-0.002318066070150074,0.12022988748386362
92,least_connections,1118,measured,479,439,12,heavy,2,100.0,74.6,4,773.0,883.0,0.0,654.0,838.0,0.0,2,2,0,0.006195634351731372,0.01796703842604247,-0.016520087220626263,0.055119951958935154,0.13061359159707703,-0.1019253565647399,0.007744185307988538,0.10388291541173766,-0.07289477188556531,37.54,36.41,4,881.0,0.0,433.0,736.0,0.0,429.0,3,0,1,0.036978993418808795,-0.043918685039667865,0.033152740646159105,0.03922494962126269,-0.09986340145650463,0.08558407842728549,0.030802431699487542,-0.0944729828663252,0.09342071866636123,33.96,55.57,4,772.0,479.0,447.0,789.0,439.0,439.0,2,1,1,0.0009085072784527082,0.003495568864387802,0.035347161241989514,0.017937691403459938,0.021457509632702557,0.06671584347613992,0.05161341037929207,0.02625190847621342,0.10877942200920994
92,least_connections,1119,measured,394,329,11,medium,0,100.0,91.05,5,773.0,1277.0,0.0,654.0,1167.0,0.0,2,3,0,0.005605573937280756,0.05933979213603388,-0.014946745580566618,0.04987043272475089,0.3558249955719586,-0.09221817974905039,0.0070066438500848705,0.242822637753477,-0.06595241265836861,27.46,26.5,3,528.0,433.0,0.0,419.0,429.0,0.0,2,1,0,-0.009626715704977973,0.0033479470956293,-0.013088563451661036,-0.055762460546748716,0.021579371471325742,-0.03449875897395259,-0.06175910941474935,0.035819086930467675,-0.036771135492339846,25.92,40.77,3,370.0,926.0,0.0,345.0,878.0,0.0,1,2,0,-0.042261917451014444,0.04624655777072728,-0.01110313529352876,-0.0565135173016315,0.10029965157244516,-0.02052376066444483,-0.08720691441873578,0.15614855211339945,-0.033977348340873556
92,least_connections,1120,measured,411,405,19,heavy,1,100.0,91.05,5,1249.0,801.0,0.0,1065.0,756.0,0.0,3,2,0,0.04815560997953519,0.010604483134416143,-0.013523246001465036,0.3322319788144572,0.03482578964447047,-0.08343549596342655,0.19226791586436248,0.03376810082457443,-0.059671230500428746,34.69,35.62,3,370.0,433.0,411.0,306.0,429.0,405.0,1,1,1,-0.05179378586459457,0.0030290949912836485,0.03124186662763548,-0.0912952874334529,0.019524193235961385,0.07503173507798847,-0.0878266942323923,0.03240774531804219,0.08123980598312108,25.92,40.77,3,370.0,926.0,0.0,345.0,878.0,0.0,1,2,0,-0.038236972931870214,0.041842123697324686,-0.010045693837002212,-0.05113127755861897,0.09074730380364085,-0.018569116791640562,-0.07890149399790382,0.14127726143593283,-0.030741410403647505
92,least_connections,1121,measured,357,332,9,medium,1,100.0,91.05,5,1249.0,801.0,0.0,1065.0,756.0,0.0,3,2,0,0.04356936141005564,0.009594532359709834,-0.012235317810849317,0.3005908379749851,0.031509047773568555,-0.07548925825262402,0.17395668578204226,0.030552091222234012,-0.05398825616705458,44.89,46.0,4,370.0,790.0,411.0,306.0,761.0,405.0,1,2,1,-0.0468610443536808,0.045824509980775904,0.028266450758336864,-0.08260049815407643,0.1099504605468222,0.06788585554675147,-0.07946224716264065,0.12319034100203818,0.07350268160377622,25.92,40.77,3,370.0,926.0,0.0,345.0,878.0,0.0,1,2,0,-0.034595356462168284,0.037857159535674714,-0.009088961090621048,-0.04626163207684575,0.08210470344138934,-0.016800629478150985,-0.07138706599810347,0.12782228415632016,-0.027813657031871553
92,least_connections,1122,measured,200,113,7,light,2,100.0,74.2,4,1268.0,394.0,0.0,1155.0,329.0,0.0,3,1,0,0.03941989841862177,-0.034403132853686555,-0.011070049447911286,0.28342345658054213,-0.21698387741121578,-0.06829980508570745,0.19810366808851448,-0.16552429841797875,-0.04884651748447795,34.31,36.44,3,0.0,790.0,411.0,0.0,761.0,405.0,0,2,1,-0.0854819879753257,0.04146027093498773,0.025574407828971447,-0.17038004254756575,0.09947898811379152,0.061420535970870375,-0.15841227124238916,0.11145792757327264,0.06650242621294039,29.92,44.53,4,570.0,926.0,0.0,458.0,878.0,0.0,2,2,0,0.011783339618128913,0.03425171577037236,-0.00822334574865714,-0.005665286164765193,0.07428520787554274,-0.015200569527850892,-0.030508932728442822,0.11564873328428965,-0.02516473731455045
92,least_connections,1123,measured,485,403,16,heavy,1,100.0,74.2,4,1662.0,0.0,0.0,1484.0,0.0,0.0,4,0,0,0.0787495226055104,-0.07421054423723568,-0.010015759024300687,0.3963672543665222,-0.4339695398799889,-0.061795061744211496,0.32806998541341786,-0.29859341285436175,-0.044194468200241956,48.17,49.03,4,357.0,433.0,896.0,332.0,429.0,808.0,1,1,2,-0.034256946036632555,-0.005572226523673229,0.06622265016725534,-0.06186765754303568,-0.0022809155160933847,0.18094511077636571,-0.04945634064787592,0.006973839232960938,0.17411231419266038,29.92,44.53,4,1049.0,447.0,0.0,897.0,439.0,0.0,3,1,0,0.05374501702411209,-0.012094252624991905,-0.0074401699630707455,0.08155045537473624,-0.019465764303080377,-0.01375289623948414,0.10479350530918663,-0.02776225718723002,-0.022768095665545645
92,least_connections,1124,measured,361,300,11,medium,0,100.0,73.35,4,1277.0,361.0,0.0,1167.0,300.0,0.0,3,1,0,0.028165667844894895,-0.02405897313074158,-0.009061877212462526,0.2241100555379646,-0.17489307576443433,-0.055909817768572304,0.15342046299309242,-0.13444165924918447,-0.03998547122879034,48.17,49.03,4,357.0,433.0,896.0,332.0,429.0,808.0,1,1,2,-0.030994379747429454,-0.005041538283323405,0.05991573110370722,-0.055975499681794175,-0.002063685466941634,0.1637122430833785,-0.044746212967125845,0.006309664067917026,0.1575301890314546,29.92,44.53,4,1049.0,447.0,0.0,897.0,439.0,0.0,3,1,0,0.04862644397419666,-0.010942419041659338,-0.006731582347540199,0.07378374533904708,-0.01761188198850129,-0.012443096597628508,0.09481317147021645,-0.02511823269320812,-0.020599705602160345
92,least_connections,1125,measured,391,325,9,medium,0,100.0,89.6,5,1277.0,752.0,0.0,1167.0,625.0,0.0,3,2,0,0.025483223288238238,0.02131625787037214,-0.008198841287466094,0.20276624072482508,0.07760467748297206,-0.050585073219184463,0.13880899032708366,0.025386117822166432,-0.03617733111176269,48.17,49.03,4,357.0,1329.0,0.0,332.0,1237.0,0.0,1,3,0,-0.028042534057198074,0.081606408673365,-0.03195832945492248,-0.050644499712099486,0.22975190362514805,-0.0834984467340861,-0.04048466887501863,0.23416112463287728,-0.08592506706677917,22.52,33.03,3,679.0,447.0,0.0,552.0,439.0,0.0,2,1,0,0.0009114538451348575,-0.009900283894834633,-0.006090479266822085,-0.00019565897895737483,-0.01593455989435831,-0.011258039778806746,-0.018264273431708916,-0.022726020055759744,-0.018637828878145076
92,least_connections,1126,measured,467,423,18,heavy,2,100.0,89.6,5,1277.0,752.0,0.0,1167.0,625.0,0.0,3,2,0,0.023056249641739357,0.019286138073193848,-0.007417999260088372,0.18345517017960367,0.0702137558179271,-0.04576744719830975,0.12558908648640904,0.022968392315293407,-0.03273187100588053,48.17,49.03,4,790.0,896.0,0.0,761.0,808.0,0.0,2,2,0,0.017712083698816244,0.030750469525334778,-0.02891467903064415,0.06611075876388278,0.09593879715744685,-0.07554621371179218,0.08466565673212603,0.09056542228688899,-0.07774172734613354,31.86,47.13,4,1126.0,0.0,467.0,991.0,0.0,423.0,3,0,1,0.04390854894378414,-0.05204129994113156,0.03757346660439453,0.08070868949522905,-0.09530269704727656,0.07431891639060342,0.11587200657766017,-0.15295846259013185,0.11070863101501158
92,least_connections,1127,measured,196,111,4,light,1,100.0,69.05,4,1192.0,361.0,0.0,1081.0,300.0,0.0,3,1,0,0.020860416342526084,-0.02563453720815341,-0.006711523140079955,0.11471340794027629,-0.1723145383869548,-0.041408642703232634,0.07472345920198914,-0.12624288314330598,-0.02961454995770143,53.77,52.5,5,986.0,896.0,0.0,872.0,808.0,0.0,3,2,0,0.05910911881140063,0.027821853380064793,-0.026160900075344707,0.11048116269113203,0.08680176885673763,-0.06835133621543102,0.10798618942430452,0.08194014397385196,-0.07033775331316844,31.86,47.13,4,1126.0,0.0,467.0,991.0,0.0,423.0,3,0,1,0.03972678237770946,-0.047084985661023794,0.03399504121349981,0.07302214763854056,-0.0862262497094407,0.06724092435340309,0.10483657737978777,-0.13839098996250024,0.10016495187072477
92,least_connections,1128,measured,479,437,18,heavy,0,100.0,90.9,5,1553.0,0.0,479.0,1381.0,0.0,437.0,4,0,1,0.06195761025094765,-0.06627705293889617,0.03701156976668503,0.2895660992475516,-0.3736496617151813,0.251455672474853,0.20332122499227595,-0.24993403712965778,0.17089635956207966,53.77,52.5,5,986.0,896.0,0.0,872.0,808.0,0.0,3,2,0,0.053479678924600565,0.02517215305815386,-0.023669385782454734,0.09995914719673851,0.07853493372752451,-0.06184168514729473,0.09770179043151361,0.07413632073824702,-0.06363891966429526,31.86,47.13,4,1126.0,0.0,467.0,991.0,0.0,423.0,3,0,1,0.035943279294118086,-0.04260070131235486,0.030757418240785546,0.06606765738725098,-0.0780142259275892,0.06083702679593613,0.09485214143885559,-0.12521089568035737,0.09062543264494145
92,least_connections,1129,measured,200,125,8,light,2,100.0,69.55,4,1146.0,0.0,479.0,954.0,0.0,437.0,3,0,1,0.012972985238385748,-0.0599649526590013,0.03348665836033407,0.048464565985880004,-0.3380639796470688,0.2275075131915337,-0.00920936786413129,-0.22613079549826182,0.15462051579426256,53.77,52.5,5,986.0,896.0,0.0,872.0,808.0,0.0,3,2,0,0.048386376169876705,0.02277480514785349,-0.021415158565078092,0.09043922841609675,0.07105541622966502,-0.05595200084755238,0.0883968580094647,0.06707571876317589,-0.05757807017245762,31.86,47.53,4,926.0,200.0,467.0,878.0,125.0,423.0,2,1,1,-0.01056379038922195,0.004540408563198206,0.027828140313091686,0.023585023350369938,-0.034393823458294996,0.05504302424394221,0.05173923907959954,-0.07558763577429159,0.08199443905970893
92,least_connections,1130,measured,397,327,8,medium,0,100.0,69.45,4,752.0,397.0,479.0,625.0,327.0,437.0,2,1,1,-0.031346437392027415,-0.011170104559958094,0.03029745280220702,-0.19380190061594993,-0.06640709269655437,0.2058401309828162,-0.15716561854373784,-0.05666595783176068,0.13989475238528515,43.57,42.12,4,629.0,896.0,0.0,540.0,808.0,0.0,2,2,0,0.0006942496412263299,0.02060577608615316,-0.019375619654118274,-0.010459745718769592,0.06428823373160167,-0.0506232388620712,-0.013890937991436703,0.060687555071444854,-0.05209444444174737,22.28,32.9,3,647.0,467.0,0.0,564.0,423.0,0.0,2,1,0,-0.009557715114057952,0.004107988700036466,-0.017906058991102983,-0.029146883635379595,0.017196064490114044,-0.03470393044595704,-0.04788672019782264,0.021484202553418708,-0.05338598370788238
92,least_connections,1131,measured,188,125,3,light,2,100.0,69.45,4,1149.0,0.0,479.0,952.0,0.0,437.0,3,0,1,0.01472283782444686,-0.05319018530481469,0.027411981106758732,0.06411574071255322,-0.29954292513815234,0.18623630898445276,0.005731107031856197,-0.199197771371593,0.12657144263430564,37.97,38.66,3,433.0,896.0,0.0,429.0,808.0,0.0,1,2,0,-0.04245576959898116,0.018643321220805253,-0.017530322544202247,-0.060130246126505804,0.05816554480478245,-0.04580197801806442,-0.043951920087490354,0.05490778792178344,-0.047133068780628576,26.04,37.07,4,835.0,467.0,0.0,689.0,423.0,0.0,3,1,0,0.034436443694990646,0.0037167516809853696,-0.016200720039569367,0.007648057663228014,0.01555834406248413,-0.03139879421300875,-0.005627667480569698,0.019438088024521682,-0.04830160430713168
92,least_connections,1132,measured,162,106,9,light,1,100.0,69.45,4,1149.0,479.0,0.0,952.0,437.0,0.0,3,1,0,0.013320662793547156,-0.00504055314426545,-0.01828258398730899,0.05800947969230996,0.017905607414687608,-0.12042111726803482,0.005185287314536546,0.017463921139987293,-0.08317345666419967,42.6,41.97,4,1329.0,162.0,0.0,1237.0,106.0,0.0,3,1,0,0.047755437483007965,-0.026216133407933565,-0.015860768016182986,0.17721549159982808,-0.13711552748955058,-0.041439884873486856,0.18868635801608014,-0.1488036680707674,-0.042644205087235376,26.04,37.07,4,835.0,467.0,0.0,689.0,423.0,0.0,3,1,0,0.031156782390705823,0.0033627753304153324,-0.014657794321515141,0.006919671219111079,0.014076597008914213,-0.02840843285938887,-0.005091699149086887,0.01758684154599581,-0.043701451515976285
92,least_connections,1133,measured,390,341,11,medium,0,100.0,86.5,5,1149.0,869.0,0.0,952.0,778.0,0.0,3,2,0,0.012052028241780754,0.038523399762898154,-0.016541385512327183,0.05248476734066132,0.2514384067085269,-0.10895243943298388,0.004691450427437793,0.17006259531713136,-0.07525217507713304,30.23,28.56,3,896.0,162.0,0.0,808.0,106.0,0.0,2,1,0,0.00012340035310698383,-0.023719358797654175,-0.014350218681308416,0.04840585294406213,-0.1240569058238791,-0.03749322917125001,0.04942158582407252,-0.13463189015926574,-0.03858285222178439,17.1,22.43,3,388.0,467.0,0.0,250.0,423.0,0.0,2,1,0,-0.014894430444690188,0.0030425110132329264,-0.01326181390994227,-0.07462505937318523,0.012735968722350957,-0.02570286782516136,-0.1370036008174278,0.01591190425590097,-0.039539408514454734
92,least_connections,1134,measured,453,419,16,heavy,1,100.0,70.25,4,758.0,869.0,0.0,627.0,778.0,0.0,2,2,0,-0.03217968419847955,0.03485450454738404,-0.014966015463534118,-0.18835505177114775,0.22749189178390533,-0.09857601662984256,-0.14277916389898482,0.15386615766788075,-0.06808530126026323,43.17,41.66,4,1058.0,0.0,453.0,914.0,0.0,419.0,3,0,1,0.04319554816528273,-0.064544272472254,0.030100369038906897,0.08567332273170247,-0.15411951343248925,0.08317959537567175,0.07468500622177993,-0.1517800434774309,0.08355896703743318,13.34,18.27,2,200.0,467.0,0.0,125.0,423.0,0.0,1,1,0,-0.056559813486238966,0.002752748059591692,-0.011998784013757292,-0.10153695848050093,0.011523019320222289,-0.023254975651336468,-0.16165405153322834,0.01439648480295802,-0.03577375056069714
92,least_connections,1135,measured,175,123,9,light,2,84.4,55.25,3,397.0,869.0,0.0,327.0,778.0,0.0,1,2,0,-0.07219885259681029,0.03153502792382365,-0.01354068065748325,-0.38816250715802253,0.20582599732829532,-0.08918782456985755,-0.2648954340038434,0.13921223788998735,-0.06160098685452387,43.17,41.66,4,1058.0,0.0,453.0,914.0,0.0,419.0,3,0,1,0.03908168643525581,-0.0583971989034679,0.02723366722567767,0.07751395866201652,-0.13944146453415696,0.07525772914941731,0.06757214848637233,-0.1373248012414851,0.07560097017672526,16.84,22.37,3,200.0,642.0,0.0,125.0,546.0,0.0,1,2,0,-0.05117316458278763,0.04557448180448318,-0.01085604267911374,-0.09186677195854848,0.042092255575439205,-0.021040216065494898,-0.1462584275776828,0.050120629107438225,-0.0323667266977736
92,least_connections,1136,measured,198,107,3,light,0,97.6,60.6,4,595.0,869.0,0.0,434.0,778.0,0.0,2,2,0,-0.022238871170356694,0.028531691931078546,-0.012251092023437226,-0.23176607790487752,0.18622352139226722,-0.08069374603939493,-0.19126253552728686,0.1259539295195124,-0.055734226201712075,43.17,41.66,4,1058.0,453.0,0.0,914.0,419.0,0.0,3,1,0,0.03535962106046954,-0.009751660685904065,-0.01844391559400138,0.07013167688468161,-0.009059284238386922,-0.0490117144430442,0.06113670577338448,-0.005778986837534139,-0.05006638412582002,16.84,22.37,3,200.0,642.0,0.0,125.0,546.0,0.0,1,2,0,-0.046299529860617375,0.04123405496596098,-0.00982213385253148,-0.08311755558154385,0.038083469330159284,-0.019036385964019194,-0.13232905352266536,0.04534723585911077,-0.02928418129798564
92,least_connections,1137,measured,424,422,20,heavy,2,97.6,60.6,4,985.0,479.0,0.0,775.0,437.0,0.0,3,1,0,0.02296301678691083,-0.01726951228911487,-0.011084321354538443,0.0255449771336822,-0.06675014731175821,-0.07300862736897637,-0.018785151191354765,-0.04030358757758404,-0.05042620465869188,43.17,41.66,4,1058.0,453.0,0.0,914.0,419.0,0.0,3,1,0,0.031992038102329576,-0.008822931096770348,-0.01668735220409649,0.063452469562331,-0.008196495263302461,-0.04434393211513523,0.0553141623663955,-0.005228607138721364,-0.04529815706621811,21.32,32.27,3,642.0,0.0,424.0,546.0,0.0,422.0,2,0,1,0.0011938494004845035,-0.048860798341454806,0.0341972076935146,0.0047793544738412574,-0.08171495632033207,0.059500412699220726,0.007241967447747216,-0.12363821517509026,0.10077462961928282
92,least_connections,1138,measured,390,337,9,medium,2,71.13,44.25,3,588.0,479.0,0.0,448.0,437.0,0.0,2,1,0,-0.022307837419552334,-0.0156247968330087,-0.010028671701725259,-0.21634819529174776,-0.060392990424924076,-0.0660554247624072,-0.16492466060170194,-0.03646515066543318,-0.0456237089769117,43.17,41.66,4,1058.0,453.0,0.0,914.0,419.0,0.0,3,1,0,0.02894517733067914,-0.00798265194469698,-0.015098080565611108,0.057409377223061386,-0.007415876666797466,-0.040120700485122354,0.05004614690292927,-0.004730644554081231,-0.040984046869435437,29.12,43.5,4,642.0,390.0,424.0,546.0,337.0,422.0,2,1,1,0.0010801494575812254,-0.0011234887488446033,0.030940330770322735,0.00432417785728495,-0.0033611509564909214,0.05383370672786637,0.00655225626224748,-0.01022822642825627,0.0911770458460178
92,least_connections,1139,measured,193,109,2,light,0,70.8,44.35,3,1062.0,0.0,0.0,887.0,0.0,0.0,3,0,0,0.022900618751924298,-0.0572206211709081,-0.009073560111084757,0.0901611566407996,-0.34356191197175673,-0.05976443192789222,0.049377688027031574,-0.23068275536396335,-0.041278593836253444,17.57,16.41,2,162.0,453.0,0.0,106.0,419.0,0.0,1,1,0,-0.05997930667813836,-0.00722239937853536,-0.013660168130791003,-0.17967723013151587,-0.00670960269853102,-0.03629968139130118,-0.1831725337544926,-0.004280106977502057,-0.037080804310441584,29.12,43.5,4,642.0,390.0,424.0,546.0,337.0,422.0,2,1,1,0.0009772780806687198,-0.0010164898203832151,0.02799363260172057,0.003912351394686389,-0.003041041341587017,0.048706687039498146,0.005928231856319133,-0.009254109625565193,0.08249351767020659
92,least_connections,1140,measured,154,111,7,light,1,70.8,44.35,3,1062.0,0.0,0.0,887.0,0.0,0.0,3,0,0,0.020719607442217222,-0.05177103820225019,-0.008209411529076685,0.0815743798178663,-0.3108417298792085,-0.05407258126809296,0.0446750510720762,-0.20871296913882398,-0.03734729918518169,21.97,19.88,3,316.0,453.0,0.0,217.0,419.0,0.0,2,1,0,-0.011183091529653522,-0.00653455181867485,-0.012359199737382337,-0.1227555891666096,-0.006070592917718526,-0.032842568877843925,-0.13434360196835046,-0.0038724777415494738,-0.03354929913801857,29.12,43.5,4,1032.0,0.0,424.0,883.0,0.0,422.0,3,0,1,0.043968104204505254,-0.04400358149281837,0.02532757235393766,0.07411117507138293,-0.07332284692810254,0.044067954940498325,0.10699855898111416,-0.11000768648662247,0.07463699217780596
92,least_connections,1141,measured,356,315,11,medium,0,81.67,54.65,3,869.0,356.0,0.0,778.0,315.0,0.0,2,1,0,-0.024337588731417975,-0.0037565629086118435,-0.007427562812021763,-0.042607307148914586,-0.06650759687483943,-0.048922811623512676,-0.008889239506216784,-0.04633554350655503,-0.03379041354849772,17.34,16.56,2,154.0,453.0,0.0,111.0,419.0,0.0,1,1,0,-0.05320193542025341,-0.005912213550229625,-0.011182133095726876,-0.15294213169495974,-0.005492441211269156,-0.029714705175192122,-0.15151921130469803,-0.003503670337592385,-0.030354127791540616,29.12,43.5,4,1032.0,0.0,424.0,883.0,0.0,422.0,3,0,1,0.03978066570883808,-0.03981276420778805,0.0229154226059436,0.06705296792172741,-0.06633971864923563,0.03987100685092705,0.09680822003053186,-0.099530763964087,0.0675287072084911
92,least_connections,1142,measured,367,305,10,medium,1,81.67,54.65,3,869.0,356.0,0.0,778.0,315.0,0.0,2,1,0,-0.022019723137949587,-0.0033987950125535793,-0.0067201758775435,-0.03854946837282747,-0.06017354002961667,-0.044263496230797186,-0.008042645267529458,-0.04192263460116882,-0.03057227892483127,27.83,26.09,3,154.0,820.0,0.0,111.0,724.0,0.0,1,2,0,-0.04813508442784832,0.03773475463369247,-0.010117168038990983,-0.13837621439067782,0.08990139672721906,-0.026884733253745255,-0.13708881022806013,0.08306513159932116,-0.027463258478060557,29.12,43.5,4,1032.0,0.0,424.0,883.0,0.0,422.0,3,0,1,0.03599203087942493,-0.036021072378474905,0.02073300140537754,0.06066697097680099,-0.06002165020645128,0.03607376810321972,0.08758838955143358,-0.0900516435865549,0.06109740176006338
92,least_connections,1143,measured,395,325,12,medium,0,100.0,70.9,4,869.0,751.0,0.0,778.0,640.0,0.0,2,2,0,-0.019922606648621055,0.04000879997730413,-0.0060801591273012615,-0.034878090432558184,0.1838112415605056,-0.040047925161197456,-0.007276679051574253,0.10909380678941871,-0.027660633312942575,27.83,26.09,3,607.0,367.0,0.0,530.0,305.0,0.0,2,1,0,-0.00046689044605777164,-0.008942931748654653,-0.009153628225753748,-0.008095486489524822,-0.03576268187265215,-0.024324282467674277,-0.00556547115872108,-0.04331309521966181,-0.0248477100515786,29.12,43.5,4,1032.0,424.0,0.0,883.0,422.0,0.0,3,1,0,0.032564218414717794,0.010493406170041977,-0.024325470383796736,0.05488916421710566,0.022418506956067882,-0.04408563838280121,0.07924663816558278,0.04579454469152969,-0.07199123967740297
92,least_connections,1144,measured,185,106,4,light,1,82.0,53.85,3,479.0,751.0,0.0,437.0,640.0,0.0,1,2,0,-0.06110911576598593,0.036198438074703736,-0.00550109635327257,-0.26679446277231456,0.16630540903093366,-0.036233837050607225,-0.16084556676094816,0.09870392042852172,-0.02502628728313852,33.11,29.41,4,792.0,367.0,0.0,636.0,305.0,0.0,3,1,0,0.042661475537467006,-0.008091223963068495,-0.008281854109015295,0.04049864147546395,-0.03235671217049481,-0.022007684137419586,0.024934811808776186,-0.039188038532074976,-0.022481261475237782,16.28,25.3,2,390.0,424.0,0.0,337.0,422.0,0.0,1,1,0,-0.056704936173531964,0.009494034153847503,-0.022008758918673238,-0.06650980380357106,0.02028341105548999,-0.039887006155867766,-0.09296732737399656,0.04143315948281258,-0.06513493113669792
92,least_connections,1145,measured,444,421,19,heavy,2,82.0,53.85,3,835.0,395.0,0.0,752.0,325.0,0.0,2,1,0,-0.012205299751991805,-0.010332932444882564,-0.0049771824148656585,-0.026655307587649668,-0.06426336008312361,-0.03278299542673987,-0.003026941355143531,-0.053196452945623196,-0.02264283135141104,33.11,29.41,4,1159.0,0.0,0.0,941.0,0.0,0.0,4,0,0,0.08168237809398943,-0.05040453143143839,-0.007493106098632886,0.13151237630092996,-0.12414586883452931,-0.019911714219570102,0.10879518687460701,-0.12169096343378212,-0.020340188953786566,25.16,39.33,3,390.0,424.0,444.0,337.0,422.0,421.0,1,1,1,-0.051304466061767015,0.00858984042490965,0.023171213586053008,-0.06017553677465952,0.018351657621633793,0.0442546134780244,-0.0841132961955207,0.03748714429397329,0.06803664960647966
92,least_connections,1146,measured,404,438,18,heavy,0,77.0,53.9,3,356.0,395.0,404.0,315.0,325.0,438.0,1,1,1,-0.05412679047855948,-0.009348843640608034,0.03858073518473606,-0.3130373417856513,-0.0581430400752071,0.2140217342964417,-0.20042913741655846,-0.04813012409365908,0.17765648592015193,33.11,29.41,4,1159.0,0.0,0.0,941.0,0.0,0.0,4,0,0,0.07390310398979996,-0.045604099866539495,-0.0067794769463821345,0.11898738808179377,-0.11232245275505033,-0.01801536048437295,0.09843374050559683,-0.11010134786866002,-0.018403028101044987,25.16,39.33,3,390.0,424.0,444.0,337.0,422.0,421.0,1,1,1,-0.046418326436836826,0.007771760384442064,0.020964431339762245,-0.05444453327231098,0.01660388070528772,0.04003988838487922,-0.0761025060816616,0.03391694007549964,0.06155696869157684
92,least_connections,1147,measured,363,305,12,medium,0,100.0,69.15,4,356.0,758.0,404.0,315.0,630.0,438.0,1,2,1,-0.04897185805203,0.03462542264715962,0.034906379452856434,-0.2832242616155893,0.1663467732652888,0.19363871198249488,-0.181340648138791,0.09442988772478464,0.16073682059442318,28.71,25.94,3,1005.0,0.0,0.0,830.0,0.0,0.0,3,0,0,0.023780812906871174,-0.0412608522602024,-0.006133812475298122,0.0678457320740039,-0.1016250763021884,-0.01629961186681362,0.0576751699812543,-0.09961550521450192,-0.016650358758088322,17.36,28.1,2,0.0,424.0,444.0,0.0,422.0,421.0,0,1,1,-0.08508143366960974,0.007031592728780914,0.01896781883121346,-0.11983076819875756,0.015022558733355548,0.03622656568155739,-0.17048956899451922,0.03068675530640444,0.055694400244759995
92,least_connections,1148,measured,194,103,7,light,2,100.0,69.15,4,751.0,363.0,404.0,640.0,305.0,438.0,2,1,1,-0.0012239713441269118,-0.011756136879327236,0.0315819623621082,-0.017996554160136347,-0.08774974482346887,0.17519692988892394,-0.017046300697001415,-0.061587244439480576,0.14542855196638288,23.43,22.62,2,820.0,0.0,0.0,724.0,0.0,0.0,2,0,0,-0.021567926644350116,-0.03733124728304027,-0.005549639858603062,0.013561104529540957,-0.09194649760674188,-0.014747267879498037,0.022212058554468173,-0.09012831424169222,-0.015064610304937054,21.24,31.53,3,194.0,424.0,444.0,103.0,422.0,421.0,1,1,1,-0.0338945397600324,0.006361917230801775,0.017161359894907417,-0.07331355217982827,0.013591838853988361,0.03277641656902811,-0.12318897512202531,0.027764207181984968,0.05039017165002094
92,least_connections,1149,measured,396,308,8,medium,1,100.0,69.15,4,751.0,363.0,404.0,640.0,305.0,438.0,2,1,1,-0.0011074026446862562,-0.010636504795581786,0.028574156422859803,-0.016282596621075784,-0.0793926262688528,0.1585115079947407,-0.015422843487763183,-0.055721792588101476,0.1315782136838702,34.74,32.25,3,820.0,396.0,0.0,724.0,308.0,0.0,2,1,0,-0.019513838392507254,0.009308009827816169,-0.005021102729212294,0.012269570764822768,0.019177658627913804,-0.013342766176688699,0.020096624406423597,0.00553866806704037,-0.013629885513990667,21.24,31.53,3,194.0,424.0,444.0,103.0,422.0,421.0,1,1,1,-0.030666488354315027,0.005756020351677799,0.015526944666820995,-0.06633130911508273,0.012297378010751384,0.029654853086263533,-0.11145669177707052,0.025119996974176884,0.04559110768335228
92,least_connections,1150,measured,187,120,3,light,1,100.0,69.15,4,751.0,767.0,0.0,640.0,743.0,0.0,2,2,0,-0.0010019357261447093,0.033460395887897655,-0.017231092034646116,-0.014731873133354334,0.17185111591548236,-0.10026736578253617,-0.013954001250833348,0.14772790194409868,-0.07909590190506981,27.14,22.91,3,950.0,0.0,0.0,733.0,0.0,0.0,3,0,0,0.02542852263353651,-0.03466236752539988,-0.004542902469287314,0.044706482392662755,-0.08501613198971064,-0.012072026540813584,0.02072730303438325,-0.08207215746315395,-0.01233180117932489,21.24,31.53,3,618.0,444.0,0.0,525.0,421.0,0.0,2,1,0,0.015338029810948534,0.00520782793723229,-0.029035712194871704,0.016709767943496587,0.014745246771632206,-0.053512275779094905,0.026428072519158408,0.02242602900838228,-0.08571915654045904
92,least_connections,1151,measured,485,400,15,heavy,1,100.0,69.15,4,751.0,767.0,0.0,640.0,743.0,0.0,2,2,0,-0.000906513276035692,0.030273691517621687,-0.015590035650394105,-0.013328837596844445,0.1554843429711507,-0.09071809285086606,-0.012625048750753987,0.13365857794942262,-0.07156295886649174,41.0,35.41,4,950.0,0.0,485.0,733.0,0.0,400.0,3,0,1,0.023006758573199698,-0.03136118966583799,0.038973655135497415,0.04044872216479012,-0.0769193575145001,0.11445183993246118,0.0187532741739658,-0.07425576151428215,0.101937894171087,21.24,31.53,3,618.0,444.0,0.0,525.0,421.0,0.0,2,1,0,0.013877265067048672,0.004711844324162551,-0.02627040627155059,0.015118361472687386,0.013340937555286286,-0.04841586856203825,0.023911113231619513,0.020290216721869675,-0.07755542734612961
92,least_connections,1152,measured,362,324,9,medium,2,77.47,53.4,3,758.0,404.0,0.0,630.0,438.0,0.0,2,1,0,-0.0008201786783180176,-0.01569341742509965,-0.014105270350356571,-0.007837202270160937,-0.07827607064514935,-0.0820782744841169,-0.015946472679253587,-0.017047000902903342,-0.0647474389744449,30.51,25.87,3,583.0,485.0,0.0,428.0,400.0,0.0,2,1,0,-0.022268261517671917,0.014709490529094427,-0.007822021770831132,-0.058274285388319136,0.055780445241982904,-0.021822484959065733,-0.0692678709854595,0.045911453868030444,-0.020865714797587948,28.48,42.33,4,618.0,806.0,0.0,525.0,745.0,0.0,2,2,0,0.01255562077494879,0.047346997472428244,-0.0237684628171172,0.013678517522907635,0.07757513397859236,-0.04380483346089175,0.021633864352417653,0.11607210084359634,-0.07016919617030774
92,least_connections,1153,measured,498,424,18,heavy,0,100.0,74.6,4,758.0,404.0,498.0,630.0,438.0,424.0,2,1,1,-0.0007420664232401231,-0.014198806241756831,0.030321988957387136,-0.00709080205395507,-0.07082120677418274,0.22611965641913234,-0.014427760995515182,-0.015423477007388747,0.13322850759454985,25.17,22.12,2,396.0,485.0,0.0,308.0,400.0,0.0,1,1,0,-0.06323137493322244,0.013308586669180673,-0.007077067316466262,-0.10106448950099621,0.05046802188560358,-0.01974415305820233,-0.09659950232017764,0.04153893445202754,-0.018878503864484333,28.48,42.33,4,618.0,806.0,0.0,525.0,745.0,0.0,2,2,0,0.011359847367810816,0.04283775961791127,-0.021504799691677467,0.012375801568345002,0.07018702598063119,-0.039632944559854444,0.019573496318854078,0.10501761504896812,-0.06348641558265938
92,least_connections,1154,measured,430,411,18,heavy,1,100.0,74.6,4,758.0,404.0,498.0,630.0,438.0,424.0,2,1,1,-0.0006713934305505875,-0.012846538980637132,0.02743418048525503,-0.006415487572626,-0.06407632993854628,0.20458445104588163,-0.013053688519751805,-0.013954574435256495,0.12054007829983082,37.46,34.97,3,396.0,485.0,430.0,308.0,400.0,411.0,1,1,1,-0.05720933922529649,0.012041102224496801,0.03668083932138313,-0.09143930002471086,0.045661543610784186,0.09329270505618428,-0.08739954971825595,0.03758284545659635,0.09912480602737132,28.48,42.33,4,980.0,444.0,0.0,849.0,421.0,0.0,3,1,0,0.05336185736906239,-0.004325927239123367,-0.019456723530565326,0.0767019157046931,-0.002002214588952736,-0.035858378411296875,0.11542363952658224,-0.002698348289028818,-0.05744009028907278
92,least_connections,1155,measured,154,121,7,light,1,84.33,58.35,3,363.0,404.0,498.0,305.0,438.0,424.0,1,1,1,-0.043691351425826946,-0.011623059077719308,0.024821401391421218,-0.24405845701015366,-0.05797382232535142,0.18510021761294054,-0.15883428961310883,-0.012625567346184446,0.10906007084270408,41.86,38.75,4,550.0,485.0,430.0,429.0,400.0,411.0,2,1,1,-0.008676930500891827,0.010894330584068537,0.03318742605267998,-0.04292127145092886,0.04131282517166189,0.08440768552702388,-0.04486447355461251,0.03400352684168241,0.08968434831047882,24.6,38.9,3,786.0,444.0,0.0,746.0,421.0,0.0,2,1,0,0.005195875488108598,-0.003913934168730662,-0.017603702241940057,0.03429220944710329,-0.0018115274852429503,-0.032443294753078125,0.07336741988912998,-0.0024413627376927427,-0.05196960549963728
92,least_connections,1156,measured,377,347,11,medium,0,100.0,75.7,4,363.0,781.0,498.0,305.0,785.0,424.0,1,2,1,-0.039530270337652954,0.0325677991564399,0.022457458401762054,-0.2208147944377581,0.17494431948341227,0.16747162545932714,-0.14370721441186038,0.14555305811535696,0.09867339742911321,41.86,38.75,4,550.0,485.0,430.0,429.0,400.0,411.0,2,1,1,-0.007850556167473571,0.00985677529034773,0.030026718809567598,-0.03883353131274517,0.03737827039340838,0.07636885833397399,-0.04059166654941132,0.030765095713903137,0.08114298180471893,24.6,38.9,3,786.0,444.0,0.0,746.0,421.0,0.0,2,1,0,0.004701030203526829,-0.003541178533613451,-0.0159271591712791,0.031026284737855347,-0.001639001058076961,-0.029353457157546874,0.06638004656635568,-0.0022088520007696177,-0.047020119261576586
92,least_connections,1157,measured,380,329,9,medium,2,100.0,75.7,4,767.0,875.0,0.0,743.0,771.0,0.0,2,2,0,0.007318417540309458,0.029466103998683713,-0.02276524738706789,0.043897725667425225,0.21498136842149995,-0.14885900553679926,0.06812204410355488,0.12535752877103723,-0.1025335928022309,30.54,29.12,3,154.0,485.0,430.0,121.0,400.0,411.0,1,1,1,-0.05018678437828107,0.008918034786505089,0.027167031303894494,-0.13750244669792588,0.033818435117845685,0.06909563373073836,-0.12380912687803883,0.027835086598293313,0.07341507877569808,23.72,35.8,3,806.0,380.0,0.0,745.0,329.0,0.0,2,1,0,0.0042533130412861775,-0.0032039234351740747,-0.014410286869252517,0.031690448096154844,-0.013063858100164874,-0.026557889809209076,0.05975655006797259,-0.029744516889585237,-0.04254201266523596
92,least_connections,1158,measured,460,422,16,heavy,1,100.0,75.7,4,767.0,875.0,0.0,743.0,771.0,0.0,2,2,0,0.006621425393613323,0.02665980837976145,-0.02059712858829952,0.03971698988957523,0.19450695238135707,-0.13468195739043742,0.061634230379406796,0.11341871650712892,-0.09276848872582796,43.69,42.31,4,154.0,915.0,460.0,121.0,811.0,422.0,1,2,1,-0.04540709062796859,0.05115259836692864,0.024579694989237875,-0.12440697558383772,0.141754094358323,0.07027019922577007,-0.11201778146108277,0.14138948311274155,0.06953328555896492,23.72,35.8,3,806.0,380.0,0.0,745.0,329.0,0.0,2,1,0,0.003848235608782724,-0.0028987878699194003,-0.013037878595990373,0.028672310182235317,-0.011819681138244414,-0.024028566970236784,0.054065450061499015,-0.026911705757243803,-0.038490392411403965
92,least_connections,1159,measured,372,306,9,medium,2,85.27,60.45,3,404.0,875.0,0.0,438.0,771.0,0.0,1,2,0,-0.03709308677539293,0.024120779010260357,-0.018635497294175758,-0.18301796152847954,0.1759824807259897,-0.12185510430563386,-0.08221188679958433,0.10261693398264043,-0.0839333945614634,43.69,42.31,4,639.0,430.0,460.0,521.0,411.0,422.0,2,1,1,0.002001294420500066,0.003197022105225683,0.022238771656929505,0.012815457464963154,0.0028795547595711346,0.06357779929950626,0.011745816773306078,0.014828579959147145,0.06291106788668255,31.16,46.0,4,1186.0,372.0,0.0,1074.0,306.0,0.0,3,1,0,0.046565637206132215,-0.002622712834688984,-0.011796175872562719,0.09470351873630814,-0.012141616267935418,-0.021740132020690424,0.14813858180167372,-0.03128519409782375,-0.03482464075317502
92,least_connections,1160,measured,184,125,5,light,0,97.53,66.7,4,965.0,498.0,0.0,910.0,424.0,0.0,3,1,0,0.05260738860911161,-0.02126033826509323,-0.01686068802806378,0.17279327290280422,-0.06817458093045375,-0.11024985627652586,0.13914162622894755,-0.06413229782523014,-0.07593973793656213,43.69,42.31,4,639.0,890.0,0.0,521.0,833.0,0.0,2,2,0,0.00181069495188102,0.045976444036247274,-0.022963106822868767,0.01159493770639522,0.12151687607498612,-0.06138879383105896,0.010627167556800737,0.13273181043922835,-0.06239593857871578,31.16,46.0,4,1186.0,372.0,0.0,1074.0,306.0,0.0,3,1,0,0.042130814615071996,-0.0023729306599566957,-0.01067273055136627,0.08568413599951688,-0.010985271861465376,-0.019669643256815146,0.13403014543960956,-0.028305651802792917,-0.031508008300491684
92,least_connections,1161,measured,399,319,10,medium,0,100.0,82.65,5,965.0,897.0,0.0,910.0,743.0,0.0,3,2,0,0.047597161122529555,0.023848356082149205,-0.01525490821586723,0.1563367707215848,0.17898490296768466,-0.09974986996447578,0.12589004277857158,0.0862850638724108,-0.06870738194260383,43.69,42.31,4,639.0,890.0,0.0,521.0,833.0,0.0,2,2,0,0.0016382478136066358,0.0415977350804142,-0.020776144268309836,0.010490657924833752,0.10994384025832077,-0.05554224203762478,0.009615056360914975,0.12009068563549233,-0.05645346823788571,23.92,35.2,3,1196.0,0.0,0.0,1056.0,0.0,0.0,3,0,0,0.03811835608030323,-0.04523083749052771,-0.00965628002266472,0.0793332659043248,-0.07725334120799247,-0.017796343899023227,0.11583679825488485,-0.11789558972633644,-0.028507245605206764
92,least_connections,1162,measured,384,307,9,medium,2,100.0,82.65,5,965.0,897.0,0.0,910.0,743.0,0.0,3,2,0,0.043064098158479114,0.02157708407432546,-0.013802059814356065,0.14144755446238622,0.1619387217326671,-0.09024988234881143,0.11390051489489811,0.07806743874170496,-0.06216382175759394,39.29,38.53,3,485.0,890.0,0.0,400.0,833.0,0.0,1,2,0,-0.0416016760144466,0.037636046025136656,-0.01879746386180414,-0.030317976163245663,0.09947299832895687,-0.050252504700708134,-0.02551197281631501,0.10865347747973117,-0.05107694745332517,31.6,45.43,4,1196.0,384.0,0.0,1056.0,307.0,0.0,3,1,0,0.03448803645360768,0.0021607615448513418,-0.008736634306220462,0.07177771677057959,-0.0004101658548503473,-0.016101454003878156,0.1048047222306101,-0.014080136736526638,-0.02579226983328231
92,least_connections,1163,measured,381,349,9,medium,1,100.0,82.65,5,965.0,897.0,0.0,910.0,743.0,0.0,3,2,0,0.038962755476719194,0.019522123686294468,-0.012487577927274535,0.1279763587993018,0.14651598632955598,-0.08165465545844844,0.1030528468096697,0.07063244457582829,-0.05624345778068023,50.17,49.44,4,485.0,1271.0,0.0,400.0,1182.0,0.0,1,3,0,-0.03763961163211835,0.07713556091616672,-0.017007229208298984,-0.027430549861984177,0.18848917535885215,-0.045466551872069265,-0.023082261119523106,0.19698112248166155,-0.046212476267294196,31.6,45.43,4,1196.0,384.0,0.0,1056.0,307.0,0.0,3,1,0,0.03120346155326409,0.001954974731055978,-0.007904573896104227,0.0649417437448101,-0.00037110244010270244,-0.014567982193984998,0.09482332011340916,-0.012739171333047916,-0.02333586318249352
92,least_connections,1164,measured,388,310,12,medium,1,97.2,60.75,4,1458.0,0.0,0.0,1215.0,0.0,0.0,4,0,0,0.07833591708664617,-0.06850492664210546,-0.011298284791343626,0.41315321351682865,-0.40848553617802075,-0.07387802160526287,0.231214480446844,-0.27221350252663157,-0.05088693799204402,61.26,59.13,5,485.0,1659.0,0.0,400.0,1492.0,0.0,1,4,0,-0.03405488671477373,0.1128732172461463,-0.015387493093222892,-0.02481811654179522,0.2708371450525669,-0.041136404074729335,-0.020883950536711382,0.26586982510245566,-0.04181128805136142,22.72,31.4,3,1136.0,0.0,0.0,942.0,0.0,0.0,3,0,0,0.028231703310096085,-0.041315113565325766,-0.007151757334570491,0.04789967291197106,-0.0698214736362834,-0.01318055531836738,0.051411575340703564,-0.10411321850767827,-0.02111340002225604
92,least_connections,1165,measured,460,439,17,heavy,2,84.93,54.5,3,1274.0,0.0,0.0,1090.0,0.0,0.0,3,0,0,0.02779145332782726,-0.06198064791428589,-0.01022225766835852,0.2628211614358609,-0.369582151780114,-0.06684201954761879,0.15264643469000172,-0.24628840704790475,-0.04604056294518269,61.26,59.13,5,1296.0,848.0,0.0,1160.0,732.0,0.0,3,2,0,0.055356236283005164,0.015955586578712877,-0.013922017560534997,0.1871917721084438,0.035396872734635376,-0.03721865130570749,0.19598594951440398,0.025667936997459867,-0.03782926061789842,31.92,46.03,4,1136.0,0.0,460.0,942.0,0.0,439.0,3,0,1,0.025542969661515508,-0.03738034084481855,0.03661326263833645,0.043337799301307156,-0.06317180948044689,0.07131283090242951,0.046515234832065155,-0.09419767388789939,0.11329422537668898
92,least_connections,1166,measured,437,444,15,heavy,0,100.0,76.7,4,1274.0,0.0,437.0,1090.0,0.0,444.0,3,0,1,0.02514464824898656,-0.05607772906530628,0.03383519090776633,0.23779057463244557,-0.3343838516105793,0.20311118866326555,0.13810867900523965,-0.22283236828143763,0.159201395430549,47.4,46.62,4,811.0,848.0,0.0,760.0,732.0,0.0,2,2,0,0.007000313553104459,0.014436006904549742,-0.012596111126198331,0.04398983462872805,0.032025741998003426,-0.033674017848021064,0.06422538289398455,0.023223371569130347,-0.034226473892384285,24.32,35.07,3,756.0,0.0,460.0,613.0,0.0,439.0,2,0,1,-0.019973594342529044,-0.033820308383407265,0.033126285244209165,-0.02955151491786495,-0.05715544667278528,0.06452113272124575,-0.05713700975511568,-0.08522646685095658,0.10250429915033765
92,least_connections,1167,measured,374,306,9,medium,2,88.93,59.35,3,897.0,437.0,0.0,743.0,444.0,0.0,2,1,0,-0.020333980382436195,-0.007653092737091166,-0.012471108453064024,-0.012252972157946185,-0.03895046891750825,-0.07982003565387086,-0.032020718995259434,-0.0007530951117768747,-0.05681778508664615,47.4,46.62,4,1271.0,388.0,0.0,1182.0,310.0,0.0,3,1,0,0.04941751725099473,-0.030022751122640925,-0.011396481495131824,0.15871189119469956,-0.08993589329432346,-0.030466968529161916,0.17742415595170033,-0.09830385429459636,-0.03096680971215721,31.8,45.27,4,756.0,374.0,460.0,613.0,306.0,439.0,2,1,1,-0.01807134726228818,0.012484573594150797,0.029971400935236866,-0.026737084925687327,0.0159641196770038,0.05837626293826997,-0.05169538977843799,0.01517605380151546,0.0927419849455436
92,least_connections,1168,measured,188,111,7,light,0,100.0,64.9,4,1085.0,437.0,0.0,854.0,444.0,0.0,3,1,0,0.02468648940455319,-0.006924226762130101,-0.011283383838486498,0.10231080296820749,-0.035240900449174106,-0.07221812749635935,0.02124315900428908,-0.0006813717677981168,-0.05140656745934652,47.4,46.62,4,1271.0,388.0,0.0,1182.0,310.0,0.0,3,1,0,0.04471108703661428,-0.027163441491913215,-0.01031110230511927,0.14359647298568057,-0.08137057012343553,-0.027565352478765542,0.16052661728963363,-0.08894158245701574,-0.02801758973957081,24.36,35.07,3,384.0,834.0,0.0,307.0,745.0,0.0,1,2,0,-0.059434166797399046,0.054379466811941425,-0.015966918428209728,-0.09150498159943139,0.0976818225649082,-0.030421476389184316,-0.13905773360906296,0.14612754074105366,-0.04848741044609548
92,least_connections,1169,measured,462,445,19,heavy,2,100.0,64.9,4,1085.0,437.0,0.0,854.0,444.0,0.0,3,1,0,0.022335395175548126,-0.006264776594308186,-0.010208775853868736,0.09256691697123531,-0.03188462421591942,-0.06534021059194417,0.01922000100388055,-0.0006164792184840118,-0.046510703891789705,47.4,46.62,4,1659.0,0.0,0.0,1492.0,0.0,0.0,4,0,0,0.08353678849797981,-0.06766034729086932,-0.009329092561774577,0.23021993814350689,-0.17392031174433284,-0.024940080814121204,0.23288717754776372,-0.1681197650801571,-0.025349247859611686,33.6,49.9,4,758.0,460.0,462.0,613.0,439.0,445.0,2,1,1,-0.01068986973279415,0.006116569745951539,0.028637640696472375,-0.0151140309709141,0.02070260136825028,0.05607580707645228,-0.033528425646295046,0.03992491781333429,0.09033678737416759
92,least_connections,1170,measured,354,337,8,medium,0,100.0,81.75,5,1085.0,791.0,0.0,854.0,781.0,0.0,3,2,0,0.02020821468263878,0.0374157690223833,-0.009236511486833618,0.083751020116832,0.1846758161855967,-0.05911733339271139,0.017389524717796645,0.15189461404041923,-0.042081113044952594,47.4,46.62,4,1659.0,0.0,0.0,1492.0,0.0,0.0,4,0,0,0.0755809038791246,-0.061216504691738914,-0.008440607555891284,0.20829422974888717,-0.15735647253058685,-0.022564835022300136,0.21070744635273858,-0.1521083588820469,-0.022935033777743908,33.6,49.9,4,758.0,460.0,462.0,613.0,439.0,445.0,2,1,1,-0.00967178690109946,0.005534039293956156,0.025910246344427387,-0.013674599449874675,0.01873092504746454,0.05073525402155206,-0.030335242251409794,0.036122544688254835,0.08173328381472306
92,least_connections,1171,measured,350,332,7,medium,1,65.27,44.6,3,542.0,437.0,0.0,448.0,444.0,0.0,2,1,0,-0.02480027741865562,-0.009231537777934382,-0.008356843726182797,-0.25174907703715205,-0.04643616630826963,-0.053487111164834115,-0.16793328716008873,-0.015023920630096887,-0.03807338799305235,57.4,57.0,5,2009.0,0.0,0.0,1824.0,0.0,0.0,5,0,0,0.11146662278406058,-0.05538636138776378,-0.007636740169615923,0.27893287453470744,-0.1423701418133881,-0.02041580311541441,0.2845091181286682,-0.13762184851232814,-0.0207507448465302,25.92,39.67,3,374.0,460.0,462.0,306.0,439.0,445.0,1,1,1,-0.051834564565847355,0.005006987932626994,0.023442603835434304,-0.08185797093083902,0.01694702742389649,0.04590332506711853,-0.12003347314810094,0.03268230233699246,0.0739491615466542
92,least_connections,1172,measured,162,120,4,light,0,76.07,50.6,4,704.0,437.0,0.0,568.0,444.0,0.0,3,1,0,0.020645553990830845,-0.008352343703845397,-0.007560953847498721,-0.13005868874789944,-0.04201367427891062,-0.04839310057770706,-0.09765392647817556,-0.013593071046278132,-0.03444735104133308,34.23,33.25,3,1198.0,0.0,0.0,1064.0,0.0,0.0,3,0,0,0.014682953493968642,-0.05011146982702437,-0.006909431582033454,0.042721580361334,-0.12881108068830352,-0.018471440913946372,0.04253205925927128,-0.12451500579686832,-0.018774483432574946,25.92,39.67,3,374.0,460.0,462.0,306.0,439.0,445.0,1,1,1,-0.046897939369099986,0.004530131939043475,0.021209974898726277,-0.07406197369933054,0.015333024812096821,0.041531579822631046,-0.10860171380066273,0.02956970211442174,0.06690638425649666
92,least_connections,1173,measured,183,111,8,light,1,76.07,50.6,4,704.0,437.0,0.0,568.0,444.0,0.0,3,1,0,0.01867931075360886,-0.007556882398717268,-0.006840863004879795,-0.1176721469623852,-0.03801237196663343,-0.04378423385602067,-0.08835355252787314,-0.012298492851394477,-0.031166650942158498,39.46,36.72,4,1198.0,183.0,0.0,1064.0,111.0,0.0,3,1,0,0.013284576970733541,-0.002255048664359924,-0.0062513904789826494,0.038652858422159375,-0.06923723626900931,-0.016712256064999098,0.03848138694886449,-0.08127250524478563,-0.016986437391377333,25.92,39.67,3,374.0,460.0,462.0,306.0,439.0,445.0,1,1,1,-0.042431468952995224,0.004098690801991711,0.019189977289323774,-0.0670084523946324,0.013872736734754268,0.03757619126809475,-0.09825869343869485,0.026753540008286336,0.06053434766063984
92,least_connections,1174,measured,350,343,13,medium,2,76.07,50.6,4,1141.0,0.0,0.0,1012.0,0.0,0.0,4,0,0,0.059984229003832046,-0.049921079539882514,-0.006189352242510291,0.1571220257641912,-0.2979794476523509,-0.03961430682211394,0.12091821437954342,-0.2119843506750712,-0.028198398471476736,26.31,23.53,3,921.0,0.0,0.0,753.0,0.0,0.0,3,0,0,0.012019379163997007,-0.04512418235165444,-0.005656019957174778,-0.036633808366345666,-0.10994933621617849,-0.01512061263023728,-0.053115054665313105,-0.1049161952214727,-0.015368681449341398,32.92,51.1,4,374.0,1272.0,0.0,306.0,1227.0,0.0,1,3,0,-0.038390376671757584,0.08987613975055486,-0.025721539822131097,-0.06062669502371504,0.15948485704573007,-0.04960249361458094,-0.08890072263500963,0.2618563774678146,-0.07943717751338937
92,least_connections,1175,measured,195,116,5,light,1,63.53,45.05,3,953.0,0.0,0.0,901.0,0.0,0.0,3,0,0,0.011187545062424004,-0.045166691012274655,-0.005599890124175977,0.028761197913633185,-0.26960045263784127,-0.035841515696198326,0.05918790824815834,-0.191795364896493,-0.025512836712288475,31.89,27.16,4,1116.0,0.0,0.0,869.0,0.0,0.0,4,0,0,0.053958576613230835,-0.0408266411753064,-0.005117351389824799,0.01726328902908858,-0.09947797086225672,-0.013680554284500396,-0.015258858982902357,-0.0949241766289515,-0.013904997501785074,32.92,51.1,4,834.0,812.0,0.0,745.0,788.0,0.0,2,2,0,0.008349749904690978,0.0382326071666018,-0.023271869362880518,0.028385371169019735,0.06105772780327956,-0.04487844660366847,0.05196283825086431,0.10452084945500686,-0.07187173203592372
92,least_connections,1176,measured,361,303,13,medium,0,76.8,54.2,3,791.0,361.0,0.0,781.0,303.0,0.0,2,1,0,-0.032961835646468984,0.0022187988346993454,-0.005066567255206837,-0.07169224950671282,-0.026178187307253215,-0.0324280380108461,-0.000734749680237734,-0.036457711096826995,-0.02308304273968957,20.8,17.47,3,728.0,0.0,0.0,559.0,0.0,0.0,3,0,0,0.005735764328070547,-0.036938389634801026,-0.004629984590793866,-0.08468015346347771,-0.09000387839918465,-0.012377644352643215,-0.10145444384167357,-0.08588377885476564,-0.01258071202542459,25.44,40.9,3,460.0,812.0,0.0,439.0,788.0,0.0,1,2,0,-0.03552936459870362,0.03459140648406829,-0.021055500852129993,-0.04199418798993451,0.05524270610772912,-0.04060430883189052,-0.04527171777302752,0.0945664828402443,-0.06502680517535955
92,least_connections,1177,measured,433,438,15,heavy,0,100.0,76.1,4,791.0,361.0,433.0,781.0,303.0,438.0,2,1,1,-0.029822613203948134,0.0020074846599660717,0.03849986318633213,-0.06486441622035921,-0.02368502661132435,0.23183494973621863,-0.0006647735202150451,-0.03298554813522442,0.17725819942599513,20.8,17.47,3,728.0,0.0,0.0,559.0,0.0,0.0,3,0,0,0.005189501058730506,-0.03342044776481998,-0.004189033677384927,-0.07661537694314655,-0.08143208045640517,-0.01119882108096291,-0.09179211585675229,-0.07770437134478796,-0.011382548975384153,25.44,40.9,3,460.0,812.0,0.0,439.0,788.0,0.0,1,2,0,-0.032145615589303275,0.03129698681891893,-0.01905021505668904,-0.03799474151470264,0.049981496002231104,-0.0367372318002819,-0.04096012560416776,0.08556015114117341,-0.0588337761110396
92,least_connections,1178,measured,476,439,17,heavy,1,82.07,59.25,3,437.0,794.0,0.0,444.0,741.0,0.0,1,2,0,-0.07006626455413902,0.04490019587148857,-0.00825069067721877,-0.27221066229461066,0.23974529338340494,-0.051419172460881575,-0.153053842708766,0.168298789782416,-0.0377663909955282,24.4,20.81,3,378.0,0.0,476.0,227.0,0.0,439.0,2,0,1,-0.03838863736409642,-0.030237547977694266,0.03929382213769481,-0.15979486485332306,-0.07367664422246181,0.11291535235531928,-0.17691905720372825,-0.07030395502623672,0.11382352711750957,25.44,40.9,3,460.0,812.0,0.0,439.0,788.0,0.0,1,2,0,-0.02908412839032201,0.028316321407593326,-0.017235908860813894,-0.03437619470377856,0.04522135352582814,-0.03323844781930267,-0.03705916126091369,0.0774115653182045,-0.053230559338559635
92,least_connections,1179,measured,486,420,18,heavy,0,100.0,80.25,4,437.0,794.0,486.0,444.0,741.0,420.0,1,2,1,-0.06339328697755435,0.040623986740870616,0.035618989614035625,-0.24628583731417153,0.21691240829927116,0.24662074872586906,-0.1384772862603121,0.1522703336126621,0.15583040814690305,24.4,20.81,3,378.0,0.0,476.0,227.0,0.0,439.0,2,0,1,-0.034732576662753895,-0.027357781503628144,0.035551553362676264,-0.1445763062958637,-0.06665982096317974,0.10216150927386031,-0.1600696231843256,-0.06360834026183322,0.10298319120155627,25.44,40.9,3,460.0,812.0,0.0,439.0,788.0,0.0,1,2,0,-0.026314211400767534,0.02561952889258444,-0.015594393731212571,-0.03110227139865679,0.04091455795193974,-0.030072881360321466,-0.03352971733130286,0.07003903528789931,-0.04816098225869681
92,least_connections,1180,measured,168,118,8,light,1,100.0,80.25,4,437.0,794.0,486.0,444.0,741.0,420.0,1,2,1,-0.05735583107493013,0.036755035622692465,0.032226704888889374,-0.2228300432842505,0.19625408369934055,0.22313305837102437,-0.1252889732831395,0.13776839707812286,0.14098941689481706,23.63,20.88,3,183.0,168.0,476.0,111.0,118.0,439.0,1,1,1,-0.07450861244543946,0.018331621723474762,0.03216569113765948,-0.18121529753299231,-0.01688269515716262,0.09243184172396884,-0.17762251621438982,-0.02418730785594435,0.09317526822997949,25.44,40.9,3,810.0,462.0,0.0,782.0,445.0,0.0,2,1,0,0.019275804197491503,-0.019904326466800015,-0.014109213375858994,0.03519318302026292,-0.026315399948245,-0.02720879742124323,0.0731080335256466,-0.04007579346967838,-0.04357422204358283
92,least_connections,1181,measured,422,446,17,heavy,1,85.33,58.05,3,0.0,794.0,486.0,0.0,741.0,420.0,0,2,1,-0.09497727119931319,0.0332545560395789,0.029157494899471337,-0.46519543598733776,0.17756321858511764,0.2018822909071173,-0.3142138329704596,0.12464759735639688,0.12756185338102496,30.46,31.34,3,168.0,476.0,422.0,118.0,439.0,446.0,1,1,1,-0.06741255411730238,0.01658575298790574,0.029102291981691904,-0.16783424878835357,0.0643442281911386,0.06966962550535954,-0.15872691943206702,0.06887517384462177,0.08628059982712431,25.44,40.9,3,1272.0,0.0,0.0,1227.0,0.0,0.0,3,0,0,0.060523913548297295,-0.061092576553862146,-0.012765478768634328,0.11544145130404743,-0.10740917138174547,-0.02461748338112483,0.20035171287241038,-0.17046540044082012,-0.039424296134670175
92,least_connections,1182,measured,392,300,8,medium,0,100.0,73.05,4,361.0,825.0,486.0,303.0,738.0,420.0,1,2,1,-0.04284791657262123,0.030087455464380908,0.02638059062333121,-0.20314507700441667,0.17935084856113825,0.1826554060588204,-0.14721727744946342,0.11141925475102576,0.11541310543997496,30.46,31.34,3,168.0,476.0,422.0,118.0,439.0,446.0,1,1,1,-0.060992310868035485,0.015006157465248054,0.026330645126292674,-0.1518500346180342,0.05821620645864921,0.06303442307627768,-0.14361006996234635,0.06231563347846732,0.07806339984358868,16.24,26.27,2,812.0,0.0,0.0,788.0,0.0,0.0,2,0,0,0.011675831078844956,-0.0552742359296848,-0.011549718885907249,0.021208932132233377,-0.0971797264882459,-0.022272961154351036,0.048873771963926865,-0.15423060039883726,-0.03566960126470159
92,least_connections,1183,measured,200,106,7,light,2,100.0,73.05,4,753.0,919.0,0.0,603.0,858.0,0.0,2,2,0,0.004316737613433402,0.027221983515392248,-0.01921574680564818,0.052646517630924594,0.2189682280632521,-0.12788320404201964,0.0025177013552473704,0.15509361144140427,-0.08557861888764169,30.46,31.34,3,168.0,476.0,422.0,118.0,439.0,446.0,1,1,1,-0.05518351935679401,0.013576999611414911,0.023822964638074325,-0.13738812655917376,0.05267180584353977,0.05703114468806077,-0.1299329204421229,0.05638081124242282,0.07062879033467546,20.24,29.8,3,1012.0,0.0,0.0,894.0,0.0,0.0,3,0,0,0.05364774739333138,-0.050010022984000535,-0.010449745658677987,0.05537951002440164,-0.08792451444174629,-0.020151726758698557,0.07618738098323544,-0.13954197178942418,-0.03227249638234906
92,least_connections,1184,measured,405,434,14,heavy,1,100.0,73.05,4,753.0,919.0,0.0,603.0,858.0,0.0,2,2,0,0.0039056197454873653,0.024629413656783464,-0.017385675681300734,0.04763256357083656,0.1981141111048471,-0.115703851276113,0.002277920273795253,0.14032279130412767,-0.07742827423167582,42.03,44.91,4,168.0,1303.0,0.0,118.0,1319.0,0.0,1,3,0,-0.049927946084718386,0.09845175248289013,-0.021529789363737742,-0.12430354307734769,0.2614377563074203,-0.057488828275428006,-0.11755835659049216,0.2998207339812397,-0.062198951601960296,20.24,29.8,3,1012.0,0.0,0.0,894.0,0.0,0.0,3,0,0,0.048538438117776,-0.04524716365219096,-0.009454531786422941,0.05010527097445863,-0.07955075116157997,-0.01823251468644155,0.06893143993721301,-0.1262522601904314,-0.029198925298315817
92,least_connections,1185,measured,442,413,19,heavy,2,100.0,73.05,4,1186.0,486.0,0.0,1041.0,420.0,0.0,3,1,0,0.046617556186960216,-0.020800145013477087,-0.01572989704498638,0.3042707321196457,-0.08192850265117008,-0.10468443686886415,0.20020383262867192,-0.07118414120102737,-0.07005415287627813,42.03,44.91,4,168.0,1303.0,0.0,118.0,1319.0,0.0,1,3,0,-0.04517290360045949,0.08907539510356727,-0.01947933323385796,-0.11246511040331457,0.23653892237338028,-0.05201370177300629,-0.10636232262949291,0.27126637836397877,-0.05627524192558313,29.08,43.57,4,1012.0,0.0,442.0,894.0,0.0,413.0,3,0,1,0.04391572972560685,-0.04093790997102992,0.034529800039041374,0.04533334040546258,-0.07197448914619141,0.06348486766464813,0.0623665408955737,-0.11422823541039032,0.09813748028565075
92,least_connections,1186,measured,357,332,12,medium,0,100.0,89.65,5,1186.0,843.0,0.0,1041.0,752.0,0.0,3,2,0,0.04217778893105924,0.024264721405040005,-0.014231811612130532,0.2752925671558699,0.14120754522037,-0.0947144905004009,0.18113680094975082,0.0857857770085943,-0.06338232879282307,42.03,44.91,4,168.0,1303.0,0.0,118.0,1319.0,0.0,1,3,0,-0.04087072230517763,0.08059202414132277,-0.017624158640157202,-0.10175414750776078,0.21401140595686788,-0.04706001588986284,-0.09623257761716025,0.24543148518645697,-0.050915695075527595,29.08,43.57,4,1012.0,0.0,442.0,894.0,0.0,413.0,3,0,1,0.03973327927554905,-0.0370390614023604,0.031241247654370766,0.04101587941446613,-0.06511977589417318,0.057438689791824496,0.056426870334090495,-0.10334935584749601,0.08879105359177926
92,least_connections,1187,measured,177,119,4,light,1,100.0,89.65,5,1186.0,843.0,0.0,1041.0,752.0,0.0,3,2,0,0.03816085665191074,0.021953795556940964,-0.012876400982403816,0.24907422742673946,0.12775920758033477,-0.08569406283369606,0.16388567704977458,0.07761570300777582,-0.05734591652683992,47.09,48.62,5,345.0,1303.0,0.0,237.0,1319.0,0.0,2,3,0,0.0061056276649299746,0.0729165932707206,-0.01594566734109461,-0.046308174275729155,0.19362936729430902,-0.04257810961463781,-0.05342173689171642,0.22205705802584202,-0.046066581258810683,22.08,32.13,3,662.0,0.0,442.0,551.0,0.0,413.0,2,0,1,-0.007134742786974901,-0.033511531744992745,0.028265890734906884,-0.026223728148816378,-0.0589178924756805,0.05196833838307931,-0.0523915617612197,-0.09350656005249638,0.08033476277351456
92,least_connections,1188,measured,445,434,17,heavy,2,100.0,89.65,5,1186.0,843.0,0.0,1041.0,752.0,0.0,3,2,0,0.034526489351728765,0.019862957884851346,-0.011650077079317738,0.2253528724337167,0.11559166400125526,-0.07753272351620119,0.14827751733074845,0.07022373129274956,-0.05188440066714088,42.29,44.94,4,653.0,827.0,0.0,558.0,880.0,0.0,2,2,0,0.005524139315889021,0.022888255589608886,-0.014427032356228458,0.03772117565529268,0.05214085612342248,-0.038523051556100876,0.042424976145589904,0.07678674297576188,-0.04167928780559062,21.74,31.77,3,200.0,0.0,887.0,106.0,0.0,847.0,1,0,2,-0.04953914370068703,-0.030319957293088673,0.06865780136786359,-0.10732623022988147,-0.05330666462085379,0.12754278234659555,-0.18160823841888135,-0.08460117338083006,0.2035727218744497
92,least_connections,1189,measured,494,423,16,heavy,2,100.0,74.5,4,825.0,843.0,0.0,738.0,752.0,0.0,2,2,0,-0.011845647956145622,0.017971247610103602,-0.010540545928906525,-0.013855337639335663,0.10458293409637381,-0.07014865460989632,-0.0029155795578942323,0.06353575688391627,-0.04694302917503223,42.29,44.94,4,653.0,827.0,0.0,558.0,880.0,0.0,2,2,0,0.004998030809613863,0.020708421723931836,-0.01305302927468289,0.03412868273574099,0.04717506030214416,-0.034854189503138885,0.0383845022269623,0.06947371983521314,-0.0377098318241058,31.62,45.87,4,200.0,0.0,1381.0,106.0,0.0,1270.0,1,0,3,-0.04482113001490731,-0.027432342312794514,0.10520286336911014,-0.0971046844937023,-0.048229839418867715,0.20478632688501502,-0.16431221571232124,-0.07654391877313196,0.31175627217212115
92,least_connections,1190,measured,453,421,19,heavy,0,100.0,80.55,4,919.0,357.0,453.0,858.0,332.0,421.0,2,1,1,-0.010717491007941282,-0.0268242000080922,0.033547215814889564,0.04416263102472806,-0.1985202024842333,0.20977026487676045,0.05164780897142901,-0.13251526758121865,0.14798011646068512,42.29,44.94,4,653.0,827.0,0.0,558.0,880.0,0.0,2,2,0,0.004522027875364931,0.01873619108355737,-0.011809883629474997,0.03087833199900375,0.04268219741622567,-0.03153474288379233,0.03472883534820398,0.06285717508900238,-0.03411841926942905,27.62,42.33,3,0.0,442.0,939.0,0.0,413.0,857.0,0,1,2,-0.08363635119262589,0.018264161943752806,0.052099642821485145,-0.12404709549430208,0.03634443100197684,0.10530191480072787,-0.18063168723178272,0.05530153380843615,0.1575096430763636
92,least_connections,1191,measured,470,403,17,heavy,2,100.0,80.55,4,1276.0,0.0,453.0,1190.0,0.0,421.0,3,0,1,0.03338712264814382,-0.06735341451979317,0.030352242880138172,0.25528999949856346,-0.39494684986668727,0.18979214441230707,0.19691944621224527,-0.27008524209729307,0.13388677203585797,37.23,41.22,3,1303.0,0.0,0.0,1319.0,0.0,0.0,3,0,0,0.047175258780658966,-0.06921600852077235,-0.010685132807620235,0.1959647493596428,-0.1751650866914421,-0.02853143403771687,0.24658501769599406,-0.1919387463480455,-0.030869046005673906,37.02,55.77,4,0.0,1381.0,470.0,0.0,1270.0,403.0,0,3,1,-0.0756709844123758,0.10269251840262442,0.004053871849824434,-0.11223308639960665,0.2027973423351219,0.010406494343515704,-0.16342866940018436,0.3084950385250931,0.005588089767503551
92,least_connections,1192,measured,191,119,8,light,1,86.4,58.65,3,843.0,0.0,453.0,752.0,0.0,421.0,2,0,1,-0.012876503545103446,-0.0609388036131462,0.027461553082029775,-0.03019793696161721,-0.357332864165098,0.17171670208732545,-0.01997764390320661,-0.24436283808802706,0.12113565088958578,42.69,44.94,4,1303.0,191.0,0.0,1319.0,119.0,0.0,3,1,0,0.042682376992024776,-0.01954010748251285,-0.009667501111656403,0.17730143989681968,-0.10910854782286938,-0.025814154605553356,0.22310073029637556,-0.1400130324101364,-0.027929136862276393,37.02,55.77,4,0.0,1381.0,470.0,0.0,1270.0,403.0,0,3,1,-0.06846422399214953,0.09291227855475542,0.003667788816507825,-0.10154422102821554,0.18348330973177696,0.009415399644133265,-0.14786403421921443,0.27911455866556034,0.0050558907420270305
92,least_connections,1193,measured,476,441,17,heavy,0,100.0,80.7,4,843.0,0.0,929.0,752.0,0.0,862.0,2,0,2,-0.01165016987414122,-0.0551351080309418,0.06793006730097478,-0.027321942965272683,-0.32330116281604104,0.44247384157107217,-0.018075011150520237,-0.2210901868415483,0.3090989222334347,42.69,44.94,4,1494.0,0.0,0.0,1438.0,0.0,0.0,4,0,0,0.0817012889338274,-0.06076304509188804,-0.00874678672007008,0.2097897381379389,-0.14809140721388864,-0.02335566369073875,0.2354988750300541,-0.16032429122821867,-0.025269219065869118,37.02,55.77,4,0.0,1381.0,470.0,0.0,1270.0,403.0,0,3,1,-0.06194382170718291,0.0840634901209692,0.0033184755958880346,-0.09187334283505216,0.16600870880494106,0.008518694916120575,-0.1337817452459559,0.2525322197450308,0.00457437733802446
92,least_connections,1194,measured,178,124,4,light,0,100.0,86.9,5,1021.0,0.0,929.0,876.0,0.0,862.0,3,0,2,0.03254327034062959,-0.0498841453613283,0.06146053708183433,0.0826452262060231,-0.29251057588118,0.4003334757071606,0.03974165657810075,-0.20003397857092464,0.2796609296397743,42.69,44.94,4,1494.0,0.0,0.0,1438.0,0.0,0.0,4,0,0,0.07392021379727241,-0.054976088416470136,-0.007913759413396738,0.1898097630771828,-0.13398746366970876,-0.02113131476781125,0.2130704107414775,-0.14505531111124548,-0.022862626773881584,37.02,55.77,4,0.0,1851.0,0.0,0.0,1673.0,0.0,0,4,0,-0.05604441011602264,0.11914134366953902,-0.04008146992571581,-0.08312350066028529,0.2352459746330419,-0.07734022840922425,-0.12104062665110296,0.3500212146899485,-0.11740096018623183
92,least_connections,1195,measured,400,342,7,medium,1,100.0,86.9,5,1021.0,453.0,476.0,876.0,421.0,441.0,3,1,1,0.029443911260569625,-0.002049374147777755,0.012523252371092738,0.07477425228164003,0.008585669440837107,0.08896838278266914,0.03595673690399592,0.009469257483449123,0.06257417443598629,40.51,41.91,4,1418.0,0.0,0.0,1341.0,0.0,0.0,4,0,0,0.06688019343562743,-0.04974027047204441,-0.007160068040692287,0.1520863842807164,-0.12122675284402222,-0.019118808599448273,0.16535239543276536,-0.13124051957684116,-0.020685233747797623,37.02,55.77,4,0.0,1851.0,0.0,0.0,1673.0,0.0,0,4,0,-0.050706847247830006,0.10779454903434482,-0.03626418707564764,-0.07520697678787716,0.21284159609656172,-0.06997449237025051,-0.1095129479224265,0.3166858609099534,-0.10621991635897166
92,least_connections,1196,measured,177,109,4,light,1,100.0,86.9,5,1021.0,929.0,0.0,876.0,862.0,0.0,3,2,0,0.026639729235753473,0.04122970456924416,-0.03175333855767346,0.06765289492148385,0.2948790977480589,-0.20661590764107715,0.032532285770282054,0.20806742343740633,-0.14288527074839336,45.57,45.31,5,1595.0,0.0,0.0,1450.0,0.0,0.0,5,0,0,0.10359455143042029,-0.04500310185565923,-0.006478156798721593,0.18335706877098834,-0.1096813478112582,-0.017297969685215103,0.18042300062964484,-0.11874142247428486,-0.018715211486102612,37.02,55.77,4,0.0,1851.0,0.0,0.0,1673.0,0.0,0,4,0,-0.045877623700417626,0.09752840150726437,-0.032810454973205005,-0.0680444075699841,0.19257096789688918,-0.06331025500165523,-0.09908314335838588,0.28652530272805304,-0.0961037338485934
92,least_connections,1197,measured,154,119,3,light,2,97.6,65.9,4,535.0,929.0,0.0,456.0,862.0,0.0,2,2,0,-0.018981288061075657,0.037303066038839955,-0.028729211075990274,-0.23193309507103843,0.2667953741530057,-0.18693820215145077,-0.16056602716022103,0.18825147834812953,-0.12927714972473683,45.57,45.31,5,1595.0,0.0,0.0,1450.0,0.0,0.0,5,0,0,0.09372840367514215,-0.04071709215512025,-0.005861189484557632,0.165894490792799,-0.09923550516256695,-0.015650544000908904,0.1632398577125358,-0.10743271557197202,-0.016932810392188077,40.1,59.73,5,596.0,1409.0,0.0,532.0,1260.0,0.0,2,3,0,0.04465947424837498,0.04515608208933897,-0.029685649737661673,0.04628363124620487,0.0942499233352807,-0.05728070690625949,0.07079779092971437,0.13468162310315912,-0.08695099729158451
92,least_connections,1198,measured,398,343,15,medium,0,88.47,60.25,3,0.0,929.0,398.0,0.0,862.0,343.0,0,2,1,-0.10334134679448795,0.03375039308275996,0.017090804491337597,-0.5325426415722094,0.24138629090033847,0.07092892821217944,-0.35155973885924763,0.17032276612449815,0.03820162643952382,21.94,17.81,3,768.0,0.0,0.0,570.0,0.0,0.0,3,0,0,-0.0013659114141003903,-0.03683927385463261,-0.00530298096221881,-0.06368729744597101,-0.08978450467089391,-0.014160016000822341,-0.10111631921246758,-0.09720102837464135,-0.01532016178340826,40.1,59.73,5,1535.0,470.0,0.0,1389.0,403.0,0.0,4,1,0,0.1265739914401397,-0.04531229761077947,-0.026858445000741513,0.21178995207989965,-0.08464054555379366,-0.051825401486615734,0.3225154616348209,-0.13660551560507825,-0.07866994993048122
92,least_connections,1199,measured,403,412,15,heavy,0,100.0,80.85,4,0.0,1327.0,403.0,0.0,1205.0,412.0,0,3,1,-0.09349931376644148,0.07361997015877829,0.015463108825495925,-0.4818242947558085,0.4584606124018936,0.06718966520784492,-0.3180778589678907,0.30926821696978407,0.06577766201671201,21.94,17.81,3,768.0,0.0,0.0,570.0,0.0,0.0,3,0,0,-0.0012358246127574801,-0.03333077158276284,-0.00479793515629321,-0.057621840546354774,-0.08123359946414212,-0.012811443048363071,-0.09148619357318497,-0.08794378757705647,-0.013861098756416997,40.1,59.73,5,1535.0,470.0,0.0,1389.0,403.0,0.0,4,1,0,0.11451932558869785,-0.040996840695467135,-0.02430049785781375,0.19161948045324254,-0.07657954121533714,-0.046889648964080904,0.2917997033838856,-0.12359546649983269,-0.07117757374662587
92,least_connections,1200,measured,461,440,17,heavy,1,100.0,80.85,4,0.0,1730.0,0.0,0.0,1617.0,0.0,0,4,0,-0.08459461721725658,0.10969244465612821,-0.029093468432261054,-0.43593626668382673,0.5191469032842528,-0.18228871560560064,-0.2877847295423773,0.4661950534488522,-0.12686782960392723,24.6,24.44,2,400.0,0.0,461.0,342.0,0.0,440.0,1,0,1,-0.08728592748410482,-0.030156412384404474,0.038742911275825416,-0.147263297909287,-0.07349706618184287,0.10757876241202524,-0.14723750847097689,-0.07956818876019395,0.1118637677918132,37.02,55.77,4,1381.0,470.0,0.0,1270.0,403.0,0.0,3,1,0,0.060528822924921635,-0.03709237967685121,-0.021986164728498157,0.14550333945769564,-0.06928625157578122,-0.042423968110358916,0.22812036655367426,-0.11182446969032483,-0.06439875719932817
92,least_connections,1201,measured,408,408,17,heavy,1,100.0,80.85,4,0.0,1730.0,0.0,0.0,1617.0,0.0,0,4,0,-0.0765379870060893,0.09924554516506838,-0.02632266191490286,-0.39441852699965274,0.469704341066705,-0.1649278855479244,-0.26037666006215093,0.4217955245489615,-0.11478517916545797,36.26,37.19,3,400.0,0.0,869.0,342.0,0.0,848.0,1,0,2,-0.07897298200942818,-0.027284373109699285,0.07813701042869464,-0.13323822191792634,-0.06649734559309593,0.2028025537469344,-0.13321488861659814,-0.07199026602112786,0.21656721847830718,37.02,55.77,4,1851.0,0.0,0.0,1673.0,0.0,0.0,4,0,0,0.09784807334930551,-0.07664367231533703,-0.019892244278164998,0.21669349760458173,-0.1477351799971354,-0.038383590195086636,0.3279342998977688,-0.22271420273569073,-0.05826554222796358
92,least_connections,1202,measured,367,336,10,medium,1,100.0,80.85,4,453.0,1277.0,0.0,421.0,1196.0,0.0,1,3,0,-0.026164754683513897,0.046709688255923545,-0.02381574173253116,-0.08361676252349537,0.29046265779051084,-0.1492204678766935,-0.04512650196099369,0.19117214125858417,-0.10385325734017625,35.31,37.0,3,0.0,367.0,869.0,0.0,336.0,848.0,0,1,2,-0.11453564585433525,0.018398038841791347,0.0706953903878666,-0.22395022799377007,0.034706483238899605,0.18348802481865495,-0.2172241849388269,0.02986594979040813,0.1959417690994208,37.02,55.77,4,1851.0,0.0,0.0,1673.0,0.0,0.0,4,0,0,0.08852920922080022,-0.0693442749519716,-0.017997744823101666,0.19605602164224062,-0.13366516285455107,-0.03472801017650696,0.296702461812267,-0.20150332628467257,-0.05271644296815753
92,least_connections,1203,measured,361,315,15,medium,1,100.0,80.85,4,929.0,801.0,0.0,862.0,755.0,0.0,2,2,0,0.019411026941673376,-0.0008227537094931958,-0.021547575853242476,0.21145784978032955,-0.024311563586363216,-0.1350089947455798,0.1586712601305295,-0.026534729337471474,-0.09396247092682614,45.63,46.84,4,0.0,828.0,769.0,0.0,776.0,723.0,0,2,2,-0.10362748910630332,0.059729744893140015,0.06396249606521263,-0.20262163485150625,0.15057117191002484,0.1401626346998715,-0.19653616732560528,0.15142633552465498,0.1419383863280474,37.02,55.77,4,1851.0,0.0,0.0,1673.0,0.0,0.0,4,0,0,0.08009785596167639,-0.06274005828987907,-0.016283673887568174,0.17738401958107486,-0.12093514734459383,-0.03142058063588725,0.26844508449681304,-0.18231253330517994,-0.047695829352142526
92,least_connections,1204,measured,378,302,11,medium,0,100.0,95.95,5,929.0,1179.0,0.0,862.0,1057.0,0.0,2,3,0,0.01756235770913306,0.04233950401340637,-0.019495425771981288,0.1913190069441077,0.20600382342186185,-0.12215099524600079,0.14355971154666958,0.11261143536133528,-0.08501366417189031,45.63,46.84,4,0.0,1597.0,0.0,0.0,1499.0,0.0,0,4,0,-0.09375820442951252,0.14020899821397476,-0.028296970680227112,-0.18332433629421993,0.3350201759458048,-0.07197530329875573,-0.17781843710411907,0.341424422617545,-0.07599919808414762,28.18,42.0,3,1409.0,0.0,0.0,1260.0,0.0,0.0,3,0,0,0.029385588500473653,-0.056764814643223915,-0.014732847803037871,0.08050935104954393,-0.10941751426415633,-0.02842814438485037,0.1183233304177515,-0.1649494348951628,-0.043153369413843234
92,least_connections,1205,measured,444,410,16,heavy,2,100.0,95.95,5,929.0,1179.0,0.0,862.0,1057.0,0.0,2,3,0,0.01588975221302516,0.03830717029784386,-0.017638718555602118,0.17309814913990695,0.18638441166739883,-0.11051756712733404,0.12988735806603435,0.1018865367554938,-0.07691712472694838,45.63,46.84,4,367.0,1230.0,0.0,336.0,1163.0,0.0,1,3,0,-0.04174495139994443,0.08377186006207693,-0.025602021091634054,-0.07099412739545068,0.20824274422307507,-0.06512051250839805,-0.06588334785610774,0.21390781093968358,-0.0687611792189907,18.28,27.1,2,470.0,0.0,444.0,403.0,0.0,410.0,1,0,1,-0.059580839429276666,-0.05135864182005973,0.02975418078591358,-0.09707249190755549,-0.09899679861995096,0.05462215508037348,-0.15140587565378036,-0.1492399649051473,0.08460726894303072
92,least_connections,1206,measured,488,434,18,heavy,2,100.0,95.95,5,1327.0,781.0,0.0,1205.0,714.0,0.0,3,2,0,0.057460342705208695,-0.008425031862041493,-0.015958840597925725,0.3966761031900746,-0.07142997674536933,-0.09999208454377842,0.2726838001549835,-0.06298360960217225,-0.06959168427676282,45.63,46.84,4,367.0,1230.0,0.0,336.0,1163.0,0.0,1,3,0,-0.03776924174280685,0.07579358767521246,-0.023163733368621285,-0.06423278192921729,0.1884101019161155,-0.058918558936169665,-0.05960874329838321,0.19353563846923752,-0.06221249548384873,28.04,41.57,3,470.0,0.0,932.0,403.0,0.0,844.0,1,0,2,-0.053906473769345556,-0.046467342599101666,0.07000434950925061,-0.08782749267826451,-0.08956853208471754,0.13772480697748077,-0.13698626844865844,-0.13502663491418088,0.20743832269448811
92,least_connections,1207,measured,463,406,20,heavy,2,100.0,95.95,5,1730.0,378.0,0.0,1617.0,302.0,0.0,4,1,0,0.09507182934099381,-0.05070654810193777,-0.014438951017170893,0.46324663304498803,-0.30770648689660407,-0.09046902887294238,0.4330948668068898,-0.2433661229733939,-0.06296390482183303,45.63,46.84,4,367.0,1230.0,0.0,336.0,1163.0,0.0,1,3,0,-0.034172171100634766,0.06857515075376366,-0.020957663523990686,-0.05811537412643468,0.17046628268600927,-0.05330726760891541,-0.05393172012710863,0.1751036729007387,-0.056287495913958374,37.3,55.1,4,470.0,444.0,951.0,403.0,410.0,840.0,1,1,2,-0.048772523886550734,0.001042018827570143,0.0633372686036077,-0.07946296956604884,-0.0006953385528396805,0.12804625393200642,-0.12393995716783382,0.0014838382522490423,0.18647594275533053
92,least_connections,1208,measured,395,335,7,medium,1,100.0,95.95,5,2108.0,0.0,0.0,1919.0,0.0,0.0,5,0,0,0.12910126963051366,-0.08896125327136772,-0.01306381282505938,0.4191279060883225,-0.5064011071921656,-0.0818529308850431,0.5284667842538526,-0.35680744459497543,-0.056967342457848937,56.91,57.31,5,762.0,1230.0,0.0,671.0,1163.0,0.0,2,3,0,0.012166221611897343,0.06204418401530998,-0.018961695569324907,0.04952826694683121,0.15423139862067503,-0.048230384979494896,0.045921896075473145,0.15842713262447786,-0.05092678201739091,27.9,41.67,3,0.0,444.0,951.0,0.0,410.0,840.0,0,1,2,-0.08721142183839851,0.0009427789392301295,0.057305147784216484,-0.15694268675023468,-0.0006291158335216124,0.11585137260514866,-0.23367583426296076,0.0013425203234634087,0.1687163291595848
92,least_connections,1209,measured,352,319,11,medium,2,100.0,74.9,4,1655.0,0.0,0.0,1498.0,0.0,0.0,4,0,0,0.07372201039132643,-0.0804887529598089,-0.011819640175053724,0.37921096265133947,-0.4581724303167212,-0.07405741365789614,0.28768423337253335,-0.3228257832049778,-0.05154188127138713,56.91,57.31,5,762.0,1230.0,0.0,671.0,1163.0,0.0,2,3,0,0.011007533839335698,0.056135214109089976,-0.017155819800817772,0.04481128914237109,0.13954269399013453,-0.043637014981447765,0.04154838216352333,0.14333883427928948,-0.04607661230144892,34.94,52.3,4,0.0,796.0,951.0,0.0,729.0,840.0,0,2,2,-0.07890557213950342,0.04393689069558463,0.051847514661910156,-0.14199576420259327,0.0631260380553852,0.10481790854751546,-0.21142099290458355,0.09742101045138754,0.15264810733486242
92,least_connections,1210,measured,371,344,10,medium,0,100.0,70.05,4,1179.0,371.0,0.0,1057.0,344.0,0.0,3,1,0,0.023616966317776072,-0.02973925721306972,-0.010693960158381942,0.14947658525597385,-0.19075918298497,-0.06700432664285842,0.06078573495610157,-0.13646142289974184,-0.04663313067411217,56.91,57.31,5,1223.0,769.0,0.0,1111.0,723.0,0.0,3,2,0,0.05304309750996586,0.007705103014800235,-0.015521932200739889,0.159713615346499,0.007082845582910835,-0.03948110879273845,0.1619961552908068,0.005282754824119051,-0.041688363510834735,34.94,52.3,4,0.0,1284.0,463.0,0.0,1163.0,406.0,0,3,1,-0.071390755745265,0.08283632514181014,0.0038257558959232524,-0.12847235808806057,0.14541879633582466,0.006530488685847324,-0.19128566024700416,0.21903170786871573,0.007221303461700884
92,least_connections,1211,measured,495,413,17,heavy,0,100.0,90.7,5,1179.0,371.0,495.0,1057.0,344.0,413.0,3,1,1,0.021367731430368825,-0.026906947002301174,0.0334084124644118,0.13524071999350018,-0.17259164174830618,0.23794846637074715,0.05499661734123473,-0.12346509690929025,0.1446414531996128,56.91,57.31,5,1992.0,0.0,0.0,1834.0,0.0,0.0,5,0,0,0.1341591743911029,-0.07919651677345738,-0.014043652943526566,0.34329191048356716,-0.19238082678552967,-0.03572100319343003,0.35098759288215853,-0.19964000754008276,-0.03771804317646952,34.94,52.3,4,0.0,1284.0,463.0,0.0,1163.0,406.0,0,3,1,-0.06459163615047786,0.0749471513187806,0.003461398191549614,-0.11623689541300718,0.13156938716098424,0.005908537382433299,-0.17306797831871806,0.19817154521455232,0.00653356027487223
92,least_connections,1212,measured,414,449,15,heavy,2,100.0,90.7,5,1179.0,371.0,495.0,1057.0,344.0,413.0,3,1,1,0.01933270938938131,-0.024344380621129633,0.030226658896372584,0.1223606514226907,-0.15615434253418178,0.21528670766877123,0.04975884426111715,-0.1117065162512626,0.13086607670441158,46.43,46.81,4,1625.0,0.0,0.0,1498.0,0.0,0.0,4,0,0,0.07829820993662144,-0.07165399136646143,-0.012706162187000226,0.2157266945191458,-0.1740588432821459,-0.03231900288929384,0.22256020308385774,-0.1806266734886463,-0.03412584858823433,43.22,67.27,5,0.0,1284.0,877.0,0.0,1163.0,855.0,0,3,2,-0.058440051755194254,0.06780932738365864,0.04621564144768321,-0.10516671489748268,0.11903896933612859,0.08026010525077298,-0.1565853137169354,0.1792980647179283,0.1413240148518685
92,least_connections,1213,measured,491,440,12,heavy,1,100.0,73.55,4,1152.0,0.0,495.0,1058.0,0.0,413.0,3,0,1,0.017491498971345,-0.06510976840777942,0.027347929477670434,0.0944215417633868,-0.365060278165847,0.19478321170031682,0.045472287664820366,-0.25668684803685665,0.11840264082780094,60.46,60.56,5,1625.0,491.0,0.0,1498.0,440.0,0.0,4,1,0,0.07084123756170511,-0.02174590148575535,-0.011496051502524014,0.1951812950411319,-0.03055664052058099,-0.029241002614122998,0.20136399326634746,-0.03901937125163238,-0.03087576777030725,43.22,67.27,5,352.0,1809.0,0.0,319.0,1699.0,0.0,1,4,0,-0.009790432313656477,0.10443519643101995,-0.044353648667515636,-0.03145559919296052,0.20270192463744974,-0.08607895239215778,-0.04546607748992568,0.32387285220510975,-0.12999255799116657
92,least_connections,1214,measured,384,333,11,medium,0,100.0,69.6,4,749.0,879.0,0.0,646.0,746.0,0.0,2,2,0,-0.027258258300302374,0.027258962370285744,-0.018340535461246022,-0.1576503511029675,0.19989784356423362,-0.12233899893780861,-0.14523935877944827,0.10523570891903444,-0.07970713448913247,60.46,60.56,5,1625.0,491.0,0.0,1498.0,440.0,0.0,4,1,0,0.06409445303201891,-0.01967486324901674,-0.010401189454664584,0.17659260027530982,-0.027646484280525657,-0.02645614522230176,0.1821864700981239,-0.03530324065623883,-0.027935218458849418,43.22,67.27,5,796.0,1365.0,0.0,729.0,1289.0,0.0,2,3,0,0.03422589003821103,0.051405087020355913,-0.040129491651561766,0.05188302930160714,0.10305412229102598,-0.07788095692623799,0.08251481877895614,0.1693770250109723,-0.11761231437296023
92,least_connections,1215,measured,468,438,16,heavy,0,100.0,76.4,4,371.0,879.0,468.0,344.0,746.0,438.0,1,2,1,-0.06774613392703094,0.024662870715972812,0.026490082428487157,-0.3706360319503039,0.1808599537009733,0.17159804858007793,-0.2680260865147389,0.09521326045055495,0.12602687831935633,49.17,50.09,4,1230.0,491.0,0.0,1163.0,440.0,0.0,3,1,0,0.014906319183164513,-0.01780106674911039,-0.009410599982791767,0.057665413854532,-0.025013485777618444,-0.023936512343987307,0.07011811580306448,-0.03194102726040657,-0.02527472146276852,43.22,67.27,5,796.0,1365.0,0.0,729.0,1289.0,0.0,2,3,0,0.030966281463143314,0.04650936444698868,-0.03630763530379398,0.04694178841573979,0.09323944397759493,-0.07046372293326295,0.07465626460953176,0.15324587977183207,-0.10641114157553544
92,least_connections,1216,measured,367,323,13,medium,0,100.0,92.55,5,371.0,1246.0,468.0,344.0,1069.0,438.0,1,3,1,-0.06129412117207561,0.06539792611263753,0.023967217435297904,-0.33533736224075117,0.3850002755707219,0.15525537728673716,-0.24249979256095427,0.232264378502883,0.11402431847941764,49.17,50.09,4,1230.0,491.0,0.0,1163.0,440.0,0.0,3,1,0,0.013486669737148849,-0.01610572705871892,-0.008514352365383027,0.05217346967790987,-0.02263124903689287,-0.021656844501702802,0.06344020001229644,-0.028899024664177375,-0.022867605132981042,43.22,67.27,5,796.0,1365.0,0.0,729.0,1289.0,0.0,2,3,0,0.02801711179998681,0.04207990116632308,-0.03284976527486122,0.042471141899955045,0.0843594969321097,-0.0637528921777141,0.06754614417052873,0.13865103407927665,-0.09627674713977016
92,least_connections,1217,measured,466,447,18,heavy,1,100.0,92.55,5,371.0,1714.0,0.0,344.0,1507.0,0.0,1,4,0,-0.05545658582235412,0.10225345242390561,-0.0213992749281545,-0.30340047059877484,0.5015399318655738,-0.1418165634072378,-0.2194045742218158,0.40828681864546557,-0.09497799756624117,49.31,50.31,4,769.0,491.0,466.0,723.0,440.0,447.0,2,1,1,-0.030881675226479832,-0.014571848291221878,0.035380438562839386,-0.07196550022338763,-0.02047589198576022,0.1008682971515206,-0.06700648570316037,-0.0261467366009224,0.10569419059396953,43.22,67.27,5,1284.0,877.0,0.0,1163.0,855.0,0.0,3,2,0,0.06843271566484067,-0.0050116086953221894,-0.029721216201064913,0.12673103314757833,-0.011979502775710305,-0.057681188160788946,0.1920020669479387,-0.005442715198114789,-0.08710753312645872
92,least_connections,1218,measured,416,422,12,heavy,1,100.0,92.55,5,755.0,1330.0,0.0,677.0,1174.0,0.0,2,3,0,-0.0070911059934677945,0.04943112815677628,-0.019361248744520738,-0.04288614006555813,0.35123454152917,-0.1283102240351199,-0.047866043343547604,0.21875950258399268,-0.08593247398850391,39.23,40.91,3,491.0,416.0,466.0,440.0,422.0,447.0,1,1,1,-0.07102446352690578,-0.013184053215867408,0.03201087298542611,-0.13697558863748677,-0.03791356213677624,0.0912617926608996,-0.14063979658857367,-0.02874585692464407,0.09562807720406767,43.22,67.27,5,1284.0,877.0,0.0,1163.0,855.0,0.0,3,2,0,0.06191531417295108,-0.004534312629101034,-0.026890624181915873,0.11466141094304708,-0.010838597749452172,-0.052187741669285234,0.1737161558100398,-0.004924361369722907,-0.0788115775906055
92,least_connections,1219,measured,490,421,16,heavy,1,100.0,92.55,5,755.0,1330.0,0.0,677.0,1174.0,0.0,2,3,0,-0.006415762565518485,0.04472340166565472,-0.01751732029266162,-0.03880174577360018,0.3177836328121062,-0.11609020269844182,-0.04330737254892403,0.19792526424266005,-0.07774842884674163,53.23,54.06,4,491.0,416.0,956.0,440.0,422.0,868.0,1,1,2,-0.0642602289052957,-0.011928429100070512,0.0720461186421429,-0.12393029448153564,-0.03430274669517849,0.2092368600265282,-0.12724553024680474,-0.026008156265154153,0.20555337937510884,43.22,67.27,5,1284.0,877.0,0.0,1163.0,855.0,0.0,3,2,0,0.05601861758505097,-0.0041024733310914,-0.024329612355066744,0.1037412765675188,-0.00980635034474242,-0.04721748055792473,0.15717176001860744,-0.004455374572606419,-0.07130571305816688
92,least_connections,1220,measured,473,430,13,heavy,1,100.0,75.35,4,384.0,1330.0,0.0,333.0,1174.0,0.0,1,3,0,-0.048888637786036,0.04046403007844951,-0.015849004074312896,-0.2588841191919874,0.287518524925239,-0.10503399291763783,-0.19480190849664555,0.17907523907669243,-0.07034381657562339,66.74,67.5,5,491.0,889.0,956.0,440.0,852.0,868.0,1,2,2,-0.05814020710479134,0.032291511993360236,0.06518458353336738,-0.11212740929281795,0.09123629040504261,0.1893095400240017,-0.11512690831853761,0.09804619195057482,0.1859768670536699,36.18,56.63,4,1809.0,0.0,0.0,1699.0,0.0,0.0,4,0,0,0.09376741137513682,-0.0898795620387879,-0.02201250641648896,0.1888611549896599,-0.16756765031190982,-0.04272057764764619,0.30385381462000993,-0.26188819604188196,-0.06451469276691289
92,least_connections,1221,measured,377,328,14,medium,0,100.0,91.75,5,879.0,1212.0,0.0,746.0,1089.0,0.0,2,3,0,-0.0011486768177513818,0.036610312928120975,-0.014339575114854525,0.06434293977867811,0.18896120509108916,-0.09503075549691042,0.01058398755065404,0.12356807345034082,-0.06364440547318306,66.74,67.5,5,491.0,1845.0,0.0,440.0,1720.0,0.0,1,4,0,-0.052603044523382644,0.11538393035226924,-0.027191272494753768,-0.10144860840778766,0.3296763715909569,-0.07584919167896444,-0.10416244085962928,0.3341251260505201,-0.07715188218953674,27.3,42.97,3,1365.0,0.0,0.0,1289.0,0.0,0.0,3,0,0,0.04175328149360451,-0.08131960374937953,-0.0199160772339662,0.0905315211811209,-0.1516088264726803,-0.03865195120501322,0.15126456243397723,-0.23694646308551226,-0.05837043631292119
92,least_connections,1222,measured,189,115,7,light,2,100.0,91.75,5,1246.0,845.0,0.0,1069.0,766.0,0.0,3,2,0,0.04204462120117278,-0.009960283767981248,-0.012973901294392189,0.2795801201172168,-0.05040017952076059,-0.08598020735434753,0.15569503635535364,-0.03431936211635833,-0.05758303352335611,66.74,67.5,5,491.0,1845.0,0.0,440.0,1720.0,0.0,1,4,0,-0.047593230759250954,0.10439498460443407,-0.02460162749525341,-0.09178683617847455,0.2982786219156277,-0.06862545913811068,-0.09424220839680744,0.3023036854742801,-0.06980408388577133,31.08,46.8,4,1554.0,0.0,0.0,1404.0,0.0,0.0,4,0,0,0.08086067872097097,-0.07357487958277197,-0.01801930797358847,0.11610947154482365,-0.13716989061813933,-0.03497081299501196,0.171540953313281,-0.2143801332678444,-0.052811347140262026
92,least_connections,1223,measured,351,338,9,medium,2,100.0,91.75,5,1246.0,845.0,0.0,1069.0,766.0,0.0,3,2,0,0.038040371562965844,-0.009011685313887796,-0.011738291647307218,0.25295344201081515,-0.045600162423545254,-0.077791616177743,0.14086693765484376,-0.031050851438609917,-0.052098935092560285,66.74,67.5,5,907.0,1429.0,0.0,862.0,1298.0,0.0,2,3,0,2.3358111244597968e-05,0.05136870489154012,-0.022258615352848322,0.024492182233080806,0.16233371914815298,-0.06208970112495728,0.03404871621241229,0.15419738209577727,-0.06315607589665026,38.1,58.07,5,1554.0,351.0,0.0,1404.0,338.0,0.0,4,1,0,0.07315966169992612,-0.023483847967179172,-0.016303183404675282,0.10505142663579281,-0.06059180579736416,-0.03164025937643939,0.15520371966439706,-0.09202646978201795,-0.04778169503166564
92,least_connections,1224,measured,418,403,15,heavy,0,100.0,100.0,6,1714.0,377.0,418.0,1507.0,328.0,403.0,4,1,1,0.07750137925991694,-0.051237329796465364,0.032463541117288934,0.38206898721613436,-0.3235430040974933,0.18174409329950236,0.32559389597343,-0.22623648463493282,0.13517239205911213,66.74,67.5,5,907.0,1429.0,0.0,862.0,1298.0,0.0,2,3,0,2.1133529221312175e-05,0.046476447282822006,-0.020138747224005625,0.022159593448977888,0.146873364943567,-0.05617639625591373,0.0308059813350397,0.1395119171342747,-0.05714121152554071,28.34,43.6,4,1066.0,351.0,0.0,970.0,338.0,0.0,3,1,0,0.02310817464460435,-0.02124729101792401,-0.014750499270896684,0.006741766956193468,-0.054821157626186626,-0.02862690134058802,0.009533524140803606,-0.08326204408849244,-0.043231057409602244
92,least_connections,1225,measured,190,116,1,light,2,100.0,95.25,5,1330.0,795.0,0.0,1174.0,731.0,0.0,3,2,0,0.027036395294119872,-0.0032736838748065322,-0.01371212493016262,0.24314178208443904,-0.04060240053265263,-0.08769185209410103,0.1439420963569129,-0.022380628955415427,-0.06001069289889856,52.71,53.75,4,416.0,1429.0,0.0,422.0,1298.0,0.0,1,3,0,-0.04306477941460475,0.04205011897017229,-0.01822077129790985,-0.10687601409038053,0.1328854254251321,-0.050826263279160046,-0.09653268355401168,0.12622506788339138,-0.05169919138025112,32.14,47.47,5,1607.0,0.0,0.0,1424.0,0.0,0.0,5,0,0,0.10707519656053771,-0.06230763971916481,-0.013345689816525572,0.1039949320079846,-0.11311438070940695,-0.02590052978434154,0.14554620438136207,-0.17726883354038206,-0.03911381384678298
92,least_connections,1226,measured,154,104,2,light,1,100.0,95.25,5,1330.0,795.0,0.0,1174.0,731.0,0.0,3,2,0,0.02446150050420369,-0.0029619044581583043,-0.012406208270147132,0.21998542188592107,-0.036735505243828515,-0.07934024713275808,0.13023332527530213,-0.020249140483471095,-0.05429538881328917,57.11,57.0,5,1043.0,956.0,0.0,956.0,868.0,0.0,3,2,0,0.04720442860220567,-0.00503855449183957,-0.01648545974572796,0.06538428657128836,-0.002042438220798859,-0.0459856667763829,0.06364304821303707,-0.007373748105503064,-0.04677545886784625,28.34,43.6,4,1417.0,0.0,0.0,1308.0,0.0,0.0,4,0,0,0.05379365856611007,-0.05637357879353007,-0.012074671738761231,0.05970970038817652,-0.10234158254660629,-0.0234338126620233,0.09670053412281965,-0.1603860874889171,-0.035388688718517934
92,least_connections,1227,measured,192,105,2,light,2,100.0,95.25,5,1330.0,795.0,0.0,1174.0,731.0,0.0,3,2,0,0.02213183378951762,-0.002679818319286098,-0.011224664625371215,0.1990344293253572,-0.03323688569679717,-0.07178403312011446,0.11783015143955905,-0.018320650913616676,-0.04912439940249973,57.11,57.0,5,1043.0,956.0,0.0,956.0,868.0,0.0,3,2,0,0.04270876873532893,-0.004558692159283423,-0.014915415960420534,0.05915721165973711,-0.001847920295008465,-0.041606079464346434,0.057581805526081165,-0.006671486381169434,-0.042320653261384705,14.64,18.6,3,732.0,0.0,0.0,558.0,0.0,0.0,3,0,0,0.00558655276162795,-0.051004666527479585,-0.010924703001736352,-0.0699293186964117,-0.09259476516121522,-0.021202020979925844,-0.13869951674602032,-0.14511122201378215,-0.03201833741199242
92,least_connections,1228,measured,361,329,13,medium,2,100.0,74.6,4,1212.0,418.0,0.0,1089.0,403.0,0.0,3,1,0,0.020024040095277848,-0.045508497753730504,-0.010155648946764432,0.10890416621500565,-0.25746829340821337,-0.06494745853724641,0.06815585130245816,-0.1649567793980341,-0.044445885173690226,52.71,53.75,4,1845.0,0.0,0.0,1720.0,0.0,0.0,4,0,0,0.08172516717776926,-0.09029233145477117,-0.013494900154666197,0.2608429193928234,-0.2488011795866403,-0.03764359570583725,0.2681097288093115,-0.2514527733924866,-0.03829011485553854,21.86,29.57,4,732.0,361.0,0.0,558.0,329.0,0.0,3,1,0,0.005054500117663396,-0.0030631790123908237,-0.00988425509680908,-0.06326938358246773,-0.018452406574432825,-0.01918278088659957,-0.12549003896068506,-0.03206888340929498,-0.02896897194418362
92,least_connections,1229,measured,471,428,16,heavy,0,100.0,79.85,4,845.0,418.0,471.0,766.0,403.0,428.0,2,1,1,-0.024966911569125033,-0.04117435511051808,0.03389545594158955,-0.12283273850388376,-0.23294750355981214,0.2253332517996342,-0.08445422977396644,-0.1492466099315547,0.15340610389047074,52.71,53.75,4,1845.0,0.0,0.0,1720.0,0.0,0.0,4,0,0,0.07394181792274361,-0.08169306179241201,-0.012209671568507512,0.23600073659350684,-0.22510582914981742,-0.03405849135290037,0.24257546892271042,-0.2275048902122498,-0.03464343725024916,14.24,22.23,2,351.0,361.0,0.0,338.0,329.0,0.0,1,1,0,-0.08159468129943834,-0.002771447677877417,-0.008942897468541548,-0.12618658514604225,-0.01669503451972494,-0.01735584937359009,-0.17988781302792137,-0.02901470403698117,-0.02621002223521375
92,least_connections,1230,measured,374,311,12,medium,2,100.0,79.85,4,845.0,418.0,471.0,766.0,403.0,428.0,2,1,1,-0.022589110467303608,-0.0372529879571354,0.03066731728048578,-0.1111343824558948,-0.21076202703030622,0.20387294210443097,-0.07641096979549344,-0.13503264708093043,0.13879599875804496,40.83,40.56,3,1429.0,0.0,0.0,1298.0,0.0,0.0,3,0,0,0.02381583979858208,-0.07391277019313468,-0.01104684570484013,0.1059870609995674,-0.20366717875459672,-0.030814825509767003,0.10015756712054757,-0.20583775781108316,-0.03134406227403495,21.72,32.6,3,351.0,735.0,0.0,338.0,640.0,0.0,1,2,0,-0.0738237592709204,0.04057639994677304,-0.008091192947728067,-0.11416881513213346,0.05257115924405838,-0.01570291133801008,-0.1627556403585955,0.0675422519030488,-0.02371382964138387
92,least_connections,1231,measured,354,343,16,medium,1,84.4,57.95,3,377.0,889.0,0.0,328.0,831.0,0.0,1,2,0,-0.06352166684003206,0.00937881588458725,-0.015337279830127375,-0.3828358698410476,0.09340578506781816,-0.09963876666741962,-0.26727659171973217,0.07144665264106287,-0.06804171540938789,50.94,51.28,4,1429.0,0.0,354.0,1298.0,0.0,343.0,3,0,1,0.0215476645796695,-0.06687345874616947,0.033089135065235344,0.09589305519008479,-0.18427030458749227,0.06363012385851013,0.09061875120430496,-0.18623416182907523,0.06862025318063505,21.72,32.6,3,351.0,735.0,0.0,338.0,640.0,0.0,1,2,0,-0.06679292505464227,0.03671198090422323,-0.007320603143182536,-0.10329559464335887,0.04756438217319567,-0.014207395972485312,-0.14725510318158644,0.061109656483710806,-0.021455369675537787
92,least_connections,1232,measured,376,336,7,medium,0,100.0,74.75,4,1171.0,471.0,0.0,1067.0,428.0,0.0,3,1,0,0.028695816169676203,-0.034598304902607,-0.013876586512972387,0.13254532411206787,-0.16761698811324388,-0.09014936031814157,0.09248784558690892,-0.11766731427713359,-0.06156155203706523,50.94,51.28,4,1429.0,0.0,354.0,1298.0,0.0,343.0,3,0,1,0.01949550604827241,-0.06050455791320095,0.029937788868546266,0.08676038326721952,-0.16672075176963586,0.05757011206246155,0.08198839394675211,-0.16849757498821094,0.06208499097295552,14.7,21.33,2,0.0,735.0,0.0,0.0,640.0,0.0,0,2,0,-0.10351559432381466,0.033215601770487685,-0.006623402843831818,-0.1569722046773247,0.0430344410138437,-0.012854310641772426,-0.23516731557699092,0.05528968919954788,-0.01941200113501038
92,least_connections,1233,measured,360,331,12,medium,2,100.0,74.75,4,1171.0,471.0,0.0,1067.0,428.0,0.0,3,1,0,0.02596288129637371,-0.03130322824521585,-0.012555006845070254,0.11992195991091847,-0.15165346543579206,-0.08156370695450904,0.08367947934053666,-0.10646090339359707,-0.05569854708115426,37.43,37.84,3,956.0,354.0,0.0,868.0,343.0,0.0,2,1,0,-0.025445109040225178,-0.011658318837567308,-0.0159973293456917,-0.04377461922081499,-0.05933238085279979,-0.03942295983464363,-0.04739740547674809,-0.05547102022742893,-0.04080703197684977,21.9,32.37,3,0.0,1095.0,0.0,0.0,971.0,0.0,0,3,0,-0.09365696629297517,0.07313611135243671,-0.005992602572990693,-0.14202247089853187,0.10407877996490622,-0.011630090580651243,-0.21277042837918225,0.14984940133927346,-0.017563239122152248
92,least_connections,1234,measured,417,441,18,heavy,1,100.0,74.75,4,1171.0,471.0,0.0,1067.0,428.0,0.0,3,1,0,0.023490225934814313,-0.028321968412338153,-0.011359291907444516,0.10850082087178337,-0.1372102782514309,-0.07379573486360341,0.07571000511762838,-0.09632176973706405,-0.050393923549615756,49.34,51.62,4,956.0,354.0,417.0,868.0,343.0,441.0,2,1,1,-0.023021765322108506,-0.010548002757798991,0.028610126056845833,-0.03960560786645162,-0.0536816779144379,0.0721275261360027,-0.04288336685991495,-0.050188065920054745,0.08776685202094545,21.9,32.37,3,361.0,734.0,0.0,329.0,642.0,0.0,1,2,0,-0.04165335499069635,0.023086867187352034,-0.00542187851842015,-0.06317271176533835,0.028842705682534206,-0.010522462906303506,-0.09328435583513317,0.03635580756092996,-0.015890549681947273
92,least_connections,1235,measured,398,326,11,medium,2,84.33,58.35,3,794.0,471.0,0.0,739.0,428.0,0.0,2,1,0,-0.02183083866668728,-0.02562463808735356,-0.01027745458292599,-0.1292294160366404,-0.12414263270367554,-0.06676756963849832,-0.07988142394119341,-0.08714826785734367,-0.04559450225917616,22.03,24.5,2,0.0,354.0,417.0,0.0,343.0,441.0,0,1,1,-0.1069970166973272,-0.009543431066580038,0.02588535214667004,-0.2829628969131841,-0.0485691371606819,0.06525823793257388,-0.28421590334944685,-0.0454082501181448,0.07940810420942684,29.86,43.23,4,735.0,758.0,0.0,640.0,657.0,0.0,2,2,0,0.005397531425651136,0.020888117931413736,-0.00490550913571347,0.010519927450408167,0.030438638474673804,-0.009520323581893649,0.009393519323768418,0.03741715922179378,-0.014377163997952296
92,least_connections,1236,measured,197,107,5,light,1,84.33,58.35,3,794.0,471.0,0.0,739.0,428.0,0.0,2,1,0,-0.019751711174621822,-0.023184196364748458,-0.009298649384552087,-0.11692185260457932,-0.11231952482713498,-0.060408753482450867,-0.0722736692801274,-0.07884843282331097,-0.04125216871068319,27.66,27.84,3,197.0,354.0,417.0,107.0,343.0,441.0,1,1,1,-0.05372292440415771,-0.008634532869762887,0.023420080513653848,-0.20508887952009175,-0.043943505050140774,0.05904316765328112,-0.22689474588759478,-0.041083654868797656,0.07184542761805286,29.86,43.23,4,735.0,758.0,0.0,640.0,657.0,0.0,2,2,0,0.0048834808136843655,0.018898773366517185,-0.004438317789455044,0.009518029597988337,0.027539720524704867,-0.008613626097903778,0.008498898435790464,0.03385362024828961,-0.0130079102838616
92,least_connections,1237,measured,378,328,14,medium,0,100.0,74.75,4,794.0,849.0,0.0,739.0,756.0,0.0,2,2,0,-0.01787059582465783,0.022107722563413534,-0.00841306372888046,-0.1057864380708099,0.12637757277544925,-0.05465553886507459,-0.06539046268202003,0.07704189411224249,-0.03732339073823717,27.66,27.84,3,197.0,354.0,417.0,107.0,343.0,441.0,1,1,1,-0.04860645541328555,-0.007812196405975941,0.021189596655210623,-0.185556605280083,-0.03975840933107974,0.05342000882915911,-0.20528572246972862,-0.03717092583367408,0.06500300594014306,29.86,43.23,4,735.0,758.0,0.0,640.0,657.0,0.0,2,2,0,0.004418387402857271,0.017098890188753657,-0.004015620857125992,0.00861155058865612,0.024916889998542496,-0.007793280755246276,0.007689479537143745,0.030629465938928707,-0.011769061685398591
92,least_connections,1238,measured,197,110,5,light,1,100.0,74.75,4,1265.0,378.0,0.0,1167.0,328.0,0.0,3,1,0,0.0269152659092098,-0.023081675050335593,-0.007611819564225178,0.18838369888831485,-0.16975362463173638,-0.0494502494493532,0.134456248049601,-0.12391447675559017,-0.0337687820965003,33.29,31.28,4,394.0,771.0,0.0,217.0,784.0,0.0,2,2,0,-0.0008933689566914538,0.036015722526112466,-0.023912360395852518,-0.1169593775663336,0.07182402421065573,-0.05946352942667918,-0.15463351080594495,0.09105666234096155,-0.06587525653034676,29.86,43.23,4,1095.0,398.0,0.0,971.0,326.0,0.0,3,1,0,0.047081488829342516,-0.02761347577026596,-0.003633180775494945,0.07293426005640316,-0.04259900428703299,-0.007051063540460916,0.10678254497805068,-0.07211302288065183,-0.010648198667741582
92,least_connections,1239,measured,448,441,18,heavy,0,86.47,59.85,3,471.0,378.0,448.0,428.0,328.0,441.0,1,1,1,-0.06181589320232492,-0.02088342028363696,0.03619701585912506,-0.3084782406883501,-0.15358661276204721,0.2254815203394741,-0.2126586327170277,-0.11211309801696254,0.16894729238888068,33.29,31.28,4,394.0,771.0,0.0,217.0,784.0,0.0,2,2,0,-0.0008082861989113233,0.032585653714101756,-0.021634992739104658,-0.10582038922668277,0.06498364095249803,-0.05380033614794783,-0.13990650977680735,0.08238459926087,-0.05960142257507564,29.86,43.23,4,1493.0,0.0,0.0,1297.0,0.0,0.0,4,0,0,0.08568143773901965,-0.0680675211617599,-0.0032871635587811408,0.13800718767007902,-0.11056100387874414,-0.006379533679464639,0.19493023910712523,-0.1635625762570977,-0.00963408450890905
92,least_connections,1240,measured,427,447,17,heavy,0,100.0,82.2,4,471.0,378.0,875.0,428.0,328.0,888.0,1,1,2,-0.055928665278293974,-0.01889452311376677,0.07583358124215624,-0.2790993606227929,-0.13895931630851893,0.4615626453865083,-0.1924054296011203,-0.10143566011058516,0.3550713597804159,33.29,31.28,4,748.0,417.0,0.0,560.0,441.0,0.0,3,1,0,0.0423525936658376,-0.013601642104474829,-0.01957451724014231,-0.004232052837746997,-0.03271548131508682,-0.04867649461004804,-0.0296029136075876,-0.022440719716355723,-0.05392509661554463,29.86,43.23,4,1493.0,0.0,0.0,1297.0,0.0,0.0,4,0,0,0.07752130081149397,-0.06158490009873515,-0.0029741003627067465,0.12486364598721436,-0.10003138446172088,-0.005771959043325149,0.17636545443025614,-0.147985188042136,-0.008716552650917711
92,least_connections,1241,measured,365,344,10,medium,0,100.0,99.4,5,471.0,743.0,875.0,428.0,672.0,888.0,1,2,2,-0.05060212572798026,0.02598885550477792,0.06861133540956993,-0.2525184691349079,0.09443363445102254,0.41760429820684086,-0.1740811029724422,0.06384392656661347,0.32125503980132863,27.66,27.94,3,551.0,417.0,0.0,453.0,441.0,0.0,2,1,0,-0.004764886910047145,-0.012306247618334362,-0.0177102775029859,-0.054754170254560225,-0.02959972118984046,-0.04404063798051966,-0.057036564692579256,-0.020303508314798047,-0.048789373128349904,22.64,32.27,3,1132.0,0.0,0.0,968.0,0.0,0.0,3,0,0,0.027054419555070514,-0.05571967151790323,-0.002690852709115628,0.04764806065509872,-0.090504585941557,-0.005222248658246564,0.0603465222622952,-0.13389136060955162,-0.007886404779401739
92,least_connections,1242,measured,483,410,17,heavy,1,100.0,99.4,5,471.0,743.0,875.0,428.0,672.0,888.0,1,2,2,-0.0457828756586488,0.02351372640908478,0.06207692251342041,-0.22846909112205954,0.08543995497949658,0.3778324602823798,-0.1575019503084001,0.0577635526078884,0.29065932172501163,41.46,40.75,4,551.0,417.0,483.0,453.0,441.0,410.0,2,1,1,-0.004311088156709331,-0.011134224035635854,0.027060315819293936,-0.04953948737317354,-0.02678070012414137,0.08501085135095841,-0.05160451091233362,-0.01836984085624585,0.0717798528838739,15.16,21.9,2,758.0,0.0,0.0,657.0,0.0,0.0,2,0,0,-0.01860609205788405,-0.05041303613524578,-0.002434581022533187,-0.02456604035967258,-0.08188510156617061,-0.004724891643175463,-0.03919441636585988,-0.12113980245626099,-0.007135318609934907
92,least_connections,1243,measured,370,309,9,medium,2,100.0,99.4,5,471.0,1618.0,0.0,428.0,1560.0,0.0,1,4,0,-0.041422601786396535,0.10744212434744858,-0.030002965798515316,-0.20671013006281574,0.5339059910131954,-0.18592936133181512,-0.14250176456474298,0.4539765475976133,-0.13873680415356088,35.83,37.31,3,354.0,417.0,483.0,343.0,441.0,410.0,1,1,1,-0.046984408559018184,-0.010073821746527684,0.024483142884123087,-0.09574661102470802,-0.024230157255175536,0.07691457979372428,-0.07779098606353994,-0.016620332203270055,0.06494367641874305,22.56,32.2,3,758.0,370.0,0.0,657.0,309.0,0.0,2,1,0,-0.01683408329046651,-0.002527894371798345,-0.002202716163244312,-0.022226417468275195,-0.007134139512249615,-0.004274901962873038,-0.03546161480720658,-0.016412202222331376,-0.006455764456607773
92,least_connections,1244,measured,150,116,1,light,1,100.0,99.4,5,1214.0,875.0,0.0,1100.0,888.0,0.0,3,2,0,0.04869020836106072,0.011041740622748264,-0.027145540484371,0.26113527914951595,0.10607367440876403,-0.1682218031097375,0.17506983206047072,0.10674068592165015,-0.12552377518655508,40.11,40.94,4,504.0,417.0,483.0,459.0,441.0,410.0,2,1,1,0.0005741972447885213,-0.009114410151620289,0.022151414990397078,-0.0478523759611304,-0.02192252323087311,0.06958938171813149,-0.03758470167653613,-0.015037443422006247,0.05875856437886276,22.56,32.2,3,758.0,370.0,0.0,657.0,309.0,0.0,2,1,0,-0.015230837262803026,-0.0022871425268651685,-0.0019929336715067587,-0.020109615804629943,-0.0064546976539401335,-0.003867768442599415,-0.0320843181589012,-0.014849135344014108,-0.005840929746454652
92,least_connections,1245,measured,192,106,2,light,2,100.0,78.0,4,743.0,875.0,0.0,672.0,888.0,0.0,2,2,0,0.0009691454332499405,0.009990146277724626,-0.024560250914430905,-0.04782998553139034,0.09597141970316742,-0.1522006790040482,-0.035222532897669356,0.09657490631006443,-0.1135691299306927,35.83,37.31,3,771.0,483.0,0.0,784.0,410.0,0.0,2,1,0,0.0005195117929039095,-0.008246371089561208,-0.023042143806874298,0.02572540134129017,-0.0027734393857559436,-0.06189532130264295,0.05788467467361019,-0.0223701869056247,-0.06276010841912416,19.2,24.7,3,960.0,0.0,0.0,741.0,0.0,0.0,3,0,0,0.02930361889374511,-0.04515321965582585,-0.0018031304646965913,0.018357966652953833,-0.07279234549642202,-0.003499409543304233,-0.0036953354771011027,-0.1066254081683937,-0.0052846507229827805
92,least_connections,1246,measured,485,446,18,heavy,1,100.0,78.0,4,743.0,875.0,0.0,672.0,888.0,0.0,2,2,0,0.0008768458681785163,0.009038703775084173,-0.02222117939877082,-0.04327474881411503,0.08683128449334193,-0.1377053762417579,-0.031868005955034195,0.08737729618529644,-0.10275302231824578,49.69,51.25,4,771.0,483.0,485.0,784.0,410.0,446.0,2,1,1,0.00047003447929400144,-0.007461002414364898,0.02223624630625205,0.023275363118310133,-0.0025093023013982307,0.06937362086223461,0.05237184851421872,-0.020239692914612806,0.06931823523984004,11.24,13.83,2,562.0,0.0,0.0,415.0,0.0,0.0,2,0,0,-0.016571102180035602,-0.04085291302193768,-0.0016314037537731065,-0.05540945874256559,-0.06585974116342945,-0.003166132443941925,-0.10166085908245653,-0.09647060739045145,-0.004781350654127278
92,least_connections,1247,measured,377,336,12,medium,2,100.0,78.0,4,743.0,875.0,0.0,672.0,888.0,0.0,2,2,0,0.0007933367378757938,0.008177874844123773,-0.020104876598887884,-0.03915334416515165,0.07856163835111885,-0.12459057850444763,-0.028832957768840484,0.07905564892955397,-0.09296702019269856,39.57,40.53,3,417.0,483.0,485.0,441.0,410.0,446.0,1,1,1,-0.042658630935967556,-0.006750430755853951,0.020118508562799474,-0.07045154221268539,-0.0022703211298364945,0.0627666093515456,-0.0495951132490402,-0.018312103113221123,0.06271649855033147,14.94,21.5,2,370.0,377.0,0.0,309.0,336.0,0.0,1,1,0,-0.058076802199170524,0.006121740825956609,-0.0014760319676994772,-0.08487522457660697,0.008631662756897154,-0.002864596020709361,-0.12394712647142893,0.014050402837210596,-0.004325983925162775
92,least_connections,1248,measured,388,345,10,medium,2,100.0,78.0,4,743.0,875.0,0.0,672.0,888.0,0.0,2,2,0,0.0007177808580781098,0.0073990296208738815,-0.01819012644661285,-0.03542445424466106,0.07107957755577421,-0.11272480912307166,-0.026086961790855623,0.07152653950769172,-0.08411301826958441,39.57,40.53,3,417.0,483.0,485.0,441.0,410.0,446.0,1,1,1,-0.03859590418016112,-0.006107532588629769,0.018202460128247142,-0.06374187152576298,-0.0020541000698520717,0.056788837032350784,-0.04487176913008398,-0.016568093292914365,0.056743498688395136,22.7,33.0,3,370.0,765.0,0.0,309.0,681.0,0.0,1,2,0,-0.052545678180201894,0.048622618116908586,-0.0013354574945852412,-0.07679186985502535,0.07801912344671648,-0.002591777352070374,-0.11214263823605473,0.11675988828128578,-0.003913985456099654
92,least_connections,1249,measured,496,404,18,heavy,1,100.0,78.0,4,743.0,875.0,0.0,672.0,888.0,0.0,2,2,0,0.0006494207763563797,0.006694360133171595,-0.016457733451697338,-0.03205069669755051,0.06431009397903387,-0.10198911301611245,-0.023602489239345548,0.06471448812600683,-0.07610225462486209,53.74,53.16,4,417.0,483.0,981.0,441.0,410.0,850.0,1,1,2,-0.03492010378205053,-0.005525862818284072,0.05955279272374288,-0.05767121709473795,-0.00185847149177093,0.17959806343743304,-0.040598267308171204,-0.014990179645970159,0.1655655464323575,22.7,33.0,3,370.0,765.0,0.0,309.0,681.0,0.0,1,2,0,-0.047541327877325526,0.04399189258196491,-0.001208271066529504,-0.06947835844026105,0.07058873073750539,-0.0023449414137779578,-0.10146238697547809,0.10563989892116332,-0.0035412249364711154
92,least_connections,1250,measured,481,432,13,heavy,2,100.0,78.0,4,1618.0,0.0,0.0,1560.0,0.0,0.0,4,0,0,0.0867553716321229,-0.08011099842826425,-0.014890330265821402,0.4276049252101527,-0.46959245465389005,-0.09227586415743508,0.38035965259297305,-0.3431630821717081,-0.0688544208510657,53.74,53.16,4,417.0,968.0,496.0,441.0,856.0,404.0,1,2,1,-0.03159437961233143,0.038084310057833685,0.010797197951867135,-0.05217872022857244,0.12369267545302359,0.03711933630733735,-0.03673176565977396,0.11253864698697941,0.023696208676894884,32.32,47.4,4,370.0,1246.0,0.0,309.0,1113.0,0.0,1,3,0,-0.04301358236519928,0.08288608875329705,-0.0010931976316219322,-0.06286137192214096,0.15090408971488584,-0.002121613660084819,-0.09179930250162303,0.2258646704524811,-0.0032039654187119614
92,least_connections,1251,measured,463,417,18,heavy,0,89.2,65.25,3,875.0,0.0,463.0,888.0,0.0,417.0,2,0,1,-0.0076748451673083196,-0.07248137953033432,0.029611696652918955,0.009896519634582601,-0.4248693637344719,0.19578215465120952,0.040134923774594655,-0.3104808838696407,0.12634600018236913,53.74,53.16,4,417.0,968.0,496.0,441.0,856.0,404.0,1,2,1,-0.028585391077823666,0.034457232909468574,0.00976889338502264,-0.04720931830204174,0.11191242064797374,0.03358416142092427,-0.033233502263605,0.10182068060726707,0.021439426898142988,32.32,47.4,4,758.0,858.0,0.0,654.0,768.0,0.0,2,2,0,0.004166849515386595,0.03190827531193996,-0.0009890835714674625,0.013334949213301056,0.06632274783727765,-0.0019195552162672171,0.02099110726043632,0.10030613040938766,-0.002898825855025108
92,least_connections,1252,measured,465,411,17,heavy,0,100.0,85.8,4,875.0,0.0,928.0,888.0,0.0,828.0,2,0,2,-0.006943907532326571,-0.06557839100363581,0.06987543529368404,0.00895399395509855,-0.3844056148073794,0.45761242563680865,0.03631255008177614,-0.28091127588205583,0.30024161921261966,41.83,39.38,3,483.0,485.0,496.0,410.0,446.0,404.0,1,1,1,-0.02586297287993569,-0.01190830854676199,0.008838522586449057,-0.02565196825967042,-0.02360304798516663,0.030385669857026718,-0.03883328776230932,-0.023799146117234576,0.01939757671736747,24.92,37.1,3,765.0,481.0,0.0,681.0,432.0,0.0,2,1,0,0.003770006704397394,-0.014214508277859306,-0.000894885136089609,0.013331620716796194,-0.008212751956748796,-0.0017367404337655773,0.02713481133087095,-0.010580167724839745,-0.0026227472021655737
92,least_connections,1253,measured,389,340,11,medium,1,100.0,85.8,4,875.0,0.0,928.0,888.0,0.0,828.0,2,0,2,-0.006282583005438325,-0.0593328299556705,0.0632206319323808,0.008101232626041566,-0.34779555625429565,0.4140302898618745,0.03285421197874988,-0.25415782103614576,0.2716471792876083,52.94,50.0,4,483.0,1370.0,0.0,410.0,1190.0,0.0,1,3,0,-0.023399832605656104,0.07539361653025389,-0.035087141696160604,-0.02320892366351135,0.20742037155083562,-0.10072589053752004,-0.035134879403994124,0.18882458208440683,-0.0966760020176199,24.92,37.1,3,765.0,481.0,0.0,681.0,432.0,0.0,2,1,0,0.003410958446835727,-0.012860745584729855,-0.000809657980271551,0.012061942553291793,-0.007430585103725101,-0.0015713365829307605,0.02455054358507372,-0.009572532703426423,-0.002372961754340281
92,least_connections,1254,measured,373,306,9,medium,2,100.0,85.8,4,875.0,0.0,928.0,888.0,0.0,828.0,2,0,2,-0.005684241766825138,-0.053682084245606644,0.05719961936739215,0.007329686661656676,-0.31467216994436276,0.3745988336845531,0.029725239409345128,-0.22995231427079854,0.24577601935545512,52.94,50.0,4,483.0,1370.0,0.0,410.0,1190.0,0.0,1,3,0,-0.021171277119403142,0.06821327209880114,-0.03174550915366912,-0.02099854998127218,0.18766605045075604,-0.09113294858156575,-0.03178870041313753,0.1708412885525586,-0.08746876373022754,32.38,47.3,4,765.0,854.0,0.0,681.0,738.0,0.0,2,2,0,0.0030861052614228057,0.03144798755485892,-0.0007325476964361652,0.010913186119644952,0.060772327763296344,-0.0014216854797944975,0.022212396576971466,0.08362485136356657,-0.0021469653967840637
92,least_connections,1255,measured,198,104,6,light,0,100.0,91.0,5,1073.0,928.0,0.0,992.0,828.0,0.0,3,2,0,0.03794101481867748,0.03759829565987063,-0.03441576388301707,0.1260601926938798,0.2750426398916083,-0.22082327746000754,0.07394188327512174,0.16651933470737273,-0.1522026491545882,52.94,50.0,4,483.0,1370.0,0.0,410.0,1190.0,0.0,1,3,0,-0.019154965012793318,0.0617167699941534,-0.028722127329510155,-0.018998688078293885,0.16979309326496975,-0.08245362014522616,-0.028761205135695855,0.15457068964279108,-0.07913840527972968,32.38,47.3,4,765.0,854.0,0.0,681.0,738.0,0.0,2,2,0,0.0027921904746206205,0.028452941121062836,-0.0006627812491565305,0.009873835060631136,0.05498448702393478,-0.001286286862671212,0.020096930236307514,0.07566057980513163,-0.0019424925018522482
92,least_connections,1256,measured,402,432,13,heavy,1,100.0,91.0,5,1073.0,928.0,0.0,992.0,828.0,0.0,3,2,0,0.03432758483594629,0.03401750559702581,-0.031138072084634493,0.11405446005636743,0.2488481027590742,-0.19979248913048303,0.06689979915368155,0.1506603504495277,-0.13770715875891312,64.43,63.5,5,483.0,1772.0,0.0,410.0,1622.0,0.0,1,4,0,-0.017330682630622526,0.09892288260241996,-0.02598668663146157,-0.017189289213694475,0.25754068982476863,-0.07460089441710938,-0.026022042741820073,0.26199252872443,-0.07160141430070781,32.38,47.3,4,1619.0,0.0,0.0,1419.0,0.0,0.0,4,0,0,0.08869406802579054,-0.0604246632487436,-0.0005996592254273371,0.16346680315009482,-0.10478546412120188,-0.0011637833519406204,0.24075436545189727,-0.15411661827154757,-0.0017574932159615578
92,least_connections,1257,measured,419,419,16,heavy,2,75.07,46.6,3,198.0,928.0,0.0,104.0,828.0,0.0,1,2,0,-0.05510950941146808,0.030777743159213833,-0.0281725414099074,-0.4245856472505882,0.2251482834486862,-0.18076463302281798,-0.34118589600381194,0.1363117456448108,-0.12459219125806426,64.43,63.5,5,1357.0,898.0,0.0,1196.0,836.0,0.0,3,2,0,0.07048765902580864,0.0033338552343890326,-0.023511764095131896,0.21037975873863018,0.007081032290436884,-0.06749604732976562,0.19868838990025806,0.014808716464960459,-0.06478223198635469,40.76,61.27,5,1619.0,0.0,419.0,1419.0,0.0,419.0,4,0,1,0.0802470139280962,-0.05466993341552992,0.04254135140375168,0.14789853618341914,-0.09480589610965884,0.07476610077681563,0.2178253782660023,-0.13943884510282875,0.12477496645539986
92,least_connections,1258,measured,377,329,7,medium,0,100.0,63.05,4,575.0,928.0,0.0,433.0,828.0,0.0,2,2,0,-0.00677708447885661,0.027846529525002994,-0.025489442228011455,-0.156752093544183,0.20370558978690656,-0.1635489536873115,-0.15985866781297267,0.12332967463101929,-0.11272626828110575,64.43,63.5,5,1357.0,898.0,0.0,1196.0,836.0,0.0,3,2,0,0.06377454864239829,0.003016345212066257,-0.021272548467024095,0.19034359123971303,0.0064066482627762045,-0.06106785234597842,0.17976568610023347,0.013398362515916584,-0.05861249560670186,33.0,49.77,4,1231.0,0.0,419.0,1074.0,0.0,419.0,3,0,1,0.02952054094628205,-0.04946327309024136,0.03848979412720391,0.06360343749928399,-0.08577676314683419,0.06764551975045224,0.09303248509781159,-0.12615895509303554,0.11289163631679035
92,least_connections,1259,measured,152,119,7,light,0,100.0,69.0,5,727.0,928.0,0.0,552.0,828.0,0.0,3,2,0,0.03695225236493471,0.02519447909405033,-0.023061876301534175,-0.050140783047911586,0.1843050574262488,-0.1479728628599485,-0.09080069944983243,0.11158399133282698,-0.10199043320671473,50.63,50.69,4,874.0,898.0,0.0,786.0,836.0,0.0,2,2,0,0.01461688187826965,0.0027290742394885104,-0.019246591470164658,0.047358487312121306,0.005796491285368965,-0.05525186640826619,0.046722525519258845,0.012122327990591208,-0.05303035316796835,25.46,38.57,3,854.0,419.0,0.0,738.0,419.0,0.0,2,1,0,-0.016374839370597416,-0.0016685849501276717,-0.008259800778334787,-0.010673080357790687,-0.0017884999899928367,-0.014615958321019406,-0.01716108491150381,0.012221262852332937,-0.024225027459411904
92,least_connections,1260,measured,153,105,4,light,2,100.0,69.0,5,727.0,928.0,0.0,552.0,828.0,0.0,3,2,0,0.033432990234940924,0.02279500489461697,-0.020865507129959493,-0.04536547037668193,0.1667521948142251,-0.13388020925423913,-0.08215301378794365,0.10095694453922444,-0.09227705861559904,50.63,50.69,4,1370.0,402.0,0.0,1190.0,432.0,0.0,3,1,0,0.056308698116620384,-0.04061473781960109,-0.017413582758720406,0.1710658422619873,-0.12297324257854372,-0.04998978389319322,0.15649895166028183,-0.10325836991327458,-0.04797984334244756,28.52,42.07,4,1007.0,419.0,0.0,843.0,419.0,0.0,3,1,0,0.02826856936764542,-0.0015096720977345601,-0.007473153085160045,0.01802911777152269,-0.0016181666576125658,-0.01322396229044613,0.016139970794353697,0.011057333056872676,-0.02191788198708696
92,least_connections,1261,measured,438,429,18,heavy,1,97.13,63.8,4,529.0,928.0,0.0,448.0,828.0,0.0,2,2,0,-0.012835004299906055,0.020624052047510583,-0.018878315974725255,-0.16047352081699795,0.1508710334033465,-0.12112971313478778,-0.12137653628432996,0.09134199744025068,-0.08348876731887532,63.14,64.09,5,1370.0,402.0,438.0,1190.0,432.0,429.0,3,1,1,0.050945964962656534,-0.03674666755106765,0.02732875392124843,0.15477385728465518,-0.11126150519011099,0.06799563770207688,0.14159428959739784,-0.09342423944534367,0.07788430840445221,28.52,42.07,4,1007.0,419.0,0.0,843.0,419.0,0.0,3,1,0,0.025576324665964906,-0.001365893802712223,-0.006761424219906708,0.016312058936139573,-0.0014640555473637434,-0.011964537310403641,0.014602830718700943,0.010004253718122913,-0.01983046465498344
92,least_connections,1262,measured,407,409,19,heavy,0,100.0,84.25,5,1457.0,0.0,407.0,1276.0,0.0,409.0,4,0,1,0.0745551775155045,-0.0675079438391004,0.02600351910676785,0.41455570338779557,-0.42324366819062303,0.13589851351296978,0.2647545624094158,-0.2919286689826303,0.1094863533781604,63.14,64.09,5,1772.0,0.0,438.0,1622.0,0.0,429.0,4,0,1,0.08917786852630376,-0.07633088515391381,0.024726015452558103,0.24395185727115065,-0.20458353870942014,0.061519862682831467,0.25025197630240753,-0.20666954997435857,0.07046675522307581,28.52,42.07,4,1007.0,419.0,0.0,843.0,419.0,0.0,3,1,0,0.023140484221587293,-0.0012358086786443956,-0.006117479056106069,0.014758529513650087,-0.0013246216857100562,-0.010825057566555675,0.013212084935967483,0.00905146764973025,-0.017941848973556447
92,least_connections,1263,measured,482,437,13,heavy,2,100.0,84.25,5,1457.0,0.0,407.0,1276.0,0.0,409.0,4,0,1,0.06745468441878978,-0.06107861585442417,0.023526993477551866,0.37507420782705314,-0.3829347474105637,0.12295579794030598,0.23953984217994767,-0.26412593860333217,0.09905908162785942,63.14,64.09,5,1772.0,0.0,438.0,1622.0,0.0,429.0,4,0,1,0.0806847381904653,-0.06906127704401727,0.02237115683802876,0.2207183470548506,-0.18509939216566584,0.05566082814160943,0.22641845474979727,-0.18698673569108634,0.06375563567802098,21.08,32.03,3,153.0,901.0,0.0,105.0,856.0,0.0,1,2,0,-0.06523117187207861,0.041965787612745775,-0.005534862003143586,-0.1411803780590785,0.08602058037959567,-0.009794099703074183,-0.2106176374388866,0.13998307390531148,-0.016233101452265357
92,least_connections,1264,measured,186,108,5,light,2,100.0,84.25,5,1457.0,0.0,407.0,1276.0,0.0,409.0,4,0,1,0.061030428759857425,-0.05526160482066949,0.021286327432070738,0.3393528547006671,-0.3464647714667005,0.11124572194599114,0.2167265238770955,-0.23897108730777672,0.08962488337758709,38.17,39.53,3,898.0,0.0,438.0,836.0,0.0,429.0,2,0,1,-0.01316732304309376,-0.06248401256363467,0.020240570472502214,-0.02623442069186993,-0.16747087862607862,0.05035979689002758,-0.017377350464469143,-0.16917847514907813,0.057683670375352325,21.74,32.13,3,186.0,901.0,0.0,108.0,856.0,0.0,1,2,0,-0.05901867931283303,0.037969045935341415,-0.005007732288558483,-0.12176319919630911,0.07782814415296752,-0.008861328302781404,-0.18965405292089738,0.12665135258099608,-0.014687091790144846
92,least_connections,1265,measured,171,102,6,light,1,99.13,67.8,4,1080.0,0.0,407.0,947.0,0.0,409.0,3,0,1,0.012134106746446965,-0.049998594837748586,0.019259058152825907,0.07963670980853998,-0.31346812656511,0.10065089128446819,0.047252569222134,-0.21621193613560752,0.08108918019876926,43.06,42.72,4,1069.0,438.0,0.0,938.0,429.0,0.0,3,1,0,0.031170607949672538,-0.01344925399748352,-0.024771003132588697,0.020468177197151716,-0.038296781341962294,-0.06766086403827437,0.013116921008337501,-0.03177159656345163,-0.06910465537468123,21.74,32.13,3,186.0,901.0,0.0,108.0,856.0,0.0,1,2,0,-0.053397852711610835,0.034352946322451755,-0.004530805403933865,-0.11016670403475588,0.070415939947923,-0.00801739227394508,-0.1715917621665262,0.1145893190018536,-0.013288321143464385
92,least_connections,1266,measured,365,320,10,medium,2,89.0,61.85,3,928.0,0.0,407.0,828.0,0.0,409.0,2,0,1,-0.03210542269425773,-0.04523682390082015,0.01742486213827106,-0.019630278427193892,-0.28361401927319474,0.09106509211451885,-0.01108100879902163,-0.19562032317031156,0.07336640113221982,43.06,42.72,4,1069.0,438.0,0.0,938.0,429.0,0.0,3,1,0,0.028201978621132287,-0.012168372664389845,-0.02241185997710406,0.01851882698789914,-0.03464946883320397,-0.06121697222510538,0.011867690436114908,-0.028745730224075283,-0.06252325962471159,29.04,42.8,4,605.0,847.0,0.0,527.0,757.0,0.0,2,2,0,-0.005228442702795294,0.031081237148884916,-0.0040993001273687355,-0.023855589364779134,0.053938231381454135,-0.007253831104997929,-0.02888461021415864,0.07381890766834373,-0.012022766748848729
92,least_connections,1267,measured,194,106,1,light,0,100.0,67.15,4,1122.0,407.0,0.0,934.0,409.0,0.0,3,1,0,0.014036136836714674,0.002155345268872469,-0.027318548768321647,0.09925514491507859,-0.011111096802731757,-0.1630998372932131,0.0379267063246948,0.008033993322099059,-0.11864468468989635,28.89,30.09,3,573.0,438.0,0.0,534.0,429.0,0.0,2,1,0,-0.017567824331447213,-0.011009480029686047,-0.020277397122141768,-0.11146255789530218,-0.03134951942051786,-0.05538678439414296,-0.10348875627208654,-0.02600804163130621,-0.05656866346997715,29.04,42.8,4,605.0,847.0,0.0,527.0,757.0,0.0,2,2,0,-0.004730495778719562,0.02812111932518159,-0.003708890591428856,-0.02158362847289541,0.048801256964172784,-0.006562990047379079,-0.026133694955667336,0.06678853550945385,-0.010877741344196468
92,least_connections,1268,measured,410,427,14,heavy,1,89.0,61.85,3,928.0,407.0,0.0,828.0,409.0,0.0,2,1,0,-0.030384538326872657,0.001950074290884618,-0.02471678221895768,-0.027213599045087578,-0.010052897107233505,-0.14756651945576424,-0.013637741896704747,0.0072688511009467716,-0.10734519090990623,40.6,43.44,4,573.0,848.0,0.0,534.0,856.0,0.0,2,2,0,-0.015894698204642704,0.03312294210466047,-0.01834621644384255,-0.1008470761909877,0.07762254365354507,-0.050111852547081726,-0.09363268424617355,0.09719808138119915,-0.05118117171093171,29.04,42.8,4,605.0,847.0,0.0,527.0,757.0,0.0,2,2,0,-0.0042799723712224624,0.025442917484688105,-0.0033556629160546793,-0.019528044808810124,0.04415351820568014,-0.005937943376200119,-0.023644771626556177,0.06042772260379156,-0.009841765978082518
92,least_connections,1269,measured,378,348,14,medium,0,52.33,37.85,2,0.0,785.0,0.0,0.0,757.0,0.0,0,2,0,-0.11365857322544713,0.04484825315660536,-0.02236280296000933,-0.584367859453492,0.21890452166488394,-0.13351256522188193,-0.3869103379065424,0.1640051509960947,-0.09712183939467706,29.11,29.94,3,171.0,848.0,0.0,102.0,856.0,0.0,1,2,0,-0.05746481765000552,0.029968376189930895,-0.016598957734905165,-0.19516096009116576,0.07022992044844553,-0.04533929516164537,-0.20685814288939508,0.08794112124965636,-0.04630677440512869,25.32,39.2,3,1266.0,0.0,0.0,1176.0,0.0,0.0,3,0,0,0.0392115442718418,-0.06314801796736835,-0.0030360759716685196,0.10194129279202893,-0.11331824543295606,-0.005372424959419155,0.17433727011565553,-0.17362888589815687,-0.00890445493255085
92,least_connections,1270,measured,443,430,16,heavy,0,81.87,59.35,3,0.0,785.0,443.0,0.0,757.0,430.0,0,2,1,-0.10283394720397598,0.04057699095121437,0.022850888024844165,-0.5287137776007785,0.19805647198251403,0.14640926638655127,-0.3500617342963955,0.14838561280599044,0.1066516691191017,29.11,29.94,3,171.0,848.0,0.0,102.0,856.0,0.0,1,2,0,-0.051991977873814516,0.027114245124223196,-0.01501810461729515,-0.17657420198724522,0.06354135659621263,-0.04102126705101248,-0.18715736737611938,0.07956577636873671,-0.041896605414164054,25.32,39.2,3,1266.0,0.0,0.0,1176.0,0.0,0.0,3,0,0,0.035477111484047336,-0.057133921018095175,-0.0027469258791286604,0.09223259824040714,-0.10252603158219833,-0.004860765439474474,0.1577337205808312,-0.15709280152690383,-0.008056411605641245
92,least_connections,1271,measured,180,102,8,light,0,93.87,64.45,4,0.0,965.0,443.0,0.0,859.0,430.0,0,3,1,-0.09304023794645447,0.07979641584928465,0.020674612974859008,-0.4783600844959425,0.2877653794127508,0.13246552673068923,-0.31672252150626257,0.1803965068244675,0.09649436729823488,24.23,26.75,2,0.0,848.0,0.0,0.0,856.0,0.0,0,2,0,-0.0901242611602086,0.02453193606477337,-0.013587808939457517,-0.20396169295444636,0.05748979882514474,-0.037114479712820815,-0.19817214191172705,0.07198808338123797,-0.037906452517577,25.32,39.2,3,1266.0,0.0,0.0,1176.0,0.0,0.0,3,0,0,0.03209833896175711,-0.05169259520684802,-0.0024853138906402164,0.08344854126513027,-0.09276164762198898,-0.004397835397619762,0.1427114614778949,-0.14213158233386536,-0.007289134309865888
92,least_connections,1272,measured,199,103,5,light,1,93.87,64.45,4,180.0,1228.0,0.0,102.0,1187.0,0.0,1,3,0,-0.04109536267717763,0.07219675719697183,-0.02437829801140874,-0.3242305526391861,0.4189940734369333,-0.14735658692620182,-0.2404156146961423,0.3115968395078516,-0.10721938196826368,29.91,29.97,3,637.0,410.0,0.0,532.0,427.0,0.0,2,1,0,0.0046268022609450565,-0.020888339025295743,-0.01229373189760442,-0.019870103149260993,-0.06120990990650173,-0.03357976735921883,-0.028881937920133993,-0.0561625674169752,-0.03429631418256967,25.32,39.2,3,1266.0,0.0,0.0,1176.0,0.0,0.0,3,0,0,0.029041354298732613,-0.046769490901433924,-0.0022486173296268623,0.07550106114464167,-0.08392720499132336,-0.0039789939311797844,0.1291198937180954,-0.1285952411592115,-0.006594931042259613
92,least_connections,1273,measured,195,122,6,light,1,93.87,64.45,4,180.0,1228.0,0.0,102.0,1187.0,0.0,1,3,0,-0.037181518612684525,0.06532087555916498,-0.02205655534365553,-0.293351452387835,0.37908987596674915,-0.13332262626656355,-0.2175188894869859,0.28192095003091333,-0.09700801225700047,35.49,33.78,4,832.0,410.0,0.0,654.0,427.0,0.0,3,1,0,0.047270054653326704,-0.018898973403839003,-0.01112290028830876,0.03243045089216523,-0.05538039467731111,-0.030381694277388467,0.008362770453212098,-0.05081375147250136,-0.031029998546134464,16.94,25.23,2,847.0,0.0,0.0,757.0,0.0,0.0,2,0,0,-0.016808389194570728,-0.042315253672725935,-0.0020344632982338276,-0.0075085637262765625,-0.07593413784929257,-0.0036000421282102813,-0.009542318382040671,-0.1163480753345247,-0.0059668423715682215
92,least_connections,1274,measured,350,345,10,medium,2,93.87,64.45,4,587.0,821.0,0.0,511.0,778.0,0.0,2,2,0,0.009443478624804713,0.016015939564868104,-0.019955931025212145,-0.019921155335025365,0.09749401476356667,-0.1206252332887956,-0.011778995250130098,0.0700475262184454,-0.08776915394680995,35.49,33.78,4,832.0,410.0,0.0,654.0,427.0,0.0,3,1,0,0.04276814468634321,-0.01709907117490196,-0.010063576451326973,0.02934183652148284,-0.05010607137471003,-0.02748819958430385,0.007566316124334754,-0.04597434657035837,-0.028074760589359753,23.94,36.73,3,847.0,350.0,0.0,757.0,345.0,0.0,2,1,0,-0.015207590223659223,0.004798670713338671,-0.001840704888878225,-0.006793462419012131,-0.00536898186364565,-0.0032571809731426356,-0.00863352615517965,-0.0012196872074271004,-0.005398571669514105
92,least_connections,1275,measured,396,344,7,medium,2,93.87,64.45,4,587.0,821.0,0.0,511.0,778.0,0.0,2,2,0,0.008544099708156644,0.01449061198726162,-0.018055366165668132,-0.01802390244597535,0.08820887050036985,-0.10913711583271983,-0.01065718617868916,0.0633763332452601,-0.07941018690425662,35.49,33.78,4,1242.0,0.0,0.0,1081.0,0.0,0.0,4,0,0,0.08177888827630599,-0.058554488432621045,-0.009105140598819643,0.13253377045821238,-0.15132045913494174,-0.02487027581437015,0.1275748812553505,-0.16232500403984804,-0.025400973866563585,31.86,48.2,4,1243.0,350.0,0.0,1101.0,345.0,0.0,3,1,0,0.029324651929160922,0.004341654454925459,-0.001665399661366013,0.06551067685898904,-0.004857650257584167,-0.0029469732614147656,0.09593474617705966,-0.0011035265210054684,-0.004884421986703238
92,least_connections,1276,measured,381,329,10,medium,0,100.0,80.9,5,965.0,824.0,0.0,859.0,759.0,0.0,3,2,0,0.050814276153184804,0.013110553702760513,-0.01633580748322355,0.21169265969173662,0.08161754950033462,-0.09874310480103222,0.14778635536213836,0.04874525388856865,-0.07184731196099409,35.49,33.78,4,1242.0,0.0,0.0,1081.0,0.0,0.0,4,0,0,0.0739904227261816,-0.052977870486657135,-0.00823798435131301,0.11991150660504929,-0.13690898683637587,-0.022501678117763466,0.11542489256436472,-0.1468654798455768,-0.022981833498319434,14.92,22.97,2,396.0,350.0,0.0,344.0,345.0,0.0,1,1,0,-0.05963597251760723,0.003928163554456368,-0.001506790169807345,-0.09399510188948611,-0.004395016899719009,-0.002666309141280026,-0.14150348361758094,-0.0009984287571001838,-0.004419238940350549
92,least_connections,1277,measured,361,344,11,medium,2,100.0,80.9,5,965.0,824.0,0.0,859.0,759.0,0.0,3,2,0,0.045974821281452916,0.011861929540592842,-0.014780016294345116,0.19153145400680932,0.0738444495479218,-0.0893389995818863,0.13371146437526804,0.04410284875632403,-0.06500471082185179,29.8,30.56,3,1043.0,0.0,0.0,978.0,0.0,0.0,3,0,0,0.023859815573121224,-0.04793235901173741,-0.0074534144130927234,0.057049186248105815,-0.12387003570910197,-0.020358661154166947,0.075310021843949,-0.1328782912888552,-0.02079308745086044,22.14,34.43,3,746.0,361.0,0.0,689.0,344.0,0.0,2,1,0,-0.010872455860601565,0.0035540527397462385,-0.0013632863441114076,-0.02170985409048745,-0.0019859676711743574,-0.0024123749373485947,-0.02397934232066848,-0.0012049276056303182,-0.003998359041269544
92,least_connections,1278,measured,154,114,1,light,1,100.0,80.9,5,965.0,824.0,0.0,859.0,759.0,0.0,3,2,0,0.0415962668736955,0.010732221965298272,-0.013372395694883677,0.17329036314901797,0.06681164482907209,-0.08083052343123047,0.12097703919667108,0.03990257744619791,-0.05881378598167543,34.2,34.12,4,1197.0,0.0,0.0,1092.0,0.0,0.0,4,0,0,0.06467135241196229,-0.04336737243919099,-0.006743565421369607,0.09142545422447673,-0.11207288945109227,-0.018419741044246284,0.10036978166833482,-0.12022321592801184,-0.01881279340792135,22.14,34.43,3,746.0,361.0,0.0,689.0,344.0,0.0,2,1,0,-0.009836983873877603,0.003215571526437075,-0.0012334495494341307,-0.019642248939012452,-0.0017968278929672843,-0.002182624943315395,-0.021695595432985743,-0.001090172595570288,-0.003617562942101016
92,least_connections,1279,measured,368,316,11,medium,2,100.0,75.8,4,1609.0,0.0,0.0,1516.0,0.0,0.0,4,0,0,0.08071861787438663,-0.07645769486586391,-0.01209883420013285,0.47948493173800033,-0.4365672419800459,-0.07313237834254185,0.40666970213032144,-0.3072548108820114,-0.053212473031039674,11.71,13.34,1,410.0,0.0,0.0,427.0,0.0,0.0,1,0,0,-0.0707395246884967,-0.03923714649260137,-0.006101321095524882,-0.12072390876288842,-0.10139928093194063,-0.016665479992413305,-0.09721007849055421,-0.10877338583962977,-0.017021098797643127,29.5,44.97,4,746.0,729.0,0.0,689.0,660.0,0.0,2,2,0,-0.00890012826684164,0.04599322684591472,-0.0011159781637737373,-0.017771558563868417,0.06496477476350579,-0.0019747559010948814,-0.01962934824889187,0.09431524066749991,-0.0032730331380913954
92,least_connections,1280,measured,150,120,5,light,1,100.0,75.8,4,1609.0,0.0,0.0,1516.0,0.0,0.0,4,0,0,0.07303113045777837,-0.06917600964054355,-0.010946564276310675,0.43381970014390503,-0.3949894094105177,-0.06616738992896644,0.3679392543083861,-0.27799244794086747,-0.04814461845665494,16.0,17.09,2,560.0,0.0,0.0,547.0,0.0,0.0,2,0,0,-0.020918526872358706,-0.03550027539806791,-0.005520242895951084,-0.0704508834385317,-0.09174220655747009,-0.015078291421707276,-0.054023404348596676,-0.09841401575966503,-0.015400041769296163,29.5,44.97,4,746.0,729.0,0.0,689.0,660.0,0.0,2,2,0,-0.008052497003332909,0.041612919527256174,-0.0010096945291286194,-0.01607902917683332,0.05877765335745763,-0.0017866839105144165,-0.017759886510902184,0.08533283679440468,-0.002961315696368405
92,least_connections,1281,measured,487,431,16,heavy,1,80.13,55.35,3,1202.0,0.0,0.0,1107.0,0.0,0.0,3,0,0,0.022991884473137353,-0.06258781824620606,-0.009904034345233468,0.21275750647940617,-0.3573713704190398,-0.05986573374525535,0.14787361104092073,-0.2515169767084039,-0.043559416698878285,29.91,30.56,3,560.0,0.0,487.0,547.0,0.0,431.0,2,0,1,-0.018926286217848365,-0.03211929678872811,0.03808939474946829,-0.0637412754920049,-0.08300485355199674,0.11224889279532607,-0.048878318220158895,-0.08904125235398265,0.10792674792301775,29.5,44.97,4,1107.0,368.0,0.0,1033.0,316.0,0.0,3,1,0,0.03579830769993235,-0.005434115892573213,-0.0009135331454020843,0.05077611645905558,-0.012144027914681207,-0.001616523538084472,0.08767756299807267,-0.026540131789189403,-0.002679285630047605
92,least_connections,1282,measured,469,414,19,heavy,0,100.0,76.05,4,1202.0,0.0,469.0,1107.0,0.0,414.0,3,0,1,0.02080218118998141,-0.05662707365132929,0.03412310724773661,0.19249488681470084,-0.3233360018077027,0.2287246535955626,0.13379040998940445,-0.22756297892665114,0.14787481346291964,18.2,17.22,2,150.0,0.0,487.0,120.0,0.0,431.0,1,0,1,-0.06020768299528684,-0.029060316142182574,0.034461833344757026,-0.1636570723839228,-0.07509962940418753,0.10155852205291407,-0.16495240696109612,-0.08056113308217477,0.09764801002558748,21.58,33.5,3,711.0,368.0,0.0,689.0,316.0,0.0,2,1,0,-0.01069495516491381,-0.004916581045661478,-0.0008265299886971238,-0.025716847013235428,-0.010987453827568716,-0.0014625689154097604,-0.024418712843013585,-0.024012500190219,-0.002424115570043071
92,least_connections,1283,measured,163,102,7,light,1,86.2,58.65,3,824.0,0.0,469.0,759.0,0.0,414.0,2,0,1,-0.024262879150107525,-0.05123401901786936,0.030873287509856934,-0.05383795954860404,-0.2925420968736358,0.20694135325312807,-0.036380105247681704,-0.20589031426697008,0.13379149789502254,22.86,20.41,3,313.0,487.0,0.0,222.0,431.0,0.0,2,1,0,-0.0113897177213593,0.016791233240973133,-0.011904146248167677,-0.10593463011606617,0.057943872715939176,-0.03400487460518659,-0.1204033682028965,0.048971474830413295,-0.03351191950065893,21.58,33.5,3,1079.0,0.0,0.0,1005.0,0.0,0.0,3,0,0,0.033407512220406776,-0.047532235458546325,-0.0007478128469164454,0.04332285270231079,-0.07653150584399074,-0.001323276637751688,0.07320846615790838,-0.11702718271178544,-0.0021932474205151593
92,least_connections,1284,measured,354,316,10,medium,0,100.0,74.45,4,824.0,354.0,469.0,759.0,316.0,414.0,2,1,1,-0.02195212875485919,-0.0032706884084577614,0.027932974413680083,-0.048710534829689345,-0.05115713526662291,0.18723265294330638,-0.03291533331933105,-0.04332933195583008,0.12104945047644897,22.86,20.41,3,313.0,487.0,0.0,222.0,431.0,0.0,2,1,0,-0.010304982700277465,0.015192068170404263,-0.01077041803405647,-0.09584561772405985,0.052425408647754496,-0.030766315118978347,-0.1089363807550016,0.0443075248465644,-0.030320308119643796,14.58,22.0,2,729.0,0.0,0.0,660.0,0.0,0.0,2,0,0,-0.012858055836865528,-0.04300535589106572,-0.0006765925757815459,-0.02413646660267116,-0.06924279100170591,-0.0011972502912991462,-0.03781138776189244,-0.10588173673923446,-0.0019843667137994297
92,least_connections,1285,measured,353,309,10,medium,2,100.0,74.45,4,824.0,354.0,469.0,759.0,316.0,414.0,2,1,1,-0.019861449825824995,-0.002959194274318927,0.025272691136186742,-0.044071436274480846,-0.04628502714599214,0.16940097171061053,-0.02978053966987093,-0.03920272891241772,0.10952093138345383,18.57,16.66,2,163.0,487.0,0.0,102.0,431.0,0.0,1,1,0,-0.05240745600319888,0.013745204535127668,-0.009744663935574901,-0.1254929738591834,0.0474325125860636,-0.027836189869551838,-0.1324900587783348,0.040087760575463025,-0.027432659727296766,21.64,32.3,3,729.0,353.0,0.0,660.0,309.0,0.0,2,1,0,-0.01163347909049739,0.00417429251579314,-0.0006121551876118748,-0.021837755497654848,0.001227950998456559,-0.001083226454032561,-0.03421030321314081,-0.002607285621212138,-0.0017953794077232937
92,least_connections,1286,measured,467,408,15,heavy,1,54.87,36.5,2,0.0,354.0,469.0,0.0,316.0,414.0,0,1,1,-0.10413768362926117,-0.0026773662481933136,0.022865768170835625,-0.5368900296451652,-0.041876929322564316,0.15326754583340954,-0.37030144065369275,-0.03546913568266366,0.09909036648979155,31.91,29.41,3,163.0,487.0,467.0,102.0,431.0,408.0,1,1,1,-0.04741626971717994,0.012436137436544079,0.03426729952314198,-0.11354126206307069,0.04291513043500993,0.09553596426768439,-0.11987195794230292,0.03626987861589512,0.09053711738958864,21.64,32.3,3,729.0,353.0,0.0,660.0,309.0,0.0,2,1,0,-0.010525528700926212,0.003776740847622362,-0.000553854693553601,-0.01975796925978296,0.0011110032843178463,-0.0009800620298389838,-0.030952179097603588,-0.0023589727049062176,-0.0016243908927020276
92,least_connections,1287,measured,483,417,17,heavy,0,87.07,57.35,3,354.0,469.0,483.0,316.0,414.0,417.0,1,1,1,-0.051135908771145586,-0.0024223789864606105,0.020688075964089375,-0.2722338363456256,0.03147642902561637,0.1471150811508626,-0.1920822558295315,0.012242210572828094,0.09101033158600189,31.91,29.41,3,163.0,954.0,0.0,102.0,839.0,0.0,1,2,0,-0.042900434506019935,0.05433564362172582,-0.012080153039152719,-0.10272780853325444,0.1595490635908593,-0.034283787431278745,-0.10845558099541693,0.14817274731914323,-0.03344260807608647,21.64,32.3,3,729.0,353.0,0.0,660.0,309.0,0.0,2,1,0,-0.009523097396076097,0.003417051243086902,-0.0005011066275008772,-0.01787625790170838,0.0010051934477161434,-0.0008867227889019378,-0.02800435251687944,-0.0021343086377722947,-0.0014696869981589773
92,least_connections,1288,measured,156,125,2,light,0,97.47,63.6,4,510.0,469.0,483.0,441.0,414.0,417.0,2,1,1,-0.00318192199475531,-0.002191676225845318,0.018717783015128484,-0.15221156621747078,0.02847867388031955,0.13310412104125663,-0.11724108860767138,0.011076285756368265,0.0823426809587636,31.91,29.41,3,163.0,954.0,0.0,102.0,839.0,0.0,1,2,0,-0.03881467883877994,0.04916082041965669,-0.010929662273519127,-0.09294420772056355,0.14435391467744413,-0.031018664818776007,-0.09812647804347245,0.13406105709827246,-0.030257597783125853,14.42,20.83,2,721.0,0.0,0.0,625.0,0.0,0.0,2,0,0,-0.008616135739306946,-0.039992282435393024,-0.0004533821867865079,-0.017621376196783778,-0.06296672973778063,-0.0008022729994827056,-0.03589282688035125,-0.09512151733893684,-0.0013297168078581223
92,least_connections,1289,measured,433,447,21,heavy,2,97.47,63.6,4,510.0,469.0,483.0,441.0,414.0,417.0,2,1,1,-0.0028788818047786047,-0.0019829451567171946,0.016935137013687675,-0.13771522657771168,0.025766419225051018,0.12042753808494647,-0.10607527064503605,0.010021401398618901,0.07450052086745276,31.91,29.41,3,163.0,954.0,0.0,102.0,839.0,0.0,1,2,0,-0.03511804275889613,0.044478837522546534,-0.009888742056993496,-0.0840923784138432,0.13060592280340183,-0.028064506264606864,-0.08878109918218935,0.12129333737462747,-0.027375921803780533,23.08,35.73,3,721.0,0.0,433.0,625.0,0.0,447.0,2,0,1,-0.00779555138318247,-0.03618349363202226,0.04267369729585529,-0.015943149892328173,-0.05696989833418247,0.07762651490522993,-0.03247446241555588,-0.08606232521141904,0.13360644669765218
92,least_connections,1290,measured,459,448,16,heavy,1,87.07,57.35,3,354.0,952.0,0.0,316.0,831.0,0.0,1,2,0,-0.04568860281203324,0.04128980698972753,-0.02776163340484947,-0.21869472880840585,0.3146458078702843,-0.18237508458981036,-0.15252048296455642,0.1977098393606552,-0.12123762397706654,40.37,40.22,3,487.0,467.0,459.0,431.0,408.0,448.0,1,1,1,-0.031773467258048874,-0.0028411424682628778,0.034136943127572775,0.007671521571148671,-0.00772389297379289,0.09326136508032168,0.012695076930400104,-0.012118528089622799,0.10189797551086524,15.72,25.2,2,353.0,0.0,433.0,309.0,0.0,447.0,1,0,1,-0.05013701814487484,-0.03273744661944871,0.038609535648630976,-0.0810152308549636,-0.051544193730927,0.07023351348568423,-0.12468324377280453,-0.077865913286522,0.12088202320263768
92,least_connections,1291,measured,475,436,14,heavy,2,87.07,57.35,3,354.0,952.0,0.0,316.0,831.0,0.0,1,2,0,-0.04133730730612531,0.03735744441927729,-0.02511766831867333,-0.1978666593980815,0.28467954045406674,-0.16500602891459032,-0.1379947226822177,0.17888033085011662,-0.1096911835982983,40.37,40.22,3,487.0,467.0,459.0,431.0,408.0,448.0,1,1,1,-0.028747422757282315,-0.002570557471285456,0.03088580568685156,0.006940900469134509,-0.006988284119145927,0.08437933031076725,0.01148602198464771,-0.010964382557277774,0.09219340641459237,25.22,39.73,3,353.0,475.0,433.0,309.0,436.0,447.0,1,1,1,-0.04536206403583913,0.013464305666303772,0.034932437015428024,-0.07329949458306229,0.039317158052970806,0.06354460743942858,-0.11280864912777551,0.06104195147092456,0.10936944956429123
92,least_connections,1292,measured,399,311,10,medium,0,100.0,72.9,4,354.0,1351.0,0.0,316.0,1142.0,0.0,1,3,0,-0.03740042089601814,0.07688349279657967,-0.02272550943118063,-0.17902221564588328,0.4982338699346317,-0.14929116901796266,-0.12485236814105413,0.3025345850548674,-0.09924440420798418,40.37,40.22,3,487.0,926.0,0.0,431.0,856.0,0.0,1,2,0,-0.026009572970874473,0.040758157752737195,-0.01513959984341548,0.006279862329216929,0.11233032797383397,-0.0423098576099861,0.01039211512896697,0.11674651101960581,-0.04325358467251168,25.22,39.73,3,353.0,475.0,433.0,309.0,436.0,447.0,1,1,1,-0.041041867460997306,0.012181990840941508,0.03160553825205393,-0.06631859033705637,0.035572666809830726,0.05749274006424491,-0.10206496825846355,0.05522843228321747,0.0989533115105492
92,least_connections,1293,measured,158,111,9,light,1,100.0,72.9,4,354.0,1351.0,0.0,316.0,1142.0,0.0,1,3,0,-0.03383847604877831,0.06956125538738162,-0.02056117519963962,-0.16197248082246585,0.45078302517895247,-0.13507296244482336,-0.11296166641333469,0.27372176743059434,-0.08979255618817616,44.89,43.69,4,487.0,1084.0,0.0,431.0,967.0,0.0,1,3,0,-0.023532470783172138,0.07996032866971006,-0.013697733191661624,0.005681780202624831,0.14247573891510149,-0.038280347361416,0.009402389878589157,0.13701172425583383,-0.039134195656082,25.22,39.73,3,353.0,475.0,433.0,309.0,436.0,447.0,1,1,1,-0.03713311817899756,0.011021801237042314,0.028595486989953553,-0.06000253411447956,0.032184793780323045,0.052017241010507295,-0.09234449509099081,0.049968581589577704,0.08952918660478262
92,least_connections,1294,measured,195,113,4,light,2,90.07,57.1,3,469.0,882.0,0.0,414.0,728.0,0.0,1,2,0,-0.030615764044132757,0.01985247369515933,-0.018602968037769178,-0.07718145090286593,0.12496241960635385,-0.12220887078341161,-0.05787007913587425,0.0603673133895854,-0.08124088417025463,44.89,43.69,4,954.0,617.0,0.0,839.0,559.0,0.0,2,2,0,0.021792617137220666,0.029261159045837454,-0.012393187173408137,0.12586174671393946,0.008185532487812897,-0.0346345999936621,0.12386406703300926,0.008605845755278202,-0.03540712940312181,29.12,43.5,4,548.0,475.0,433.0,422.0,436.0,447.0,2,1,1,0.009487269493378636,0.009972105881133522,0.025872107276624645,-0.0190022927702434,0.029119575325054187,0.04706321805712565,-0.049470416193436145,0.04520966905723697,0.08100259740432714
92,least_connections,1295,measured,159,115,6,light,0,100.0,62.85,4,1027.0,483.0,0.0,840.0,417.0,0.0,3,1,0,0.058467823461204146,-0.025122138312089398,-0.016831256796076874,0.2667405920402641,-0.12760542987996554,-0.11056993070880099,0.14035564268658995,-0.08607243074275608,-0.07350365710642086,44.89,43.69,4,1112.0,459.0,0.0,950.0,448.0,0.0,3,1,0,0.06280103001757606,-0.016609518232904436,-0.011212883633083552,0.15471845110853027,-0.03343757944980194,-0.031336066660932374,0.14345141779177029,-0.0235976871737959,-0.032035021840919733,22.06,33.2,3,195.0,475.0,433.0,113.0,436.0,447.0,1,1,1,-0.034500180208938594,0.009022381511501754,0.023408097059803252,-0.08106874107783926,0.02634628243695379,0.042581006813589874,-0.13794942417501366,0.04090398628988107,0.07328806431820074
92,least_connections,1296,measured,442,421,21,heavy,2,100.0,62.85,4,1027.0,483.0,0.0,840.0,417.0,0.0,3,1,0,0.05289945932204185,-0.02272955371093803,-0.015228279958355267,0.2413367261316675,-0.11545253179615933,-0.10003946111748661,0.12698843862120046,-0.07787505638630313,-0.06650330881057126,44.89,43.69,4,1112.0,459.0,0.0,950.0,448.0,0.0,3,1,0,0.05681997953971167,-0.015027659353580206,-0.010144989953742262,0.1399833605267655,-0.03025304807363033,-0.028351679359891194,0.1297893780020779,-0.021350288395339145,-0.02898406737987976,30.9,47.23,4,195.0,908.0,442.0,113.0,883.0,421.0,1,2,1,-0.03121444876046825,0.05124700730859229,0.021178754482679134,-0.07334790859423554,0.1021894936334344,0.04015424425991466,-0.1248113837773933,0.17181789235751144,0.05846697882757845
92,least_connections,1297,measured,179,104,6,light,0,100.0,68.05,5,1689.0,0.0,0.0,1361.0,0.0,0.0,5,0,0,0.13402921603060022,-0.06364873453665368,-0.013777967581369052,0.503653863325477,-0.39579038591081084,-0.0905118933920117,0.35058477780013375,-0.2591012414923695,-0.06016966035242162,30.97,30.22,3,625.0,459.0,0.0,519.0,448.0,0.0,2,1,0,0.008324652690124612,-0.013596453700858283,-0.009178800434338238,0.0007604554425837406,-0.027371805399951266,-0.02565151942085394,-0.004431634188596184,-0.019316927595783046,-0.0262236800103674,30.9,47.23,4,195.0,908.0,442.0,113.0,883.0,421.0,1,2,1,-0.02824164411661413,0.046366339945869216,0.0191617302462335,-0.06636239349002263,0.09245716090644064,0.03633003052087517,-0.11292458532240347,0.15545428356155797,0.052898695129713846
92,least_connections,1298,measured,497,403,18,heavy,1,100.0,68.05,5,1689.0,0.0,0.0,1361.0,0.0,0.0,5,0,0,0.12126452878959068,-0.057586950295067614,-0.012465780192667237,0.45568682872305066,-0.35809606344311457,-0.08189171306896297,0.31719575134297817,-0.23442493277881052,-0.054439216509333845,45.17,42.81,4,625.0,459.0,497.0,519.0,448.0,403.0,2,1,1,0.007531828624398468,-0.012301553348395583,0.0347792712623561,0.0006880311147186291,-0.024764966790432108,0.10526767290494166,-0.00400957378968228,-0.017477220205708466,0.0902172657049057,27.0,43.47,3,475.0,433.0,442.0,436.0,447.0,421.0,1,1,1,-0.025551963724555635,-0.0011334021804947497,0.017336803556116026,-0.009375498871925236,-0.0023006639417918195,0.03287002761412516,-0.004757164498047584,0.009157050206488937,0.04786072416497919
92,least_connections,1299,measured,199,112,9,light,2,100.0,68.05,5,1689.0,0.0,0.0,1361.0,0.0,0.0,5,0,0,0.10971552604772489,-0.05210247883839451,-0.011278563031460834,0.41228808313037923,-0.3239916764485322,-0.0740925023004903,0.28698663216745646,-0.2120987487046381,-0.049254529222730624,45.17,42.81,4,1084.0,0.0,497.0,967.0,0.0,403.0,3,0,1,0.04989841183930836,-0.05421387706578194,0.03146695971356028,0.11927556556637808,-0.14105945974916648,0.09524218024732817,0.12303895704743031,-0.1424793897099267,0.08162514516158134,30.98,47.2,4,475.0,632.0,442.0,436.0,559.0,421.0,1,2,1,-0.023118443369836053,0.04205844111107164,0.015685679407914502,-0.008482594217456174,0.03392797071933122,0.029739548793732286,-0.004304101212519257,0.042062727964601115,0.043302559958790704
92,least_connections,1300,measured,350,342,14,medium,1,100.0,68.05,5,1689.0,0.0,0.0,1361.0,0.0,0.0,5,0,0,0.09926642832889396,-0.04714033799664265,-0.010204414171321707,0.37302255140367646,-0.29313532631057676,-0.06703607350996742,0.25965457196103203,-0.19189886787562496,-0.04456362167770866,55.17,53.5,5,1084.0,350.0,497.0,967.0,342.0,403.0,3,1,1,0.045146182140326604,-0.005966750451807251,0.028470106407506923,0.10791598789338969,-0.037149035011150605,0.0861714964142493,0.11132096113815124,-0.032213495451838464,0.0738513218128593,30.98,47.2,4,475.0,632.0,442.0,436.0,559.0,421.0,1,2,1,-0.020916686858423086,0.03805287529096958,0.014191805178589312,-0.0076747281015079605,0.030696735412728243,0.026907210813376832,-0.003894186811326944,0.038056753872734356,0.039178506629382076
92,least_connections,1301,measured,370,325,14,medium,2,70.73,41.6,3,1061.0,0.0,0.0,832.0,0.0,0.0,3,0,0,0.0036446823202464784,-0.04265078199696239,-0.009232565202624402,0.07270294333348504,-0.2652176761857599,-0.060651685556637185,-0.004383958701923429,-0.17362278522080354,-0.040319467232212594,41.83,40.75,4,617.0,350.0,497.0,559.0,342.0,403.0,2,1,1,-0.0022373544807475776,-0.005398488504016086,0.025758667702030072,-0.023082813674688257,-0.033611031676755304,0.07796468723193985,-0.014638178017863185,-0.02914554350404433,0.066817862592587,38.38,58.03,5,674.0,803.0,442.0,548.0,772.0,421.0,2,2,1,0.024159278783422194,0.03442879192992486,0.012840204685390329,0.029065722193873753,0.058716093944849335,0.024344619307340942,0.03025446590086292,0.09867039636104541,0.03544722028372663
92,least_connections,1302,measured,395,309,9,medium,0,70.47,41.5,3,662.0,395.0,0.0,521.0,309.0,0.0,2,1,0,-0.039786330508439105,0.00449509746760092,-0.008353273278564935,-0.174887813174466,-0.0017048816283860013,-0.05487533455124317,-0.1446569150160259,-0.017301567580727012,-0.03647951797200187,37.31,37.28,3,459.0,847.0,0.0,448.0,745.0,0.0,1,2,0,-0.045108173328386125,0.03819955348502853,-0.019778438972539683,-0.06172798788254108,0.09806620943531663,-0.05793671155205441,-0.04462799439711429,0.08757367492491228,-0.05348919574956415,38.38,58.03,5,674.0,803.0,442.0,548.0,772.0,421.0,2,2,1,0.02185839508976295,0.03114985936517012,0.011617328048686482,0.02629755817540959,0.053124084997720825,0.02202608413521323,0.02737308819601883,0.08927321575523156,0.03207129454241933
92,least_connections,1303,measured,172,121,3,light,0,70.0,42.35,3,655.0,395.0,0.0,538.0,309.0,0.0,2,1,0,-0.03599715617430205,0.004066992946877027,-0.007557723442511132,-0.16245405318959627,-0.0015425119494921202,-0.049649112213029534,-0.12318958977640437,-0.01565379923970539,-0.03300527816514455,37.31,37.28,3,459.0,847.0,0.0,448.0,745.0,0.0,1,2,0,-0.04081215682092078,0.03456150077216867,-0.017894778118012093,-0.055849131893727644,0.08872657044147697,-0.0524189294994778,-0.04037770921643674,0.07923332493206348,-0.048394986630558044,38.38,58.03,5,1107.0,812.0,0.0,995.0,746.0,0.0,3,2,0,0.06286054340320955,0.02818320609229677,-0.032572984373183886,0.10214540977775154,0.049693219759842644,-0.060052590544330896,0.15957565122496942,0.07292973488965393,-0.09795136842987458
92,least_connections,1304,measured,485,428,21,heavy,0,70.13,42.9,3,567.0,0.0,485.0,430.0,0.0,428.0,2,0,1,-0.03256885558627329,-0.03940423994148768,0.036245959969247295,-0.200061603679476,-0.23964957430350872,0.24761905720408436,-0.16031439075008017,-0.1539486755025906,0.16375712927915492,37.31,37.28,3,459.0,847.0,0.0,448.0,745.0,0.0,1,2,0,-0.036925284742737846,0.03126992927005737,-0.016190513535344276,-0.050530166951467864,0.08027642087562203,-0.04742665049952754,-0.03653221310058563,0.07168729398615267,-0.04378594028479061,38.38,58.03,5,1107.0,812.0,0.0,995.0,746.0,0.0,3,2,0,0.056873824983856264,0.025499091226363735,-0.029470795385261612,0.09241727551320378,0.04496053216366715,-0.05433329620677557,0.1443779701559247,0.06598404585254403,-0.08862266667464842
92,least_connections,1305,measured,494,415,17,heavy,0,100.0,63.65,4,567.0,0.0,979.0,430.0,0.0,843.0,2,0,2,-0.029467059816152025,-0.03565145518515552,0.07587786400845731,-0.1810081176147641,-0.21682580532222218,0.5220045438195684,-0.14504635353578685,-0.13928689688329624,0.3358993074430449,37.31,37.28,3,459.0,847.0,0.0,448.0,745.0,0.0,1,2,0,-0.03340859095771519,0.028291840768147142,-0.014648559865311488,-0.04571777009894712,0.07263104745889612,-0.04290982664242968,-0.03305295471005368,0.06485993265413811,-0.03961585073385817,28.88,43.5,4,632.0,812.0,0.0,559.0,746.0,0.0,2,2,0,0.008373369996731633,0.02307060634766242,-0.02666405296761765,-0.002336750726148973,0.040678576719508364,-0.049158696568035044,-0.0008643762081315953,0.05969985100944458,-0.08018241270563428
92,least_connections,1306,measured,367,337,10,medium,1,91.6,57.6,3,395.0,0.0,979.0,309.0,0.0,843.0,1,0,2,-0.06974457339375205,-0.032256078500855,0.06865140076955661,-0.26751528101653255,-0.19617572862486768,0.47228982536056185,-0.1859705103419024,-0.1260214781325061,0.30390889721037395,34.69,33.81,3,0.0,1214.0,0.0,0.0,1082.0,0.0,0,3,0,-0.07331072061707111,0.06868127996936668,-0.013253458925758013,-0.16001675798068005,0.1605845531430829,-0.038823176486007804,-0.1565717209281438,0.15396553430612497,-0.03584291256872882,28.88,43.5,4,632.0,812.0,0.0,559.0,746.0,0.0,2,2,0,0.007575906187519105,0.02087340574312313,-0.024124619351654063,-0.0021142030379443233,0.03680442655574567,-0.0444769159425079,-0.0007820546645000148,0.054014150913306996,-0.07254599244795483
92,least_connections,1307,measured,415,450,15,heavy,0,100.0,80.1,4,395.0,0.0,1394.0,309.0,0.0,1293.0,1,0,3,-0.06310223307053757,-0.02918407102458309,0.1051970723515943,-0.2420376352054342,-0.1774923258986898,0.6776273023103496,-0.16825903316648314,-0.11401943259607696,0.47853662128557645,34.69,33.81,3,350.0,864.0,0.0,342.0,740.0,0.0,1,2,0,-0.023244846998211735,0.01905630545981249,-0.011991224742352488,-0.05430087626823432,0.05481459570088451,-0.03512573110638802,-0.0449636998873682,0.04260572151506545,-0.0324293018478975,28.88,43.5,4,632.0,812.0,0.0,559.0,746.0,0.0,2,2,0,0.006854391312517277,0.018885462339016168,-0.02182703655625844,-0.0019128503676639208,0.03329924307424609,-0.04024101918607857,-0.0007075732678809843,0.048869946064420605,-0.06563685031005437
92,least_connections,1308,measured,163,117,3,light,1,100.0,80.1,4,395.0,909.0,485.0,309.0,865.0,428.0,1,2,1,-0.05709249658762923,0.05976316476460622,0.009010503102689624,-0.21898643185253575,0.3876974194249949,0.06480565447126868,-0.15223436334110382,0.2881490847940256,0.04165218116314062,39.34,37.47,4,513.0,864.0,0.0,459.0,740.0,0.0,2,2,0,0.022052848180756285,0.017241419225544646,-0.010849203338318918,-0.006993309820919474,0.04959415801508599,-0.03178042338197011,-0.007601085612380737,0.038548033751725885,-0.029340796910002503,24.9,39.77,3,803.0,442.0,0.0,772.0,421.0,0.0,2,1,0,0.006201592139896572,-0.025997053348599877,-0.019748271169948112,0.02921218300068501,-0.0368244943613964,-0.0364085411683568,0.06359790990048866,-0.053800207529016264,-0.05938572170909681
92,least_connections,1309,measured,434,401,13,heavy,2,100.0,80.1,4,395.0,909.0,485.0,309.0,865.0,428.0,1,2,1,-0.05165511596023596,0.054071434787024676,0.00815235995005252,-0.19813058119991334,0.3507738556702335,0.0586336873787669,-0.13773585254671303,0.26070631481364226,0.03768530676665102,39.34,37.47,4,1377.0,0.0,0.0,1199.0,0.0,0.0,4,0,0,0.10612037737896089,-0.07056842115421244,-0.00981594587752664,0.21701965846134494,-0.1784760339047181,-0.028753716393211053,0.20234901777927458,-0.17434939803415278,-0.026546435299526074,33.58,53.13,4,803.0,876.0,0.0,772.0,822.0,0.0,2,2,0,0.005610964317049272,0.019562756720881286,-0.017867483439476865,0.026430070333953115,0.04521593367302229,-0.032941061057084726,0.057540966100442126,0.07226012969596943,-0.05372993868918283
92,least_connections,1310,measured,380,309,7,medium,0,100.0,95.55,5,775.0,909.0,485.0,618.0,865.0,428.0,2,2,1,-0.0036516808801227985,0.048921774331117565,0.007375944716714183,0.04994534716833243,0.3173668217968779,0.05304952667602719,0.015167561981545341,0.23587714197424772,0.034096229931731864,39.34,37.47,4,1377.0,0.0,0.0,1199.0,0.0,0.0,4,0,0,0.09601367477144081,-0.06384761913952554,-0.00888109388919077,0.19635111956026446,-0.16147831638998306,-0.026015267212905237,0.183077682752677,-0.15774469345947156,-0.024018203366237875,24.92,38.23,3,812.0,434.0,0.0,746.0,401.0,0.0,2,1,0,0.005076586763044566,-0.02538426319357906,-0.01616581835000288,0.02554149220690996,-0.039071298105360766,-0.02980381714688618,0.04421960424960633,-0.06159004138618643,-0.04861280167116541
92,least_connections,1311,measured,184,106,5,light,2,100.0,80.1,4,380.0,1394.0,0.0,309.0,1293.0,0.0,1,3,0,-0.0463878019754399,0.08734645795491136,-0.03641042643544454,-0.19306532081595318,0.5796810927368579,-0.24454249173756268,-0.1260626820166971,0.4070316998814622,-0.16277007768081403,34.69,33.81,3,1214.0,0.0,0.0,1082.0,0.0,0.0,3,0,0,0.04378561504264146,-0.057766893507189776,-0.008035275423553553,0.1355149585137087,-0.14609942911474658,-0.023537622716438073,0.13256135582385062,-0.14272138932047426,-0.021730755426596172,28.6,41.77,4,996.0,434.0,0.0,852.0,401.0,0.0,3,1,0,0.04767700253617864,-0.022966714318000098,-0.014626216602383557,0.05640420723482331,-0.035350222095326414,-0.02696535837099226,0.07197646733694538,-0.05572432315893058,-0.043983011035816325
92,least_connections,1312,measured,448,435,18,heavy,1,100.0,80.1,4,380.0,1394.0,0.0,309.0,1293.0,0.0,1,3,0,-0.04196991607301705,0.07902774767349123,-0.03294276677492601,-0.17467814740491,0.5244733696190619,-0.22125273061969958,-0.11405671230082123,0.3682667760832277,-0.14726816552073652,47.49,47.41,4,1214.0,0.0,448.0,1082.0,0.0,435.0,3,0,1,0.0396155564671518,-0.05226528460174313,0.03581388912925654,0.1226087719885936,-0.13218519777048499,0.09451357944703223,0.11993646479300771,-0.12912887605185766,0.10332991175688916,28.6,41.77,4,996.0,434.0,0.0,852.0,401.0,0.0,3,1,0,0.043136335627971145,-0.02077940819247627,-0.013233243592632742,0.05103237797436394,-0.0319835342767239,-0.02439722900232633,0.06512156568580774,-0.050417244762841956,-0.039794152841929054
92,least_connections,1313,measured,400,323,9,medium,0,100.0,96.25,5,380.0,1794.0,0.0,309.0,1616.0,0.0,1,4,0,-0.037972781208920184,0.11458519574086848,-0.029805360415409248,-0.15804213336634715,0.5384600328299449,-0.200181041989252,-0.10319416827217162,0.4793127974086347,-0.13324262594733305,47.49,47.41,4,1214.0,0.0,448.0,1082.0,0.0,435.0,3,0,1,0.03584264632742305,-0.047287638449196166,0.03240304254551782,0.11093174608491801,-0.11959613131615308,0.08551228616636249,0.10851394433653078,-0.11683088785644265,0.09348896778004258,28.6,41.77,4,996.0,434.0,0.0,852.0,401.0,0.0,3,1,0,0.039028113187211985,-0.01880041693604996,-0.01197293467904867,0.04617215150061499,-0.028937483393226396,-0.022073683383057156,0.05891951181096891,-0.04561560240447607,-0.0360042335236501
92,least_connections,1314,measured,191,115,6,light,1,100.0,96.25,5,380.0,1794.0,0.0,309.0,1616.0,0.0,1,4,0,-0.03435632585568969,0.10367231995602386,-0.02696675466156075,-0.1429905016171712,0.4871781249413787,-0.18111618084741846,-0.0933661522462505,0.4336639595601933,-0.12055285204758705,42.94,40.31,4,1055.0,0.0,448.0,855.0,0.0,435.0,3,0,1,0.03242906096290657,-0.042784053834987006,0.02931703849356374,0.05926477707002786,-0.10820602357175756,0.0773682589124232,0.033997735352099295,-0.10570413663201954,0.08458525656289567,28.6,41.77,4,996.0,434.0,0.0,852.0,401.0,0.0,3,1,0,0.03531115002652513,-0.01700990103737854,-0.01083265518580594,0.04177480373865167,-0.0261815325938715,-0.019971427822765998,0.05330812973373378,-0.0412712593183355,-0.03257525890235009
92,least_connections,1315,measured,368,316,8,medium,1,100.0,96.25,5,1689.0,485.0,0.0,1497.0,428.0,0.0,4,1,0,0.09816740585845762,-0.03545293500577433,-0.024398492312840678,0.5461831969495434,-0.1714420139419272,-0.16386702076671195,0.45295443368196386,-0.14506594135030135,-0.10907162804305495,53.46,50.19,5,1055.0,368.0,448.0,855.0,316.0,435.0,3,1,1,0.029340578966439268,0.004374518185578644,0.026524939589414813,0.05362051258716807,-0.0027714362928146635,0.06999985330171624,0.030759855794756513,-0.0062918379051605244,0.0765295178426199,21.2,30.93,3,1060.0,0.0,0.0,928.0,0.0,0.0,3,0,0,0.03194818335733225,-0.058473810689147476,-0.009800973739538707,0.049377203382589635,-0.10222138663255041,-0.018069387077740664,0.07115179991782267,-0.15827717112928766,-0.029472853292602467
92,least_connections,1316,measured,354,348,10,medium,2,100.0,96.25,5,1689.0,485.0,0.0,1497.0,428.0,0.0,4,1,0,0.08881812911003309,-0.03207646500522439,-0.022074826378284423,0.49416574962101556,-0.15511420309031504,-0.14826063783654891,0.4098159161884435,-0.13125013741217742,-0.09868385394371638,28.77,27.06,3,559.0,448.0,0.0,431.0,435.0,0.0,2,1,0,-0.01653766211426469,0.003957897405999722,-0.019085145360143965,-0.07970388997215405,0.018172782129630263,-0.05247632320320913,-0.092050606661887,0.027953218085807127,-0.05375007909477247,24.6,39.0,3,876.0,354.0,0.0,822.0,348.0,0.0,2,1,0,-0.014178400998694857,-0.009820976111042726,-0.008867547669106449,0.011379374489009692,-0.028428873619926562,-0.01634849307033679,0.03240718405263321,-0.038250773878879304,-0.026665914883783184
92,least_connections,1317,measured,151,114,9,light,1,100.0,80.8,4,1309.0,485.0,0.0,1188.0,428.0,0.0,3,1,0,0.03727535944422494,-0.0290215635761554,-0.019972461961304956,0.3318959956888554,-0.14034142184361836,-0.13414057709021093,0.2310001146466869,-0.11875012432530338,-0.08928539166336244,33.09,30.63,4,559.0,599.0,0.0,431.0,549.0,0.0,2,2,0,-0.014962646674810898,0.04666485502266188,-0.017267512468701684,-0.07211304330813936,0.055476054579869566,-0.04747857813623683,-0.08328388221789776,0.057523149696682666,-0.04863102394288937,15.76,24.97,2,434.0,354.0,0.0,401.0,348.0,0.0,1,1,0,-0.05591197732081461,-0.008885645052848182,-0.00802301931966774,-0.06968532784327695,-0.025721361846600233,-0.014791493730304715,-0.09764746839682395,-0.03460784303327176,-0.0241263039424705
92,least_connections,1318,measured,383,335,12,medium,2,100.0,80.8,4,1794.0,0.0,0.0,1616.0,0.0,0.0,4,0,0,0.07680922543819899,-0.06934150536708844,-0.01807032272689496,0.41549320244864696,-0.41951525468390866,-0.12136528403400036,0.40261915134700255,-0.3010596362943221,-0.08078202102875649,33.09,30.63,4,559.0,599.0,0.0,431.0,549.0,0.0,2,2,0,-0.013537632705781288,0.0422205831157417,-0.015622987471682476,-0.06524513442164989,0.05019262081035818,-0.04295680878992856,-0.0753520839114313,0.052044754487474795,-0.04399949785309039,23.42,36.13,3,434.0,737.0,0.0,401.0,683.0,0.0,1,2,0,-0.050587027099784646,0.035044507083704254,-0.007258922241604146,-0.06304862995344106,0.04603305356736169,-0.013382780041704267,-0.08834770950188833,0.06971988804926202,-0.021828560709854263
92,least_connections,1319,measured,454,407,17,heavy,2,100.0,80.8,4,1794.0,0.0,0.0,1616.0,0.0,0.0,4,0,0,0.06949406111075146,-0.06273755247498478,-0.016349339610047822,0.3759224212630615,-0.3795614209044888,-0.10980668555457175,0.36427447026633564,-0.27238728998057715,-0.07308849521649396,33.09,30.63,4,710.0,448.0,0.0,545.0,435.0,0.0,3,1,0,0.030835565873907622,-0.0048843250268005844,-0.014135083902950811,-0.019997298490336324,0.006378357603929491,-0.0388656841432687,-0.035943552110342586,0.014855968345810516,-0.039809069486129396,32.5,49.7,4,788.0,383.0,454.0,749.0,335.0,407.0,2,1,1,-0.0026853147682858736,-0.01137696524626304,0.03651630391292504,0.007013144327839033,-0.022408189629529895,0.070044151390839,0.025018739022101028,-0.04187248224114387,0.10299638157997312
92,least_connections,1320,measured,398,333,6,medium,0,100.0,97.45,5,2192.0,0.0,0.0,1949.0,0.0,0.0,5,0,0,0.10595947932696106,-0.05676254747736718,-0.014792259647186124,0.3401202859046747,-0.34341271415168034,-0.09934890597794586,0.4802245207171608,-0.24644564331576027,-0.06612768614825644,27.63,27.03,3,519.0,448.0,0.0,430.0,435.0,0.0,2,1,0,-0.015185054912269513,-0.004419151214724332,-0.012788885436003115,-0.06746694353207297,0.0057708949749838145,-0.035164190415338345,-0.06503523762364333,0.013441114217638092,-0.03601772953506945,32.5,49.7,4,788.0,383.0,454.0,749.0,335.0,407.0,2,1,1,-0.0024295705046396,-0.010293444746618946,0.03303856068312266,0.006345225820425793,-0.02027407633147943,0.06337327982980671,0.022636001972377112,-0.03788462678960636,0.09318720238188044
92,least_connections,1321,measured,435,412,16,heavy,1,100.0,97.45,5,2192.0,0.0,0.0,1949.0,0.0,0.0,5,0,0,0.09586810034344095,-0.05135659057476078,-0.013383473014120779,0.30772787772327714,-0.31070674137532983,-0.08988710540861769,0.43448885207743126,-0.22297462966664025,-0.059829811276993924,40.06,39.91,4,519.0,448.0,435.0,430.0,435.0,412.0,2,1,1,-0.013738859206339077,-0.0039982796704648715,0.0315130038798974,-0.06104152033854221,0.0052212859297472575,0.0806337596922449,-0.05884140546901065,0.01216100810167256,0.08390062565874669,32.5,49.7,4,788.0,383.0,454.0,749.0,335.0,407.0,2,1,1,-0.0021981828375310652,-0.009313116675512378,0.029892031094253833,0.005740918599432848,-0.018343211918957575,0.05733772936982512,0.020480192260722146,-0.034276567095358146,0.08431223072646325
92,least_connections,1322,measured,426,421,14,heavy,1,58.87,38.05,2,883.0,0.0,0.0,761.0,0.0,0.0,2,0,0,-0.04251389560763505,-0.04646548671049785,-0.012108856536585466,-0.09373826936147933,-0.28111562314910793,-0.08132642870303505,-0.1443196100251813,-0.20173895065076974,-0.054131734012518314,52.23,53.06,5,519.0,874.0,435.0,430.0,856.0,412.0,2,2,1,-0.012430396424782969,0.03946640909633677,0.028511765415145274,-0.055228042211062006,0.11484646958269651,0.0729543540072692,-0.05323746209100966,0.13003555494913233,0.0759100898817232,23.82,36.33,3,354.0,837.0,0.0,348.0,742.0,0.0,1,2,0,-0.0450727323178569,0.03465774704415093,-0.016038729236718185,-0.07333916888622741,0.0655561415971336,-0.030275387713015373,-0.10240681017680696,0.09173389961213627,-0.04646353727923165
92,least_connections,1323,measured,434,444,16,heavy,0,87.8,60.25,3,883.0,0.0,434.0,761.0,0.0,444.0,2,0,1,-0.038464953168812654,-0.042040202261879,0.03212826812222766,-0.08481081513657651,-0.2543427066587167,0.18819672323693654,-0.1305748852608783,-0.18252571725545835,0.15188081208391202,41.71,43.19,4,599.0,861.0,0.0,549.0,833.0,0.0,2,2,0,-0.011246549146232215,0.03570770346811422,-0.01728754104162593,-0.029287956558307793,0.10054816635713357,-0.04644265929954556,-0.014521394272818261,0.11114824019207209,-0.04780753772605997,23.82,36.33,3,737.0,454.0,0.0,683.0,407.0,0.0,2,1,0,0.0023038090820297064,-0.011726890996335101,-0.014511231214173597,0.002950275769603772,-0.00999206236449815,-0.027392017454632957,0.008377965395587328,-0.018034408287432274,-0.042038438490733396
92,least_connections,1324,measured,400,329,12,medium,0,100.0,76.7,4,883.0,400.0,434.0,761.0,329.0,444.0,2,1,1,-0.034801624295592415,0.005047526751723985,0.029068433062967886,-0.07673359464737872,0.011150249531002299,0.17027322578579973,-0.1181391819026994,-0.016308982278748024,0.13741597283782514,41.71,43.19,4,599.0,861.0,0.0,549.0,833.0,0.0,2,2,0,-0.010175449227543432,0.0323069698044843,-0.01564110856147108,-0.026498627362278482,0.09097215051359703,-0.04201954889006503,-0.013138404342073667,0.10056269350711286,-0.043254438895006644,23.82,36.33,3,737.0,454.0,0.0,683.0,407.0,0.0,2,1,0,0.0020843986932649605,-0.010610044234779376,-0.01312920919377611,0.002669297124879594,-0.00904043737740308,-0.02478325388752506,0.007580063929340908,-0.01631684559339111,-0.03803477768209212
92,least_connections,1325,measured,494,434,13,heavy,2,82.13,55.3,3,398.0,834.0,0.0,333.0,773.0,0.0,1,2,0,-0.07457108411324574,0.04765071014498383,-0.016783889360262615,-0.3619653157920728,0.271866098782018,-0.10772104968586374,-0.300506878864347,0.18610139698589467,-0.076528405527682,41.71,43.19,4,599.0,861.0,0.0,549.0,833.0,0.0,2,2,0,-0.009206358824920241,0.029230115537390564,-0.014151479174664309,-0.023974948565871013,0.08230813617896873,-0.03801768709101122,-0.01188712773806666,0.09098529412548306,-0.03913496852405363,33.7,50.8,4,737.0,948.0,0.0,683.0,841.0,0.0,2,2,0,0.0018858845320016415,0.03348433639529031,-0.011878808318178386,0.00241507835108154,0.08121103284901625,-0.022422943993475053,0.006858153078927481,0.11612602859010646,-0.03441241790284525
92,least_connections,1326,measured,159,116,3,light,0,66.2,44.45,3,159.0,834.0,0.0,116.0,773.0,0.0,1,2,0,-0.06746907610246043,0.04311254727403299,-0.015185423706904271,-0.4716511587325103,0.24597408937420673,-0.09746190209673386,-0.3700538427820283,0.16837745441580948,-0.06923998595361705,37.4,39.62,3,448.0,861.0,0.0,435.0,833.0,0.0,1,2,0,-0.05141346297311378,0.026446295010020035,-0.012803719253267709,-0.06072563373646833,0.074469266066686,-0.03439695498710539,-0.04298716319158416,0.08232002801829422,-0.03540782866461995,26.62,39.2,3,383.0,948.0,0.0,335.0,841.0,0.0,1,2,0,-0.041377623745422545,0.030295351976691226,-0.010747493240256634,-0.0618720719680691,0.07347664876815756,-0.020287425517906,-0.0987473853095418,0.10506640681962012,-0.031135044769240942
92,least_connections,1327,measured,364,347,7,medium,0,90.47,61.8,4,523.0,834.0,0.0,463.0,773.0,0.0,2,2,0,-0.017959549580230633,0.039006590390791754,-0.013739192877675293,-0.20717644520242995,0.22254798562428224,-0.0881798161827592,-0.17783442918373984,0.15234150637620858,-0.06264570157708209,37.4,39.62,3,448.0,861.0,0.0,435.0,833.0,0.0,1,2,0,-0.04651694268996008,0.02392760024716098,-0.011584317419623165,-0.05494224004728088,0.0673769550127159,-0.031121054512142973,-0.03889314764952853,0.07448002534988526,-0.03203565450608472,26.62,39.2,3,383.0,948.0,0.0,335.0,841.0,0.0,1,2,0,-0.037436897674429925,0.02741008035986349,-0.009723922455470288,-0.05597949368539587,0.06647887269499969,-0.018355289754295904,-0.08934287242291877,0.09506008236060867,-0.028169802410265614
92,least_connections,1328,measured,150,115,5,light,1,90.47,61.8,4,523.0,834.0,0.0,463.0,773.0,0.0,2,2,0,-0.016249116286875337,0.03529167702024016,-0.012430698317896694,-0.18744535518315097,0.20135293937435056,-0.07978173845106785,-0.16089781688052654,0.13783279148323635,-0.05667944428402665,41.69,43.22,4,598.0,861.0,0.0,550.0,833.0,0.0,2,2,0,0.0009971425548887247,0.0216487811760028,-0.010481049093944768,-0.010934135552982033,0.060960102154361984,-0.028157144558605546,-0.002674157397192456,0.06738668960227714,-0.02898463979121951,26.62,39.2,3,383.0,948.0,0.0,335.0,841.0,0.0,1,2,0,-0.03387147884829374,0.024799596516066974,-0.008797834602568355,-0.0506481133344058,0.060147551485952105,-0.01660716692055344,-0.08083402743025986,0.08600674118340784,-0.025486964085478413
92,least_connections,1329,measured,414,430,14,heavy,2,79.87,56.0,3,764.0,434.0,0.0,676.0,444.0,0.0,2,1,0,-0.014701581402411013,-0.01115333530368294,-0.011246822287620818,-0.024228337229200148,-0.05909337231209555,-0.07218347764620425,-0.04921707241571449,-0.02412747437230997,-0.05128140197126221,41.69,43.22,4,1024.0,435.0,0.0,971.0,412.0,0.0,3,1,0,0.04398607682403764,-0.023496907734183406,-0.009482853942140504,0.10022965966975098,-0.05496807083993098,-0.025475511743500257,0.11661326235492114,-0.05806382845508257,-0.02622419790634146,34.9,53.53,4,837.0,908.0,0.0,742.0,864.0,0.0,2,2,0,0.01243827650687257,0.022437730181203458,-0.00795994559279994,0.036327897459347114,0.04718111801109953,-0.015025531975738825,0.049610483118653764,0.08475213091197217,-0.023059634172575706
92,least_connections,1330,measured,496,412,17,heavy,0,100.0,76.6,4,764.0,434.0,496.0,676.0,444.0,412.0,2,1,1,-0.013301430792657581,-0.010091112893808374,0.03290820387129091,-0.02192087654070496,-0.05346543209189597,0.23386574244708502,-0.04452973218564649,-0.021829619670185207,0.13998349345457228,28.89,29.62,3,1011.0,0.0,0.0,948.0,0.0,0.0,3,0,0,0.03979692665031977,-0.06434300722435188,-0.00857972499526998,0.08732343357875427,-0.16218199606606,-0.023049272529833565,0.09900426117826197,-0.16902203526888424,-0.023726655248594655,27.24,42.37,3,454.0,908.0,0.0,407.0,864.0,0.0,1,2,0,-0.03183022148244409,0.020300803497279307,-0.0072018555363428036,-0.036436664203447836,0.042687678200518636,-0.013594528930430365,-0.056146070829154515,0.07668049939654625,-0.020863478537092306
92,least_connections,1331,measured,491,427,16,heavy,1,100.0,76.6,4,764.0,434.0,496.0,676.0,444.0,412.0,2,1,1,-0.012034627860023517,-0.009130054522969486,0.029774089216882255,-0.01983317401301876,-0.04837348617838205,0.2115928145949817,-0.04028880531082302,-0.01975060827302469,0.12665173217318443,42.91,42.97,4,1011.0,0.0,491.0,948.0,0.0,427.0,3,0,1,0.036006743159813115,-0.0582151017744136,0.035321291897703576,0.07900691609506338,-0.1467360916788162,0.10607106635055875,0.08957528392318939,-0.15292469857660954,0.09926219287031911,27.24,42.37,3,948.0,414.0,0.0,841.0,430.0,0.0,2,1,0,0.014285128409307957,-0.024716506586361806,-0.006515964532881584,0.05642397048259479,-0.05076829115191171,-0.012299811889436997,0.08009006290060625,-0.06151129419677559,-0.018876480581178752
92,least_connections,1332,measured,382,342,9,medium,2,100.0,76.6,4,1198.0,0.0,496.0,1120.0,0.0,412.0,3,0,1,0.0321954274010218,-0.051344425747539287,0.02693846167241728,0.2438334774802846,-0.3055442652725044,0.19144111796688823,0.1644053666235411,-0.21872674081845092,0.11458966244240497,42.91,42.97,4,1011.0,0.0,491.0,948.0,0.0,427.0,3,0,1,0.0325775295255452,-0.05267080636732659,0.031957359336017524,0.07148244789553354,-0.13276122580464325,0.09596906003145791,0.08104430450193326,-0.1383604415693134,0.08980865069219349,34.88,53.77,4,948.0,796.0,0.0,841.0,772.0,0.0,2,2,0,0.012924639989373876,0.020721346648620492,-0.005895396482130957,0.051050259008061954,0.02319059371969895,-0.011128401233300141,0.07246243786245327,0.04748978144101257,-0.017078720525828393
92,least_connections,1333,measured,391,328,15,medium,0,100.0,93.0,5,1198.0,496.0,391.0,1120.0,412.0,328.0,3,1,1,0.029129196219972106,-0.0033705802114924605,0.024372893894091825,0.2206112415297813,0.02272979173757539,0.10987529720813696,0.14874771265939435,-0.011514670264312743,0.06567636125741404,38.63,39.38,3,861.0,491.0,0.0,833.0,427.0,0.0,2,1,0,-0.013608992560787903,-0.004570638867490498,-0.014170098922741512,0.025899085510924874,0.006807870530492838,-0.04009602051575576,0.040810918358892,-0.00445408999128355,-0.039473720802301125,34.88,53.77,4,948.0,796.0,0.0,841.0,772.0,0.0,2,2,0,0.01169372189514778,0.018747885063037595,-0.005333930150499437,0.04618832957872271,0.0209819657463943,-0.010068553496795366,0.06556125330412438,0.0429669451132971,-0.015452175713844737
92,least_connections,1334,measured,358,316,12,medium,1,100.0,75.65,4,834.0,887.0,0.0,773.0,740.0,0.0,2,2,0,-0.016728913170592136,0.040034327654454666,-0.02103223432257905,-0.019954908457181952,0.2564063195086,-0.13643028665295545,-0.02239492664150039,0.1379629173799075,-0.0889594826718635,48.86,49.25,4,861.0,849.0,0.0,833.0,743.0,0.0,2,2,0,-0.012312898031189068,0.03894856029902787,-0.012820565692004226,0.023432505938455833,0.09870371959561597,-0.036277351895207595,0.03692416422947373,0.08531534715074346,-0.03571431882112959,34.88,53.77,4,1330.0,414.0,0.0,1183.0,430.0,0.0,3,1,0,0.053663934322367254,-0.02612152802686621,-0.004825936802832824,0.11091325057122531,-0.05014012622945278,-0.009109643639957712,0.16246018156087444,-0.06426800204035027,-0.01398053993157381
92,least_connections,1335,measured,490,436,15,heavy,0,100.0,97.45,5,834.0,887.0,490.0,773.0,740.0,436.0,2,2,1,-0.01513568334482146,0.036221534544506606,0.024054735839662035,-0.018054440985069364,0.23198667003159046,0.1721186295362149,-0.02026207648516698,0.12482359191515441,0.11675094424926635,48.86,49.25,4,861.0,849.0,0.0,833.0,743.0,0.0,2,2,0,-0.01114024107583772,0.03523917360388236,-0.01159955943562287,0.02120083870622194,0.08930336534841446,-0.03282236600042592,0.033407577160000035,0.07719007599352978,-0.032312955123879154,34.88,53.77,4,1330.0,414.0,0.0,1183.0,430.0,0.0,3,1,0,0.04855308343452275,-0.023633763452878945,-0.004366323773991603,0.10035008385015626,-0.04536487611236205,-0.008242058531390312,0.14698778331698165,-0.0581472399412693,-0.01264905993809059
92,least_connections,1336,measured,372,306,12,medium,1,100.0,81.0,4,434.0,1377.0,0.0,444.0,1176.0,0.0,1,3,0,-0.05677808991969106,0.0758557648146443,-0.021320091609920287,-0.2576048116849041,0.5054482570127088,-0.13982917645136111,-0.1671656882484844,0.31017372601847304,-0.09160628853637806,47.31,45.66,4,435.0,1221.0,0.0,412.0,1049.0,0.0,1,3,0,-0.05316316596203911,0.0749669620588414,-0.010494839489373072,-0.09094073776920054,0.17696154824040222,-0.02969642638133774,-0.08880683495047614,0.15635649732747936,-0.029235530826366853,25.8,40.2,3,1290.0,0.0,0.0,1206.0,0.0,0.0,3,0,0,0.04392898025028248,-0.06446682906507642,-0.003950483414563831,0.08355483776918898,-0.11595869743499423,-0.007457100576019806,0.13992545474711043,-0.18229194724845002,-0.011444387563034343
92,least_connections,1337,measured,167,107,7,light,2,100.0,81.0,4,434.0,1377.0,0.0,444.0,1176.0,0.0,1,3,0,-0.051370652784482385,0.06863140626086865,-0.019289606694689782,-0.23307102009586556,0.45731032777340325,-0.12651211202742196,-0.15124514651053347,0.2806333711595708,-0.08288188010434205,34.89,32.78,3,0.0,1221.0,0.0,0.0,1049.0,0.0,0,3,0,-0.09118390752574514,0.0678272513865708,-0.009495330966575637,-0.1947286947163515,0.16010806745560202,-0.026868195297400813,-0.19683713638376413,0.14146540234390992,-0.026451194557189056,29.14,43.77,4,1457.0,0.0,0.0,1313.0,0.0,0.0,4,0,0,0.08282916807225105,-0.05832713105887866,-0.003574246898891085,0.10581628179117097,-0.10491501196499478,-0.006746900521160777,0.1588690622315126,-0.1649308094152643,-0.010354445890364406
92,least_connections,1338,measured,397,306,13,medium,1,100.0,81.0,4,434.0,1377.0,0.0,444.0,1176.0,0.0,1,3,0,-0.04647820966215073,0.062095081855071635,-0.017452501295195516,-0.21087378008673552,0.41375696322355526,-0.11446333945338177,-0.1368408468428636,0.25390638343008787,-0.07498836771345234,46.23,42.34,4,0.0,1618.0,0.0,0.0,1355.0,0.0,0,4,0,-0.08249972585662656,0.10445141338603571,-0.008591013731663672,-0.17618310474336565,0.24748553041901408,-0.024309319554791212,-0.17809074244245326,0.21451036402544232,-0.0239320331707901,19.26,29.3,3,963.0,0.0,0.0,879.0,0.0,0.0,3,0,0,0.03185677564813644,-0.05277216619612832,-0.003233842432330029,0.006348064477726123,-0.0949231060635667,-0.006104338566764513,0.012849786463432045,-0.14922311328047724,-0.009368308186520177
92,least_connections,1339,measured,381,335,11,medium,2,91.8,58.8,3,0.0,1377.0,0.0,0.0,1176.0,0.0,0,3,0,-0.08513561373060803,0.056181264535540995,-0.015790358314700704,-0.45256834071339563,0.3743515381546453,-0.10356206902925018,-0.3246655280959242,0.22972482310341286,-0.06784661840740926,46.23,42.34,4,358.0,1260.0,0.0,316.0,1039.0,0.0,1,3,0,-0.03155870888161903,0.05141975950346542,-0.007772821947695703,-0.06685954374739886,0.13137126221584264,-0.021994146263858715,-0.07178448125745773,0.10473556745159068,-0.02165279191642914,26.88,40.47,4,963.0,381.0,0.0,879.0,335.0,0.0,3,1,0,0.028822797014980583,-0.004662345379263494,-0.0029258574387747882,0.005743486908418888,-0.016939953105131772,-0.005522972988977417,0.011625997276438538,-0.033979642174400054,-0.008476088359232541
92,least_connections,1340,measured,437,439,14,heavy,0,100.0,80.75,4,496.0,1318.0,0.0,412.0,1203.0,0.0,1,3,0,-0.03394355981522132,0.050830667913108515,-0.01428651466568159,-0.11029199080418339,0.30311170912404417,-0.09369901483598826,-0.10736404922964568,0.22006055423642124,-0.06138503570194171,46.23,42.34,4,849.0,769.0,0.0,743.0,612.0,0.0,2,2,0,0.01453078266719729,0.0034387393239970476,-0.007032553190772303,0.06643320191561872,-0.008065456634645751,-0.019899465667300744,0.055781302671823935,-0.025968415162846537,-0.0195906212577216,26.88,40.47,4,963.0,381.0,0.0,879.0,335.0,0.0,3,1,0,0.026077768727839568,-0.004218312486000297,-0.0026472043493676657,0.005196488155236156,-0.015326624237976358,-0.004996975561455758,0.010518759440587278,-0.030743485776838136,-0.007668841848829442
92,least_connections,1341,measured,417,413,19,heavy,0,100.0,100.0,5,887.0,927.0,417.0,740.0,875.0,413.0,2,2,1,0.012373060393938068,0.002905751694626535,0.030158006005426403,0.13605327816129442,0.038402657461436784,0.16674851038648686,0.05124205069698723,0.05072145383295251,0.131294491507767,46.23,42.34,4,1221.0,397.0,0.0,1049.0,306.0,0.0,3,1,0,0.05623079883041206,-0.03997265988599813,-0.006362786220222559,0.15626949561072984,-0.10346058321365909,-0.01800427846089115,0.1369866547983169,-0.11001308990924212,-0.017724847804605256,19.24,29.07,3,581.0,381.0,0.0,537.0,335.0,0.0,2,1,0,-0.01948972852061681,-0.003816568439714549,-0.002395089649427888,-0.06442222500240538,-0.013866945739121464,-0.0045210731270314,-0.0936258843156591,-0.027815534750472604,-0.006938475958464733
92,least_connections,1342,measured,449,441,15,heavy,2,100.0,100.0,5,887.0,927.0,417.0,740.0,875.0,413.0,2,2,1,0.011194673689753493,0.002629013437995431,0.027285814957290554,0.12309582309831402,0.0347452615127285,0.1508676998734881,0.04636185539251225,0.04589083918219511,0.11879025422131301,46.23,42.34,4,1221.0,397.0,0.0,1049.0,306.0,0.0,3,1,0,0.0508754846560871,-0.03616573989685545,-0.005756806580201363,0.141386686504946,-0.09360719433616776,-0.016289585274139613,0.12394030672228673,-0.09953565277502859,-0.016036767061309517,28.22,43.77,4,581.0,381.0,449.0,537.0,335.0,441.0,2,1,1,-0.017633563899605686,-0.0034530857311702995,0.04091691435346547,-0.0582867750021763,-0.01254628424015751,0.07715712431363826,-0.08470913342845349,-0.025166436202808562,0.12672233127567475
92,least_connections,1343,measured,390,313,6,medium,1,100.0,100.0,5,1377.0,437.0,417.0,1176.0,439.0,413.0,3,1,1,0.05321241451748672,-0.04070526902095198,0.024687165913739074,0.4069279669302206,-0.26411936656784885,0.13649934750458448,0.2391845358313206,-0.15571781216849015,0.10747689667642606,57.37,52.12,5,1611.0,397.0,0.0,1362.0,306.0,0.0,4,1,0,0.08911410062988379,-0.03272138371620255,-0.005208539286848853,0.2287376143208015,-0.08469222344700894,-0.014738196200412031,0.20063349179635462,-0.09005606679645443,-0.014509455912613373,19.94,29.43,3,548.0,449.0,0.0,442.0,441.0,0.0,2,1,0,-0.015954176861548014,-0.003124220423439794,-0.006063834859336229,-0.05870708214482617,0.0009533618779527381,-0.011438792287660624,-0.10529239056225156,0.009198621213331926,-0.018346462179151403
92,least_connections,1344,measured,177,105,3,light,2,100.0,100.0,5,1377.0,437.0,417.0,1176.0,439.0,413.0,3,1,1,0.048144565515821316,-0.03682857673324226,0.022336007255287733,0.3681729224606758,-0.23896514118043466,0.12349940964700498,0.21640505622833767,-0.1408875443429197,0.09724100175486167,57.37,52.12,5,2008.0,0.0,0.0,1668.0,0.0,0.0,5,0,0,0.12371094365379508,-0.07268896168427395,-0.004712487926196581,0.3095789299637184,-0.1792521477445727,-0.013334558467039457,0.26804339733955895,-0.1679971556729826,-0.013127602968554957,20.14,29.37,3,558.0,449.0,0.0,440.0,441.0,0.0,2,1,0,-0.014434731446162502,-0.0028266756212074334,-0.005486326777494683,-0.051306407654842734,0.0008625655086239026,-0.010349383498359612,-0.09586771844521175,0.00832256205015744,-0.01659918006685127
92,least_connections,1345,measured,483,403,17,heavy,2,100.0,100.0,5,1377.0,437.0,417.0,1176.0,439.0,413.0,3,1,1,0.04355936880002881,-0.03332109323483823,0.020208768469069854,0.33310883460727814,-0.21620655630610752,0.11173756110919497,0.19579505087325788,-0.12746968297692737,0.08797995396868437,57.37,52.12,5,2008.0,0.0,0.0,1668.0,0.0,0.0,5,0,0,0.11192894902010031,-0.06576620342862882,-0.004263679552273097,0.28009522234812617,-0.16218051462604197,-0.012064600517797605,0.24251545473579145,-0.15199742656126997,-0.01187735506678782,29.8,42.8,4,558.0,449.0,483.0,440.0,441.0,403.0,2,1,1,-0.013059995117956552,-0.002557468419187678,0.03812008076140504,-0.04642008311628629,0.0007804164125644886,0.07803627207291274,-0.08673745954566778,0.007529937092999567,0.10652137676491234
92,least_connections,1346,measured,192,102,8,light,2,100.0,100.0,5,1377.0,854.0,0.0,1176.0,852.0,0.0,3,2,0,0.039410857485740344,0.012936244442856126,-0.024799776373789405,0.30138418369229925,0.05590835381828374,-0.15042792090120458,0.17714790317104284,0.07150362016373235,-0.10723242259976175,47.14,42.25,4,1650.0,0.0,0.0,1352.0,0.0,0.0,4,0,0,0.058185148886666704,-0.05950275548304512,-0.0038576148330089926,0.16087526919932504,-0.1467347513283237,-0.010915590944674024,0.13007350666571604,-0.13752148117448235,-0.010746178393760408,33.64,46.2,5,558.0,641.0,483.0,440.0,543.0,403.0,2,2,1,-0.011816186059103534,0.04077000022844471,0.03448959687936646,-0.04199912281949711,0.03544894818279645,0.07060424616120677,-0.07847674911274705,0.03757470498890436,0.0963764837396826
92,least_connections,1347,measured,151,106,5,light,1,100.0,80.8,4,1318.0,417.0,0.0,1203.0,413.0,0.0,3,1,0,0.0356574424870984,-0.031379679064173244,-0.022437892909618985,0.2370936265152549,-0.21300355289456868,-0.13610145224394699,0.17249096001189596,-0.13390148651852787,-0.09701981092359396,37.43,32.22,4,1310.0,0.0,0.0,1031.0,0.0,0.0,4,0,0,0.05264370613555558,-0.053835826389421776,-0.0034902229441509934,0.057662658527280475,-0.1327600131065786,-0.00987601085470507,0.026926625078505018,-0.12442419725310308,-0.009722732832449893,30.1,42.7,4,573.0,449.0,483.0,437.0,441.0,403.0,2,1,1,-0.010690835005855576,-0.006196757162926447,0.031204873367045846,-0.03528492064621168,-0.0026699992631841613,0.06388003224109183,-0.07190753491153304,0.003234256894722981,0.08719777100256998
92,least_connections,1348,measured,428,433,16,heavy,0,100.0,86.05,4,927.0,417.0,428.0,875.0,413.0,433.0,2,1,1,-0.010822404643192146,-0.02839113820091864,0.022782949499006857,-0.02132798870842023,-0.1927175002379431,0.13501932098563527,0.007682297153620121,-0.1211489639929538,0.10810112345008165,26.8,22.66,3,938.0,0.0,0.0,725.0,0.0,0.0,3,0,0,0.004546119610173871,-0.04870860482852447,-0.003157820758993756,-0.04399228854334486,-0.12011620233452348,-0.008935438392352207,-0.06215567254801929,-0.11257427370518851,-0.008796758276978475,30.1,42.7,4,573.0,932.0,0.0,437.0,844.0,0.0,2,2,0,-0.009672660243393139,0.037477310412681056,-0.014850919561334936,-0.03192445201323914,0.08498428638092863,-0.029603780353297873,-0.06505919825329179,0.12446591496824144,-0.04264646115640495
92,least_connections,1349,measured,364,315,14,medium,1,100.0,86.05,4,927.0,417.0,428.0,875.0,413.0,433.0,2,1,1,-0.009791699439078622,-0.025687220277021625,0.02061314478481573,-0.0192967516885707,-0.17436345259623426,0.12216033803462237,0.006950649805656295,-0.10961096742219631,0.09780577835959768,26.06,22.72,3,548.0,364.0,0.0,412.0,315.0,0.0,2,1,0,-0.03897074438898099,-0.0009857898561933393,-0.0028570759248038743,-0.14061887330792427,-0.014581325921711727,-0.008084444259747236,-0.14473310849582696,-0.012790414304694367,-0.007958971774409096,30.1,42.7,4,573.0,932.0,0.0,437.0,844.0,0.0,2,2,0,-0.008751454505927125,0.03390804275433048,-0.013436546269779227,-0.02888402801197827,0.07689054482084019,-0.026784372700602837,-0.058863084133930654,0.11261201830459941,-0.03858489342722352
92,least_connections,1350,measured,193,112,5,light,1,85.47,64.25,3,437.0,845.0,0.0,439.0,846.0,0.0,1,2,0,-0.051943056862114215,0.01984308188088066,-0.024433912088114563,-0.3130145213690243,0.10040132066689916,-0.14763271003216705,-0.1909494120805967,0.096709124713251,-0.1073900100556021,31.57,26.22,4,741.0,364.0,0.0,524.0,315.0,0.0,3,1,0,0.00782465530339363,-0.0008919051079844531,-0.002584973455774934,-0.07733544319696553,-0.01319262821488204,-0.007314497187390356,-0.09928233625812916,-0.011572279609009181,-0.007200974462560611,22.48,31.53,3,641.0,483.0,0.0,543.0,403.0,0.0,2,1,0,-0.007917982648219773,-0.012405194877601222,-0.01215687519646692,-0.013828406296551743,-0.011679983257335075,-0.024233480062450186,-0.02128882215292141,-0.031112935819648163,-0.03491014167224985
92,least_connections,1351,measured,379,313,11,medium,0,100.0,79.9,4,437.0,1224.0,0.0,439.0,1159.0,0.0,1,3,0,-0.046996099065722385,0.061037164785649384,-0.022106872841627462,-0.2832036145719744,0.31944246473036897,-0.13357245193386544,-0.17276375378720657,0.22909396997865572,-0.09716239005030666,20.23,16.66,3,344.0,364.0,0.0,218.0,315.0,0.0,2,1,0,-0.036004450190353615,-0.0008069617643668842,-0.0023387855076058926,-0.17259601323262866,-0.011936187432512319,-0.006617878407638894,-0.17634473280497398,-0.010470157741484493,-0.006515167370888172,22.48,31.53,3,641.0,483.0,0.0,543.0,403.0,0.0,2,1,0,-0.0071638890626750384,-0.0112237477464011,-0.010999077558708166,-0.012511415220689659,-0.010567603899493641,-0.021925529580312072,-0.019261315281214608,-0.028149799074919768,-0.03158536627489272
92,least_connections,1352,measured,390,348,11,medium,1,100.0,79.9,4,437.0,1224.0,0.0,439.0,1159.0,0.0,1,3,0,-0.042520280107082156,0.055224101472730394,-0.020001456380520085,-0.2562318417555959,0.2890193728512862,-0.12085126603540207,-0.15631006295032976,0.20727549664735517,-0.0879088290931346,27.06,24.22,3,193.0,754.0,0.0,112.0,663.0,0.0,1,2,0,-0.07565935516088683,0.042353791963758755,-0.0021160440306910457,-0.19519231129210618,0.0900169188535773,-0.005987604273578047,-0.18952023444259553,0.08891985728151404,-0.005894675240327394,22.48,31.53,3,641.0,483.0,0.0,543.0,403.0,0.0,2,1,0,-0.006481613913848855,-0.010154819389601,-0.009951546362640722,-0.01131985186633827,-0.009561165432875204,-0.019837383905996635,-0.01742690430205132,-0.025468865829689324,-0.028577236153474368
92,least_connections,1353,measured,381,316,9,medium,1,100.0,79.9,4,854.0,807.0,0.0,852.0,746.0,0.0,2,2,0,0.0046131706060639766,0.006880763010474883,-0.018096555772851505,0.01969500031636573,0.009969908770211422,-0.10934162165107807,0.04540994304493973,0.0007016398237975063,-0.07953655965569321,37.94,34.09,4,193.0,1135.0,0.0,112.0,979.0,0.0,1,3,0,-0.06845370228842142,0.08140399771777719,-0.001914516027768089,-0.17660256735952468,0.17993367488112774,-0.005417356247522995,-0.17147068830520548,0.16979653754041743,-0.005333277598391452,22.48,31.53,3,641.0,483.0,0.0,543.0,403.0,0.0,2,1,0,-0.005864317350625148,-0.009187693733448521,-0.009003780042389225,-0.010241770736210826,-0.008650578248791854,-0.01794810924828267,-0.0157671991304274,-0.023043259560195123,-0.025855594615048237
92,least_connections,1354,measured,179,118,7,light,2,81.6,57.95,3,417.0,807.0,0.0,413.0,746.0,0.0,1,2,0,-0.038910079202223294,0.0062254522475725105,-0.01637307427067517,-0.2457680155867802,0.0090203936492389,-0.09892813387478491,-0.15751005153076883,0.0006348169834358708,-0.07196164921229387,37.94,34.09,4,193.0,1135.0,0.0,112.0,979.0,0.0,1,3,0,-0.06193430207047651,0.07365123603036984,-0.001732181167980652,-0.15978327523004615,0.16279713441625845,-0.0049014175572827095,-0.15514014656185257,0.15362543872704434,-0.004825346398544647,22.22,32.07,3,628.0,483.0,0.0,559.0,403.0,0.0,2,1,0,-0.005305810936279909,-0.0083126752826439,-0.0081462771812093,-0.011618744951809812,-0.007826713653668826,-0.016238765510350986,-0.009440164292608938,-0.02084866341160513,-0.02339315703266269
92,least_connections,1355,measured,150,119,9,light,0,91.6,63.9,4,796.0,578.0,0.0,726.0,552.0,0.0,2,2,0,0.00787954285331724,0.005632552033517979,-0.014813733863944202,0.006241636691325825,-0.12996567558719657,-0.08950640683909111,-0.0009138561468861051,-0.08718754653879612,-0.06510815881112302,32.43,30.59,3,381.0,754.0,0.0,316.0,663.0,0.0,1,2,0,-0.05603579711138351,0.02355293237214867,-0.0015672115329348755,-0.09596718099044989,0.0488028495058665,-0.004434615885160547,-0.08268632307977139,0.049649206467325846,-0.004365789598683252,22.22,32.07,3,1111.0,0.0,0.0,962.0,0.0,0.0,3,0,0,0.03828340461774221,-0.05060489214914947,-0.007370441259189366,0.0768878021864578,-0.09448131235331941,-0.014692216414127083,0.11299858151303635,-0.14040275895970622,-0.021165237315266244
92,least_connections,1356,measured,183,125,6,light,1,91.6,63.9,4,796.0,578.0,0.0,726.0,552.0,0.0,2,2,0,0.007129110200620348,0.005096118506516256,-0.013402902067378087,0.005647195101675773,-0.11758799219793975,-0.08098198714013005,-0.0008268222281350712,-0.07888397067795844,-0.058907381781492255,37.66,34.5,4,1318.0,0.0,0.0,1104.0,0.0,0.0,4,0,0,0.07855264615092511,-0.06485800449776118,-0.0014179532917029825,0.15539023760728,-0.150756605549114,-0.004012271515145257,0.1479861838802068,-0.14253464652956233,-0.003950000113094371,22.22,32.07,3,1111.0,0.0,0.0,962.0,0.0,0.0,3,0,0,0.03463736608271914,-0.045785378611135234,-0.006668494472599903,0.0695651543591761,-0.08548309212919375,-0.013292957708019741,0.10223681184512812,-0.12703106763021038,-0.01914950042809803
92,least_connections,1357,measured,410,417,15,heavy,2,91.6,63.9,4,1374.0,0.0,0.0,1278.0,0.0,0.0,4,0,0,0.09261794777788553,-0.08155702656666669,-0.01212643520381827,0.353744287631675,-0.4550240564330566,-0.07326941693630815,0.2489662084602588,-0.32108549728005764,-0.05329715494515966,37.66,34.5,4,1318.0,0.0,0.0,1104.0,0.0,0.0,4,0,0,0.07107144175559892,-0.058681051688450586,-0.0012829101210646032,0.1405911673589676,-0.1363988335920555,-0.0036301504184647563,0.13389226160590137,-0.12895991828865164,-0.0035738096261330025,21.44,31.27,3,662.0,0.0,410.0,521.0,0.0,417.0,2,0,1,-0.01174533091382099,-0.04142486636245569,0.03705050046583365,-0.01830771748455498,-0.07734184525974673,0.06216351445464881,-0.040500027378217424,-0.11493287071304749,0.10843616627933989
92,least_connections,1358,measured,388,330,8,medium,2,91.6,63.9,4,1374.0,0.0,0.0,1278.0,0.0,0.0,4,0,0,0.08379719084665833,-0.07378969070317462,-0.010971536612978434,0.32005435547627736,-0.41168843201086075,-0.06629137722808832,0.2252551409878532,-0.29050592611052833,-0.04822123542657302,37.66,34.5,4,1318.0,0.0,0.0,1104.0,0.0,0.0,4,0,0,0.06430273301697045,-0.05309238009907434,-0.0011607282047727363,0.12720153237239923,-0.12340846848805023,-0.0032844218071823987,0.12114061764343456,-0.11667802130878005,-0.003233446804596526,29.2,42.27,4,662.0,798.0,0.0,521.0,747.0,0.0,2,2,0,-0.01062672796964756,0.04868815945891197,-0.009562018852907878,-0.016564125343168812,0.07442404476499104,-0.017947296445793938,-0.0366428819136253,0.12129883125962371,-0.027652992413930585
92,least_connections,1359,measured,362,346,13,medium,0,100.0,81.2,5,1374.0,362.0,0.0,1278.0,346.0,0.0,4,1,0,0.07581650600411945,-0.02367820088563871,-0.009926628364123346,0.28957298828806044,-0.15413080356538195,-0.05997791273017515,0.20380227041758148,-0.10631488552857327,-0.04362873681451845,37.66,34.5,4,1318.0,0.0,0.0,1104.0,0.0,0.0,4,0,0,0.05817866320583043,-0.048035962946781544,-0.0010501826614610472,0.11508710071788503,-0.11165528101299783,-0.0029716197303078845,0.10960341596310746,-0.10556582880318195,-0.0029254994898730473,29.2,42.27,4,1050.0,410.0,0.0,851.0,417.0,0.0,3,1,0,0.033469241587552434,0.000967291664639186,-0.008651350390726176,0.05522293421332347,-0.0028734833078652433,-0.016238030117623085,0.06637072588767234,0.010222752092040516,-0.02501937408879434
92,least_connections,1360,measured,367,326,9,medium,1,87.93,60.55,4,957.0,362.0,0.0,865.0,346.0,0.0,3,1,0,0.025511986157922134,-0.0214231341346255,-0.00898123518658779,0.010470798927292746,-0.139451679416298,-0.05426573056539657,-0.002440802955521515,-0.0961896583353758,-0.03947361902265955,48.14,44.69,5,1318.0,367.0,0.0,1104.0,326.0,0.0,4,1,0,0.05263783813860848,-0.0003772091060449817,-0.0009501652651314236,0.10412642445903886,-0.0061506964267259295,-0.0026886083274214193,0.09916499539519247,-0.0033393212981170095,-0.002646880490837519,29.2,42.27,4,1050.0,410.0,0.0,851.0,417.0,0.0,3,1,0,0.030281694769690295,0.0008751686489592569,-0.007827412258276064,0.04996360714538792,-0.002599818230925699,-0.014691551058801839,0.0600497043745607,0.009249156654703328,-0.022636576556528214
92,least_connections,1361,measured,431,434,20,heavy,0,100.0,82.25,5,957.0,362.0,431.0,865.0,346.0,434.0,3,1,1,0.023082273190500976,-0.01938283564561355,0.03495802077222556,0.009473579981836289,-0.12617056709093627,0.21087068821860944,-0.0022083455311860956,-0.0870287384939114,0.1606191065985461,48.14,44.69,5,1318.0,367.0,0.0,1104.0,326.0,0.0,4,1,0,0.04762471069683624,-0.0003412844292787903,-0.0008596733351189072,0.0942096221296066,-0.00556491581465679,-0.002432550391476522,0.08972071011945987,-0.0030212906982963333,-0.002394796634567279,25.62,38.33,3,871.0,410.0,0.0,733.0,417.0,0.0,2,1,0,-0.015686176387513767,0.0007918192538202834,-0.007081944424154534,0.012814692179160508,-0.0023522164946470636,-0.01329235571986833,0.018743383323015228,0.008368284592350644,-0.020480712122573148
92,least_connections,1362,measured,171,125,4,light,2,91.4,66.6,4,578.0,362.0,431.0,552.0,346.0,434.0,2,1,1,-0.022199938768685062,-0.01753685129841226,0.03162868546058503,-0.22003184033389417,-0.11415432260608521,0.19078776553112284,-0.14359326500440645,-0.07874028720877696,0.14532204882725602,32.03,30.91,3,1121.0,0.0,0.0,989.0,0.0,0.0,3,0,0,5.123737046863752e-06,-0.04339268137705723,-0.0007777996841552017,0.034312107096855005,-0.09990567213162825,-0.0022008789256216152,0.0486609996318923,-0.09490616777464905,-0.0021667207646084907,19.38,29.07,3,559.0,410.0,0.0,455.0,417.0,0.0,2,1,0,-0.014192254826798173,0.000716407896313595,-0.006407473526616007,-0.0448628975521881,-0.00212819587610924,-0.01202641707988087,-0.06688297064425608,0.007571305107364867,-0.018530168110899515
92,least_connections,1363,measured,177,113,4,light,1,91.4,66.6,4,578.0,362.0,431.0,552.0,346.0,434.0,2,1,1,-0.02008565888595315,-0.015866674984277754,0.028616429702434075,-0.19907642696876132,-0.10328248235788662,0.1726175021472064,-0.12991771595636775,-0.0712412122365125,0.1314818537008507,15.54,13.72,2,544.0,0.0,0.0,439.0,0.0,0.0,2,0,0,-0.04307926446466734,-0.03926004505543273,-0.0007037235237594683,-0.11811217521168904,-0.09039084621433033,-0.0019912714088957473,-0.11147933366638318,-0.08586748512944438,-0.001960366406074349,19.38,29.07,3,559.0,410.0,0.0,455.0,417.0,0.0,2,1,0,-0.012840611509960242,0.0006481785728551515,-0.005797237952652578,-0.04059024064245591,-0.00192551055457503,-0.01088104402465412,-0.06051316391623171,0.006850228430472977,-0.01676539019557575
92,least_connections,1364,measured,189,111,1,light,1,52.87,39.0,2,0.0,362.0,431.0,0.0,346.0,434.0,0,1,1,-0.10434053944556758,-0.014355563081013212,0.025891055445059402,-0.5287516878923714,-0.09344605546665935,0.15617774003794865,-0.36725888586528516,-0.06445633488065416,0.11895977239600777,20.94,17.19,3,733.0,0.0,0.0,550.0,0.0,0.0,3,0,0,0.004107422853963122,-0.03552099314539152,-0.0006367022357823761,-0.05800625376295673,-0.08178219419391791,-0.001801626512810438,-0.06947832569815621,-0.07768962940283063,-0.0017736648435910775,19.38,29.07,3,559.0,410.0,0.0,455.0,417.0,0.0,2,1,0,-0.011617696128059268,0.0005864472802022819,-0.005245120052399951,-0.03672450343841248,-0.0017421285969964478,-0.009844754117544204,-0.05475000544801917,0.006197825722808886,-0.01516868636742568
92,least_connections,1365,measured,357,346,11,medium,0,76.67,56.3,3,362.0,357.0,431.0,346.0,346.0,434.0,1,1,1,-0.05131944498589901,-0.012988366597107198,0.023425240640768032,-0.2600451779343677,-0.08756230415237437,0.14130366955814402,-0.17575803959240088,-0.058317636320591865,0.10763027026305465,15.54,13.72,2,544.0,0.0,0.0,439.0,0.0,0.0,2,0,0,-0.03936766050174312,-0.03213804141725899,-0.000576063927612626,-0.10133899149981801,-0.07399341379449716,-0.00163004303539992,-0.0942452708697604,-0.07029061707875152,-0.0016047443822966893,19.38,29.07,3,969.0,0.0,0.0,872.0,0.0,0.0,3,0,0,0.032572651348989456,-0.04255330506847911,-0.004745584809314242,0.040963544508102995,-0.07576668777823488,-0.008907158487301899,0.07622618554703031,-0.12015434815555388,-0.013724049570527997
92,least_connections,1366,measured,467,426,16,heavy,1,76.67,56.3,3,362.0,357.0,431.0,346.0,346.0,434.0,1,1,1,-0.04643187879676576,-0.011751379302144607,0.021194265341647266,-0.235278970512047,-0.07922303709024348,0.12784617721927316,-0.1590191786788389,-0.052763575718630745,0.09737976833323991,28.89,27.03,3,544.0,0.0,467.0,439.0,0.0,426.0,2,0,1,-0.0356183595015771,-0.02907727556799623,0.04256269953034594,-0.09168765897602582,-0.06694642200454505,0.11924628759382183,-0.08526953078692606,-0.0635962725950609,0.11899451698744584,8.2,13.9,1,410.0,0.0,0.0,417.0,0.0,0.0,1,0,0,-0.0566973063758576,-0.03850060934767158,-0.004293624351284314,-0.06409012639743063,-0.06855081275173631,-0.008058857678987431,-0.06825567339395672,-0.10871107690264399,-0.01241699723047771
92,least_connections,1367,measured,400,301,9,medium,2,76.67,56.3,3,362.0,788.0,0.0,346.0,780.0,0.0,1,2,0,-0.04200979510183568,0.03245169990576939,-0.023908136346219366,-0.21287144951089965,0.18829026802946225,-0.14429790315081634,-0.14387449499514,0.148594860064096,-0.10822782865087817,23.83,23.5,2,367.0,0.0,467.0,326.0,0.0,426.0,1,0,1,-0.07531003501389855,-0.026308011228187066,0.03850910909888443,-0.1287106030191254,-0.06057057228982647,0.10788949829917213,-0.10909802785483788,-0.05753948472886462,0.10766170584578434,16.2,23.93,2,410.0,400.0,0.0,417.0,301.0,0.0,1,1,0,-0.05129756291149021,0.00825001557886404,-0.003884707746400094,-0.057986304835770594,0.010358788462714763,-0.007291347423845771,-0.06175513307072275,-0.007579863229376316,-0.01123442606567031
92,least_connections,1368,measured,356,317,9,medium,1,76.67,56.3,3,362.0,788.0,0.0,346.0,780.0,0.0,1,2,0,-0.03800886223499418,0.029361061819505638,-0.02163117097991276,-0.19259797812890922,0.17035786155046584,-0.13055524570788146,-0.13017216213846,0.13444296862942018,-0.09792041639841358,34.0,33.41,3,367.0,823.0,0.0,326.0,743.0,0.0,1,2,0,-0.06813765072686058,0.062365314104202624,-0.008242325327766696,-0.11645245035063727,0.15794635296226586,-0.023106780450408877,-0.09870773948771047,0.15801487095959865,-0.02303821852048083,16.2,23.93,2,410.0,400.0,0.0,417.0,301.0,0.0,1,1,0,-0.046412080729443514,0.007464299809448419,-0.0035147355800762754,-0.05246379961331628,0.009372237180551454,-0.006596933383479507,-0.055873691825892025,-0.006857971493245241,-0.010164480726082661
92,least_connections,1369,measured,378,326,12,medium,2,76.67,56.3,3,719.0,431.0,0.0,692.0,434.0,0.0,2,1,0,0.008694929633191212,-0.016519130009109415,-0.019571059458016307,0.04107801978812975,-0.061200030025769014,-0.11812141278332132,0.03874899616044092,-0.03488493314481031,-0.08859466245570752,23.51,23.22,2,0.0,823.0,0.0,0.0,743.0,0.0,0,2,0,-0.10473225088439313,0.05642576037999285,-0.007457341963217487,-0.20023248909275346,0.14290384315633578,-0.02090613469322708,-0.18147962144126184,0.14296583563011306,-0.02084410247091123,23.76,34.8,3,810.0,378.0,0.0,718.0,326.0,0.0,2,1,0,0.0010920176620227706,0.006753414113310471,-0.003179998858164249,0.02491370511176147,0.004498690782403697,-0.0059686540136243155,0.04022538993530406,0.0013348511886511344,-0.009196434942646218
92,least_connections,1370,measured,163,120,4,light,1,76.67,56.3,3,719.0,431.0,0.0,692.0,434.0,0.0,2,1,0,0.007866841096696803,-0.01494587953205137,-0.017707149033443326,0.03716582742735547,-0.05537145573760055,-0.106871754423005,0.035058615573732244,-0.03156255855959028,-0.08015707555516395,28.17,26.97,3,519.0,467.0,0.0,437.0,426.0,0.0,2,1,0,-0.008589950346650471,0.007967978212283774,-0.006747118919101536,-0.04699946292065446,0.037266742447569084,-0.018915074246253074,-0.040639300351617835,0.0397220655701023,-0.01885894985463397,23.76,34.8,3,810.0,378.0,0.0,718.0,326.0,0.0,2,1,0,0.0009880159799253718,0.006110231816804715,-0.0028771418240533682,0.022540971291593714,0.004070244041222387,-0.005400210774231523,0.03639440041765607,0.001207722504017697,-0.008320583995727531
92,least_connections,1371,measured,184,108,8,light,0,88.93,61.7,4,719.0,615.0,0.0,692.0,542.0,0.0,2,2,0,0.00711761813510664,0.02956143779299661,-0.016020753887401106,0.03362622481522637,0.06088614322153596,-0.09669349209700454,0.03171969980480538,0.020300542255608844,-0.07252306835943405,28.17,26.97,3,519.0,467.0,0.0,437.0,426.0,0.0,2,1,0,-0.0077718598374456604,0.00720912314444723,-0.00610453616490139,-0.04252332359487784,0.033717528881133926,-0.01711363860375278,-0.036768890794320885,0.03593901170628304,-0.01706285939228788,23.76,34.8,3,810.0,378.0,0.0,718.0,326.0,0.0,2,1,0,0.0008939192199324819,0.00552830497710903,-0.0026031283170006667,0.020394212120965732,0.003682601751582165,-0.004885904986209473,0.03292826704454599,0.0010927013131588753,-0.007528147424705861
92,least_connections,1372,measured,406,443,16,heavy,1,64.8,44.4,3,541.0,431.0,0.0,454.0,434.0,0.0,2,1,0,0.006439749741286971,-0.0163378374616652,-0.014494967802886715,-0.0769413521513031,-0.05589666406940397,-0.087484588087766,-0.07896789065279505,-0.030489985578258688,-0.06561610946805937,39.77,40.81,4,519.0,467.0,406.0,437.0,426.0,443.0,2,1,1,-0.007031682710069875,0.006522539987833212,0.03756074845851325,-0.03847348325250852,0.03050633565435927,0.08946861269184272,-0.03326709167105221,0.032516248686637036,0.10981515102602524,15.56,20.9,2,400.0,378.0,0.0,301.0,326.0,0.0,1,1,0,-0.04227511617062797,0.005001799741193885,-0.0023552113344291747,-0.05573856998579289,0.0033318777752410073,-0.004420580701808571,-0.09596966315017269,0.0009886345214294573,-0.006811181003305303
92,least_connections,1373,measured,475,438,20,heavy,2,64.8,44.4,3,541.0,431.0,0.0,454.0,434.0,0.0,2,1,0,0.005826440242116787,-0.014781852941506607,-0.013114494678802265,-0.06961360432736946,-0.05057317225327024,-0.07915272255559781,-0.07144713916205267,-0.027586177427948333,-0.05936695618538705,39.77,40.81,4,519.0,467.0,406.0,437.0,426.0,443.0,2,1,1,-0.006361998642444161,0.0059013457032776745,0.033983534319607225,-0.03480934199036484,0.0276009703539441,0.08094779243547676,-0.030098797226190077,0.029419463097433513,0.09935656521402284,25.06,35.5,3,400.0,378.0,475.0,301.0,326.0,438.0,1,1,1,-0.03824891463056816,0.0045254378610801865,0.0409529947337024,-0.05043013474905071,0.0030145560823609113,0.08195280793645891,-0.08682969523110864,0.0008944788527218972,0.1259327409970095
92,least_connections,1374,measured,391,345,13,medium,0,90.87,61.65,4,972.0,391.0,0.0,888.0,345.0,0.0,3,1,0,0.048355441398196364,-0.013374057423267888,-0.011865495185583002,0.1969845167196816,-0.06988366378470479,-0.07161436802649326,0.1316906836152857,-0.06522082719671518,-0.053712960358207336,35.11,37.06,3,356.0,873.0,0.0,317.0,869.0,0.0,1,2,0,-0.04883999423658779,0.04842321300591336,-0.01233689298520797,-0.07363022098447976,0.12992468746309227,-0.0317139020821877,-0.0611608165379815,0.1518705856595827,-0.035358940996836466,25.06,35.5,3,778.0,0.0,475.0,627.0,0.0,438.0,2,0,1,0.008477739370529036,-0.03898945644768482,0.03705270952096884,0.02277273522704934,-0.06567254449691155,0.07414777860917711,0.019757259870266775,-0.09750816992690241,0.11393914661634191
92,least_connections,1375,measured,358,345,10,medium,1,90.87,61.65,4,972.0,391.0,0.0,888.0,345.0,0.0,3,1,0,0.04375016126503481,-0.01210033766867094,-0.010735448025051287,0.17822408655590238,-0.06322807675759001,-0.06479395202397009,0.11914871374716324,-0.05900931984464708,-0.04859744032409235,45.34,47.84,4,823.0,764.0,0.0,743.0,788.0,0.0,2,2,0,-0.0011046659872982478,0.043811478433921615,-0.011161950796140544,0.05410326944941629,0.0893740369564032,-0.028693530455312685,0.065110451703731,0.11450493464438435,-0.03199142280666156,25.06,35.5,3,778.0,0.0,475.0,627.0,0.0,438.0,2,0,1,0.0076703356209548434,-0.035276174881238645,0.03352388004278133,0.020603903300663695,-0.05941801644958664,0.0670860854083031,0.01787561607309851,-0.0882216775529117,0.10308779931954745
92,least_connections,1376,measured,394,300,10,medium,2,67.07,44.35,3,615.0,391.0,0.0,542.0,345.0,0.0,2,1,0,-0.003500420986963959,-0.01094792455736894,-0.00971302440361783,-0.05408296930656459,-0.05720635516162903,-0.058623099450258655,-0.04872259232399512,-0.053389384621347374,-0.043969112674178794,45.34,47.84,4,823.0,764.0,0.0,743.0,788.0,0.0,2,2,0,-0.0009994597027936647,0.039638956678310036,-0.010098907863174779,0.04895057712090045,0.08086222391293621,-0.025960813269092428,0.05890945630337566,0.10359970277349059,-0.028944620634598555,24.94,35.47,3,378.0,394.0,475.0,326.0,300.0,438.0,1,1,1,-0.03614407276017917,0.011167361048493835,0.03033112956251644,-0.053739325585113795,0.01753608035513589,0.06069693441703614,-0.07460460133068866,0.010656577452127503,0.09326991367006673
92,least_connections,1377,measured,383,302,13,medium,0,92.6,59.45,4,615.0,774.0,0.0,542.0,647.0,0.0,2,2,0,-0.0031670475596340675,0.033178635151042614,-0.008787974460416133,-0.04893221032498701,0.1792577421553515,-0.053039947121662594,-0.04408234543599554,0.08831436629497144,-0.03978157813378081,35.17,37.94,3,467.0,764.0,0.0,426.0,788.0,0.0,1,2,0,-0.04398817329118973,0.035863817947042416,-0.00913710711430099,-0.04773859348925333,0.07316105973075179,-0.023488354862512197,-0.03632894429694583,0.09373306441411053,-0.026187990097970123,24.94,35.47,3,378.0,394.0,475.0,326.0,300.0,438.0,1,1,1,-0.03270178011635258,0.01010380285339918,0.027442450556562494,-0.048621294577007715,0.015865977464170566,0.05491627399636603,-0.06749940120395642,0.00964166531382965,0.084387064749108
92,least_connections,1378,measured,351,313,11,medium,1,92.6,59.45,4,615.0,774.0,0.0,542.0,647.0,0.0,2,2,0,-0.0028654239825260663,0.030018765136657605,-0.007951024511805073,-0.04427199981784541,0.16218557623579422,-0.04798852358626616,-0.039884026823043595,0.07990347426687891,-0.035992856406754065,45.2,47.72,4,825.0,757.0,0.0,771.0,756.0,0.0,2,2,0,0.003285076772823803,0.03244821623780028,-0.008266906436748515,0.04935215691108372,0.06438381594687068,-0.021251368685130084,0.06467559801704903,0.0757584868508619,-0.02369389580292535,24.94,35.47,3,378.0,394.0,475.0,326.0,300.0,438.0,1,1,1,-0.029587324867176135,0.009141535914980209,0.024828883836889876,-0.043990695093483176,0.014354931991392414,0.049686152663378794,-0.06107088680357964,0.008723411474417297,0.07635020143966914
92,least_connections,1379,measured,442,436,17,heavy,2,80.33,54.05,3,431.0,774.0,0.0,434.0,647.0,0.0,1,2,0,-0.04567642668713809,0.02715983512364259,-0.007193784082109352,-0.15103974586693947,0.1467393308800043,-0.04341818800662176,-0.08494269093513471,0.07229361957479519,-0.03256496532039654,45.2,47.72,4,825.0,757.0,0.0,771.0,756.0,0.0,2,2,0,0.002972212318269163,0.029357909929438347,-0.007479582014201037,0.0446519514909805,0.05825202395193063,-0.01922742881035579,0.05851601725352057,0.06854339286506553,-0.02143733429788484,33.78,50.0,4,772.0,475.0,442.0,626.0,438.0,436.0,2,1,1,0.01631441582312182,0.008270913446886852,0.022464228233376553,0.03149413301065809,0.027644938468402658,0.03898270955258082,0.03522157860628508,0.04951165800066325,0.06847557908033558
92,least_connections,1380,measured,155,124,2,light,0,90.67,60.25,4,977.0,383.0,0.0,903.0,302.0,0.0,3,1,0,0.044841509641342175,-0.018510716067271213,-0.006508661788575129,0.1926783251680071,-0.10307711333078973,-0.0392831224821816,0.13531375582059246,-0.09066291562280437,-0.02946354005178734,45.2,47.72,4,825.0,757.0,0.0,771.0,756.0,0.0,2,2,0,0.0026891444784339913,0.026561918507587073,-0.006767240869991415,0.04039938468231569,0.05270421214698487,-0.01739624511413143,0.05294306322937575,0.06201545068744024,-0.019395683412371998,33.78,50.0,4,772.0,475.0,442.0,626.0,438.0,436.0,2,1,1,0.014760661935205449,0.007483207404326203,0.020324777925435928,0.028494691771547787,0.02501208718569764,0.035270070547573126,0.03186714254854364,0.04479626200060008,0.06195409535839885
92,least_connections,1381,measured,354,305,8,medium,0,85.53,53.8,4,546.0,737.0,0.0,469.0,607.0,0.0,2,2,0,-0.0025130105512572998,0.026336109499226268,-0.005888789237282259,-0.08564024548291421,0.12026356412928552,-0.03554187272197382,-0.0739066018766068,0.05594783824603414,-0.026657488618283785,45.2,47.72,4,1231.0,351.0,0.0,1214.0,313.0,0.0,3,1,0,0.04551693570724526,-0.019051688243702403,-0.006122741739516042,0.1415042051887618,-0.05726761758129942,-0.015739459865166533,0.17315384292181618,-0.06914375890183977,-0.01754847546833657,26.22,39.13,3,394.0,475.0,442.0,300.0,438.0,436.0,1,1,1,-0.02972901561871434,0.006770520984866565,0.018389084789680127,-0.04261908839717106,0.022629983644202628,0.03191101620970902,-0.06948528372592083,0.040529951333876255,0.056053705324265624
92,least_connections,1382,measured,371,329,6,medium,2,75.2,47.6,3,745.0,383.0,0.0,650.0,302.0,0.0,2,1,0,-0.0022736762130423083,-0.01925599163221932,-0.005327952167064901,0.04254771440434746,-0.10471391816874165,-0.03215693246273822,0.01501307449259387,-0.08735671777739767,-0.024118680178447236,31.86,34.41,3,1115.0,0.0,0.0,1101.0,0.0,0.0,3,0,0,0.04118198944941237,-0.06032114197105954,-0.005539623478609753,0.09804121966058041,-0.14254825264158383,-0.014240463687531625,0.12471359597688131,-0.15105566281595026,-0.015877192090399752,33.64,50.1,4,765.0,917.0,0.0,629.0,874.0,0.0,2,2,0,0.016186219428872967,0.04920960968925569,-0.026446156845618206,0.02857320573589285,0.1004556994876119,-0.051109080572168036,0.03635458456543669,0.1681620194608087,-0.08077680629391841
92,least_connections,1383,measured,365,316,7,medium,0,99.53,63.4,4,1493.0,0.0,0.0,1268.0,0.0,0.0,4,0,0,0.08411066483219075,-0.06050598789400342,-0.004820528151153958,0.48967015430234606,-0.32575703707330594,-0.029094367466286963,0.29315468644568016,-0.21565607798907407,-0.02182166301859512,31.86,34.41,3,1115.0,0.0,0.0,1101.0,0.0,0.0,3,0,0,0.037259895216135,-0.05457627130714911,-0.005012040290170729,0.08870396064528704,-0.1289722285804806,-0.012884229050623851,0.11283611064574978,-0.1366694092144312,-0.014365078557980727,33.64,50.1,4,765.0,917.0,0.0,629.0,874.0,0.0,2,2,0,0.014644674721361245,0.04452298019504086,-0.023927475241273616,0.025851948046760193,0.09088849001260124,-0.04624154908910441,0.032892243178252234,0.15214658903596975,-0.07308377712306904
92,least_connections,1384,measured,375,336,9,medium,1,99.53,63.4,4,1493.0,0.0,0.0,1268.0,0.0,0.0,4,0,0,0.07610012532436305,-0.054743512856479284,-0.004361430231996439,0.4430349015116465,-0.29473255735203874,-0.026323475326640585,0.26523519249847255,-0.19511740389487656,-0.019743409397776537,42.57,44.91,4,1115.0,375.0,0.0,1101.0,336.0,0.0,3,1,0,0.03371133376697928,-0.006294630955901354,-0.004534703119678279,0.08025596439335494,-0.019750383681659336,-0.011657159617231103,0.10208981439377363,-0.02865327500353297,-0.012996975838173039,33.64,50.1,4,765.0,917.0,0.0,629.0,874.0,0.0,2,2,0,0.013249943795517305,0.040282696366941734,-0.021648668075438034,0.023389857756592553,0.08223244334473445,-0.04183759203299923,0.029759648589847254,0.13765643769921074,-0.06612341739706247
92,least_connections,1385,measured,355,340,6,medium,0,100.0,80.4,5,1848.0,0.0,0.0,1608.0,0.0,0.0,5,0,0,0.11193639456784774,-0.04952984496538602,-0.003946055924187254,0.4050633235899024,-0.2666627899851779,-0.02381647767648434,0.39378422178433237,-0.17653479400012642,-0.01786308469322639,32.34,34.12,3,757.0,375.0,0.0,756.0,336.0,0.0,2,1,0,-0.012583169675680878,-0.005695142293434555,-0.004102826632089871,-0.0199316784740394,-0.01786939475959655,-0.01054695393939957,-0.0051776679294429084,-0.02592439166986317,-0.011759168615489892,33.64,50.1,4,765.0,917.0,0.0,629.0,874.0,0.0,2,2,0,0.011988044386420427,0.036446249093899666,-0.019586890163491553,0.021162252255964686,0.07440078207380738,-0.03785305945842787,0.02692539634319513,0.12454630077547638,-0.05982594907353271
92,least_connections,1386,measured,400,337,11,medium,1,100.0,80.4,5,1848.0,0.0,0.0,1608.0,0.0,0.0,5,0,0,0.10127578556138606,-0.04481271687344449,-0.0035702410742646583,0.36648586420038787,-0.24126633379611334,-0.021548241707295357,0.3562809625667769,-0.15972195647630485,-0.016161838531966736,43.77,44.66,4,1132.0,400.0,0.0,1092.0,337.0,0.0,3,1,0,0.0316991276630461,-0.005152747789297932,-0.0037120812385575026,0.07890535212893038,-0.00970496260562137,-0.00954248213564723,0.09031544330193259,-0.023172663891780965,-0.010639247794967045,25.76,40.1,3,846.0,442.0,0.0,767.0,436.0,0.0,2,1,0,0.010846325873428014,-0.010108722475133863,-0.017721472052682832,0.03380394251730137,-0.01863738764750761,-0.03424800617667284,0.06598012050098606,-0.019410489774568995,-0.05412823963795817
92,least_connections,1387,measured,397,344,11,medium,2,97.13,63.15,4,1457.0,0.0,0.0,1263.0,0.0,0.0,4,0,0,0.048546572424020495,-0.04054483907597359,-0.0032302181148108813,0.3056459406257478,-0.21828858772029303,-0.019496028211362464,0.16627801375089324,-0.14451034157379963,-0.01462261581463657,43.77,44.66,4,1132.0,400.0,0.0,1092.0,337.0,0.0,3,1,0,0.02868016312370837,-0.004662009904602887,-0.0033585496920282166,0.07139055668807986,-0.008780680452705053,-0.008633674313204637,0.08171397251127233,-0.02096574352113517,-0.009625986100208279,33.7,51.57,4,846.0,839.0,0.0,767.0,780.0,0.0,2,2,0,0.009813342456911067,0.03393791322544578,-0.01603371280957018,0.03058451942041554,0.054975696890350256,-0.030986291302704,0.05969629950089214,0.08618416004523122,-0.04897316919624787
92,least_connections,1388,measured,475,427,15,heavy,0,100.0,84.5,5,1457.0,0.0,475.0,1263.0,0.0,427.0,4,0,1,0.04392308933601852,-0.03668342583064277,0.04016132193240467,0.27653680342329556,-0.19749919841359845,0.2688686728881324,0.1504420124412844,-0.13074745190010442,0.1799366809296145,32.17,30.81,3,726.0,400.0,0.0,649.0,337.0,0.0,2,1,0,-0.01713518121006885,-0.004218008961307376,-0.003038687816596958,-0.040360924901261086,-0.007944425171495045,-0.007811419616708957,-0.05132128677551551,-0.01896900604293182,-0.008709225519236061,26.28,40.6,3,475.0,839.0,0.0,438.0,780.0,0.0,1,2,0,-0.03420516181336164,0.030705731013498563,-0.014506692541992067,-0.039461625286290686,0.049739916234126436,-0.028035215940541713,-0.045211284578557887,0.07797614480282825,-0.044309057844224266
92,least_connections,1389,measured,188,120,4,light,1,100.0,69.25,4,1103.0,475.0,0.0,958.0,427.0,0.0,3,1,0,-0.0033439622560739457,0.009894133999032953,-0.0067474660974388605,0.036676155478219674,0.1078181855622998,-0.043245803894864356,-0.001861988743599774,0.07487135304276266,-0.03036681249225352,27.51,24.78,3,563.0,400.0,0.0,456.0,337.0,0.0,2,1,0,-0.01550325919006229,-0.003816293822135247,-0.0027492889769210574,-0.07865308171338586,-0.007187813250400285,-0.007067474891308104,-0.10100199755879977,-0.017162434038843072,-0.007879775469785008,26.28,40.6,3,917.0,397.0,0.0,874.0,344.0,0.0,2,1,0,0.01213637287181113,-0.015302524547877713,-0.013125102776088061,0.04427757712192748,-0.03497817102626656,-0.025365195374775835,0.09058661554003494,-0.06094221819426651,-0.040089147573345765
92,least_connections,1390,measured,441,408,18,heavy,1,55.33,38.35,2,355.0,475.0,0.0,340.0,427.0,0.0,1,1,0,-0.08919329011377211,0.008951835522934576,-0.006104850278635159,-0.4179914148847853,0.09754978693731886,-0.039127155904877274,-0.2812560850537331,0.06774074799107097,-0.0274747351120389,40.11,37.53,4,963.0,0.0,441.0,793.0,0.0,408.0,3,0,1,0.029057141911939102,-0.04653673749440354,0.04059644829525737,0.032239048517820945,-0.1099046201517227,0.10760561795548315,0.0038999783991811587,-0.1108106546065723,0.10822782219400404,26.28,40.6,3,917.0,397.0,0.0,874.0,344.0,0.0,2,1,0,0.01098052783640055,-0.013845141257603652,-0.011875092987889198,0.04006066501507724,-0.03164691664281259,-0.02294946248194004,0.08195931882193638,-0.05513819741386017,-0.03627113351874141
92,least_connections,1391,measured,447,423,15,heavy,0,61.47,42.5,2,0.0,475.0,447.0,0.0,427.0,423.0,0,1,1,-0.12378259128207499,0.00809927975884557,0.037560464260373176,-0.5923096928322661,0.0882593310385266,0.23421828751463483,-0.40827931504861564,0.06128924818239753,0.16649904918434577,40.11,37.53,4,963.0,0.0,441.0,793.0,0.0,408.0,3,0,1,0.02628979506318299,-0.0421046672568413,0.036730119886185235,0.02916866294469514,-0.09943751347060625,0.09735746386448475,0.0035285518849734465,-0.10025725892975589,0.09792041055647985,26.28,40.6,3,1314.0,0.0,0.0,1218.0,0.0,0.0,3,0,0,0.05301866350731024,-0.05561045660268448,-0.010744131750947369,0.10808345882316509,-0.10047101981968758,-0.02076379938842194,0.17789970115635517,-0.1536329722633338,-0.03281673985028984
92,least_connections,1392,measured,494,412,15,heavy,0,94.4,63.1,3,0.0,922.0,494.0,0.0,850.0,412.0,0,2,1,-0.11199377306473451,0.05041182000857003,0.033983277187956684,-0.5358992458958598,0.3494727280824765,0.24026099029101883,-0.3693955707582713,0.24680931978407394,0.14566580640488425,40.11,37.53,4,963.0,0.0,441.0,793.0,0.0,408.0,3,0,1,0.023786005057165563,-0.038094698946665936,0.03323201323035807,0.026390695045200363,-0.08996727409245328,0.08808532444881953,0.0031924993244997757,-0.09070894855549343,0.08859465717014843,26.28,40.6,3,1314.0,0.0,0.0,1218.0,0.0,0.0,3,0,0,0.0479692669828045,-0.050314222640524056,-0.009720881108,0.09778979607810173,-0.09090235126543161,-0.018786294684762707,0.16095687247479756,-0.13900126061920678,-0.029691336055024144
92,least_connections,1393,measured,152,105,3,light,0,100.0,68.35,4,152.0,1416.0,0.0,105.0,1262.0,0.0,1,3,0,-0.05824379921276433,0.08869459452022549,-0.012337125628129891,-0.3931786827946668,0.6141578650904945,-0.08058926275257026,-0.2867150402098645,0.4096846226617812,-0.05458807991939042,24.03,23.28,2,400.0,0.0,441.0,337.0,0.0,408.0,1,0,1,-0.06464712921131732,-0.0344666323803168,0.030067059589371586,-0.12166011944890036,-0.0813989622741244,0.07969624592988434,-0.1260401196587859,-0.08207000107401786,0.08015707077299145,16.78,26.0,2,839.0,0.0,0.0,780.0,0.0,0.0,2,0,0,0.0003168651386371846,-0.0455223919128551,-0.008795082907238096,0.0025241012135206464,-0.08224498447824766,-0.016997123762404354,0.01353240842957873,-0.12576304532213947,-0.026863589764069464
92,least_connections,1394,measured,185,114,2,light,1,100.0,68.35,4,152.0,1416.0,0.0,105.0,1262.0,0.0,1,3,0,-0.052696770716310584,0.08024749028020402,-0.011162161282593711,-0.35573309395707947,0.5556666398437808,-0.0729140948713731,-0.25940884590416313,0.3706670395511354,-0.049389215165162766,29.31,26.84,3,585.0,441.0,0.0,451.0,408.0,0.0,2,1,0,-0.015406359535863057,0.01189980426361359,-0.015880370122087838,-0.06225031215444726,0.04035331984722079,-0.04189387273010465,-0.08180415588175868,0.04110333236160288,-0.04283407882443632,16.78,26.0,2,839.0,0.0,0.0,780.0,0.0,0.0,2,0,0,0.00028668750638602414,-0.04118692601639271,-0.007957455963691611,0.0022837106217567793,-0.07441212881365264,-0.015378350070746796,0.012243607626761716,-0.11378561243431666,-0.024305152643681896
92,least_connections,1395,measured,374,323,10,medium,2,100.0,68.35,4,152.0,1416.0,0.0,105.0,1262.0,0.0,1,3,0,-0.04767803064809052,0.07260487215827982,-0.010099098303299072,-0.3218537516754528,0.5027460074777064,-0.06596989535981375,-0.23470324153233807,0.3353654167367416,-0.04468548038752822,29.31,26.84,3,585.0,441.0,0.0,451.0,408.0,0.0,2,1,0,-0.013939087199114186,0.01076648957184087,-0.014367953919984234,-0.05632171099688085,0.036510146528437856,-0.0379039800891423,-0.07401328389301975,0.037188729279545474,-0.038754642745918576,24.26,36.77,3,839.0,374.0,0.0,780.0,323.0,0.0,2,1,0,0.00025938393434926654,0.005819538592878246,-0.007199603014768601,0.0020662143720656667,0.00035093107336191254,-0.013913745302104244,0.011077549757546323,-0.005536189027873811,-0.02199037620142648
92,least_connections,1396,measured,154,118,6,light,1,94.4,63.1,3,475.0,941.0,0.0,427.0,835.0,0.0,1,2,0,-0.04313726582446285,0.022606222202162463,-0.00913727941727059,-0.09637561659525101,0.16835749882903595,-0.05968704818268863,-0.06668388519592491,0.1102591865713376,-0.04042972035062077,28.43,26.97,3,554.0,441.0,0.0,455.0,408.0,0.0,2,1,0,-0.012611555084912823,0.009741109612617926,-0.012999577356176212,-0.05897134396316431,0.03303298971620568,-0.0342940772235097,-0.06583344733177979,0.03364694553863637,-0.03506372438916443,15.42,22.23,2,397.0,374.0,0.0,344.0,323.0,0.0,1,1,0,-0.04284921952425089,0.005265296822127938,-0.006513926537171592,-0.07811152033003585,0.0003175090663750657,-0.012588626701903841,-0.1214695184733311,-0.005008932929981072,-0.01989605465843348
92,least_connections,1397,measured,476,435,16,heavy,2,94.4,63.1,3,475.0,941.0,0.0,427.0,835.0,0.0,1,2,0,-0.039028954793561624,0.020453248659099366,-0.008267062329911486,-0.08719698644332236,0.1523234513215087,-0.05400256740338495,-0.060333038986789184,0.0997583116597816,-0.03657927079341879,17.0,16.44,2,154.0,441.0,0.0,118.0,408.0,0.0,1,1,0,-0.054494354827392774,0.00881338488760669,-0.011761522369873715,-0.15675638603469966,0.029886990695614665,-0.031027974630794493,-0.15484633330018172,0.030442474534956715,-0.03172432206638686,24.94,36.73,3,397.0,374.0,476.0,344.0,323.0,435.0,1,1,1,-0.03876834147432223,0.004763839981925283,0.03719034764550688,-0.07067232791765149,0.00028727010767268246,0.07474362346018225,-0.10990099290444241,-0.004531891698554308,0.11318928388046494
92,least_connections,1398,measured,199,119,2,light,1,94.4,63.1,3,475.0,941.0,0.0,427.0,835.0,0.0,1,2,0,-0.03531191147988909,0.018505320215375626,-0.007479723060396106,-0.07889251154395832,0.13781645595755554,-0.04885946574591972,-0.05458703527376166,0.0902575200731357,-0.0330955307178551,22.69,20.16,3,353.0,441.0,0.0,237.0,408.0,0.0,2,1,0,-0.006220516045645608,0.007974014898310816,-0.010641377382266694,-0.09038502954159904,0.02704061062936565,-0.028072929427861684,-0.10645323012873584,0.02754319124591323,-0.0287029580600643,17.0,25.27,2,374.0,0.0,476.0,323.0,0.0,435.0,1,0,1,-0.035076118476767726,-0.03877375929072973,0.03364840977450623,-0.06810353478263706,-0.06741627942639139,0.06762518313064109,-0.10576756500878126,-0.10151298137805707,0.10240935208232542
92,least_connections,1399,measured,190,103,7,light,2,94.4,63.1,3,922.0,494.0,0.0,850.0,412.0,0.0,2,1,0,0.011135027935429143,-0.026340991460465132,-0.006767368483215525,0.19824010860308533,-0.1449279684193545,-0.044206183293927365,0.14196887284754894,-0.10969557707668673,-0.029943575411392708,22.69,20.16,3,353.0,441.0,0.0,237.0,408.0,0.0,2,1,0,-0.005628085946060318,0.007214584907995494,-0.009627912869669866,-0.08177693149001818,0.024465314378949873,-0.025399317101398665,-0.09631482725933244,0.024920030174873875,-0.025969343006724845,20.8,28.7,3,564.0,476.0,0.0,426.0,435.0,0.0,2,1,0,0.011348364462062749,0.008002879916097133,-0.012640100906966023,-0.027236531470004974,0.02513765194755066,-0.024948643834181886,-0.06463097151588146,0.039345397800805496,-0.0385343957350389
92,least_connections,1400,measured,167,104,8,light,0,100.0,68.3,4,1416.0,167.0,0.0,1262.0,104.0,0.0,3,1,0,0.05315844931119326,-0.023832325607087493,-0.006122857199099761,0.47732835222818826,-0.3283633999984636,-0.039996070599267616,0.31482898019540145,-0.23858171259319272,-0.027091806324593404,17.0,16.44,2,154.0,441.0,0.0,118.0,408.0,0.0,1,1,0,-0.04817597798747861,0.006527481583424491,-0.008710968786844164,-0.12543082917124093,0.022135284438097508,-0.02298033452031308,-0.1207878199013008,0.02254669396774303,-0.02349607224417962,20.8,28.7,3,564.0,476.0,0.0,426.0,435.0,0.0,2,1,0,0.01026756784662819,0.007240700876468831,-0.01143628177296926,-0.02464257609190927,0.022743589857307733,-0.022572582516640755,-0.05847564089532131,0.03559821705787164,-0.03486445328408281
92,least_connections,1401,measured,193,124,1,light,1,100.0,68.3,4,1583.0,0.0,0.0,1366.0,0.0,0.0,4,0,0,0.09117964007974175,-0.06464648053793176,-0.0055397279420426404,0.48253517582550365,-0.3978208539668639,-0.036186921018384985,0.3318928868434585,-0.2629072637747934,-0.024511634293679748,22.51,20.31,3,788.0,0.0,0.0,650.0,0.0,0.0,3,0,0,0.04258001084579599,-0.03717808355603997,-0.007881352711906625,0.050406120545748,-0.09397283788934035,-0.020791731232664215,0.04113244866072785,-0.09495775307680393,-0.021258351078067277,20.8,28.7,3,564.0,476.0,0.0,426.0,435.0,0.0,2,1,0,0.009289704242187419,0.0065511103168051366,-0.010347112080305521,-0.022295664083156017,0.020577533680421284,-0.020422812753151158,-0.05290653223862404,0.03220791067140767,-0.03154402916178921
92,least_connections,1402,measured,186,114,8,light,1,100.0,68.3,4,1583.0,0.0,0.0,1366.0,0.0,0.0,4,0,0,0.08249586483405205,-0.058489672867652547,-0.005012134804705247,0.4365794447945033,-0.35993315358906736,-0.03274054758806261,0.30028404047741486,-0.2378684767486226,-0.022177192932376914,17.91,16.31,2,441.0,186.0,0.0,408.0,114.0,0.0,1,1,0,-0.047643028735889784,0.009446586533197396,-0.007130747691725042,-0.0440951426354797,-0.03694141115158005,-0.01881156635336286,-0.031207546449817658,-0.05368201468853689,-0.01923374621348944,20.8,28.7,3,564.0,476.0,0.0,426.0,435.0,0.0,2,1,0,0.00840497050483624,0.005927195048537975,-0.009361672834562138,-0.020172267503807836,0.01861776856800021,-0.01847778296713676,-0.04786781488256461,0.029140490607464084,-0.028539835908285474
92,least_connections,1403,measured,365,330,9,medium,1,73.87,46.95,3,1108.0,0.0,0.0,939.0,0.0,0.0,3,0,0,0.0315552155754802,-0.05291922783263802,-0.004534788632828557,0.1585560056077252,-0.3256538056282038,-0.029622400198723312,0.07851889376528004,-0.21521433610589663,-0.02006507931976959,28.34,26.62,3,627.0,365.0,0.0,522.0,330.0,0.0,2,1,0,-2.1697200952436324e-05,0.008546911625273837,-0.006451628863941705,0.00818602741143673,0.012848927325441184,-0.01701998860542354,0.003996743688260196,0.012501986710371393,-0.01740196085982378,20.8,28.7,3,564.0,476.0,0.0,426.0,435.0,0.0,2,1,0,0.0076044971234232595,0.005362700282010552,-0.00847008494555622,-0.018251099170111848,0.01684464775200019,-0.016717994113123736,-0.04330897536993941,0.026365205787705598,-0.02582175629797257
92,least_connections,1404,measured,446,409,17,heavy,0,100.0,67.4,4,1108.0,0.0,446.0,939.0,0.0,409.0,3,0,1,0.02854995694924399,-0.04787930137238678,0.03898099622562677,0.14345543364508462,-0.29463915747313674,0.2422146537884567,0.07104090388287243,-0.19471773266723982,0.16686969013925607,28.34,26.62,3,627.0,365.0,0.0,522.0,330.0,0.0,2,1,0,-1.9630800861730746e-05,0.007732920041914421,-0.0058371880197567805,0.00740640575320467,0.011625219961113459,-0.015399037309668918,0.003616101432235397,0.011311321309383643,-0.015744631254126278,20.8,28.7,3,564.0,476.0,0.0,426.0,435.0,0.0,2,1,0,0.006880259302144864,0.004851966921819065,-0.00766341018883658,-0.016512899249148824,0.015240395585143021,-0.015125804197588142,-0.03918431104899281,0.023854233807924105,-0.023362541412451376
92,least_connections,1405,measured,383,341,10,medium,1,100.0,67.4,4,1108.0,0.0,446.0,939.0,0.0,409.0,3,0,1,0.025830913430268373,-0.04331936790834994,0.03526852039461469,0.1297930113931718,-0.266578285332838,0.2191465915228894,0.06427510351307508,-0.17617318669893128,0.15097733869742216,39.29,37.28,4,992.0,383.0,0.0,852.0,341.0,0.0,3,1,0,0.04306613902597771,0.006996451466493997,-0.005281265351208516,0.10105477527330764,0.015171117379782925,-0.013932462327795688,0.09657528224821296,0.01334417166087093,-0.014245142563257108,13.32,17.93,2,190.0,476.0,0.0,103.0,435.0,0.0,1,1,0,-0.03685890371529296,0.004389874834026766,-0.006933561599423572,-0.0826164326539918,0.013788929338938924,-0.013685251416865461,-0.1328651703141681,0.02158240201669323,-0.021137537468408386
92,least_connections,1406,measured,471,429,19,heavy,2,73.8,46.25,3,661.0,0.0,446.0,516.0,0.0,409.0,2,0,1,-0.01971307378984788,-0.03919371382184042,0.03190961369036568,-0.15218727540617794,-0.24118987720590104,0.1982754875683285,-0.13320347777388442,-0.15939478796569972,0.13659854453576292,39.29,37.28,4,992.0,383.0,0.0,852.0,341.0,0.0,3,1,0,0.0389646019758846,0.006330122755399334,-0.004778287698712466,0.09143051096156407,0.013726249057898848,-0.012605561153719908,0.08737763631981171,0.012073298169359412,-0.012888462319137383,18.94,28.8,2,476.0,0.0,471.0,435.0,0.0,429.0,1,0,1,-0.033348531932884104,-0.03911210871025696,0.0368106778272789,-0.02299582002027828,-0.07365763536000765,0.07284667728950268,-0.020084360442977484,-0.11166354103251563,0.11025651371905906
92,least_connections,1407,measured,398,307,11,medium,2,40.87,25.65,2,167.0,446.0,0.0,104.0,409.0,0.0,1,1,0,-0.06091953841757211,0.007622921054616039,-0.014213297364045564,-0.43566150314527213,0.05079646030577206,-0.08962376521595676,-0.3068983846525621,0.0408094775548431,-0.06143465018192877,39.29,37.28,4,992.0,383.0,0.0,852.0,341.0,0.0,3,1,0,0.03525368750199083,0.005727253921551781,-0.004323212679787469,0.08272284325093893,0.012418987242860863,-0.011405031520032298,0.07905595667030582,0.010923460248468048,-0.011660989717314775,26.9,39.03,3,476.0,398.0,471.0,435.0,307.0,429.0,1,1,1,-0.030172481272609422,0.007696754250810595,0.033304898986585674,-0.020805741923108925,0.005376425150469266,0.06590889850002624,-0.018171564210312963,-0.008441616489736375,0.09975589336486297
92,least_connections,1408,measured,176,125,4,light,0,41.47,26.7,2,176.0,446.0,0.0,125.0,409.0,0.0,1,1,0,-0.05511767761589857,0.006896928573224034,-0.012859649996041224,-0.38874135998857956,0.04595870218141285,-0.08108816852872279,-0.2681699670666038,0.03692286064485803,-0.05558373111698318,26.69,24.53,3,934.0,0.0,0.0,785.0,0.0,0.0,3,0,0,0.03189619345418218,-0.03790209905963909,-0.0039114781388553295,0.059851279948128416,-0.08777057616802385,-0.010318838041933984,0.05258336555884813,-0.08653055977519558,-0.010550419268046701,26.9,39.03,3,476.0,398.0,471.0,435.0,307.0,429.0,1,1,1,-0.027298911627598996,0.0069637300364476795,0.030133003845006084,-0.01882424269233665,0.004864384659948387,0.05963186054764279,-0.016440939047425995,-0.007637653014523377,0.09025533209201887
92,least_connections,1409,measured,499,430,17,heavy,0,74.73,48.2,3,176.0,446.0,499.0,125.0,409.0,430.0,1,1,1,-0.049868374985812994,0.006240078232916987,0.03144897880176769,-0.35171837332300054,0.0415816829260402,0.22761864117242542,-0.24262997020311772,0.03340639772630011,0.14423376708463426,26.69,24.53,3,934.0,0.0,0.0,785.0,0.0,0.0,3,0,0,0.028858460744260073,-0.03429237533967346,-0.0035389564113452983,0.05415115804830667,-0.0794114736758311,-0.009336091561749795,0.04757542598181497,-0.07828955408231981,-0.009545617432994634,26.9,39.03,3,476.0,398.0,471.0,435.0,307.0,429.0,1,1,1,-0.02469901528211338,0.006300517652024093,0.027263193955005507,-0.017031457674018882,0.004401109930429498,0.05395263573358157,-0.014875135328623501,-0.006910257489330662,0.08165958617849327
92,least_connections,1410,measured,400,336,12,medium,0,100.0,65.0,4,176.0,846.0,499.0,125.0,745.0,430.0,1,2,1,-0.045119005939545084,0.048729685294634645,0.0284538379635041,-0.3182213853874767,0.2788913639172109,0.20594067534648014,-0.21952235399329695,0.18222483603808107,0.13049721783847862,21.37,20.97,2,748.0,0.0,0.0,671.0,0.0,0.0,2,0,0,-0.01697386431528397,-0.031026434831133133,-0.003201912943598127,0.000912272247787671,-0.0718484761828948,-0.008446939984440292,0.010812290174023076,-0.07083340607447983,-0.00863651101080467,26.9,39.03,3,476.0,398.0,471.0,435.0,307.0,429.0,1,1,1,-0.02234672811238829,0.005700468351831328,0.02466669929262403,-0.015409414086017079,0.003981956603721928,0.04881428947324047,-0.013458455773516481,-0.00625213772844202,0.07388248273292249
92,least_connections,1411,measured,196,116,1,light,1,100.0,65.0,4,176.0,846.0,499.0,125.0,745.0,430.0,1,2,1,-0.0408219577548265,0.04408876288562182,0.025743948633646565,-0.28791458677914555,0.2523302816393813,0.1863272776944344,-0.19861546313679246,0.16487008974874,0.11806891137767114,26.97,24.59,3,944.0,0.0,0.0,787.0,0.0,0.0,3,0,0,0.027726594417690917,-0.02807153627578712,-0.002896968853731639,0.05149205584323646,-0.06500576416547625,-0.0076424695097316924,0.04258016730030659,-0.06408736740071984,-0.007813986152632795,26.9,39.03,3,874.0,471.0,0.0,742.0,429.0,0.0,2,1,0,0.02286543193459653,0.005157566604037864,-0.02076641039057372,0.058077196779317886,0.0168122464509865,-0.041063261905163385,0.08041060350650095,0.031136954753631818,-0.06253489657497488
92,least_connections,1412,measured,153,113,6,light,1,89.67,58.75,3,0.0,1345.0,0.0,0.0,1175.0,0.0,0,3,0,-0.0800180524811242,0.08297373331374854,-0.019791756224886665,-0.3666528801017666,0.5292829532292815,-0.13240230430821012,-0.23624732379043129,0.34369198596314576,-0.08769955637258325,15.31,14.19,2,536.0,0.0,0.0,454.0,0.0,0.0,2,0,0,-0.017997933848846542,-0.02539805663047406,-0.0026210670581381496,-0.05888133723026909,-0.05881473900685947,-0.006914615270709626,-0.055626872442579745,-0.05798380860065128,-0.007069796995239196,26.9,39.03,3,874.0,471.0,0.0,742.0,429.0,0.0,2,1,0,0.02068777175034925,0.0046663697846056895,-0.01878865702004289,0.052546035181287615,0.015211080122321113,-0.03715247505705259,0.07275245079159609,0.028171530491381172,-0.05657919213926298
92,least_connections,1413,measured,154,115,6,light,1,89.67,58.75,3,0.0,1345.0,0.0,0.0,1175.0,0.0,0,3,0,-0.07239728557816,0.07507147299815344,-0.017906827060611745,-0.33173355818731265,0.47887505292173094,-0.11979256104076154,-0.21374757866753308,0.31095941587141757,-0.07934721767043247,19.71,17.78,3,690.0,0.0,0.0,569.0,0.0,0.0,3,0,0,0.0268000553158962,-0.022979194094238434,-0.0023714416240297543,-0.013464067017862513,-0.053213335291920474,-0.0062560804830229955,-0.017814194114714993,-0.05246154111487497,-0.006396482995692606,17.38,24.53,2,398.0,471.0,0.0,307.0,429.0,0.0,1,1,0,-0.02436639245263185,0.00422195361464324,-0.01699926111337214,-0.038591682455025506,0.013762405824957191,-0.033614144099238054,-0.06536683023617496,0.025488527587440107,-0.051190697649809366
92,least_connections,1414,measured,497,406,16,heavy,2,89.67,58.75,3,446.0,899.0,0.0,409.0,766.0,0.0,1,2,0,-0.02241840577253025,0.024837908676333842,-0.016201414959601104,-0.031124012963124115,0.16425203200855032,-0.10838374570354616,-0.008366856889672813,0.09632042388366346,-0.07179033979705796,19.71,17.78,3,690.0,0.0,0.0,569.0,0.0,0.0,3,0,0,0.024247669095334656,-0.020790699418596677,-0.002145590040788825,-0.012181774920923233,-0.04814539859745186,-0.005660263294163663,-0.016117604199027857,-0.04746520386583926,-0.0057872941389599765,27.32,38.07,3,398.0,471.0,497.0,307.0,429.0,406.0,1,1,1,-0.02204578364761929,0.0038198627942010316,0.027703616362277812,-0.03491628412597546,0.012451700508294597,0.05952053629116557,-0.05914141783272972,0.02306104876958867,0.07612905133271217
92,least_connections,1415,measured,374,347,14,medium,0,100.0,76.1,4,846.0,873.0,0.0,745.0,777.0,0.0,2,2,0,0.02280058071827762,0.022472393564302057,-0.014658423058686714,0.2131100200174908,0.13292644165852957,-0.09806148420797033,0.14442998662362938,0.0921232406566479,-0.06495316457829053,8.77,7.12,2,307.0,0.0,0.0,228.0,0.0,0.0,2,0,0,-0.021145532950026025,-0.018810632807301757,-0.0019412481321422705,-0.11002840860192376,-0.04356012254055168,-0.005121190599481409,-0.1109962847515014,-0.04294470825956885,-0.005236123268582836,27.32,38.07,3,398.0,471.0,497.0,307.0,429.0,406.0,1,1,1,-0.019946185204988878,0.003456066337610461,0.025065176708727543,-0.03159092373302541,0.011265824269409391,0.05385191378724504,-0.05350890184866022,0.020864758410580234,0.06887866549150147
92,least_connections,1416,measured,171,101,7,light,1,100.0,76.1,4,846.0,873.0,0.0,745.0,777.0,0.0,2,2,0,0.020629096840346417,0.020332165605797092,-0.013262382767383217,0.1928138276348726,0.1202667805481934,-0.08872229523578268,0.13067474980233135,0.0833495986893481,-0.05876714890416763,13.66,10.28,3,478.0,0.0,0.0,329.0,0.0,0.0,3,0,0,0.023952227557686195,-0.017019143968511116,-0.0017563673576525304,-0.05534543091194463,-0.03941153944145152,-0.004633458161435561,-0.07186866239421555,-0.03885473604437182,-0.0047374448620511374,27.32,38.07,3,398.0,968.0,0.0,307.0,835.0,0.0,1,2,0,-0.018046548518799457,0.04621081738935731,-0.020405883204575304,-0.028582264329880133,0.10012622195803705,-0.041210173240111635,-0.04841281595831165,0.14132208300639798,-0.060125651856895494
92,least_connections,1417,measured,492,415,21,heavy,1,100.0,76.1,4,846.0,873.0,0.0,745.0,777.0,0.0,2,2,0,0.01866442095078963,0.01839576888143546,-0.011999298694299101,0.17445060595536088,0.10881280144836541,-0.0802725528323748,0.11822953553544263,0.07541154167131497,-0.053170277579961185,27.71,23.25,4,478.0,0.0,492.0,329.0,0.0,415.0,3,0,1,0.021671063028382745,-0.0153982731143672,0.04149480595078603,-0.05007443749175941,-0.03565805949464661,0.12299149703761272,-0.06502402788048073,-0.03515428499252689,0.11305004988671565,27.32,38.07,3,398.0,968.0,0.0,307.0,835.0,0.0,1,2,0,-0.01632782961224713,0.04180978716179947,-0.018462465756520514,-0.025860143917510597,0.09059039129536686,-0.03728539483629148,-0.043802071581329594,0.12786283700578865,-0.05439939929909592
92,least_connections,1418,measured,419,430,16,heavy,2,100.0,76.1,4,846.0,873.0,0.0,745.0,777.0,0.0,2,2,0,0.016886857050714438,0.016643790892727328,-0.010856508342461092,0.15783626253104077,0.098449677500902,-0.07262754780072006,0.10696957977016236,0.06822949008357071,-0.048106441619964885,23.34,19.72,3,325.0,0.0,492.0,216.0,0.0,415.0,2,0,1,-0.02347674796298249,-0.013931770912998895,0.03754291966975879,-0.08485646385308845,-0.03226205382848979,0.11127802112926866,-0.0907806680823397,-0.03180625785038147,0.1022833784689332,27.74,42.17,3,471.0,497.0,419.0,429.0,406.0,430.0,1,1,1,-0.014772798220604552,-0.00525599755655784,0.026379764542286428,-0.010187749258700071,-0.003265836447049017,0.04208464276716485,-0.0028367949227902645,-0.013695528423334075,0.08046403555478623
92,least_connections,1419,measured,195,116,5,light,1,100.0,76.1,4,1345.0,374.0,0.0,1175.0,347.0,0.0,3,1,0,0.058362485177403764,-0.028025232276194537,-0.009822555166988607,0.4437883645122115,-0.21191060924521563,-0.06571063848636577,0.29130581026824215,-0.1327923661148646,-0.043524875751396803,24.51,19.75,3,366.0,0.0,492.0,217.0,0.0,415.0,2,0,1,-0.02124086720460322,-0.012604935587951381,0.03396740351073414,-0.06617625641129771,-0.029189477273395523,0.10068011435505259,-0.08185215207449784,-0.028777090436059426,0.09254210432903481,27.74,42.17,3,471.0,497.0,419.0,429.0,406.0,430.0,1,1,1,-0.013365865056737453,-0.004755426360695189,0.023867406014449626,-0.009217487424538165,-0.002954804404472919,0.03807658155124439,-0.002566623977762611,-0.012391192383016558,0.07280079407337801
92,least_connections,1420,measured,193,101,5,light,1,100.0,76.1,4,1345.0,374.0,0.0,1175.0,347.0,0.0,3,1,0,0.052804153255746264,-0.025356162535604576,-0.008887073722513501,0.401522805987239,-0.191728646459957,-0.059452482440045216,0.26356239976650475,-0.12014547410392512,-0.039379649489359014,30.03,22.91,4,559.0,0.0,492.0,318.0,0.0,415.0,3,0,1,0.023865972755925877,-0.011404465531956011,0.030732412700188037,-0.00998259933811288,-0.026409527056881665,0.09109153203552378,-0.04550016140073611,-0.02603641515643472,0.08372857058341245,27.74,42.17,3,471.0,916.0,0.0,429.0,836.0,0.0,1,2,0,-0.012092925527524362,0.038781371614699814,-0.02148958049939818,-0.00833963147934405,0.07314565315785784,-0.041368807167921746,-0.0023221835989280792,0.11847146085981042,-0.06381515456853101
92,least_connections,1421,measured,170,109,7,light,2,84.87,55.65,3,899.0,374.0,0.0,766.0,347.0,0.0,2,1,0,0.004691286052251165,-0.022941289913166046,-0.008040685748940787,0.09426666573448617,-0.17346877536853253,-0.053790341255279005,0.053437409312551865,-0.10870304799878938,-0.03562920668084863,30.03,22.91,4,559.0,0.0,492.0,318.0,0.0,415.0,3,0,1,0.021593022969647213,-0.01031832595748401,0.02780551625255108,-0.009031875591625937,-0.023894334003845316,0.08241614803214056,-0.041166812695904095,-0.023556756570107605,0.07575442100403983,31.14,45.8,4,641.0,916.0,0.0,538.0,836.0,0.0,2,2,0,0.03214268189233056,0.03508790765139507,-0.019442953785169782,0.0232165238996411,0.0661794004761571,-0.03742892077097682,0.030771992616842853,0.10718846458744752,-0.05773752080009949
92,least_connections,1422,measured,437,436,14,heavy,0,87.33,60.65,3,873.0,437.0,0.0,777.0,436.0,0.0,2,1,0,0.004244496904417722,-0.020756405159531185,-0.007274906153803569,0.06960634836294777,-0.11894793961914846,-0.0486674516119191,0.05332432271135645,-0.058088471998904684,-0.03223594890172019,30.03,22.91,4,559.0,0.0,492.0,318.0,0.0,415.0,3,0,1,0.019536544591585575,-0.009335628247247438,0.025157371847546215,-0.008171696963852032,-0.021618683146336238,0.07456699107669859,-0.03724616386772274,-0.02131325594438307,0.06853971424175032,31.14,45.8,4,641.0,916.0,0.0,538.0,836.0,0.0,2,2,0,0.029081474093060986,0.031746202160786025,-0.017591243900867897,0.02100542638538956,0.05987660043080881,-0.03386426164993141,0.027841326653333998,0.096980039388643,-0.05223870929532811
92,least_connections,1423,measured,456,436,20,heavy,0,100.0,82.45,4,873.0,437.0,456.0,777.0,436.0,436.0,2,1,1,0.0038402591039969902,-0.018779604668147265,0.03650184227807795,0.06297717232838129,-0.10761956441732479,0.23101516282731127,0.04824581578646536,-0.05255623657043759,0.16807223670796745,25.14,19.75,3,388.0,0.0,492.0,217.0,0.0,415.0,2,0,1,-0.025407978929608527,-0.008446520795128634,0.022761431671589432,-0.05159752174280492,-0.019559760941923264,0.06746537287891777,-0.062255457785082485,-0.01928342204491802,0.06201212240920266,31.14,45.8,4,1138.0,419.0,0.0,944.0,430.0,0.0,3,1,0,0.06939571012047921,-0.014361145890808114,-0.01591588733888048,0.10893824292011435,-0.035759266276887275,-0.030639093873747462,0.14763421617841327,-0.03470059928329128,-0.04726359412434448
92,least_connections,1424,measured,456,403,15,heavy,1,100.0,82.45,4,873.0,437.0,456.0,777.0,436.0,436.0,2,1,1,0.003474520141711568,-0.01699107089022847,0.03302547634683243,0.05697934639234503,-0.09737008209186526,0.20901371874851973,0.043650976187754376,-0.04755088070658639,0.15206535702149437,32.6,28.72,3,193.0,492.0,456.0,101.0,415.0,403.0,1,1,1,-0.06607207163926032,0.03544180998354575,0.0205936762742952,-0.09709163531832012,0.10948674690288576,0.0517339768224222,-0.08912398561507465,0.0998894038641218,0.052713348846421454,31.14,45.8,4,1138.0,419.0,0.0,944.0,430.0,0.0,3,1,0,0.06278659487090976,-0.012993417710731148,-0.014400088544701387,0.09856317216581775,-0.03235362186956468,-0.027721084933390563,0.13357381463761203,-0.031395780303930226,-0.04276229944583548
92,least_connections,1425,measured,165,118,5,light,1,100.0,82.45,4,873.0,437.0,456.0,777.0,436.0,436.0,2,1,1,0.0031436134615485667,-0.01537287366258766,0.02988019288522934,0.051552741974026484,-0.08809674094025904,0.18910765029627974,0.039493740360349194,-0.04302222540119724,0.13758294206706634,31.8,29.25,3,165.0,948.0,0.0,118.0,818.0,0.0,1,2,0,-0.059779493387902186,0.07515029973567972,-0.024451526454775996,-0.09508290814514678,0.21693698869444766,-0.07107061960964521,-0.07582943936601991,0.20431957968658637,-0.06625042247228535,21.72,31.5,3,667.0,419.0,0.0,515.0,430.0,0.0,2,1,0,0.013723018942160992,-0.011755949357328183,-0.013028651540444112,0.003947631959549391,-0.029272324548653764,-0.025080981606400987,-0.008528453423112897,-0.028405705989270225,-0.038689699498613055
92,least_connections,1426,measured,408,414,20,heavy,1,84.47,60.95,3,374.0,437.0,456.0,347.0,436.0,436.0,1,1,1,-0.04023967852345152,-0.013908790456626935,0.027034460229493212,-0.2543411699600078,-0.07970657513642487,0.17109739788711026,-0.15879137776920788,-0.03892487060108321,0.12447980472734574,43.46,42.19,4,165.0,948.0,408.0,118.0,818.0,414.0,1,2,1,-0.05408620830334007,0.06799312833228165,0.020961090577198135,-0.08602739308370422,0.19627632310450027,0.04116739858447066,-0.06860758799782754,0.18486057209738765,0.05711271300126562,21.72,31.5,3,667.0,419.0,0.0,515.0,430.0,0.0,2,1,0,0.012416064757193285,-0.010636335132820737,-0.01178782758421134,0.0035716670110208792,-0.02648448411544864,-0.022692316691505655,-0.007716219763768822,-0.025700400656958777,-0.03500496621303086
92,least_connections,1427,measured,406,447,16,heavy,0,100.0,83.3,4,374.0,437.0,862.0,347.0,436.0,883.0,1,1,2,-0.03640732818788471,-0.012584143746471987,0.06754364995820361,-0.23011820139238795,-0.07211547274247965,0.3996912965010363,-0.1436683894102357,-0.03521774006764675,0.31483887094378904,43.46,42.19,4,165.0,948.0,408.0,118.0,818.0,414.0,1,2,1,-0.048935140845879105,0.061517592300635776,0.018964796236512597,-0.07783430802811334,0.17758333995169073,0.037246693957378216,-0.06207353199803443,0.1672548033262079,0.05167340700114509,21.72,31.5,3,1086.0,0.0,0.0,945.0,0.0,0.0,3,0,0,0.05431748262612272,-0.052707251061214225,-0.010665177338095974,0.07905055586711415,-0.09978119991397734,-0.02053114367326702,0.12270119799151075,-0.1529352831340738,-0.03167115990702792
92,least_connections,1428,measured,155,120,7,light,2,100.0,83.3,4,374.0,437.0,862.0,347.0,436.0,883.0,1,1,2,-0.032939963598562355,-0.011385653865855605,0.06111092139075565,-0.2082021822121605,-0.06524733248129111,0.3616254587390328,-0.1299856856568799,-0.031863669585013715,0.28485421656819004,43.46,42.19,4,165.0,948.0,408.0,118.0,818.0,414.0,1,2,1,-0.04427465124150966,0.05565877398628952,0.01715862516636854,-0.07042151678734065,0.16067064090867256,0.03369938977096125,-0.05616176704584067,0.15132577443799763,0.04675213014389318,21.42,31.87,3,1071.0,0.0,0.0,956.0,0.0,0.0,3,0,0,0.049144389042682465,-0.04768751286490811,-0.009649446163039215,0.06880764578453186,-0.09027822849359854,-0.0185757966567654,0.11433282992882718,-0.13837001807368582,-0.028654858963501454
92,least_connections,1429,measured,440,412,17,heavy,2,86.6,65.95,3,437.0,862.0,0.0,436.0,883.0,0.0,1,2,0,-0.029802824208223083,0.03278259434812611,-0.030876966814259624,-0.15037340295385948,0.1973159055328001,-0.19275156907738303,-0.0773441917847961,0.17338525132784477,-0.1417271373906852,43.46,42.19,4,165.0,948.0,408.0,118.0,818.0,414.0,1,2,1,-0.04005801778993731,0.050357938368547656,0.015524470388619156,-0.06371470566473678,0.1453686751078466,0.03048992407848876,-0.05081302732718918,0.1369137959200931,0.042299546320665266,30.22,45.6,4,1071.0,0.0,440.0,956.0,0.0,412.0,3,0,1,0.04446397103861746,-0.043145844973012104,0.03435344893638855,0.06225453666219549,-0.08168030197039867,0.06281237445340274,0.1034439889832246,-0.12519192111428717,0.09832814347746693
92,least_connections,1430,measured,354,332,8,medium,0,100.0,82.55,4,437.0,1216.0,0.0,436.0,1215.0,0.0,1,3,0,-0.02696445999791612,0.0727443427322048,-0.02793630330813966,-0.13605212648206333,0.39204772405348576,-0.17439427678429892,-0.0699780782814822,0.3070628464394787,-0.12822931478204852,38.74,38.5,3,0.0,948.0,408.0,0.0,818.0,414.0,0,2,1,-0.07932686870336732,0.045561944238209785,0.014045949399226855,-0.10029969968306116,0.13152403938328977,0.02758612178529936,-0.07933678662936164,0.12387438678484614,0.03827101809964953,20.28,32.07,3,574.0,0.0,440.0,550.0,0.0,412.0,2,0,1,-0.0028545930965796773,-0.03903671688034428,0.03108169189482774,-0.033607800162775495,-0.07390122559226547,0.05683024355307866,-0.028852263935812666,-0.11326888100816458,0.08896355838437485
92,least_connections,1431,measured,172,125,5,light,1,100.0,82.55,4,791.0,862.0,0.0,768.0,883.0,0.0,2,2,0,0.018687484038166585,0.02273240986428507,-0.025275702993078738,0.09042902842099032,0.14118603604839186,-0.15778529804293712,0.08687697679294465,0.12762828963571876,-0.11601699908852009,43.66,42.41,4,664.0,456.0,408.0,540.0,403.0,414.0,2,1,1,0.01439587162665859,-0.0018611887731389831,0.01270823993263382,0.08089891117110795,-0.008185733074982715,0.02495887209146133,0.08089766924010139,-0.0052594833851392075,0.03462615923301625,20.28,32.07,3,574.0,0.0,440.0,550.0,0.0,412.0,2,0,1,-0.002582727087381609,-0.035318934320311496,0.028121530761987007,-0.0304070572901302,-0.06686301363109734,0.05141783940516641,-0.026104429275259078,-0.10248136853119652,0.0804908385382439
92,least_connections,1432,measured,462,422,16,heavy,2,100.0,82.55,4,791.0,862.0,0.0,768.0,883.0,0.0,2,2,0,0.016907723653579287,0.02056741844863888,-0.022868493184214096,0.0818167399999436,0.12773974690092593,-0.14275812680075264,0.0786029790031404,0.11547321443231695,-0.10496776108008961,43.66,42.41,4,1120.0,408.0,0.0,943.0,414.0,0.0,3,1,0,0.05610873646040085,-0.0016839326995067017,-0.03158596885913629,0.19107180398474394,-0.019814302714100007,-0.08288755110092275,0.18713658169342504,-0.0016484611579831165,-0.08572514164631863,29.52,46.13,4,574.0,440.0,462.0,550.0,412.0,422.0,2,1,1,-0.0023367530790595614,0.01112867393695173,0.025443289737035864,-0.027511147072022554,0.01912394004805479,0.05050185469991246,-0.02361829315380584,0.03153273005907617,0.0758409174076175
92,least_connections,1433,measured,381,341,8,medium,0,100.0,99.6,5,791.0,1243.0,0.0,768.0,1224.0,0.0,2,3,0,0.015297464258000298,0.06169251691838301,-0.020690541452384182,0.07402466952375847,0.3453835805294092,-0.1291621147244905,0.0711169810028413,0.25873767020066774,-0.09497083145341441,43.66,42.41,4,1120.0,408.0,0.0,943.0,414.0,0.0,3,1,0,0.050765047273696004,-0.001523558156696539,-0.028577781348742358,0.17287448931953023,-0.017927226265138096,-0.07499349861512059,0.16931405010357503,-0.0014914648572228184,-0.07756084244190734,29.52,46.13,4,574.0,440.0,462.0,550.0,412.0,422.0,2,1,1,-0.0021142051667681627,0.010068800228670613,0.023020119285889592,-0.024891037827068016,0.017302612424430527,0.04569215425230175,-0.021368931901062427,0.028529612910592722,0.06861797289260631
92,least_connections,1434,measured,167,108,7,light,1,100.0,99.6,5,1172.0,862.0,0.0,1109.0,883.0,0.0,3,2,0,0.05692446312685287,0.012733138889874873,-0.01872001369501426,0.29678422480721,0.0826803823837512,-0.11686096094120568,0.21860583995495164,0.0798340825625089,-0.08592599036261303,48.43,45.78,5,1287.0,408.0,0.0,1051.0,414.0,0.0,4,1,0,0.0890141810934347,-0.001378457379868303,-0.025856087886957372,0.1995803202686906,-0.016219871382744,-0.06785126065177577,0.1837246167603774,-0.00134942058510637,-0.07017409554267806,21.14,31.8,3,155.0,902.0,0.0,120.0,834.0,0.0,1,2,0,-0.04499675252049999,0.05219376710031649,-0.02225617325380964,-0.0983395104149663,0.09925474457448477,-0.0422594794860127,-0.14901633521207233,0.153082348188949,-0.06518691341462604
92,least_connections,1435,measured,150,104,6,light,2,100.0,99.6,5,1172.0,862.0,0.0,1109.0,883.0,0.0,3,2,0,0.05150308568620021,0.011520458995601085,-0.016937155247870043,0.26851906053985664,0.07480606025196535,-0.1057313456134718,0.19778623614971813,0.07223083660417473,-0.07774256270903084,48.43,45.78,5,1287.0,408.0,0.0,1051.0,414.0,0.0,4,1,0,0.08053664003691711,-0.0012471757246427517,-0.023393603326294764,0.1805726707192915,-0.014675121727244583,-0.06138923582779712,0.16622703421177004,-0.0012209043389057594,-0.0634908483481373,21.04,31.27,3,150.0,902.0,0.0,104.0,834.0,0.0,1,2,0,-0.0407113475185476,0.04722293213838159,-0.02013653770582777,-0.08987860466115999,0.08980191175786717,-0.03823476715401149,-0.13964970011250988,0.13850307693285863,-0.05897863594656642
92,least_connections,1436,measured,153,119,4,light,2,100.0,77.8,4,1597.0,0.0,0.0,1556.0,0.0,0.0,4,0,0,0.08968193013331946,-0.07574452802892327,-0.015324092843310991,0.4407870865201877,-0.45225483437520597,-0.09566169365028401,0.3811637374687926,-0.33410067164384194,-0.07033850911769457,43.51,41.88,4,1115.0,408.0,0.0,926.0,414.0,0.0,3,1,0,0.029782583616167632,-0.0011283970842005803,-0.021165641104742883,0.11891268847391681,-0.013277491086554627,-0.05554264193943549,0.11505362619160145,-0.001104627735200453,-0.057444100886409936,24.1,35.23,4,303.0,902.0,0.0,223.0,834.0,0.0,2,2,0,0.006249823900452395,0.042725510029964296,-0.01821877221003465,-0.053633023264859025,0.0812493487333084,-0.034593360758391346,-0.09046083978433433,0.12531230770115778,-0.053361622999274376
92,least_connections,1437,measured,463,416,17,heavy,0,100.0,98.6,5,1597.0,0.0,463.0,1556.0,0.0,416.0,4,0,1,0.08114079393014619,-0.0685307634547401,0.02921924479709504,0.3988073639944556,-0.4091829453870911,0.19271878511006046,0.3448624291384314,-0.30228156005871415,0.12455087270303825,43.51,41.88,4,1115.0,408.0,0.0,926.0,414.0,0.0,3,1,0,0.026946147081294516,-0.0010209306952290997,-0.019149865761434036,0.10758767052401996,-0.01201296812593039,-0.05025286651663211,0.1040961379828775,-0.0009994250937527815,-0.051973234135323274,24.1,35.23,4,303.0,902.0,0.0,223.0,834.0,0.0,2,2,0,0.0056546025765997765,0.03865641383663437,-0.016483651047174207,-0.048525116287253395,0.07351131552061237,-0.03129875497187788,-0.08184552170963583,0.11337780220580942,-0.04827956366601015
92,least_connections,1438,measured,195,122,7,light,1,100.0,82.0,4,1243.0,0.0,463.0,1224.0,0.0,416.0,3,0,1,0.030329199043374888,-0.062004024078098186,0.026436459578324085,0.20580983726482482,-0.370213141064511,0.1743646150995785,0.16182791207762837,-0.27349284005312235,0.11268888482655842,35.03,32.72,4,818.0,408.0,0.0,633.0,414.0,0.0,3,1,0,0.02437984735926646,-0.0009236992004453826,-0.017326069022249844,0.020565715508126914,-0.010868875923460836,-0.04546687922933382,0.0113399581749844,-0.0009042417514906198,-0.047023402312911536,24.1,35.23,4,303.0,902.0,0.0,223.0,834.0,0.0,2,2,0,0.005116068997875978,0.03497485061409776,-0.014913779518871902,-0.04390367664084831,0.06651023785198262,-0.02831792116503237,-0.07405071011824194,0.10257991628144661,-0.04368150998353299
92,least_connections,1439,measured,458,411,14,heavy,0,100.0,100.0,5,1243.0,458.0,463.0,1224.0,411.0,416.0,3,1,1,0.027440703896386795,-0.01301497870104576,0.0239187015232456,0.18620890038246052,-0.058700778423446454,0.15775846128057103,0.14641572997499708,-0.06151733147663449,0.1019566100811719,22.0,20.12,3,770.0,0.0,0.0,644.0,0.0,0.0,3,0,0,0.02205795713457441,-0.04391962807477938,-0.015675967210607003,0.0061989126706182285,-0.11530313263823327,-0.04113670025511155,0.013370081205938272,-0.11787169491801532,-0.0425449830450152,24.1,35.23,4,743.0,462.0,0.0,635.0,422.0,0.0,3,1,0,0.04771272455816897,-0.011439987766383206,-0.013493419564693626,0.03989667351542296,-0.019443118133920495,-0.025620976292172144,0.05725570671841604,-0.03144356780884994,-0.03952136617557747
92,least_connections,1440,measured,164,125,7,light,1,100.0,100.0,5,1243.0,921.0,0.0,1224.0,827.0,0.0,3,2,0,0.02482730352530234,0.03130844330676358,-0.021443170277154207,0.16847471939365477,0.22615961317243732,-0.13653599534932462,0.13247137473928305,0.13253193818780684,-0.09594401945036826,26.69,24.03,4,934.0,0.0,0.0,769.0,0.0,0.0,4,0,0,0.06304109953899134,-0.03973680635337182,-0.014183017952453955,0.0480030978584505,-0.10432188191078248,-0.03721891927843426,0.04743900204346799,-0.10664581921153767,-0.038493079897870895,21.04,31.27,3,590.0,462.0,0.0,516.0,422.0,0.0,2,1,0,8.475532587171042e-05,-0.01035046512196576,-0.012208331987103757,0.008411276037763607,-0.017591392597356648,-0.023180883311965272,0.01591389338015417,-0.028448942303245184,-0.035757426539808186
92,least_connections,1441,measured,193,123,8,light,2,100.0,85.5,4,862.0,921.0,0.0,883.0,827.0,0.0,2,2,0,-0.02062110179910287,0.028326686801357526,-0.0194009635840919,-0.07738001578669329,0.20462060239410995,-0.12353256722081751,-0.03440685142636296,0.11990984883658717,-0.08680649378842843,21.91,20.66,3,767.0,0.0,0.0,661.0,0.0,0.0,3,0,0,0.013953285070425286,-0.035952348605431644,-0.01283225433793453,0.00026130622567291373,-0.09438646458594606,-0.033674260299535755,0.012385287563137698,-0.09648907452472455,-0.03482707228854986,21.9,31.9,3,902.0,193.0,0.0,834.0,123.0,0.0,2,1,0,7.668339007441127e-05,-0.009364706538921408,-0.011045633702617685,0.06406734498654804,-0.06459221234998933,-0.02097318013939715,0.11030304639156807,-0.11591412240134882,-0.03235195734554074
92,least_connections,1442,measured,446,406,16,heavy,1,100.0,85.5,4,862.0,921.0,0.0,883.0,827.0,0.0,2,2,0,-0.018657187342045467,0.02562890710599014,-0.01755325276655934,-0.07001049047367491,0.1851329259756233,-0.11176756081883489,-0.031130008433376044,0.10848986323310272,-0.07853920866572096,34.66,33.34,4,767.0,0.0,446.0,661.0,0.0,406.0,3,0,1,0.012624400778003836,-0.03252831540491435,0.031473765349578506,0.00023641991846595767,-0.08539727748252263,0.08482532911674656,0.0112057363666484,-0.08729963885570316,0.08328145840559774,21.9,31.9,3,1095.0,0.0,0.0,957.0,0.0,0.0,3,0,0,0.04315328043682469,-0.051556729952448165,-0.009993668588082668,0.09288950260687678,-0.0933643826023713,-0.018975734411835518,0.13689323244951396,-0.14196992026788705,-0.02927081855072734
92,least_connections,1443,measured,420,409,18,heavy,2,61.4,41.35,2,0.0,921.0,0.0,0.0,827.0,0.0,0,2,0,-0.10304811281060348,0.023188058810181544,-0.0158815144078394,-0.5832793326507852,0.1675012187398497,-0.1011230312170411,-0.42761762667781644,0.0981574953061406,-0.0710592840308904,34.66,33.34,4,767.0,0.0,446.0,661.0,0.0,406.0,3,0,1,0.01142207689438443,-0.029430380604446315,0.028476263887713887,0.00021390373575491672,-0.07726420343656809,0.07674672634372308,0.010138523379348563,-0.07898538753611238,0.07534989093839796,30.3,45.53,4,1095.0,0.0,420.0,957.0,0.0,409.0,3,0,1,0.03904344420474615,-0.04664656519507215,0.03404200959944448,0.08404288331098375,-0.08447253664024071,0.058831478389291675,0.12385578174003645,-0.12844897548046924,0.09686608480331019
92,least_connections,1444,measured,180,110,3,light,0,73.4,46.85,3,180.0,921.0,0.0,110.0,827.0,0.0,1,2,0,-0.050150106601883876,0.020979672256830922,-0.01436898922614041,-0.4191574914459486,0.1515487217170069,-0.09149226633922766,-0.3371302336608816,0.08880916241984149,-0.0642917331708056,34.66,33.34,4,767.0,446.0,0.0,661.0,406.0,0.0,3,1,0,0.010334260047300203,0.016456413013210703,-0.01731966147120671,0.00019353195139729107,0.045386809135622055,-0.04585500269581517,0.009172949724172513,0.04332869699113641,-0.04661795581763993,30.3,45.53,4,1095.0,0.0,420.0,957.0,0.0,409.0,3,0,1,0.03532502094715127,-0.04220403517649385,0.030799913447116432,0.07603879918612816,-0.07642753315069398,0.053228480447454374,0.11205999300289013,-0.11621573972042455,0.08764074339347112
92,least_connections,1445,measured,188,105,8,light,0,85.93,52.1,4,180.0,1109.0,0.0,110.0,932.0,0.0,1,3,0,-0.045373905973133025,0.0620655084591282,-0.013000514061746085,-0.3792377303558583,0.25051233552173635,-0.08277871716406313,-0.30502259235984525,0.12785114695128524,-0.058168710964062204,29.09,29.53,3,572.0,446.0,0.0,539.0,406.0,0.0,2,1,0,-0.033733855422057174,0.014889135583381112,-0.015670169902520355,-0.05023306292832763,0.04106425588461042,-0.04148785958192801,-0.02619471215432015,0.039202154420551985,-0.04217815050167422,30.3,45.53,4,1095.0,0.0,420.0,957.0,0.0,409.0,3,0,1,0.03196073323789876,-0.038184603254923004,0.02786658835691487,0.06879700878744929,-0.0691487204696755,0.048159101357220624,0.10138761271690061,-0.10514757403276508,0.07929400592742626
92,least_connections,1446,measured,403,413,18,heavy,1,85.93,52.1,4,826.0,463.0,0.0,626.0,416.0,0.0,3,1,0,0.04511521885877533,-0.030013292800017785,-0.011762369865389316,0.046530942376445616,-0.16299677579779404,-0.07489502981510474,-0.042544250230336145,-0.11775372418693245,-0.05262883372938961,28.94,29.5,3,164.0,446.0,403.0,125.0,406.0,413.0,1,1,1,-0.07360500751338052,0.013471122670678154,0.02890612745781038,-0.1509183494521604,0.03715337437179038,0.06664023588845969,-0.1407535490920039,0.03546861590430894,0.07860964954610428,21.5,31.8,3,655.0,0.0,420.0,545.0,0.0,409.0,2,0,1,-0.014167046344848971,-0.034547974373501766,0.025212627561018216,-0.01737413490659348,-0.06256312804399213,0.04357252027558056,-0.03252231865296293,-0.09513351936297793,0.07174219583909995
92,least_connections,1447,measured,360,333,12,medium,1,73.93,46.6,3,1109.0,0.0,0.0,932.0,0.0,0.0,3,0,0,0.040818531348415774,-0.07023878418867822,-0.010642144163923667,0.212797836753292,-0.4267431146107025,-0.06776216983271381,0.09993615455350541,-0.29472955997865313,-0.047616563850400126,34.54,36.0,3,0.0,806.0,403.0,0.0,739.0,413.0,0,2,1,-0.10967890702457783,0.05527205883356141,0.026153162938018917,-0.17893973113698866,0.12667618225474914,0.06029354675622544,-0.16269071108324162,0.12624243819913666,0.07112301625599911,21.5,31.8,3,655.0,420.0,0.0,545.0,409.0,0.0,2,1,0,-0.012817803835815739,0.011826209126922435,-0.02027247529059803,-0.01571945539167982,0.01939526510305474,-0.03657724356018902,-0.02942495497172834,0.03727602216365489,-0.05843960059002068
92,least_connections,1448,measured,170,122,5,light,0,85.27,52.7,4,1279.0,0.0,0.0,1054.0,0.0,0.0,4,0,0,0.08001495239913355,-0.06354937617070887,-0.009628606624502366,0.295071058649804,-0.38610091321920703,-0.06130862984864583,0.14560890173888585,-0.2666600780759243,-0.043081653007504876,34.54,36.0,3,0.0,806.0,403.0,0.0,739.0,413.0,0,2,1,-0.0992332968317609,0.05000805323036509,0.023662385515350447,-0.16189785198108497,0.11461178394477303,0.0545513042080135,-0.1471963576467424,0.11421934884683793,0.06434939566018967,12.26,17.73,2,193.0,420.0,0.0,123.0,409.0,0.0,1,1,0,-0.054680960840114465,0.010699903495786964,-0.018341763358160124,-0.09782236440199604,0.017548096998001902,-0.033093696554456736,-0.15389241957759547,0.03372592481473537,-0.052873924343352044
92,least_connections,1449,measured,171,119,6,light,2,85.27,52.7,4,1279.0,0.0,0.0,1054.0,0.0,0.0,4,0,0,0.0723944807420732,-0.05749705463064136,-0.008711596469787855,0.26696905306410845,-0.34932939767452065,-0.055469712720203374,0.1317413872875634,-0.2412638801639315,-0.038978638435361555,34.54,36.0,3,0.0,806.0,403.0,0.0,739.0,413.0,0,2,1,-0.08978250665730747,0.04524538149413985,0.021408824990078977,-0.14647900893526736,0.10369637595003275,0.049355941902488404,-0.13317765691848124,0.10334131562332957,0.058220881787790654,11.82,17.6,2,171.0,420.0,0.0,119.0,409.0,0.0,1,1,0,-0.049473250283913084,0.00968086506761677,-0.016594928752621065,-0.09248690112561544,0.01587684966485886,-0.029941915930222763,-0.14044234787179272,0.03051393197523676,-0.04783831250112804
92,least_connections,1450,measured,392,314,14,medium,2,85.27,52.7,4,1279.0,0.0,0.0,1054.0,0.0,0.0,4,0,0,0.0654997682904472,-0.05202114466581837,-0.007881920615522345,0.24154342896276482,-0.3160599312293282,-0.050186882937326864,0.11919458849827169,-0.2182863677673666,-0.03526638715580331,34.54,36.0,3,0.0,1209.0,0.0,0.0,1152.0,0.0,0,3,0,-0.0812317917375639,0.08402019776907438,-0.023714010950019244,-0.13252862713190855,0.19799740136975752,-0.059521494741286006,-0.12049407054529256,0.21027011889729819,-0.06409479743009416,19.66,28.07,3,171.0,812.0,0.0,119.0,723.0,0.0,1,2,0,-0.04476151216163564,0.0518427781450773,-0.015014459347609534,-0.08367862482793778,0.08529810207772943,-0.027090304889249166,-0.12706688616971723,0.1223062559141031,-0.04328228273911585
92,least_connections,1451,measured,355,310,10,medium,1,85.27,52.7,4,1279.0,0.0,0.0,1054.0,0.0,0.0,4,0,0,0.059261695119928404,-0.047066749935740435,-0.007131261509282122,0.218539292871073,-0.2859589853979636,-0.04540717980043859,0.10784272292700775,-0.19749718988476025,-0.031907683617155375,44.69,45.69,4,446.0,1118.0,0.0,406.0,1056.0,0.0,1,3,0,-0.030411530392943295,0.07601827417201967,-0.02145553371668408,-0.00461433611254311,0.15561669647739967,-0.05385278095640163,0.005773221887592439,0.16310153614517459,-0.05799053100818043,19.66,28.07,3,171.0,812.0,0.0,119.0,723.0,0.0,1,2,0,-0.04049851100338463,0.04690537070268899,-0.013584510838313388,-0.07570923198718182,0.07717447330842186,-0.024510275852177816,-0.11496527796307747,0.1106580410651409,-0.03916016057348577
92,least_connections,1452,measured,358,326,7,medium,2,85.27,52.7,4,1279.0,0.0,0.0,1054.0,0.0,0.0,4,0,0,0.0536177241561257,-0.04258420232281277,-0.006452093746493349,0.19772602688335184,-0.2587247963124433,-0.0410826864861111,0.09757198741014989,-0.1786879337052593,-0.02886885660599772,44.69,45.69,4,806.0,758.0,0.0,739.0,723.0,0.0,2,2,0,0.015568706061713428,0.02569453830983187,-0.019412149553190358,0.08888634895939979,0.04773483422785138,-0.04872394467483957,0.09937517694591697,0.053416270798015086,-0.052467623293115634,26.82,38.93,4,529.0,812.0,0.0,445.0,723.0,0.0,2,2,0,0.00644239027131413,0.042438192540528136,-0.012290747901331162,-0.0037178765598311625,0.06982452346952454,-0.02217596386625612,-0.005698743553895491,0.10011918001131795,-0.035430621471249035
92,least_connections,1453,measured,476,433,16,heavy,0,62.6,42.45,2,463.0,0.0,476.0,416.0,0.0,433.0,1,0,1,-0.08074042644377744,-0.03852856400635441,0.037246291598977674,-0.31329549948649127,-0.234084339520782,0.2499410614332011,-0.20033963043843586,-0.16167003525713936,0.1697615106898116,44.69,45.69,4,806.0,758.0,0.0,739.0,723.0,0.0,2,2,0,0.014085972151074044,0.02324743942318122,-0.017563373405267466,0.0804209823918379,0.043188659539484586,-0.044083568991521514,0.08991087437963916,0.04832900691248984,-0.04747070678900938,26.82,38.93,4,529.0,812.0,0.0,445.0,723.0,0.0,2,2,0,0.0058288292930937236,0.038396459917620696,-0.011120200482156766,-0.0033637930779424757,0.06317456885337934,-0.02006396730756506,-0.005156006072572106,0.09058402001024005,-0.03205627656922532
92,least_connections,1454,measured,375,305,13,medium,0,56.73,36.9,2,0.0,375.0,476.0,0.0,305.0,433.0,0,1,1,-0.1161347622473179,0.00822472326862718,0.03369902573240837,-0.5627276741385715,0.014399883290721033,0.22613715082051528,-0.3694501418252515,-0.008296698565983224,0.15359374776697238,44.69,45.69,4,1161.0,403.0,0.0,1049.0,413.0,0.0,3,1,0,0.055828351220586256,-0.02205050265340293,-0.015890671176194374,0.16453054869465608,-0.05269325361393572,-0.03988513384947184,0.1689967434863402,-0.04392256517441398,-0.04294968709481801,26.82,38.93,4,949.0,392.0,0.0,854.0,314.0,0.0,3,1,0,0.048357602920508835,-0.008344246015576734,-0.010061133769570407,0.07295656816757584,-0.018842056751704403,-0.01815311327827315,0.11868424847402206,-0.041392235863751056,-0.02900329784834672
92,least_connections,1455,measured,404,447,16,heavy,0,83.67,59.25,3,0.0,851.0,404.0,0.0,738.0,447.0,0,2,1,-0.1050743086999543,0.05052531651742005,0.030489594710274237,-0.5091345623158504,0.30013957694557303,0.16117170788522805,-0.3342644140323704,0.18837441558315804,0.14529910512249883,44.69,45.69,4,1161.0,403.0,0.0,1049.0,413.0,0.0,3,1,0,0.05051136539005423,-0.019950454781650265,-0.014377273921318719,0.14886097262849837,-0.047674848507846604,-0.03608654967333167,0.15290181553526017,-0.039739463729231705,-0.03885924070483534,23.4,34.97,3,778.0,392.0,0.0,735.0,314.0,0.0,2,1,0,0.0006682167013220552,-0.007549555918855144,-0.009102930553420844,0.03506546643733051,-0.01704757515630398,-0.01642424534700904,0.07149209782570248,-0.03745011816244141,-0.026241079005647032
92,least_connections,1456,measured,436,428,16,heavy,0,100.0,80.65,4,0.0,851.0,840.0,0.0,738.0,875.0,0,2,2,-0.09506723168091102,0.045713381610999096,0.07066972401224358,-0.4606455563810075,0.2715548553317089,0.4088061484040953,-0.3024297079340494,0.1704339950514287,0.3250801427298799,44.69,45.69,4,1161.0,403.0,0.0,1049.0,413.0,0.0,3,1,0,0.04570075916243001,-0.01805041146911214,-0.013008009738335984,0.13468373714006995,-0.04313438674519453,-0.032649735418728655,0.1383397378652354,-0.03595475289787631,-0.035158360637708164,23.4,34.97,3,778.0,392.0,0.0,735.0,314.0,0.0,2,1,0,0.0006045770154818608,-0.006830550593249898,-0.008235984786428382,0.03172589820520379,-0.015423996569989315,-0.01486003150443675,0.064683326604207,-0.03388344024220889,-0.02374192862415684
92,least_connections,1457,measured,427,434,14,heavy,2,100.0,80.65,4,0.0,1255.0,436.0,0.0,1185.0,428.0,0,3,1,-0.08601320961606236,0.08444362644623274,0.020855373879558256,-0.4167745510113878,0.48937502783980014,0.12618968982592743,-0.2736268786069971,0.3564164717131974,0.09190584342227229,44.69,45.69,4,1564.0,0.0,0.0,1462.0,0.0,0.0,4,0,0,0.08443220613562262,-0.059415224889287396,-0.011769151668018271,0.22603358530360068,-0.1432032206606182,-0.029540236807421166,0.2419353580685463,-0.1493013240504595,-0.03180994533887881,31.94,49.43,4,1170.0,427.0,0.0,1049.0,434.0,0.0,3,1,0,0.043630898478859995,-0.006180021965321331,-0.007451605282959013,0.09963771742375582,-0.007621711182371288,-0.013444790408776108,0.15322142248317144,0.0055340302570490996,-0.02148079256471333
92,least_connections,1458,measured,196,102,5,light,0,100.0,85.75,5,196.0,1691.0,0.0,102.0,1613.0,0.0,1,4,0,-0.0347375751401562,0.11948527653525365,-0.024214752430966564,-0.2588595144071286,0.5905456601090255,-0.14881250285590694,-0.20142431873966404,0.5160910934547976,-0.11046614166556316,31.94,33.0,3,1118.0,0.0,0.0,1056.0,0.0,0.0,3,0,0,0.03330714341975834,-0.053756632042688594,-0.01064828008058796,0.08921406017264555,-0.12956481869294026,-0.026726880921000104,0.1041022287286848,-0.13508215033136814,-0.02878042673517607,31.94,49.43,4,1170.0,427.0,0.0,1049.0,434.0,0.0,3,1,0,0.03947557481420666,-0.005591448444814531,-0.006741928589343869,0.09014841100244575,-0.0068958339269073465,-0.01216433417936886,0.13862890605620273,0.005006979756377761,-0.019435002796645395
92,least_connections,1459,measured,463,410,15,heavy,1,100.0,85.75,5,196.0,1691.0,0.0,102.0,1613.0,0.0,1,4,0,-0.031429234650617505,0.10810572638903902,-0.021908585532779273,-0.23420622732073543,0.5343032162891184,-0.13463988353629674,-0.18224105028826748,0.4669395607448169,-0.09994555674503335,34.89,35.41,3,758.0,0.0,463.0,723.0,0.0,410.0,2,0,1,-0.012948865704118878,-0.04863695280052777,0.03344974205860636,-0.012343741476449954,-0.11722531215075548,0.0955056111395033,3.5945040238627435e-05,-0.1222171836331426,0.08988318533484069,24.78,38.57,3,812.0,427.0,0.0,723.0,434.0,0.0,2,1,0,-0.007367903966284672,-0.0050589295453083855,-0.006099840152263501,0.01678189566887947,-0.006239087838630447,-0.011005826162286111,0.027108692781008803,0.004530124541484631,-0.017584050149345835
92,least_connections,1460,measured,372,345,11,medium,1,100.0,85.75,5,571.0,1316.0,0.0,407.0,1308.0,0.0,2,3,0,0.014647926019055818,0.054726042696658886,-0.019822053577276486,0.01428960385266792,0.37243306870602777,-0.12181703748522087,-0.026908569308432495,0.2844929359119772,-0.09042693229312541,45.51,46.19,4,758.0,835.0,0.0,723.0,755.0,0.0,2,2,0,-0.011715640398964694,0.04216293839589437,-0.012819847888018283,-0.011168147050121396,0.10978934342822805,-0.033277236179905176,3.25217030730518e-05,0.10288981004620432,-0.03459973707800127,24.78,38.57,3,812.0,427.0,0.0,723.0,434.0,0.0,2,1,0,-0.00666619882663852,-0.004577126731469497,-0.005518902994905072,0.015183619890890954,-0.005644888996856112,-0.009957652242068387,0.02452691251615083,0.004098684108962275,-0.015909378706550993
92,least_connections,1461,measured,171,105,3,light,2,100.0,85.75,5,571.0,1316.0,0.0,407.0,1308.0,0.0,2,3,0,0.013252885445812407,0.04951403863031041,-0.0179342389508692,0.012928689200032872,0.336963252638787,-0.11021541486758078,-0.024345848421915117,0.257398370587027,-0.08181484350330395,35.37,36.5,3,403.0,835.0,0.0,413.0,755.0,0.0,1,2,0,-0.05368376534963018,0.03814742045342824,-0.011598909993921304,-0.10187322148072207,0.09933321548268254,-0.03010797559134278,-0.08761938512579107,0.09309078051799438,-0.03130452402295353,19.8,28.43,3,563.0,427.0,0.0,419.0,434.0,0.0,2,1,0,-0.006031322747911044,-0.00414120989990098,-0.004993293185866494,-0.03131958200347959,-0.005107280520965041,-0.009009304409490446,-0.06949152359649846,0.003708333241442069,-0.014394199782117565
92,least_connections,1462,measured,378,326,9,medium,1,100.0,85.75,5,1047.0,840.0,0.0,840.0,875.0,0.0,3,2,0,0.055074606106301924,0.0017145156768568204,-0.016226216193643565,0.2988084965778075,0.017760403181124818,-0.09971870868971594,0.17385375618969584,0.037003287673976815,-0.07402295364584643,46.17,46.69,4,403.0,1213.0,0.0,413.0,1081.0,0.0,1,3,0,-0.04857102579252254,0.07759823301795435,-0.010494251899262131,-0.09217100991112949,0.1875871949605223,-0.02724054934454823,-0.07927468178047764,0.17639761094485207,-0.02832314078267224,19.8,28.43,3,563.0,427.0,0.0,419.0,434.0,0.0,2,1,0,-0.005456911057633795,-0.003746808957053274,-0.004517741453879209,-0.028336764669814857,-0.0046208728523016995,-0.008151275418110403,-0.06287328325397479,0.0033551586470190187,-0.013023323612392083
92,least_connections,1463,measured,190,112,5,light,2,100.0,80.65,4,851.0,840.0,0.0,738.0,875.0,0.0,2,2,0,0.006745505297992005,0.0015512284695371192,-0.014680862270439415,0.15212832230055606,0.016068936211493856,-0.0902216888145049,0.11115339845734384,0.03347916503835996,-0.06697314853671821,46.17,46.69,4,403.0,1213.0,0.0,413.0,1081.0,0.0,1,3,0,-0.043945213812282294,0.07020792511148251,-0.009494799337427643,-0.08339281849102191,0.16972174782142493,-0.024646211311734112,-0.07172471208709882,0.1595978384739138,-0.025625698803370123,23.6,32.17,4,753.0,427.0,0.0,531.0,434.0,0.0,3,1,0,0.03814669498413631,-0.003389970008762483,-0.00408748036303357,0.008742927203500839,-0.004180789723511075,-0.00737496347352846,-0.023107573737723208,0.0030356197282553066,-0.01178300707787855
92,least_connections,1464,measured,381,344,7,medium,0,100.0,97.85,5,1636.0,436.0,0.0,1529.0,428.0,0.0,4,1,0,0.0922708766755075,-0.04168040780193806,-0.013282684911349946,0.5291002281132016,-0.22914397834833095,-0.0816291470226473,0.4584006938423587,-0.171923612584341,-0.060594753437983144,34.66,33.78,3,750.0,463.0,0.0,671.0,410.0,0.0,2,1,0,0.003323944872787671,-0.02264634440026865,-0.008590532733863105,0.014250034970708064,-0.0403197791819761,-0.022298953091568957,0.008052641445005837,-0.04531921757122087,-0.023185156060192016,12.34,18.2,2,617.0,0.0,0.0,546.0,0.0,0.0,2,0,0,-0.008570223812538802,-0.046151015948971044,-0.0036981965189351353,-0.01669925633968973,-0.08104928594031954,-0.0066725859998590835,-0.016383042905559086,-0.1281423758014198,-0.010660815927604404
92,least_connections,1465,measured,177,101,3,light,2,100.0,97.85,5,2072.0,0.0,0.0,1957.0,0.0,0.0,5,0,0,0.12656707436174036,-0.0807947453808918,-0.01201766730074519,0.4787097301976585,-0.47030486929928356,-0.07385494254429995,0.6083625325240389,-0.3491689828144038,-0.054823824539127604,34.66,33.78,3,750.0,463.0,0.0,671.0,410.0,0.0,2,1,0,0.0030073786944269376,-0.020489549695481155,-0.007772386759209477,0.012892888783021583,-0.0364798002122641,-0.020175243273324296,0.007285723212148126,-0.041003101612057,-0.020977045959221348,15.88,21.57,3,794.0,0.0,0.0,647.0,0.0,0.0,3,0,0,0.03532988820588892,-0.04175568109668809,-0.0033459873266555988,0.01691972045456644,-0.07333030632695578,-0.006037101618920123,0.015637564355287847,-0.11593834001080838,-0.009645500124975413
92,least_connections,1466,measured,187,123,4,light,1,100.0,97.85,5,2072.0,0.0,0.0,1957.0,0.0,0.0,5,0,0,0.11451306727966984,-0.07310000772556878,-0.010873127557817077,0.433118327321691,-0.42551392936601845,-0.06682113849246185,0.5504232437122257,-0.31591479397493677,-0.049602507916353546,40.0,37.62,4,937.0,463.0,0.0,794.0,410.0,0.0,3,1,0,0.04580486190266746,-0.01853816401019724,-0.007032159448808574,0.0600051306676318,-0.033005533525381825,-0.018253791533007695,0.04136863052527687,-0.0370980443156706,-0.018979232058343124,15.88,21.57,3,794.0,0.0,0.0,647.0,0.0,0.0,3,0,0,0.031965136948185216,-0.03777894956367018,-0.003027321866974113,0.015308318506512514,-0.06634646762915047,-0.0054621395599753495,0.014148272511927074,-0.10489659334311234,-0.008726881065453945
92,least_connections,1467,measured,417,420,18,heavy,2,100.0,82.6,4,1697.0,0.0,0.0,1652.0,0.0,0.0,4,0,0,0.06052316064532487,-0.06613810222789557,-0.009837591599929736,0.3918689628148633,-0.38498879323592144,-0.06045722054079882,0.3600257919301089,-0.2858276707392285,-0.04487845954336749,40.0,37.62,4,1400.0,0.0,0.0,1204.0,0.0,0.0,4,0,0,0.08452639432917078,-0.059856524807412013,-0.006362429977493472,0.1739774311482655,-0.14954922421003933,-0.016515335196530773,0.15335137999905998,-0.14948751628560672,-0.01717168614802473,24.22,35.57,4,794.0,0.0,417.0,647.0,0.0,420.0,3,0,1,0.028920838191215187,-0.03418095436713016,0.0403448947280665,0.013850383410654199,-0.060027756426374236,0.0705152070647842,0.012800817986981627,-0.09490644159614926,0.11877091713125597
92,least_connections,1468,measured,371,336,11,medium,0,100.0,99.4,5,1697.0,371.0,0.0,1652.0,336.0,0.0,4,1,0,0.0547590501076749,-0.016755335122291007,-0.008900678114222143,0.3545481092134477,-0.12454541610234163,-0.0546993900131037,0.32573762127009853,-0.10660598781168293,-0.04060432053923726,40.0,37.62,4,1400.0,0.0,0.0,1204.0,0.0,0.0,4,0,0,0.07647626153591643,-0.0541559033971823,-0.005756484265351237,0.15740815199128783,-0.13530644095194033,-0.01494244613019451,0.13874648666581618,-0.13525060997269178,-0.01553628746726047,16.88,28.47,2,427.0,0.0,417.0,434.0,0.0,420.0,1,0,1,-0.060001327804320034,-0.03092562537978443,0.03650252380158398,-0.05387822453321761,-0.054310827242910024,0.06379947305861429,-0.0526564027736833,-0.08586773287270648,0.1074594012139935
92,least_connections,1469,measured,405,425,16,heavy,2,100.0,77.75,4,1221.0,371.0,0.0,1219.0,336.0,0.0,3,1,0,0.006460002251615166,-0.015159588920168054,-0.008052994484296224,0.15249590833597637,-0.11268394790211864,-0.049489924297570015,0.098834038291994,-0.09645303659152263,-0.036737242392643234,40.0,37.62,4,1400.0,0.0,0.0,1204.0,0.0,0.0,4,0,0,0.06919280805630534,-0.048998198311736366,-0.005208247668651119,0.14241689942068897,-0.12242011324223173,-0.013519356022556937,0.12553253555478605,-0.12236959949910209,-0.01405664104180709,24.98,42.63,3,427.0,0.0,822.0,434.0,0.0,845.0,1,0,2,-0.05428691563248003,-0.027980327724566868,0.07610999319009526,-0.048746965053863556,-0.04913836750549002,0.13100904705303196,-0.04764150727142774,-0.07768985355149634,0.22539977570154968
92,least_connections,1470,measured,494,409,18,heavy,2,100.0,77.75,4,1221.0,371.0,0.0,1219.0,336.0,0.0,3,1,0,0.005844763941937531,-0.01371581854681872,-0.007286042628648964,0.13797248849445476,-0.1019521433400121,-0.04477659817399192,0.08942127274037548,-0.08726703310661574,-0.03323845740286769,34.66,33.78,3,1213.0,0.0,0.0,1081.0,0.0,0.0,3,0,0,0.019519116586090318,-0.044331703234428144,-0.004712224081160536,0.08051324913572538,-0.11076105483820967,-0.012231798306122943,0.07880027026385411,-0.11071535192775904,-0.01271791332353975,34.86,56.27,4,427.0,0.0,1316.0,434.0,0.0,1254.0,1,0,3,-0.04911673319129145,-0.02531553460794145,0.11194532263684355,-0.044104396953495606,-0.044458522981157635,0.20792247114321938,-0.04310422086462509,-0.07029081987992526,0.3272823367458465
92,least_connections,1471,measured,473,419,17,heavy,1,53.8,38.2,2,436.0,371.0,0.0,428.0,336.0,0.0,1,1,0,-0.08087968069652363,-0.012409550113788359,-0.006592133806872872,-0.34865981199708046,-0.09224241540286807,-0.04051216025265936,-0.27692837228251743,-0.07895588709646187,-0.030072890031166005,26.74,25.91,2,463.0,0.0,473.0,410.0,0.0,419.0,1,0,1,-0.06850764735181397,-0.0401096362597207,0.03882045939142165,-0.12103223037379951,-0.10021238294885637,0.1112052437094262,-0.1184217792850844,-0.1001710326965439,0.10696057842155929,26.32,41.8,3,0.0,822.0,494.0,0.0,845.0,409.0,0,2,1,-0.08752284930459249,0.06326326914156771,0.01511606288458181,-0.11717064486268651,0.10851847920752403,0.039377473891484216,-0.16988794586164493,0.1912448137594327,0.04127132054782939
92,least_connections,1472,measured,445,405,21,heavy,0,54.4,37.05,2,371.0,0.0,445.0,336.0,0.0,405.0,1,0,1,-0.07317685396352137,-0.054311588424946836,0.03711958868720572,-0.3546604648227554,-0.3072352012375155,0.23175883913648282,-0.292173289207992,-0.22343627880156075,0.15600548044799267,26.74,25.91,2,463.0,0.0,473.0,410.0,0.0,419.0,1,0,1,-0.061983109508784065,-0.03628967090165206,0.03512327278271482,-0.10950535129058053,-0.09066834647753672,0.10061426811805227,-0.10714351459126686,-0.0906309343444921,0.09677385666712507,26.32,41.8,3,0.0,822.0,494.0,0.0,845.0,409.0,0,2,1,-0.07918733984701225,0.05723819588998984,0.01367643784795497,-0.10601153582814493,0.09818338594966461,0.03562723828277144,-0.15370814149386922,0.17303102197282008,0.03734071859089326
92,least_connections,1473,measured,179,117,9,light,0,66.33,42.9,3,371.0,179.0,445.0,336.0,117.0,405.0,1,1,1,-0.06620762977651934,-0.006055155967242154,0.0335843897646147,-0.3208832776967787,-0.17000645191330765,0.20968656874253208,-0.2643472616643737,-0.14922806177284068,0.14114781564342194,26.74,25.91,2,463.0,0.0,473.0,410.0,0.0,419.0,1,0,1,-0.056079956222233204,-0.03283351176816139,0.03177819918436103,-0.09907627021528717,-0.08203326586062845,0.09103195686871396,-0.09693937034447953,-0.0819994167878738,0.08755729888930364,26.32,41.8,3,0.0,822.0,494.0,0.0,845.0,409.0,0,2,1,-0.07164568843301108,0.051786939138562235,0.012373919957673549,-0.09591519908260732,0.08883258728779178,0.03223416797012654,-0.1390692708754055,0.1565518770230277,0.03378445967747486
92,least_connections,1474,measured,359,317,13,medium,1,66.33,42.9,3,371.0,179.0,445.0,336.0,117.0,405.0,1,1,1,-0.05990214122637463,-0.005478474446552431,0.030385876453699015,-0.2903229655351808,-0.15381536125489742,0.1897164193384814,-0.2391713319820524,-0.1350158654135225,0.12770516653452463,23.77,23.0,2,0.0,832.0,0.0,0.0,736.0,0.0,0,2,0,-0.09382290823734932,0.05646128980613062,-0.014332196202811674,-0.20932750978662037,0.14085425605807084,-0.039909862152796224,-0.20362966840691005,0.1339052895728761,-0.03924875338586815,26.32,41.8,3,0.0,1316.0,0.0,0.0,1254.0,0.0,0,3,0,-0.06482228953462908,0.08993874992355178,-0.0318884488364813,-0.08678041821759709,0.16976281706990684,-0.06022622897940932,-0.12582457841108116,0.26499138079861234,-0.09278231426006243
92,least_connections,1475,measured,391,308,14,medium,1,66.33,42.9,3,550.0,0.0,445.0,453.0,0.0,405.0,2,0,1,-0.01111327516853397,-0.04804061520220957,0.027491983458108632,-0.15470490532548103,-0.24713453319887546,0.1716481889252927,-0.16346453845995215,-0.17508578299318703,0.11554276972171276,34.94,32.62,3,0.0,1223.0,0.0,0.0,1044.0,0.0,0,3,0,-0.08488739316712557,0.09416792433706603,-0.012967225135877228,-0.18939155647360892,0.22851439493689404,-0.036108922900148964,-0.184236366653871,0.2082357381849831,-0.03551077687292832,26.32,41.8,3,0.0,1316.0,0.0,0.0,1254.0,0.0,0,3,0,-0.058648738150378694,0.08137315469273732,-0.028851453709197367,-0.07851561648258784,0.15359492972991573,-0.054490397648037,-0.11384128522907343,0.23975410643683975,-0.08394590337815172
92,least_connections,1476,measured,485,444,15,heavy,0,98.67,65.1,4,550.0,0.0,930.0,453.0,0.0,849.0,2,0,2,-0.010054868009625961,-0.04346531851628485,0.0679575995459985,-0.1399711048182924,-0.22359791098945875,0.44784042490066167,-0.14789648717805196,-0.1584109465176454,0.3053958392720258,34.94,32.62,3,0.0,1223.0,0.0,0.0,1044.0,0.0,0,3,0,-0.07680287953216124,0.08519955059067878,-0.01173225131341273,-0.17135426538088427,0.2067511192286184,-0.03266997786203954,-0.16669004602016899,0.1884037631197466,-0.03212879812312562,26.32,41.8,3,0.0,1316.0,0.0,0.0,1254.0,0.0,0,3,0,-0.05306314404081882,0.07362333043628615,-0.02610369621308333,-0.07103793872234138,0.13896684118420946,-0.049300835967271577,-0.10299925806439977,0.2169203820142836,-0.07595105543737536
92,least_connections,1477,measured,198,104,7,light,1,98.67,65.1,4,550.0,485.0,445.0,453.0,444.0,405.0,2,1,1,-0.009097261532518719,0.0037581358548805927,0.018401546981527,-0.12664052340702642,0.09023681069207698,0.11264927332282088,-0.13381110744680894,0.05753295315070181,0.07545337838897576,40.6,35.88,4,198.0,1223.0,0.0,104.0,1044.0,0.0,1,3,0,-0.026404419349959934,0.0770853076772808,-0.010614894045468662,-0.10385113806569801,0.18706053644494047,-0.029558551398988154,-0.12141004163729574,0.17046054758453263,-0.029068912587589847,26.32,41.8,3,0.0,1316.0,0.0,0.0,1254.0,0.0,0,3,0,-0.048009511275026555,0.06661158468044936,-0.023617629907075395,-0.06427242074878506,0.12573190392857048,-0.04460551825610286,-0.09318980491540932,0.19626129801292325,-0.06871762158619675
92,least_connections,1478,measured,451,419,16,heavy,2,98.67,65.1,4,550.0,485.0,445.0,453.0,444.0,405.0,2,1,1,-0.008230855672278853,0.0034002181544157684,0.016649018697572047,-0.1145795211777858,0.081642828721403,0.10192077110159983,-0.12106719245187478,0.0520536242792064,0.06826734235193044,40.6,35.88,4,198.0,1223.0,0.0,104.0,1044.0,0.0,1,3,0,-0.023889712745201838,0.06974384980325407,-0.009603951755424027,-0.0939605534880125,0.16924524725970805,-0.026743451265751186,-0.10984718052898187,0.15422620971933904,-0.0263004447221051,35.34,55.77,4,822.0,494.0,451.0,845.0,409.0,419.0,2,1,1,0.042730623585633565,-0.025900176218822443,0.021715568406070106,0.0905916193225278,-0.0349854202551029,0.041252150149240274,0.17052668444161379,-0.07727152402005355,0.0641919931680442
92,least_connections,1479,measured,197,120,3,light,0,87.07,54.3,4,376.0,930.0,0.0,237.0,849.0,0.0,2,2,0,-0.00744696465587133,0.046160288080752586,-0.028020502357525515,-0.20861956677990146,0.342280019636825,-0.17619866741601287,-0.20725126936122007,0.23031042196690102,-0.1214485950149201,40.6,35.88,4,198.0,1223.0,0.0,104.0,1044.0,0.0,1,3,0,-0.02161450200756357,0.06310157839342034,-0.00868928968347888,-0.085011929346297,0.153126652282593,-0.024196455907108217,-0.09938554428812646,0.1395379992698782,-0.023795640462856996,35.34,55.77,4,822.0,494.0,451.0,845.0,409.0,419.0,2,1,1,0.0386610403870018,-0.023433492769410785,0.01964741903406343,0.08196384605371562,-0.031653475468902625,0.03732337394455072,0.15428604782812677,-0.06991233125623894,0.058078470009182856
92,least_connections,1480,measured,164,101,4,light,0,98.0,59.35,5,540.0,930.0,0.0,338.0,849.0,0.0,3,2,0,0.036346170300016634,0.04176407016829996,-0.02535188308538023,-0.08983040168975209,0.309681922528556,-0.15941784194782116,-0.14182257704110388,0.2083760960652914,-0.10988206215635628,40.6,35.88,4,557.0,864.0,0.0,421.0,727.0,0.0,2,2,0,0.02352792221991415,0.014008004033956273,-0.00786173828505232,0.015887165965595224,0.04574044050057735,-0.021892031535002673,-0.00029227816544774576,0.03662068981560407,-0.02152938899020395,35.34,55.77,4,822.0,945.0,0.0,845.0,828.0,0.0,2,2,0,0.03497903654062068,0.021882168673480945,-0.025307663957842837,0.07415776547717128,0.052970665051945254,-0.04784075690731125,0.1395921385111623,0.06311106537133937,-0.07381789221391392
92,least_connections,1481,measured,381,339,10,medium,1,98.0,59.35,5,540.0,930.0,0.0,338.0,849.0,0.0,3,2,0,0.032884630271443616,0.037786539676080914,-0.02293741802962973,-0.08127512533834713,0.2801884060972649,-0.14423519033374296,-0.12831566494195115,0.18853075358288268,-0.09941710385575092,51.49,46.47,5,1030.0,772.0,0.0,840.0,647.0,0.0,3,2,0,0.06437106794953683,0.012673908411674734,-0.007113001305523528,0.13664621138383784,0.01760189514678087,-0.019807076150716706,0.1182028197550711,0.010513957452213202,-0.019478970991136907,35.34,55.77,4,1316.0,451.0,0.0,1254.0,419.0,0.0,3,1,0,0.0747315999539856,-0.02328574761741746,-0.02289741024757209,0.1564855973364883,-0.04146463638157333,-0.043284494344710184,0.2496468554783532,-0.06624871863228027,-0.06678761676496975
92,least_connections,1482,measured,175,117,3,light,2,72.93,47.5,3,164.0,930.0,0.0,101.0,849.0,0.0,1,2,0,-0.05641503973173241,0.03418782161169226,-0.02075290202680785,-0.3003282880045363,0.2535037959927635,-0.13049850554005316,-0.22330941113795583,0.17057544371784628,-0.08994880825044131,51.49,46.47,5,1421.0,381.0,0.0,1148.0,339.0,0.0,4,1,0,0.10132439027633831,-0.03161703071143261,-0.006435572609759382,0.22470711642211183,-0.08514930575155201,-0.017920687945886544,0.1940287416831596,-0.07757070516228327,-0.017623830896742916,38.84,59.67,5,1491.0,451.0,0.0,1371.0,419.0,0.0,4,1,0,0.11069820494703006,-0.021068057368139603,-0.020716704509708084,0.1732488737806323,-0.037515623392852054,-0.03916216154997588,0.26115667876612914,-0.05993931685777737,-0.06042689135878215
92,least_connections,1483,measured,435,427,13,heavy,0,100.0,68.85,4,164.0,1365.0,0.0,101.0,1276.0,0.0,1,3,0,-0.05104217880490075,0.07401573882781227,-0.018776435167111867,-0.2717255939088662,0.49174152970773843,-0.11807007644100047,-0.2020418481724362,0.34749683003043236,-0.08138225508373262,51.49,46.47,5,1421.0,381.0,0.0,1148.0,339.0,0.0,4,1,0,0.09167444834525848,-0.02860588492939141,-0.005822660932639441,0.203306438667625,-0.07703984806092799,-0.016213955760564017,0.17554981390381108,-0.07018301895635153,-0.01594537081133883,38.84,59.67,5,1491.0,451.0,0.0,1371.0,419.0,0.0,4,1,0,0.10015551876159863,-0.019061575714031068,-0.01874368503259303,0.1567489810396197,-0.033942706879247095,-0.0354324318785496,0.23628461412173588,-0.054230810490369985,-0.054671949324612425
92,least_connections,1484,measured,488,410,16,heavy,0,100.0,84.3,4,485.0,880.0,488.0,444.0,832.0,410.0,1,2,1,-0.04618101891871973,0.023882720617453737,0.02609569698032282,-0.05222791829849799,0.15236932052922364,0.18752389909306305,-0.02763310072744224,0.11354475097991495,0.11184462635281332,45.83,43.22,4,1604.0,0.0,0.0,1383.0,0.0,0.0,4,0,0,0.08294354850285292,-0.06896541516287341,-0.005268121796197589,0.2312500431482593,-0.1681925155925403,-0.014669769497653157,0.22527423638916239,-0.15934713619860377,-0.0144267640674018,38.84,59.67,5,1491.0,451.0,0.0,1371.0,419.0,0.0,4,1,0,0.09061689792716067,-0.017246187550790007,-0.016958572172346073,0.141820506654894,-0.03071006812884261,-0.032057914556782974,0.2137813175387134,-0.04906597139604901,-0.04946509700798267
92,least_connections,1485,measured,181,116,7,light,0,100.0,90.1,5,666.0,880.0,488.0,560.0,832.0,410.0,2,2,1,0.001301073586010948,0.021608175796743845,0.023610392506006363,0.061920772333105056,0.13785795666929762,0.16966448013181895,0.027474813627552275,0.10273096517230401,0.10119275717635491,45.83,43.22,4,1604.0,0.0,0.0,1383.0,0.0,0.0,4,0,0,0.07504416293115264,-0.062397280385456895,-0.004766395910845438,0.20922622951509176,-0.15217418077420314,-0.013272648593114762,0.20381954720924217,-0.14417121846540343,-0.013052786537173056,18.9,27.6,2,494.0,451.0,0.0,409.0,419.0,0.0,1,1,0,-0.04726498350807912,-0.01560369349833382,-0.015343470060694066,-0.05209573207414353,-0.02778529973561951,-0.029004779837089358,-0.0967057920681482,-0.044393021739282446,-0.0447541353881748
92,least_connections,1486,measured,457,405,16,heavy,2,100.0,90.1,5,1111.0,923.0,0.0,965.0,837.0,0.0,3,2,0,0.044261062042672036,0.01955025429229204,-0.02172211653084685,0.32443625433312684,0.15066513539920573,-0.14084324813470347,0.20807245042492822,0.09520896848922744,-0.09392083874520268,45.83,43.22,4,1604.0,0.0,0.0,1383.0,0.0,0.0,4,0,0,0.0678970997948524,-0.05645468225350862,-0.004312453443145872,0.1892999219422259,-0.13768140165285045,-0.012008586822341927,0.18440816176074293,-0.1304406262306031,-0.011809664009823242,28.04,41.1,3,494.0,451.0,457.0,409.0,419.0,405.0,1,1,1,-0.042763556507309675,-0.014117627450873457,0.029201713028986546,-0.04713423378136797,-0.02513908071317955,0.056452818242633436,-0.08749571663308647,-0.040165114906969834,0.08165102036307995
92,least_connections,1487,measured,363,314,10,medium,2,100.0,90.1,5,1111.0,923.0,0.0,965.0,837.0,0.0,3,2,0,0.04004572280051279,0.01768832531207376,-0.019653343527909053,0.29353756344425763,0.13631607488499564,-0.1274296054552079,0.18825602657493506,0.08614144768072957,-0.08497599695994529,35.57,33.31,3,1245.0,0.0,0.0,1066.0,0.0,0.0,3,0,0,0.018346809111442416,-0.051078045848412565,-0.003901743591417694,0.07846863685929278,-0.12456888720972184,-0.01086491188688079,0.07721750349781503,-0.11801770944673613,-0.010684934104125791,35.3,51.57,4,945.0,363.0,457.0,828.0,314.0,405.0,2,1,1,0.004393063386810531,-0.012773091503171227,0.0264205975024164,0.03896426467400041,-0.03866869207382913,0.05107635936238263,0.04720228812562022,-0.06800653253487744,0.07387473270945329
92,least_connections,1488,measured,156,119,3,light,1,100.0,90.1,5,1111.0,923.0,0.0,965.0,837.0,0.0,3,2,0,0.03623184443855919,0.016003722901400064,-0.017781596525251048,0.26558160502099504,0.12333359156261509,-0.1152934525547119,0.17032688118684597,0.07793750028256485,-0.07688304486852193,26.51,23.94,3,928.0,0.0,0.0,766.0,0.0,0.0,3,0,0,0.016599493957971723,-0.046213470053325656,-0.003530148963663628,-0.010950144882408586,-0.1127051836659388,-0.009830158373844525,-0.014957973025786386,-0.10677792759466602,-0.009667321332304288,25.42,37.93,3,451.0,820.0,0.0,419.0,719.0,0.0,1,2,0,-0.039109223829166886,0.03152729362865006,-0.019179550105523482,-0.0541370938663806,0.0477092785998689,-0.036483293910225235,-0.08064237423554999,0.060613137230348973,-0.055303813262875604
92,least_connections,1489,measured,369,319,12,medium,1,100.0,90.1,5,1546.0,488.0,0.0,1392.0,410.0,0.0,4,1,0,0.0758650928140252,-0.028604341411204923,-0.016088111141893804,0.47492303946343994,-0.150793417157634,-0.10431312373997743,0.34727194012143203,-0.12265178545863178,-0.06956085011913889,25.89,24.28,3,537.0,369.0,0.0,458.0,319.0,0.0,2,1,0,-0.028065310455259146,0.0012717130356531964,-0.0031939443004575683,-0.1109821038731996,-0.0065836015480943005,-0.00889395281443076,-0.10061673749952102,-0.006415148776126409,-0.008746624062561022,25.42,37.93,3,451.0,820.0,0.0,419.0,719.0,0.0,1,2,0,-0.0353845358454367,0.02852469423544529,-0.017352926285949817,-0.04898118016482056,0.04316553778083376,-0.033008694490203785,-0.07296214811787854,0.05484045749412525,-0.05003678342831602
92,least_connections,1490,measured,379,342,12,medium,1,100.0,90.1,5,1546.0,488.0,0.0,1392.0,410.0,0.0,4,1,0,0.06863984587935613,-0.02588011841966159,-0.014555910080761061,0.4296922738002552,-0.13643213933309745,-0.09437854052664625,0.314198422014629,-0.11097066303400019,-0.06293600725064948,36.71,34.97,4,537.0,748.0,0.0,458.0,661.0,0.0,2,2,0,-0.025392423745234455,0.0442344977352055,-0.002889759128985419,-0.10041237969479963,0.09201619723879903,-0.00804690968924688,-0.09103419107099522,0.09089224634540945,-0.00791361224707902,25.42,37.93,3,814.0,457.0,0.0,733.0,405.0,0.0,2,1,0,0.011069320176124164,-0.017275843537544966,-0.01570026663966888,0.021369408422305197,-0.02663118010305518,-0.029865009300660567,0.02868504059176069,-0.04508085591801364,-0.04527137548276212
92,least_connections,1491,measured,482,415,14,heavy,2,100.0,67.9,4,1061.0,488.0,0.0,948.0,410.0,0.0,3,1,0,0.019018817473612462,-0.02341534523683668,-0.013169632930212389,0.12397554931134203,-0.12343860225375486,-0.08539010809553708,0.08341761991799768,-0.10040202845933346,-0.05694210179820667,21.37,20.66,2,0.0,748.0,0.0,0.0,661.0,0.0,0,2,0,-0.10914189812777449,0.04002168842709069,-0.0026145439738439508,-0.22966562244495478,0.08325274988272294,-0.007280537337890034,-0.21185831573090044,0.08223584193156093,-0.0071599348902143525,35.06,51.77,4,814.0,939.0,0.0,733.0,820.0,0.0,2,2,0,0.010015099206969469,0.027453375121359536,-0.014205003150176606,0.019334226667799936,0.06312417038295008,-0.027020722700597657,0.025953131963973947,0.08437128909005115,-0.04095981591297525
92,least_connections,1492,measured,432,426,16,heavy,1,91.2,62.1,3,880.0,488.0,0.0,832.0,410.0,0.0,2,1,0,-0.025876398703012754,-0.021185312357137942,-0.011915382174954066,0.0029937509642300464,-0.1116825448962544,-0.07725771684834308,0.022996894211521735,-0.09083993051082548,-0.051519044484091746,33.71,33.97,3,0.0,748.0,432.0,0.0,661.0,426.0,0,2,1,-0.09874743163941502,0.036210099053082055,0.040718360440898556,-0.20779270602162575,0.07532391656055884,0.10508631655823555,-0.19168133328033848,0.07440385698569799,0.11396839224218701,35.06,51.77,4,814.0,939.0,0.0,733.0,820.0,0.0,2,2,0,0.00906128023487715,0.024838767966944342,-0.012852145707302644,0.017492871747057076,0.05711234463219292,-0.024447320538635974,0.023481405110262143,0.076335928224332,-0.03705888106412046
92,least_connections,1493,measured,487,424,15,heavy,0,94.0,63.05,3,923.0,0.0,487.0,837.0,0.0,424.0,2,0,1,-0.023411979778916292,-0.06225156378797741,0.03230331635417988,0.028645139761287464,-0.3953953183981984,0.22384619269276895,0.02306861857232917,-0.267664699033604,0.14519705499058366,33.71,33.97,3,0.0,748.0,432.0,0.0,661.0,426.0,0,2,1,-0.08934291434042312,0.032761518190883764,0.03684042135128917,-0.18800292449575665,0.06815021022145801,0.0950780959336417,-0.17342596820602055,0.06731777536801248,0.10311425964769301,35.06,51.77,4,814.0,939.0,0.0,733.0,820.0,0.0,2,2,0,0.008198301164888844,0.02247317101771154,-0.011628131830416678,0.015826883961623073,0.05167307371484123,-0.02211900429686112,0.02124508081404669,0.06906583982201467,-0.03352946381991851
92,least_connections,1494,measured,493,419,15,heavy,0,100.0,84.0,4,923.0,487.0,493.0,837.0,424.0,419.0,2,1,1,-0.02118226741901949,-0.01323894320046029,0.02922681003473418,0.025917031212593478,-0.06399258966186205,0.20614655529345763,0.020871607279726367,-0.05036329912564172,0.12910685927719473,33.71,33.97,3,369.0,811.0,0.0,319.0,768.0,0.0,1,2,0,-0.03775016512886355,0.029641373601275778,-0.009752090432733833,-0.07471012896554854,0.07794542829560486,-0.02565043020969834,-0.06671575694830433,0.09115953485677317,-0.027152574604468228,26.04,37.8,3,363.0,939.0,0.0,314.0,820.0,0.0,1,2,0,-0.03566638964900079,0.02033286901602474,-0.010520690703710327,-0.06728996212996008,0.046751828599142065,-0.020012432459064824,-0.1071433395809419,0.062488140791346625,-0.030336181551354844
92,least_connections,1495,measured,407,438,17,heavy,1,100.0,84.0,4,923.0,980.0,0.0,837.0,843.0,0.0,2,2,0,-0.0191649086172081,0.031105808759674253,-0.016640595909616918,0.023448742525679855,0.23946702205196607,-0.11085152933766532,0.01888383515784764,0.14398082460060985,-0.07273665113015713,45.34,47.66,4,748.0,432.0,407.0,661.0,426.0,438.0,2,1,1,0.00892898891969035,-0.016265514587507857,0.03426058031142676,0.030377910527769003,-0.027450734943432323,0.08200335225925252,0.03633455323724846,-0.014218754177205223,0.09927267059595732,26.04,37.8,3,820.0,482.0,0.0,719.0,415.0,0.0,2,1,0,0.010814309591947124,-0.024687494926544498,-0.00951872016049982,0.021813843787178988,-0.04039596460077623,-0.01810648651058246,0.025203645141052555,-0.06560596785544828,-0.027447021403606765
92,least_connections,1496,measured,447,401,16,heavy,2,97.87,62.65,3,488.0,980.0,0.0,410.0,843.0,0.0,1,2,0,-0.06042357945185041,0.028143350782562415,-0.015055777251558164,-0.24116542342914676,0.21666063899939786,-0.10029424082931623,-0.1760812920000426,0.13026836511483747,-0.06580935102252312,45.34,47.66,4,748.0,432.0,407.0,661.0,426.0,438.0,2,1,1,0.008078609022576982,-0.014716417960126155,0.030997667900814686,0.027484776191791016,-0.02483637923453398,0.07419350918694276,0.03287411959560574,-0.012864587112709491,0.08981813053919949,34.98,51.17,4,820.0,482.0,447.0,719.0,415.0,401.0,2,1,1,0.00978437534509502,-0.02233630493354026,0.03447172484344801,0.019736334855066706,-0.03654872987689277,0.06450365506185396,0.022803297984761828,-0.05935778044064369,0.0961034885713399
92,least_connections,1497,measured,474,428,15,heavy,0,100.0,84.05,4,488.0,980.0,474.0,410.0,843.0,428.0,1,2,1,-0.05466895283738846,0.02546303166041361,0.029462006522966648,-0.21819728786446618,0.1960262924280266,0.19516235353538056,-0.15931164514289567,0.11786185415151962,0.13407725383676478,45.34,47.66,4,748.0,432.0,407.0,661.0,426.0,438.0,2,1,1,0.007309217687093472,-0.013314854344876045,0.028045509053118048,0.024867178459239497,-0.022471009783625998,0.06712746069294821,0.029743251062690906,-0.0116393883400705,0.08126402286879952,27.72,40.7,3,457.0,482.0,447.0,405.0,415.0,401.0,1,1,1,-0.03423137015262377,-0.020209037797012608,0.03118870342978629,-0.04782903036922538,-0.03306789846004583,0.058360449817867865,-0.07406685737886626,-0.0537046584939157,0.08695077537406942
92,least_connections,1498,measured,408,426,16,heavy,2,100.0,84.05,4,488.0,1454.0,0.0,410.0,1271.0,0.0,1,3,0,-0.049462385900494316,0.06612188125284586,-0.0164277990869304,-0.1974165937821361,0.4632618836253575,-0.10932929918227474,-0.14413910751023892,0.30025596327994625,-0.0723110560524509,45.34,47.66,4,748.0,839.0,0.0,661.0,864.0,0.0,2,2,0,0.006613101716894082,0.031037127248059987,-0.01770939203584104,0.022498875748835745,0.08487997073998463,-0.04447651515535978,0.02691056048529178,0.11330841054946003,-0.05031469359489566,35.88,54.9,4,939.0,447.0,408.0,820.0,401.0,426.0,2,1,1,0.012112660564859656,-0.018284367530630452,0.028218350722187598,0.043945162999272286,-0.036251908130517665,0.045745168882832844,0.05814585919689877,-0.05281215133576503,0.08620943168765012
92,least_connections,1499,measured,402,417,15,heavy,0,100.0,100.0,5,488.0,1454.0,402.0,410.0,1271.0,417.0,1,3,1,-0.044751682481399616,0.0598245592287653,0.02822065343382034,-0.1786150134219327,0.41914170423246633,0.14355920550175144,-0.1304115734616447,0.2716601572532847,0.1232185683334968,45.34,47.66,4,748.0,839.0,0.0,661.0,864.0,0.0,2,2,0,0.0059832825057613,0.028081210367292372,-0.016022783270522846,0.020356125677518072,0.07679616400284323,-0.040240656569135044,0.024347649962883022,0.10251713335427337,-0.04552281801442941,35.88,54.9,4,939.0,447.0,408.0,820.0,401.0,426.0,2,1,1,0.010959073844396844,-0.01654299919437993,0.02553088874864592,0.03975990938029397,-0.03279934545142074,0.04138848613208686,0.052608158321003656,-0.047782422637120736,0.07799900962215964
92,least_connections,1500,measured,424,443,17,heavy,1,100.0,84.4,4,0.0,1856.0,0.0,0.0,1688.0,0.0,0,4,0,-0.08357351770992845,0.09721088238611644,-0.01755092807234849,-0.45595326611190734,0.4069694784325488,-0.11258929026032014,-0.3034676140843452,0.43443061846725756,-0.07715939055540764,57.46,61.5,5,748.0,839.0,424.0,661.0,864.0,443.0,2,2,1,0.005413446076641182,0.0254068093799312,0.028587096315331934,0.018417447041563978,0.06948224362162006,0.07319722909051048,0.022028826156894166,0.09275359684434256,0.08406566465361148,35.88,54.9,4,939.0,855.0,0.0,820.0,827.0,0.0,2,2,0,0.009915352525882853,0.028116424765175535,-0.0199845246922682,0.0359732513440755,0.04415297316300029,-0.03638184588049285,0.04759785752852713,0.08524447475689079,-0.057905657960903176
92,least_connections,1501,measured,155,112,2,light,0,100.0,90.0,5,642.0,1369.0,0.0,536.0,1264.0,0.0,2,3,0,0.010553665382627087,0.04486880288449084,-0.015879411113077203,-0.025291050291725736,0.2891946074707187,-0.10186650071171822,-0.032089746076312264,0.20124675004180448,-0.06981087716917835,46.91,51.53,4,811.0,407.0,424.0,768.0,438.0,443.0,2,1,1,0.00489787978362774,-0.020096786978248182,0.02586451571387175,0.032949118751891215,-0.04880858230152742,0.06622606441522376,0.05018381890385662,-0.03652650761702342,0.07605941087707706,35.88,54.9,4,939.0,855.0,0.0,820.0,827.0,0.0,2,2,0,0.00897103323770354,0.02543867002563502,-0.018081236626337895,0.032547227406544504,0.03994792809985742,-0.032916908177588765,0.043064728240095995,0.07712595335147263,-0.05239083339319811
92,least_connections,1502,measured,150,121,7,light,1,100.0,90.0,5,1135.0,876.0,0.0,955.0,845.0,0.0,3,2,0,0.05263245462056282,-0.0024883166645989774,-0.014367086245165089,0.2744827005297085,-0.035712815463000536,-0.09216492921536411,0.16051403926428892,-0.007467226152653106,-0.06316222220068517,40.37,44.62,4,582.0,407.0,424.0,547.0,438.0,443.0,2,1,1,0.004431415042329856,-0.018182807266034065,0.02340122850302682,-0.02938617146937733,-0.04416014589185814,0.05991882018520245,-0.01708071146793924,-0.03304779260587834,0.06881565746021258,26.74,41.4,3,482.0,855.0,0.0,415.0,827.0,0.0,1,2,0,-0.034967251106930344,0.023015939547003123,-0.01635921409049619,-0.053247746632174006,0.036143363518918614,-0.02978196454162793,-0.08317953159229408,0.0697806244608562,-0.04740123021289353
92,least_connections,1503,measured,383,334,15,medium,2,100.0,84.4,4,980.0,876.0,0.0,843.0,845.0,0.0,2,2,0,0.0045359396680375585,-0.002251334125113358,-0.012998792317054128,0.15484942746338703,-0.03231159494271474,-0.08338731690913896,0.09456032123911856,-0.006756061757162313,-0.05714677246728658,40.37,44.62,4,582.0,831.0,0.0,547.0,881.0,0.0,2,2,0,0.004009375514488905,0.026632788890821782,-0.021911360152590244,-0.02658748847229378,0.06965102446518959,-0.05539317629502092,-0.015453977042421213,0.09535259240420532,-0.06299119086933147,34.4,52.53,4,482.0,855.0,383.0,415.0,827.0,334.0,1,2,1,-0.03163703671579411,0.020823945304431407,0.028282706525832244,-0.04817653266720505,0.032701138421878745,0.04235917493852711,-0.07525767144064702,0.06313485070267941,0.05784333139468363
92,least_connections,1504,measured,426,423,18,heavy,0,100.0,100.0,5,980.0,876.0,426.0,843.0,845.0,423.0,2,2,1,0.004103945413938742,-0.0020369213512930473,0.031323088130375064,0.14010186294306448,-0.029234300186265716,0.18150671327268378,0.0855545763592025,-0.006112627304099227,0.13965292014864547,40.37,44.62,4,582.0,831.0,0.0,547.0,881.0,0.0,2,2,0,0.003627530227394732,0.024096332805981613,-0.01982456394758165,-0.024055346713027725,0.06301759356374295,-0.05011763569549512,-0.013982169705047759,0.08627139312761434,-0.05699202983415704,34.4,52.53,4,482.0,1238.0,0.0,415.0,1161.0,0.0,1,3,0,-0.02862398560000419,0.061924612645052446,-0.017494784798623434,-0.04358829146080455,0.09889150619122361,-0.03097979410323738,-0.06809027416058538,0.15785216650877343,-0.04839571603973069
92,least_connections,1505,measured,450,403,18,heavy,1,100.0,100.0,5,1454.0,402.0,426.0,1271.0,417.0,423.0,3,1,1,0.04679699369651147,-0.04492682906840345,0.028339936879863154,0.4126635902818203,-0.31235484302566896,0.1642203596276663,0.27102556908689746,-0.19914951994180405,0.12635264203925067,53.23,57.22,5,989.0,424.0,450.0,985.0,443.0,403.0,3,1,1,0.04636595138487641,-0.02128245625944067,0.02514738998846921,0.08344652304195452,-0.048194966367497885,0.0709820030782255,0.11118875121924249,-0.04578421574168229,0.06237923491195316,24.76,38.7,3,447.0,791.0,0.0,401.0,760.0,0.0,1,2,0,-0.02589789173333712,0.012943130261623415,-0.015828614817802154,-0.04577035894072794,0.0085875532206309,-0.028029337521976675,-0.06582770836751378,0.02188211890476327,-0.04378660022642301
92,least_connections,1506,measured,154,110,2,light,2,100.0,100.0,5,1454.0,402.0,426.0,1271.0,417.0,423.0,3,1,1,0.04234013715398656,-0.04064808344284121,0.02564089527225714,0.37336229596926596,-0.28260676273750995,0.14858032537741234,0.24521361012624054,-0.18018289899496556,0.11431905708313155,53.23,57.22,5,989.0,424.0,450.0,985.0,443.0,403.0,3,1,1,0.04195014649107866,-0.01925555566330346,0.022752400465757855,0.07549923513319695,-0.04360496957059333,0.06422181230887068,0.10059934634121939,-0.04142381424247446,0.056438355396529055,27.84,42.37,4,601.0,791.0,0.0,511.0,760.0,0.0,2,2,0,0.019652474372785694,0.01171045118908784,-0.014321127692297186,-0.013544610470182405,0.007769691009142238,-0.025359876805597946,-0.026383799634099758,0.0197981075805001,-0.03961644782390653
92,least_connections,1507,measured,452,444,14,heavy,2,100.0,100.0,5,1856.0,0.0,426.0,1688.0,0.0,423.0,4,0,1,0.08139164336607854,-0.07986073762742323,0.02319890524632789,0.36555001381346286,-0.4981680234291757,0.13442981819861116,0.41050279011421764,-0.3516654800430641,0.10343152783711902,53.23,57.22,5,989.0,424.0,450.0,985.0,443.0,403.0,3,1,1,0.03795489444430926,-0.017421693219179316,0.020585505183304726,0.0683088317871782,-0.03945211532577493,0.058105449231835374,0.0910184562134842,-0.03747868907652452,0.05106327393019294,36.88,57.17,5,1009.0,835.0,0.0,937.0,778.0,0.0,3,2,0,0.060864710373563474,0.010595170123460423,-0.012957210769221263,0.06157392386031116,0.014991625198747749,-0.022944650443160047,0.10460513366438595,0.02334114495378581,-0.03584345279305829
92,least_connections,1508,measured,377,339,5,medium,0,100.0,100.0,5,1746.0,426.0,0.0,1603.0,423.0,0.0,4,1,0,0.07364005828359488,-0.029171052864720784,-0.0220944145276988,0.3307357267836093,-0.19377106881687328,-0.13532540258220893,0.33295490534143507,-0.12681638670562942,-0.09777623671879707,40.89,43.91,4,557.0,424.0,450.0,559.0,443.0,403.0,2,1,1,-0.008743757634287086,-0.015762484341162245,0.018624980880132848,-0.04987024062792722,-0.03569477100903447,0.052571596924041536,-0.038096396759228573,-0.033909290116855534,0.04620010498446028,33.8,53.5,4,855.0,835.0,0.0,827.0,778.0,0.0,2,2,0,0.011984171063609578,0.009586106302178488,-0.011723190695962095,0.02784307396885294,0.013563851370295588,-0.020759445639049568,0.0614681368074603,0.021118178767710966,-0.03242979062229084
92,least_connections,1509,measured,383,308,12,medium,1,100.0,80.35,4,1253.0,426.0,0.0,1184.0,423.0,0.0,3,1,0,0.02354281917268561,-0.026392857353794985,-0.019990184572679866,0.1502529591534243,-0.17531668131050437,-0.12243726900295093,0.11169729530891742,-0.11473863559080758,-0.08846421417414972,47.54,49.75,4,407.0,1257.0,0.0,438.0,1154.0,0.0,1,3,0,-0.05099491903873139,0.07190650509722508,-0.026232727049494316,-0.08389620410553959,0.1830380643251593,-0.06876175244287397,-0.06867947802025443,0.17034695179903545,-0.07214335739501214,33.8,53.5,4,855.0,835.0,0.0,827.0,778.0,0.0,2,2,0,0.010842821438503902,0.008673143797209099,-0.010606696343965705,0.025191352638485986,0.012272056001696008,-0.018782355578187703,0.05561402854008313,0.01910692364697661,-0.029341239134453613
92,least_connections,1510,measured,351,322,10,medium,0,100.0,96.45,5,1253.0,777.0,0.0,1184.0,745.0,0.0,3,2,0,0.021300645918144123,0.019204648335228558,-0.01808635747051988,0.13594315351976483,0.053094431195257974,-0.11077657671695561,0.1010594576604491,0.04185552017974553,-0.0800390509194688,47.54,49.75,4,831.0,833.0,0.0,881.0,711.0,0.0,2,2,0,-0.0030543598559043816,0.021974366289779612,-0.02373437209239962,0.03369935274804922,0.05600042554589241,-0.06221301411498121,0.06311440083881745,0.028870456389603533,-0.06527256145263004,33.8,53.5,4,855.0,835.0,0.0,827.0,778.0,0.0,2,2,0,0.009810171777693999,0.00784713010223681,-0.009596534787397543,0.02279217619672541,0.011103288763439245,-0.016993559808836493,0.05031745439340854,0.017287216632978858,-0.026546835407362794
92,least_connections,1511,measured,414,444,18,heavy,1,100.0,96.45,5,1253.0,777.0,0.0,1184.0,745.0,0.0,3,2,0,0.01927201297355896,0.017375634208063928,-0.016363847235232272,0.12299618651788247,0.04803781870047147,-0.10022642655343603,0.09143474740707302,0.03786928016262686,-0.07241628416523367,59.37,63.62,5,831.0,833.0,414.0,881.0,711.0,444.0,2,2,1,-0.0027634684410563493,0.01988156950027678,0.021609944524110095,0.03048989058156834,0.05066705168437885,0.05073244301161564,0.05710350552083482,0.02612088911440319,0.06647958725714426,33.8,53.5,4,1238.0,452.0,0.0,1161.0,444.0,0.0,3,1,0,0.05195976993038527,-0.03598411584854311,-0.008682579093359682,0.08992625465418011,-0.059258929214031184,-0.015375125541328255,0.14625547460990931,-0.08508934368127313,-0.02401856536856634
92,least_connections,1512,measured,478,409,15,heavy,2,100.0,75.05,4,779.0,777.0,0.0,756.0,745.0,0.0,2,2,0,-0.02564731706020401,0.01572081190253402,-0.01480538559378158,-0.17462249791239204,0.04346278834804562,-0.09068105259596593,-0.11089237139360053,0.03426268205190047,-0.06551949519711618,47.74,49.94,4,424.0,833.0,414.0,443.0,711.0,444.0,1,2,1,-0.04558418119723692,0.0179880866907266,0.019551854569432942,-0.07762479287517966,0.045841618190628486,0.04590078177241415,-0.07217420929067328,0.023633185389221933,0.06014819799455909,34.42,53.77,4,791.0,452.0,478.0,760.0,444.0,409.0,2,1,1,0.003927320186448369,-0.032557057196300906,0.03522823342800337,0.0004761351633058297,-0.053615221669837745,0.07258441022451254,0.011389873853410004,-0.07698559666400903,0.10161812339669395
92,least_connections,1513,measured,361,323,15,medium,0,100.0,74.25,4,753.0,426.0,361.0,739.0,423.0,323.0,2,1,1,-0.023204715435422685,-0.028860308505417057,0.029688551356193082,-0.17367432350803724,-0.17239081054224448,0.13570126987349115,-0.10802166935611474,-0.11466709719113768,0.08683950434546632,47.74,49.94,4,424.0,833.0,414.0,443.0,711.0,444.0,1,2,1,-0.041242830607023884,0.016274935577324068,0.0176897731818679,-0.07023195545849588,0.041475749791520994,0.041529278746469944,-0.06530047507251394,0.021382405828343665,0.05441979818555345,34.42,53.77,4,791.0,930.0,0.0,760.0,853.0,0.0,2,2,0,0.003553289692500905,0.013627515144389868,-0.011210736649040032,0.00043078895727668987,0.03798622801300394,-0.020823628844488663,0.010305123962609047,0.05369557127224578,-0.031408999466483255
92,least_connections,1514,measured,397,335,12,medium,0,100.0,70.15,4,351.0,1184.0,0.0,322.0,1081.0,0.0,1,3,0,-0.06407864276356837,0.06005609275813739,-0.01622282995210648,-0.39961010222155746,0.30123371109669944,-0.0949686923366826,-0.2863767484650561,0.1939202453984945,-0.0675499722588638,47.74,49.94,4,807.0,450.0,414.0,751.0,403.0,444.0,2,1,1,0.00576895824897386,-0.028358958513940352,0.016005032878832863,0.03546360492530645,-0.06148112433828373,0.037574109342044235,0.028001951124868363,-0.06773734710768908,0.049236960263119786,26.26,39.57,3,835.0,478.0,0.0,778.0,409.0,0.0,2,1,0,0.003214881150357951,-0.03075424366754749,-0.010143047444369554,0.008351666199440833,-0.0474219841787107,-0.018840426097394506,0.014752255013789156,-0.08532305456320619,-0.02841766618396104
92,least_connections,1515,measured,357,332,6,medium,2,100.0,70.15,4,777.0,758.0,0.0,745.0,658.0,0.0,2,2,0,-0.014892014654566382,0.011252564649652658,-0.01467779852809634,-0.10459961629569481,0.015592405277966126,-0.08592405497128426,-0.06774562956362223,-0.015905492258504905,-0.06111664156754344,47.74,49.94,4,807.0,864.0,0.0,751.0,847.0,0.0,2,2,0,0.005219533653833486,0.017425794904620845,-0.028603156193527633,0.03208611874194395,0.05139462900005623,-0.07302478542522528,0.02533509863678568,0.06424954309304323,-0.08098798833336783,33.4,50.63,4,1192.0,478.0,0.0,1110.0,409.0,0.0,3,1,0,0.04599260221993837,-0.027825268080162016,-0.009177042925858168,0.0721562694185417,-0.042905604733119204,-0.017046099802404555,0.11347426247279335,-0.07719704936671037,-0.02571122178548856
92,least_connections,1516,measured,406,449,18,heavy,0,100.0,92.6,5,777.0,758.0,406.0,745.0,658.0,449.0,2,2,1,-0.013473727544607683,0.010180891825876226,0.02980398727276544,-0.09463774807705727,0.01410741429911222,0.16714807724820313,-0.06129366484327731,-0.014390683471980636,0.14782303858174642,47.74,49.94,4,1257.0,414.0,0.0,1154.0,444.0,0.0,3,1,0,0.04780633543736862,-0.027317704836862314,-0.025879046079858335,0.14535682852162277,-0.06982662818362258,-0.0660700439561562,0.1368656844809013,-0.0558129133920085,-0.0732748465873328,33.4,50.63,4,1192.0,478.0,0.0,1110.0,409.0,0.0,3,1,0,0.041612354389468045,-0.025175242548718016,-0.0083030388376812,0.06528424375963296,-0.03881935666329832,-0.015422661725985073,0.10266718985633683,-0.06984494942702368,-0.02326253399639441
92,least_connections,1517,measured,153,115,4,light,1,100.0,92.6,5,777.0,758.0,406.0,745.0,658.0,449.0,2,2,1,-0.012190515397502183,0.009211283080554689,0.026965512294406826,-0.08562462921257563,0.012763851032530082,0.15122921274837425,-0.05545617295344141,-0.01302014218893488,0.13374465395491342,40.0,39.69,4,986.0,414.0,0.0,826.0,444.0,0.0,3,1,0,0.04325335111000017,-0.024716018661923037,-0.02341437502463373,0.06145889927466547,-0.06317647311851567,-0.05977765881747466,0.031092762149386888,-0.05049739783086482,-0.06629628976949158,33.4,50.63,4,1192.0,478.0,0.0,1110.0,409.0,0.0,3,1,0,0.037649273019042515,-0.022777600401221065,-0.0075122732340925135,0.05906669673490603,-0.03512227507631753,-0.01395383679970078,0.09288936225097144,-0.06319304948159285,-0.02104705456816637
92,least_connections,1518,measured,493,405,18,heavy,1,100.0,92.6,5,777.0,758.0,406.0,745.0,658.0,449.0,2,2,1,-0.011029513931073404,0.008334018025263762,0.02439736826636808,-0.07746990262090181,0.011548246172289112,0.13682643058186242,-0.05017463267216127,-0.011780128647131571,0.1210070678639693,54.09,52.34,5,986.0,414.0,493.0,826.0,444.0,405.0,3,1,1,0.03913398433761919,-0.022362112122692263,0.021899465680660184,0.0556056707723164,-0.05715966615484751,0.07335762841684265,0.02813154670658813,-0.045688121846972934,0.05452657116093619,25.74,39.5,3,809.0,478.0,0.0,776.0,409.0,0.0,2,1,0,-0.009020272257147466,-0.020608305124914295,-0.006796818640369417,-0.01586346485889456,-0.03177729649762061,-0.01262489996163404,-0.016687402407851215,-0.05717466381667924,-0.019042573180721955
92,least_connections,1519,measured,196,107,3,light,2,100.0,92.6,5,1174.0,361.0,406.0,1080.0,323.0,449.0,3,1,1,0.033104816193881434,-0.03554359820389967,0.022073809383856835,0.169368500803311,-0.22901190425681775,0.12379534195501837,0.10615152282042556,-0.1622058306807381,0.10948258521025794,54.09,52.34,5,986.0,414.0,493.0,826.0,444.0,405.0,3,1,1,0.03540693821022689,-0.020232387158626325,0.019813802282502072,0.050309892603524364,-0.05171588842581441,0.0663711876152386,0.02545235178215116,-0.04133687214726123,0.049333564383704176,29.66,43.07,4,1005.0,478.0,0.0,883.0,409.0,0.0,3,1,0,0.03492270151790966,-0.018645609398731985,-0.0061495025793818535,0.02111400798480967,-0.028750887307371034,-0.011422528536716513,0.017171715281785405,-0.05172945773890028,-0.01722899478255796
92,least_connections,1520,measured,177,120,3,light,2,100.0,76.5,4,823.0,767.0,0.0,758.0,772.0,0.0,2,2,0,-0.013131923670388457,0.01092540661370528,-0.02311235840326785,-0.058476118320813786,0.03768764218033949,-0.13288357950101512,-0.049624812686281716,0.05636139128885598,-0.1040633752859571,54.09,52.34,5,986.0,414.0,493.0,826.0,444.0,405.0,3,1,1,0.03203484885687194,-0.01830549314351905,0.01792677349369235,0.04551847426033159,-0.04679056571859398,0.06005012212807302,0.023028318279089133,-0.03740002718085539,0.044635129680494254,33.2,47.07,5,1660.0,0.0,0.0,1412.0,0.0,0.0,5,0,0,0.11776453039829014,-0.05995373730180059,-0.0055638356670597725,0.13762695960530397,-0.11250794565905,-0.010334668676076846,0.1750759963660598,-0.17015204906535422,-0.015588138136600059
92,least_connections,1521,measured,173,102,5,light,0,100.0,81.6,5,1357.0,406.0,0.0,1183.0,449.0,0.0,4,1,0,0.07428653618030613,-0.03319900852864306,-0.020911181412480436,0.26918827390021616,-0.18364768882096266,-0.12022800050091845,0.1473632647124118,-0.09512540788151128,-0.09415257763967548,38.77,39.12,3,450.0,414.0,493.0,403.0,444.0,405.0,1,1,1,-0.05718388958301154,-0.01656211284413628,0.01621946173238832,-0.09737444165561837,-0.042334321364442165,0.05433106287778036,-0.0987630691760622,-0.03383811983029772,0.040384164949018614,17.02,21.2,3,851.0,0.0,0.0,636.0,0.0,0.0,3,0,0,0.020381060383033486,-0.054243857558771966,-0.0050339465559112225,-0.02187084607139167,-0.10179290321533095,-0.00935041451645048,-0.07562965408150149,-0.15394709201151097,-0.014103553552161958
92,least_connections,1522,measured,410,405,17,heavy,1,89.13,60.45,4,931.0,406.0,0.0,760.0,449.0,0.0,3,1,0,0.024127727745900565,-0.030037198192581813,-0.01891964032557754,-0.013401085518851996,-0.16615743274277578,-0.10877771473892621,-0.05802847478400841,-0.08606584522612928,-0.08518566548351592,50.49,51.78,4,864.0,493.0,410.0,847.0,405.0,405.0,2,1,1,-0.008653904634062598,-0.014984768763742343,0.014674751091208485,0.01891972285580107,-0.017880712527012316,0.027700893624114223,0.03617865169784851,-0.04164222746550747,0.03653805400149303,13.1,17.63,2,655.0,0.0,0.0,529.0,0.0,0.0,2,0,0,-0.024643893213536605,-0.04907777588650797,-0.004554523074395868,-0.055254575016973395,-0.09209834100434705,-0.008459898848217101,-0.10069667115310454,-0.13928546420089088,-0.012760357975765581
92,least_connections,1523,measured,373,340,10,medium,2,89.13,60.45,4,931.0,406.0,0.0,760.0,449.0,0.0,3,1,0,0.021829848912957653,-0.027176512650431167,-0.017117769818379678,-0.012124791659913758,-0.1503329153387019,-0.098417932382838,-0.052501953376007604,-0.077869098061736,-0.07707274496127631,37.63,39.19,3,414.0,493.0,410.0,444.0,405.0,405.0,1,1,1,-0.05091362346709971,-0.01355764792910022,0.013277155749188627,-0.09920868612366297,-0.016177787524439713,0.025062713278960494,-0.08121038655908944,-0.037676301040221044,0.03305823933468417,17.02,24.97,2,478.0,373.0,0.0,409.0,340.0,0.0,1,1,0,-0.06538075599138572,-0.0013198017657974626,-0.0041207589720724525,-0.08202080596773782,-0.015831832337266386,-0.007654194196005949,-0.12729698818614224,-0.02348049935636161,-0.01154508578759743
92,least_connections,1524,measured,176,120,1,light,2,89.13,60.45,4,931.0,406.0,0.0,760.0,449.0,0.0,3,1,0,0.019750815683152165,-0.0245882733503901,-0.015487506026153041,-0.010970049597064824,-0.1360154948302541,-0.08904479596542486,-0.0475017673401974,-0.07045299348442782,-0.06973248353639284,37.63,39.19,3,414.0,493.0,410.0,444.0,405.0,405.0,1,1,1,-0.04606470694642355,-0.012266443364424007,0.012012664725456382,-0.08976023982617125,-0.014637045855445452,0.022675788204773784,-0.07347606402965234,-0.03408808189353332,0.02990983558852378,20.54,28.97,3,654.0,373.0,0.0,529.0,340.0,0.0,2,1,0,-0.01607011709878209,-0.0011941063595310442,-0.003728305736636981,-0.042361681589858036,-0.014324038781336257,-0.006925223320195859,-0.07898298931127157,-0.021244261322422395,-0.010445553807826247
92,least_connections,1525,measured,191,112,3,light,1,89.13,60.45,4,931.0,406.0,0.0,760.0,449.0,0.0,3,1,0,0.01786978561809005,-0.02224653303130532,-0.014012505452233703,-0.00992528296877293,-0.12306163817975374,-0.08056433920681297,-0.0429777894982738,-0.063743184581149,-0.06309129462816496,43.09,42.69,4,605.0,903.0,0.0,556.0,810.0,0.0,2,2,0,0.0014063082276122574,0.03198568956370708,-0.03221529880848731,-0.03183749589714813,0.09274335306956297,-0.08547020522969447,-0.03481167697920931,0.08366733066775556,-0.08744764875324039,17.02,24.97,2,478.0,373.0,0.0,409.0,340.0,0.0,1,1,0,-0.05762352998279831,-0.0010803819443376134,-0.003373228999814411,-0.0701748547717763,-0.012959844611685187,-0.0062656782420819675,-0.10765127604353142,-0.019220998339334536,-0.009450739159461843
92,least_connections,1526,measured,376,302,8,medium,2,51.13,38.6,2,361.0,406.0,0.0,323.0,449.0,0.0,1,1,0,-0.06999989918000468,-0.02012781559975242,-0.012677981123449542,-0.35278954173365173,-0.11134148216263434,-0.0728915449966403,-0.2365751428793906,-0.05767240509723007,-0.05708259990167305,43.09,42.69,4,605.0,903.0,0.0,556.0,810.0,0.0,2,2,0,0.0012723741106968056,0.028939433414782598,-0.029147175112440898,-0.02880535343075305,0.08391065277722362,-0.07733018568400928,-0.03149627917166556,0.07569901346130264,-0.07911930125293178,24.54,35.03,3,851.0,376.0,0.0,749.0,302.0,0.0,2,1,0,-0.009051674519583969,-0.0009774884258292732,-0.0030519690950701816,0.004003702825535693,-0.01118271655342945,-0.005668946980931304,0.005140908976487446,-0.028850744529239178,-0.00855066876332262
92,least_connections,1527,measured,446,413,19,heavy,0,80.87,59.25,3,767.0,0.0,446.0,772.0,0.0,413.0,2,0,1,-0.020249341888484956,-0.06129478100748575,0.031613345876969685,-0.07430164887012936,-0.3456264203693676,0.20306637992367466,-0.010925129271829592,-0.2552988427070177,0.1351871715175339,43.09,42.69,4,605.0,903.0,0.0,556.0,810.0,0.0,2,2,0,0.0011511956239637633,0.02618329689908902,-0.026371253673160813,-0.026061986437348,0.07591916203653565,-0.06996540609505601,-0.02849663353626883,0.06848958360784524,-0.07158412970503351,14.98,21.4,2,749.0,0.0,0.0,642.0,0.0,0.0,2,0,0,-0.008189610279623588,-0.04396829451679338,-0.0027613053717301644,-0.014834745062610566,-0.07815579116738855,-0.005129047268461656,-0.027618542672066926,-0.11718241965343862,-0.007736319357291894
92,least_connections,1528,measured,400,312,12,medium,2,56.8,43.1,2,406.0,0.0,446.0,449.0,0.0,413.0,1,0,1,-0.06140473336395803,-0.05545718281629663,0.028602551031544,-0.28497133310472017,-0.3127096184294278,0.1837267246928485,-0.15600368838879822,-0.23098466721111124,0.12231220280157828,37.63,39.19,3,414.0,903.0,0.0,444.0,810.0,0.0,1,2,0,-0.04204234228126634,0.02368964957536626,-0.023859705704288355,-0.07295404215079783,0.06868876565210366,-0.06330203408600306,-0.05744933510424319,0.0619667661213838,-0.06476659354264937,22.98,31.8,3,749.0,400.0,0.0,642.0,312.0,0.0,2,1,0,-0.0074096473958499,0.0033030623306109785,-0.002498323907755863,-0.01342191219950481,0.0016685698961722562,-0.004640566576227212,-0.024988205274727227,-0.01192695111501589,-0.006999527037549809
92,least_connections,1529,measured,392,310,11,medium,0,82.93,58.6,3,406.0,392.0,446.0,449.0,310.0,413.0,1,1,1,-0.05555666351977155,-0.007091646130844342,0.025878498552349333,-0.25783120614236593,-0.046483305563133126,0.1662289413887677,-0.14114619425653172,-0.06874803223862444,0.11066342158238035,25.8,25.31,2,493.0,410.0,0.0,405.0,405.0,0.0,1,1,0,-0.0380383096830505,-0.02165040775380693,-0.021587352780070415,-0.045584269428953134,-0.06529519842360688,-0.05727326893495515,-0.06300475557050575,-0.05844375922350989,-0.058598346538587524,22.98,31.8,3,749.0,400.0,0.0,642.0,312.0,0.0,2,1,0,-0.006703966691483237,0.0029884849657908913,-0.0022603882974933996,-0.012143634847171042,0.0015096584774891841,-0.004198607854681764,-0.02260837620094369,-0.010791051008823896,-0.006332905414926018
92,least_connections,1530,measured,177,121,4,light,1,82.93,58.6,3,406.0,392.0,446.0,449.0,310.0,413.0,1,1,1,-0.05026555270836473,-0.006416251261240125,0.023413879642601776,-0.23327585317642635,-0.04205632408093002,0.1503976136374565,-0.12770369956543345,-0.062200600596850675,0.10012404809834413,30.86,29.09,3,670.0,410.0,0.0,526.0,405.0,0.0,2,1,0,0.008668286703997385,-0.019588464158206267,-0.01953141442006371,0.004512191605096805,-0.05907660809754907,-0.05181867189353085,-0.022792993135219486,-0.05287768691650893,-0.053017551630150615,22.98,31.8,3,749.0,400.0,0.0,642.0,312.0,0.0,2,1,0,-0.006065493673246741,0.0027038673500012766,-0.0020451132215416473,-0.010987098195059525,0.0013658814796330687,-0.003798740439950167,-0.02045519751513955,-0.009763331865126387,-0.005729771565885445
92,least_connections,1531,measured,358,333,12,medium,0,100.0,75.25,4,406.0,750.0,446.0,449.0,643.0,413.0,1,2,1,-0.04547835721233,0.037278720514206776,0.021183986343306368,-0.21105910525486193,0.17788554805376178,0.13607403138627014,-0.11554144246396361,0.09436612326951604,0.0905884244699304,30.86,29.09,3,670.0,410.0,0.0,526.0,405.0,0.0,2,1,0,0.007842735589330962,-0.017722896143139003,-0.017671279713390976,0.0040824590712780495,-0.05345026446921104,-0.04688356028462315,-0.020622231884246195,-0.04784171673398427,-0.0479682609987077,22.98,31.8,3,749.0,400.0,0.0,642.0,312.0,0.0,2,1,0,-0.005487827609127999,0.002446356173810685,-0.0018503405337757762,-0.009940707890768147,0.001235797529191826,-0.003436955636145389,-0.018507083466078655,-0.008833490735114344,-0.005184079035801117
92,least_connections,1532,measured,198,113,2,light,1,100.0,75.25,4,406.0,1196.0,0.0,449.0,1056.0,0.0,1,3,0,-0.04114708509687,0.07681226640627778,-0.02391743639233732,-0.1909582380877322,0.42995994030260987,-0.14590127319020005,-0.10453749556263378,0.2722122067676574,-0.10487237786053916,36.51,32.62,4,1278.0,0.0,0.0,1044.0,0.0,0.0,4,0,0,0.0932636088438618,-0.059118901499121225,-0.015988300693068027,0.16086372147265296,-0.15434615764901408,-0.04241845930513523,0.12780012353330106,-0.15779429133074765,-0.04339985518930697,22.98,31.8,3,749.0,400.0,0.0,642.0,312.0,0.0,2,1,0,-0.0049651773606396166,0.0022133698715429972,-0.0016741176257971308,-0.008993973805933086,0.0011181025264116462,-0.0031096265279410666,-0.0167445040883569,-0.007992205903198685,-0.0046903572228676775
92,least_connections,1533,measured,350,337,9,medium,2,100.0,75.25,4,798.0,804.0,0.0,759.0,746.0,0.0,2,2,0,0.005855585139113079,0.026412912236065386,-0.021639585307352813,0.06367270522221058,0.15256693011505973,-0.13200591383875243,0.04565655163380755,0.10604913945645189,-0.09488453235001162,36.51,32.62,4,1278.0,0.0,0.0,1044.0,0.0,0.0,4,0,0,0.08438136038254163,-0.05348852992777635,-0.01446560538896631,0.14554336704668602,-0.13964652358720323,-0.03837860603797949,0.1156286831967962,-0.14276626358496217,-0.03926653564746821,22.52,31.7,3,776.0,350.0,0.0,614.0,337.0,0.0,2,1,0,-0.004492303326292996,0.0020025727409198613,-0.0015146778519116897,-0.0032516905863204104,-0.00803600247610374,-0.002813471620518108,-0.02359423385771975,0.00030863910345516055,-0.004243656534975518
92,least_connections,1534,measured,185,124,5,light,2,79.73,52.8,3,392.0,804.0,0.0,310.0,746.0,0.0,1,2,0,-0.03778598986279791,0.023897396785011543,-0.01957867242093826,-0.18728025083069844,0.13803674629457785,-0.11943392204458553,-0.16181073899798362,0.09594922141298029,-0.08584791022143909,25.8,25.31,2,903.0,0.0,0.0,810.0,0.0,0.0,2,0,0,-0.009822760107405654,-0.048394384220369076,-0.013087928685255233,0.034743318484416585,-0.12634685467413626,-0.034723500701029066,0.038455713368529904,-0.12916947657687053,-0.03552686558580457,18.7,25.77,3,585.0,350.0,0.0,436.0,337.0,0.0,2,1,0,-0.004064464914265098,0.0018118515274989228,-0.0013704228183962907,-0.03750391053048037,-0.007270668906951008,-0.0025455219423735262,-0.07502970364904801,0.0002792449031260996,-0.0038394987697397544
92,least_connections,1535,measured,157,122,6,light,1,79.73,52.8,3,392.0,804.0,0.0,310.0,746.0,0.0,1,2,0,-0.03418732416157906,0.021621454234058063,-0.01771403695227747,-0.16944403646587003,0.12489038950461806,-0.10805926280224405,-0.1464001924267471,0.08681120032602979,-0.07767191877177822,30.29,29.12,3,1060.0,0.0,0.0,932.0,0.0,0.0,3,0,0,0.03419664108196177,-0.04378539524700059,-0.011841459286659497,0.07201946502331572,-0.1143138208956471,-0.03141650063426439,0.06928731209533662,-0.11686762166478762,-0.032143354577632705,18.7,25.77,3,935.0,0.0,0.0,773.0,0.0,0.0,3,0,0,0.03940652720908894,-0.04144460598759168,-0.001239906359501406,0.029401223805755855,-0.0699115575824795,-0.002303091281195095,0.033750903047686714,-0.10138227048447321,-0.00347383222024073
92,least_connections,1536,measured,391,305,12,medium,0,100.0,68.05,4,750.0,837.0,0.0,643.0,718.0,0.0,2,2,0,0.012152511699614399,0.019562268116528725,-0.01602698581396533,0.06262999875310177,0.13290082859941632,-0.09776790444012558,0.01818554018532409,0.06587680029497933,-0.07027459317446601,16.2,16.47,2,567.0,0.0,0.0,527.0,0.0,0.0,2,0,0,-0.01214408210498244,-0.03961535760442911,-0.010713701259358593,-0.06228170851631981,-0.1034267903341569,-0.02842445295481064,-0.051820408104219284,-0.1057373719824269,-0.029082082713096258,18.7,25.77,3,935.0,0.0,0.0,773.0,0.0,0.0,3,0,0,0.03565352461774714,-0.03749750065544009,-0.001121820039548891,0.026601107252826744,-0.06325331400319574,-0.00208374925441461,0.030536531328859418,-0.09172681615261861,-0.00314299105640828
92,least_connections,1537,measured,171,110,9,light,1,100.0,68.05,4,750.0,837.0,0.0,643.0,718.0,0.0,2,2,0,0.010995129632984463,0.017699194962573606,-0.0145006062126353,0.05666523696709208,0.1202436068280433,-0.0884566754458279,0.016453583977197983,0.05960281931450506,-0.06358177477689782,21.09,19.91,3,567.0,171.0,0.0,527.0,110.0,0.0,2,1,0,-0.010987502856888876,0.007241433822750082,-0.009693348758467299,-0.056350117229051255,-0.049372538193488906,-0.025717362197209628,-0.0468851311419127,-0.06456595560314815,-0.026312360549944232,18.7,25.77,3,935.0,0.0,0.0,773.0,0.0,0.0,3,0,0,0.03225795084462836,-0.033926310116826744,-0.00101498003578233,0.024067668466843245,-0.05722918886003424,-0.0018852969444703614,0.027628290249920445,-0.08299092889998827,-0.0028436585748455867
92,least_connections,1538,measured,367,350,13,medium,1,100.0,68.05,4,750.0,837.0,0.0,643.0,718.0,0.0,2,2,0,0.009947974429843076,0.016013557347090396,-0.013119596097146222,0.05126854773213091,0.10879183474918203,-0.08003223016527286,0.014886575979369598,0.05392636033217124,-0.0575263676552885,31.57,30.84,4,567.0,538.0,0.0,527.0,460.0,0.0,2,2,0,-0.009941074013375656,0.04963567368543601,-0.008770172686232317,-0.05098343939771305,0.05020035660044883,-0.023268089606999186,-0.04241988055696863,0.04054151635905642,-0.023806421449949544,18.7,25.77,3,935.0,0.0,0.0,773.0,0.0,0.0,3,0,0,0.02918576504990185,-0.030695232962843245,-0.0009183152704697271,0.02177550956523913,-0.05177878992098336,-0.0017057448545208032,0.024997024511832805,-0.0750870309095132,-0.0025728339486698164
92,least_connections,1539,measured,410,418,17,heavy,2,100.0,68.05,4,1196.0,391.0,0.0,1056.0,305.0,0.0,3,1,0,0.0520844485204249,-0.028595443579389868,-0.011870110754560868,0.31540170191637246,-0.17058516538566076,-0.07241011300667545,0.20030214017181064,-0.1380428168423212,-0.05204766597383245,19.86,18.19,3,328.0,367.0,0.0,232.0,350.0,0.0,2,1,0,-0.00899430505972082,0.001824566441018069,-0.007934918144686382,-0.10791018666595807,0.00121528862489588,-0.021052081072999263,-0.12178763002773353,0.005579229086765336,-0.021539143216621016,23.2,35.57,3,750.0,0.0,410.0,649.0,0.0,418.0,2,0,1,-0.01667773184827473,-0.02777187744257246,0.042253043553475235,-0.013774538964783645,-0.04684747659517542,0.07264718322686213,-0.01478046988611953,-0.06793588510860718,0.12373568991945746
92,least_connections,1540,measured,152,106,5,light,1,79.67,52.55,3,804.0,391.0,0.0,746.0,305.0,0.0,2,1,0,0.004040124625055652,-0.02587206800040036,-0.010739624016031261,0.0489190001465592,-0.15433895915845497,-0.06551391176794445,0.04098765063163817,-0.12489588190495723,-0.04709074540489603,24.2,21.5,4,480.0,367.0,0.0,338.0,350.0,0.0,3,1,0,0.03494619564891471,0.0016507982085401524,-0.00717921165471625,-0.058340509024302184,0.0010995468510962697,-0.019047120970808858,-0.08021857002509222,0.00504787393564482,-0.019487796243609492,15.2,25.17,2,350.0,0.0,410.0,337.0,0.0,418.0,1,0,1,-0.0581732766609107,-0.025126936733756038,0.038228944167429973,-0.0848436304919471,-0.04238581215753967,0.06572840387192289,-0.10746804418267959,-0.061465800812549355,0.11195133849855676
92,least_connections,1541,measured,401,447,14,heavy,2,79.67,52.55,3,1195.0,0.0,0.0,1051.0,0.0,0.0,3,0,0,0.04673925107799819,-0.06649196175092913,-0.00971680268117114,0.28010131759291856,-0.37548128050844337,-0.05927449159956879,0.17506025533338687,-0.2509772264854375,-0.04260591250919164,19.71,17.69,3,323.0,367.0,0.0,216.0,350.0,0.0,2,1,0,-0.011465913687263102,0.001493579331536335,-0.006495477211409941,-0.09336930408321219,0.0009948281033728135,-0.017233109449779443,-0.10707275383222628,0.004567124037011969,-0.017631815648980018,23.22,40.07,3,350.0,401.0,410.0,337.0,447.0,418.0,1,1,1,-0.05263296459796682,0.02035000508669238,0.034588092341960454,-0.07676328473080926,0.034212836619368865,0.0594685558841207,-0.09723299235575773,0.07919760878864582,0.10128930626059898
92,least_connections,1542,measured,351,335,11,medium,0,100.0,69.3,4,1195.0,351.0,0.0,1051.0,335.0,0.0,3,1,0,0.04228789383247454,-0.017075493738368988,-0.008791392902011985,0.25342500163168824,-0.1280068728409726,-0.05362930192341938,0.1583878500635405,-0.07552701443920537,-0.0385482065559353,19.71,17.69,3,323.0,367.0,0.0,216.0,350.0,0.0,2,1,0,-0.010373921907523759,0.0013513336809138216,-0.005876860334132804,-0.08447698940862054,0.0009000825697182552,-0.01559186093075283,-0.09687534870534759,0.004132159843010824,-0.01595259511098192,16.22,28.83,2,0.0,811.0,0.0,0.0,865.0,0.0,0,2,0,-0.09070420152967973,0.06149580959090761,-0.011789911917364577,-0.13278582904216077,0.10514494741752423,-0.020385592295319367,-0.18960762800441572,0.19771847144369542,-0.03442078639914061
92,least_connections,1543,measured,191,112,1,light,2,79.2,52.65,3,837.0,351.0,0.0,718.0,335.0,0.0,2,1,0,-0.004823424854518504,-0.015449256239476697,-0.007954117387534652,0.013352779254067193,-0.11581574209421333,-0.0485217493592842,-0.007339564228225237,-0.06833396544499534,-0.034876948788703364,19.71,17.69,3,323.0,367.0,0.0,216.0,350.0,0.0,2,1,0,-0.009385929344902455,0.0012226352351124986,-0.00531715934992968,-0.07643156184589477,0.0008143604202212745,-0.014106921794490655,-0.087649125019124,0.003738620810343124,-0.014433300338507453,20.04,32.57,3,191.0,811.0,0.0,112.0,865.0,0.0,1,2,0,-0.03898180591914334,0.05563906582034499,-0.010667063163329856,-0.08557765484766926,0.09513114290156954,-0.01844410731481276,-0.13777198089288406,0.17888814083001014,-0.031142616265889125
92,least_connections,1544,measured,382,315,12,medium,0,100.0,68.4,4,837.0,733.0,0.0,718.0,650.0,0.0,2,2,0,-0.004364051058850071,0.029106001724373692,-0.007196582398245638,0.012081085991775042,0.12562702699412442,-0.043900630372685705,-0.006640558111251416,0.08067403126405184,-0.03155533461835067,19.71,17.69,3,690.0,0.0,0.0,566.0,0.0,0.0,3,0,0,0.034591868914702756,-0.04197770644260796,-0.004810763221364949,0.025718382819700653,-0.09413394601435762,-0.012763405433110593,0.019656744030316364,-0.09557577164778479,-0.013058700306268647,16.22,28.83,2,0.0,811.0,0.0,0.0,865.0,0.0,0,2,0,-0.07835315320122038,0.05034010717078832,-0.00965115238586987,-0.11198930676693886,0.08607103405380101,-0.016687525665782976,-0.1584286176332443,0.16185117503667584,-0.028176652811994923
92,least_connections,1545,measured,190,100,5,light,2,100.0,68.4,4,837.0,733.0,0.0,718.0,650.0,0.0,2,2,0,-0.003948427148483397,0.02633400156014762,-0.00651119359841272,0.010930506373510784,0.11366254823277921,-0.03971961795623945,-0.0060081240054179474,0.07299079019128502,-0.028550064654698223,15.37,14.37,2,538.0,0.0,0.0,460.0,0.0,0.0,2,0,0,-0.01178649501821677,-0.03797982963855006,-0.004352595295520668,-0.016023503979454512,-0.08516880829870452,-0.011547843010909584,-0.012185564924951875,-0.08647331720513862,-0.01181501456281449,20.02,32.17,3,190.0,811.0,0.0,100.0,865.0,0.0,1,2,0,-0.027807047907680113,0.04554581124976086,-0.008731995015787026,-0.0669427061224685,0.07787379271534378,-0.015098237507136979,-0.11318144769991945,0.1464367774141353,-0.025493162067995408
92,least_connections,1546,measured,161,124,3,light,1,74.93,47.75,3,742.0,382.0,0.0,640.0,315.0,0.0,2,1,0,-0.0035723864676754646,-0.01925789881519524,-0.005891079922373413,-0.04741208153507753,-0.10887674207510456,-0.03593679719850236,-0.04072163600490197,-0.08550833268407546,-0.025831010878060296,15.09,14.81,2,528.0,0.0,0.0,474.0,0.0,0.0,2,0,0,-0.010663971683148504,-0.0343627030063072,-0.003938062410232985,-0.01708248999501666,-0.07705749322263743,-0.010448048438442005,-0.007066701598765962,-0.0782377631856016,-0.010689775080641681,20.02,32.17,3,190.0,811.0,0.0,100.0,865.0,0.0,1,2,0,-0.0251587576307582,0.04120811494025983,-0.007900376442854929,-0.06056721030128102,0.0704572410281682,-0.013660310125504886,-0.10240226220468901,0.13249041766040812,-0.023065241871043463
92,least_connections,1547,measured,445,436,16,heavy,1,74.93,47.75,3,742.0,382.0,0.0,640.0,315.0,0.0,2,1,0,-0.003232159185039718,-0.01742381321374807,-0.005330024691671184,-0.04289664519840347,-0.09850752854414224,-0.03251424508435928,-0.036843384956816105,-0.07736468195225873,-0.023370914603959316,27.8,28.44,3,528.0,0.0,445.0,474.0,0.0,436.0,2,0,1,-0.00964835533237246,-0.031090064624754134,0.03952089137940372,-0.015455586185967457,-0.069718684344291,0.10558101739923274,-0.006393682398883466,-0.07078654764411574,0.11360210826037181,20.02,32.17,3,190.0,811.0,0.0,100.0,865.0,0.0,1,2,0,-0.022762685475447894,0.037283532564996995,-0.007147959638773507,-0.05479890455830188,0.06374702759691409,-0.012359328208790136,-0.09264966580424244,0.11987228264513114,-0.020868552169039323
92,least_connections,1548,measured,491,429,18,heavy,0,81.6,53.95,3,351.0,382.0,491.0,335.0,315.0,429.0,1,1,1,-0.04600823472750759,-0.015764402431486343,0.03826149693429296,-0.274652520258873,-0.08912585915898585,0.26674107984430984,-0.17131068162759552,-0.06999661700442458,0.17292631535832254,27.8,28.44,3,528.0,0.0,445.0,474.0,0.0,436.0,2,0,1,-0.00872946434833699,-0.028129106089063265,0.03575699696231765,-0.013983625596827698,-0.06307880964483471,0.09552568240882962,-0.005784760265656469,-0.06404497167800947,0.10278285985462213,20.02,32.17,3,591.0,410.0,0.0,547.0,418.0,0.0,2,1,0,0.02248908955849499,-0.009351180286998176,-0.006467201577937935,0.022981943494869733,-0.014886022650411071,-0.011182249331762503,0.050983635700923485,-0.02635364903535753,-0.018881071010083197
92,least_connections,1549,measured,491,424,14,heavy,0,100.0,75.15,4,733.0,491.0,491.0,650.0,424.0,429.0,2,1,1,0.0014574021399647863,-0.01426303077134479,0.03461754484531268,-0.018082438964377112,-0.014891650350193575,0.2413371674781851,-0.012495378615443586,-0.014020748718288928,0.15645714246705372,23.2,24.56,2,367.0,445.0,0.0,350.0,436.0,0.0,1,1,0,-0.05098198701810988,0.017633756622366794,-0.01073233154656521,-0.05427089934951078,0.05796270964106791,-0.028606015235548708,-0.040293354526070135,0.06532835895799144,-0.030279793464865704,20.02,32.17,3,1001.0,0.0,0.0,965.0,0.0,0.0,3,0,0,0.06343117173206235,-0.051544491914993815,-0.005851277618134323,0.09498366316202499,-0.08765878239799098,-0.010117273204927979,0.17219154341194665,-0.14990726976214888,-0.017082873771027653
92,least_connections,1550,measured,192,113,4,light,1,100.0,75.15,4,733.0,491.0,491.0,650.0,424.0,429.0,2,1,1,0.0013186019361586254,-0.012904646888359572,0.03132063581242576,-0.0163603019201507,-0.01347339793588942,0.21835267533740554,-0.011305342556829912,-0.012685439316547115,0.14155646223209623,28.69,28.09,3,559.0,445.0,0.0,463.0,436.0,0.0,2,1,0,-0.003042659456294422,0.01595435122976043,-0.009710204732606618,0.0005304107926195067,0.052442451580013816,-0.025881632832163118,-0.004506487428349165,0.05910661048580178,-0.027396003611068972,16.22,28.83,2,811.0,0.0,0.0,865.0,0.0,0.0,2,0,0,0.014306207530822845,-0.0466354926849944,-0.005294013083073911,0.05155664762278453,-0.07931032693151564,-0.00915372337588722,0.1256336186425549,-0.13563038692765852,-0.015455933411882162
92,least_connections,1551,measured,420,448,14,heavy,2,100.0,75.15,4,733.0,491.0,491.0,650.0,424.0,429.0,2,1,1,0.0011930207993816055,-0.011675632898991997,0.02833771811600426,-0.0148021779277554,-0.012190217180090446,0.19755718244812884,-0.010228643265703274,-0.011477302238780712,0.128074894400468,18.2,17.16,2,192.0,445.0,0.0,113.0,436.0,0.0,1,1,0,-0.04583678259197613,0.014434889207878485,-0.008785423329501225,-0.09439085282028303,0.04744793238191726,-0.023416715419576153,-0.1030356314827921,0.05347740948715399,-0.024786860410014783,24.62,43.77,3,811.0,420.0,0.0,865.0,448.0,0.0,2,1,0,0.01294371157550639,0.0008898830355719561,-0.004789821360876395,0.04664649070632887,0.004243037538152514,-0.008281940197231294,0.1136685121051687,0.012397903890848633,-0.01398393975360767
92,least_connections,1552,measured,160,101,7,light,1,100.0,75.15,4,733.0,982.0,0.0,650.0,853.0,0.0,2,2,0,0.0010793997708690717,0.03252023236576461,-0.017445012407515417,-0.013392446696540605,0.2851294860434102,-0.11741651746756596,-0.009254486764207703,0.18368720273634126,-0.07819414316148134,22.77,20.31,3,352.0,445.0,0.0,214.0,436.0,0.0,2,1,0,0.0016125255006837202,0.013060137854747203,-0.007948716345739204,-0.04404070357209279,0.04292908167887752,-0.021186552046283186,-0.06466616657966902,0.048384322869329796,-0.02242620703763242,24.62,43.77,3,811.0,420.0,0.0,865.0,448.0,0.0,2,1,0,0.011710977139743867,0.0008051322702793823,-0.004333647897935786,0.042203967781916596,0.0038389387249951196,-0.007493183987971171,0.10284293952372406,0.011217151139339243,-0.012652135967549797
92,least_connections,1553,measured,179,114,6,light,1,90.93,58.4,3,382.0,982.0,0.0,315.0,853.0,0.0,1,2,0,-0.0421073004340663,0.02942306737854894,-0.01578358265441871,-0.2238312612968701,0.25797429689641876,-0.10623399199446444,-0.1599207261199975,0.16619318342811829,-0.07074708190800692,27.89,23.88,4,531.0,445.0,0.0,328.0,436.0,0.0,3,1,0,0.044542851870233116,0.011816315201914132,-0.00719169574138309,0.006425757992596315,0.038840597709460606,-0.019168785184732407,-0.026275341191129106,0.04377629211986982,-0.020290377795953142,24.62,43.77,3,811.0,420.0,0.0,865.0,448.0,0.0,2,1,0,0.01059564598357779,0.0007284530064432526,-0.003920919526703807,0.03818454227887692,0.003473325513090833,-0.006779547417688202,0.09304837385479794,0.010148851030830741,-0.01144717063730696
92,least_connections,1554,measured,195,101,5,light,0,100.0,63.45,4,577.0,982.0,0.0,416.0,853.0,0.0,2,2,0,0.004986818881649757,0.026620870485353804,-0.014280384306378834,-0.08489495069716818,0.23340531623961702,-0.0961164689473726,-0.09899970458475968,0.15036526119686894,-0.06400926458343484,22.4,20.34,3,339.0,445.0,0.0,215.0,436.0,0.0,2,1,0,-0.002783224725117883,0.010690951849350885,-0.006506772337441844,-0.04381887202030402,0.03514149316570245,-0.017343186595710273,-0.05572233250625967,0.03960712144178698,-0.018357960863005222,24.62,43.77,3,811.0,420.0,0.0,865.0,448.0,0.0,2,1,0,0.009586536842284665,0.0006590765296391327,-0.003547498619398682,0.03454791920469816,0.0031425326070821796,-0.00613387623505123,0.08418662396386481,0.009182293789799234,-0.010356963909944393
92,least_connections,1555,measured,389,350,10,medium,1,100.0,63.45,4,577.0,982.0,0.0,416.0,853.0,0.0,2,2,0,0.004511883750064061,0.02408554948674868,-0.012920347705771325,-0.07680971729743785,0.21117623850251066,-0.0869625195238133,-0.08957116129097306,0.13604476013050049,-0.057913144146917235,33.51,31.28,4,339.0,834.0,0.0,215.0,786.0,0.0,2,2,0,-0.002518155703678082,0.052756666185693885,-0.005887079733875954,-0.03964564611360838,0.1323525074220301,-0.01569145453897596,-0.050415443696139706,0.1347933479711406,-0.016609583637957104,16.6,28.87,2,410.0,420.0,0.0,418.0,448.0,0.0,1,1,0,-0.03441036689326171,0.0005963073363401683,-0.003209641608027379,-0.041304263576701666,0.002843243787360075,-0.0055496975459987325,-0.058640673556503264,0.00830778961934217,-0.009370586394711593
92,least_connections,1556,measured,353,320,8,medium,2,78.47,47.7,3,686.0,491.0,0.0,525.0,429.0,0.0,2,1,0,0.004082180535772251,-0.02129221259588951,-0.01168983840045977,-0.003748474380221578,-0.1050945143707443,-0.07868037480725966,-0.031731050691832796,-0.06872140750097575,-0.05239760660911559,33.51,31.28,4,784.0,389.0,0.0,651.0,350.0,0.0,3,1,0,0.04080556887581052,0.004648321560298999,-0.0053264054735068156,0.07916414331217744,0.0047134931097279065,-0.014197030297168726,0.07765983665587359,-0.0013179232642061417,-0.015027718529580238,15.46,25.6,2,0.0,773.0,0.0,0.0,768.0,0.0,0,2,0,-0.07421708932066082,0.043623416388208,-0.0029039614548819143,-0.11156100037892056,0.06644864914094481,-0.005021154922570282,-0.17911933956699502,0.10402450806829369,-0.008478149595215251
92,least_connections,1557,measured,189,120,6,light,2,78.47,47.7,3,686.0,491.0,0.0,525.0,429.0,0.0,2,1,0,0.003693401437127264,-0.01926438282485242,-0.01057652045755884,-0.0033914768202004675,-0.095085513002102,-0.07118700577799683,-0.028709045864039218,-0.06217651154850187,-0.04740735836062839,33.51,31.28,4,784.0,389.0,0.0,651.0,350.0,0.0,3,1,0,0.036919324220971425,0.004205624268841954,-0.004819128761744262,0.07162470109197006,0.004264589004039532,-0.012844932173628847,0.07026366173626658,-0.0011924067628531765,-0.013596507241048788,19.24,29.6,3,542.0,420.0,0.0,440.0,448.0,0.0,2,1,0,0.019019005353869245,-0.003615094923140605,-0.002627393697274113,-0.0028599527237852668,-0.0037559841105737207,-0.004542949691849303,-0.029361942147916126,-0.0023905244461469577,-0.007670706776623322
92,least_connections,1558,measured,174,110,8,light,0,90.07,53.2,4,686.0,665.0,0.0,525.0,539.0,0.0,2,2,0,0.0033416489193056065,0.025654220528081362,-0.009569232794934188,-0.0030684790278004415,0.01892263109333636,-0.06440729094199714,-0.025974851019845036,-0.006493034258168329,-0.042892371850092356,33.51,31.28,4,1173.0,0.0,0.0,1001.0,0.0,0.0,4,0,0,0.0764870983314458,-0.03927881160256703,-0.004360164117768618,0.1653611241172246,-0.09669938545893021,-0.011621605299949909,0.16253021776138404,-0.10003717754734336,-0.012301601789520332,19.24,29.6,3,962.0,0.0,0.0,888.0,0.0,0.0,3,0,0,0.06029157173740096,-0.046354700395313156,-0.00237716572610515,0.07341242372609903,-0.07939827133813813,-0.004110287816435083,0.10854554440585365,-0.13727396656238694,-0.006940163274087768
92,least_connections,1559,measured,164,123,6,light,2,77.07,48.15,3,1156.0,0.0,0.0,963.0,0.0,0.0,3,0,0,0.04610729686803386,-0.06295683902334588,-0.008657877290654741,0.2807158205621489,-0.3839906353599973,-0.058273263233235506,0.17464180145823538,-0.24970798337643804,-0.03880738405484547,23.83,24.56,2,834.0,0.0,0.0,786.0,0.0,0.0,2,0,0,-0.016965187677444732,-0.03553797240232255,-0.003944910392266845,0.061979792568645414,-0.08748992017712734,-0.010514785747573727,0.08626245892696655,-0.09050982730473922,-0.011130020666708871,22.52,33.7,4,1126.0,0.0,0.0,1011.0,0.0,0.0,4,0,0,0.09763341751297729,-0.04193996702433095,-0.002150768990285612,0.0960969547998039,-0.07183653121069641,-0.0037188318339174565,0.1353031116052962,-0.12420025546120723,-0.006279195343222266
92,least_connections,1560,measured,399,345,9,medium,1,77.07,48.15,3,1156.0,0.0,0.0,963.0,0.0,0.0,3,0,0,0.041716125737744914,-0.05696094959255103,-0.007833317548687622,0.25398098050861095,-0.34742009865904516,-0.052723428639594026,0.1580092489384034,-0.22592627067392013,-0.03511144271628876,35.23,35.34,3,834.0,399.0,0.0,786.0,345.0,0.0,2,1,0,-0.015349455517688099,0.010930496624656005,-0.0035692046406223836,0.05607695518115538,0.023985310315932415,-0.009513377581138134,0.07804698664820783,0.015654799105235942,-0.010070018698450884,22.52,33.7,4,1126.0,0.0,0.0,1011.0,0.0,0.0,4,0,0,0.08833499679745564,-0.037945684450585146,-0.001945933848353649,0.08694486386648925,-0.0649949568096777,-0.003364657373544365,0.12241710097622038,-0.11237165970299702,-0.00568117673910586
92,least_connections,1561,measured,377,314,7,medium,0,100.0,63.85,4,1533.0,0.0,0.0,1277.0,0.0,0.0,4,0,0,0.08082706160852658,-0.05153609725040332,-0.007087287305955468,0.4372843791903305,-0.31433247021532656,-0.047702149721537454,0.2850083680871269,-0.20440948299068964,-0.03176749579092792,35.23,35.34,3,834.0,399.0,0.0,786.0,345.0,0.0,2,1,0,-0.013887602611241612,0.009889496946117335,-0.0032292803891345377,0.05073629278295011,0.021700995047748375,-0.00860734162102974,0.07061394030075949,0.014163865857118221,-0.009110969298598419,22.52,33.7,4,1126.0,0.0,0.0,1011.0,0.0,0.0,4,0,0,0.07992213995960272,-0.03433180974100561,-0.001760606815177111,0.07866440064110933,-0.05880496092304174,-0.0030442138141591876,0.11075832945467559,-0.10166959687414016,-0.0051401122877624454
92,least_connections,1562,measured,357,334,13,medium,1,100.0,63.85,4,1533.0,0.0,0.0,1277.0,0.0,0.0,4,0,0,0.07312924621723833,-0.04662789751226967,-0.006412307562531138,0.39563824783887047,-0.28439604448053357,-0.04315908784329579,0.25786471398359095,-0.18494191318205253,-0.028742020001315736,45.43,45.78,4,1233.0,357.0,0.0,1131.0,334.0,0.0,3,1,0,0.030518926435634003,0.00894764009410616,-0.002921729875883629,0.14904712204171677,0.008777090757486616,-0.0077875947999792895,0.16143344598640144,0.009704807204059335,-0.00824325793682714,22.52,33.7,4,1126.0,0.0,0.0,1011.0,0.0,0.0,4,0,0,0.0723105075824977,-0.03106211357519555,-0.0015929299756364337,0.07117255296100367,-0.05320448845418062,-0.0027542886890011696,0.10020991712565888,-0.09198677812422205,-0.004650577784166022
92,least_connections,1563,measured,200,108,7,light,0,82.8,48.05,4,1242.0,0.0,0.0,961.0,0.0,0.0,4,0,0,0.06616455610131088,-0.04218714536824399,-0.005801611604194839,0.20233936709231137,-0.257310706910959,-0.03904869852488667,0.09035378884229656,-0.16732839764090468,-0.02600468476309519,32.71,32.16,3,788.0,357.0,0.0,695.0,334.0,0.0,2,1,0,-0.0154715382135647,0.00809548389466748,-0.002643469887704236,0.019818144432301565,0.007941177352011691,-0.007045919104743167,0.022785022559125095,0.008780539851291777,-0.007458185752367413,18.74,29.7,3,937.0,0.0,0.0,891.0,0.0,0.0,3,0,0,0.022339892347883403,-0.028103817044224544,-0.0014412223589091544,0.0301942145837652,-0.048137394315687226,-0.0024919754805248677,0.054475639304167545,-0.08322613258858186,-0.004207665614245449
92,least_connections,1564,measured,166,116,5,light,1,82.8,48.05,4,1242.0,0.0,0.0,961.0,0.0,0.0,4,0,0,0.05986316980594794,-0.0381693219998398,-0.005249077165700092,0.18306895117875788,-0.23280492530039146,-0.035329774855849844,0.08174866609541115,-0.15139235977034232,-0.023528048118990886,37.46,35.78,4,954.0,357.0,0.0,811.0,334.0,0.0,3,1,0,0.029085841843055973,0.0073244854285086786,-0.002391710850780023,0.060842266731266054,0.007184874747058187,-0.006374879190005722,0.05341263945825603,0.007944297960692556,-0.006747882347380041,11.68,19.03,2,584.0,0.0,0.0,571.0,0.0,0.0,2,0,0,-0.022871616673910466,-0.025427263040012683,-0.0013039630866320921,-0.036557615376593425,-0.043552880571336064,-0.0022546444823796424,-0.04722045332797539,-0.07529983424681216,-0.0038069355557458825
92,least_connections,1565,measured,360,305,12,medium,2,82.8,48.05,4,1242.0,0.0,0.0,961.0,0.0,0.0,4,0,0,0.0541619155387148,-0.03453414847604554,-0.004749165054681035,0.16563381297125712,-0.21063302765273512,-0.03196503439338796,0.07396307884822911,-0.13697403979221448,-0.021287281631467946,26.34,24.84,3,565.0,357.0,0.0,461.0,334.0,0.0,2,1,0,-0.01676813855923054,0.006626915387698329,-0.0021639288649914494,-0.04551005799143956,0.006500600961624067,-0.005767747838576606,-0.050632611918720705,0.0071876981549123115,-0.006105226885724799,7.2,10.17,1,0.0,360.0,0.0,0.0,305.0,0.0,0,1,0,-0.10686116792038611,0.02007828128579351,-0.0011797761260004644,-0.13875212819787025,0.02573786995926737,-0.0020399164364387243,-0.21492961650308884,0.023855705522725507,-0.0034443702647224653
92,least_connections,1566,measured,496,421,16,heavy,2,38.47,21.1,2,577.0,0.0,0.0,422.0,0.0,0.0,2,0,0,-0.03716416258515373,-0.03124518195451739,-0.0042968636209018895,-0.2512519469942594,-0.19057273930485558,-0.028920745403541486,-0.17691435723255464,-0.12392889314533691,-0.019259921476090045,26.34,24.84,3,565.0,357.0,0.0,461.0,334.0,0.0,2,1,0,-0.015171172982160974,0.005995780588869917,-0.0019578404016589303,-0.0411757667541596,0.005881496108136056,-0.0052184385206169295,-0.04581045840265205,0.006503155473492089,-0.005523776706131961,17.12,24.2,2,0.0,360.0,496.0,0.0,305.0,421.0,0,1,1,-0.09668391383273028,0.018166064020479843,0.04201648373180457,-0.1255376397980731,0.023286644248860955,0.08790674227179353,-0.1944601292170804,0.02158373356818022,0.1238519189668384
92,least_connections,1567,measured,187,121,4,light,0,50.93,27.15,3,764.0,0.0,0.0,543.0,0.0,0.0,3,0,0,0.009459181697332564,-0.02826945033980145,-0.0038876385141493287,-0.11452953934401244,-0.17242295460915505,-0.026166388698442296,-0.10532727559135896,-0.11212614141720958,-0.017425643240271946,26.34,24.84,3,565.0,357.0,0.0,461.0,334.0,0.0,2,1,0,-0.013726299364812317,0.005424753866120402,-0.0017713794110247464,-0.03725426515852534,0.0053213536216469015,-0.00472144437579627,-0.04144755760239946,0.005883807333159505,-0.0049977027341193934,17.12,24.2,2,0.0,360.0,496.0,0.0,305.0,421.0,0,1,1,-0.08747592203913693,0.016435962685196048,0.03801491385258508,-0.1135816741030185,0.021068868606112297,0.07953467157924177,-0.17594011691069178,0.019528139895020197,0.1120564981128538
92,least_connections,1568,measured,161,116,6,light,2,25.8,11.45,2,387.0,0.0,0.0,229.0,0.0,0.0,2,0,0,-0.03452559297678981,-0.025577121736010833,-0.003517387227087488,-0.3310187895652176,-0.15600172083685457,-0.02367435167954303,-0.23734372553503907,-0.10144746128223725,-0.015766058169769857,26.34,24.84,3,922.0,0.0,0.0,795.0,0.0,0.0,3,0,0,0.030664867468117654,-0.038175789585981765,-0.0016026766099747705,0.05857947438038183,-0.08747115624708136,-0.004271783006672815,0.056934352645448105,-0.08911107907952234,-0.004521731045155642,20.34,28.07,3,161.0,856.0,0.0,116.0,726.0,0.0,1,2,0,-0.036060981618176044,0.05795453313241093,-0.008689454360132767,-0.07363103847415958,0.10881469064362541,-0.017792439999733636,-0.12419978831602273,0.14463657101612937,-0.02558380329471958
92,least_connections,1569,measured,414,424,17,heavy,0,53.4,32.65,3,387.0,0.0,414.0,229.0,0.0,424.0,2,0,1,-0.031237441264714588,-0.02314120538020028,0.0399015022593925,-0.29949319055900636,-0.14114441409048747,0.2282946341946992,-0.21473956119836868,-0.09178579830297656,0.17754499498925586,10.2,10.44,1,357.0,0.0,0.0,334.0,0.0,0.0,1,0,0,-0.05842339655378924,-0.03454000010160255,-0.0014500407423581256,-0.09305394494836199,-0.07914056993783553,-0.003864946529846833,-0.0788302285588803,-0.08062430964337736,-0.004091089993236057,20.34,28.07,3,161.0,856.0,0.0,116.0,726.0,0.0,1,2,0,-0.032626602416444994,0.05243505378646703,-0.00786188727821536,-0.06661855861947771,0.09845138677280395,-0.01609792190452091,-0.11237123704783007,0.1308616594907837,-0.023147250599984383
92,least_connections,1570,measured,457,448,19,heavy,1,40.07,27.25,2,187.0,0.0,414.0,121.0,0.0,424.0,1,0,1,-0.07134634708530865,-0.020937281058276445,0.0361013591870694,-0.3916049501883074,-0.12770208893901247,0.2065522880809183,-0.2431453172747145,-0.08304429370269308,0.16063594784742197,23.26,24.44,2,357.0,0.0,457.0,334.0,0.0,448.0,1,0,1,-0.05285926354866645,-0.0312504762824023,0.04177195860271907,-0.08419166447708941,-0.0716033728008988,0.11463919803762157,-0.07132258774374886,-0.07294580396305571,0.12296520429183405,20.34,28.07,3,521.0,496.0,0.0,421.0,421.0,0.0,2,1,0,0.013564593278545228,0.0043573389133794715,-0.007113136108861516,0.004868923153805868,0.02393220708015595,-0.01456478648504273,-0.009685087487719263,0.026414517317058295,-0.020942750542843013
92,least_connections,1571,measured,193,115,5,light,0,40.47,26.95,2,193.0,0.0,414.0,115.0,0.0,424.0,1,0,1,-0.06455145688670783,-0.018943254290821547,0.0326631345025866,-0.35069019302751614,-0.11553998523053509,0.18688064159702134,-0.22270290610569404,-0.07513531335005565,0.14533728614766747,23.26,24.44,2,357.0,0.0,457.0,334.0,0.0,448.0,1,0,1,-0.04782504797260298,-0.028274240445983034,0.037793676831031534,-0.0761734107173666,-0.06478400396271797,0.1037211791768957,-0.0645299603395823,-0.06599858453800278,0.11125423245451653,20.34,28.07,3,521.0,496.0,0.0,421.0,421.0,0.0,2,1,0,0.012272727252017113,0.00394235425496238,-0.006435694574684229,0.004405216186776736,0.02165294926299824,-0.013177663962657708,-0.008762698203174574,0.02389884900114797,-0.01894820287209606
92,least_connections,1572,measured,353,327,7,medium,0,64.0,43.3,3,546.0,414.0,0.0,442.0,424.0,0.0,2,1,0,-0.015319798861216372,0.025944765392204538,-0.013531540438702822,-0.10437049210426069,0.14517810860094446,-0.08063180045983788,-0.05356453409562792,0.12382995458804488,-0.06031388396163419,23.26,24.44,2,357.0,0.0,457.0,334.0,0.0,448.0,1,0,1,-0.043270281499021734,-0.025581455641603697,0.03419427903759996,-0.06891880017285547,-0.058614098823411495,0.09384297163623898,-0.05838424983105067,-0.05971300505819299,0.1006585912683721,20.34,28.07,3,521.0,496.0,0.0,421.0,421.0,0.0,2,1,0,0.011103896085158327,0.003566891944965969,-0.005822771281857159,0.003985671788036091,0.019590763618903162,-0.011922648347166498,-0.007928155517157948,0.02162276814389577,-0.017143612122372625
92,least_connections,1573,measured,356,344,10,medium,1,64.0,43.3,3,546.0,414.0,0.0,442.0,424.0,0.0,2,1,0,-0.013860770398243377,0.023473835354851726,-0.012242822301683507,-0.09443044523718824,0.13135162206752118,-0.07295258136842475,-0.048463149896044305,0.11203662557965965,-0.05456970453671665,33.43,35.19,3,357.0,356.0,457.0,334.0,344.0,448.0,1,1,1,-0.03914930230863871,0.019938773693877834,0.03093768103401901,-0.06235510491829781,0.03899540718698144,0.08490554576612097,-0.052823845085236326,0.04323585256639681,0.09107205876662236,20.34,28.07,3,521.0,496.0,0.0,421.0,421.0,0.0,2,1,0,0.010046382172286095,0.003227187950207308,-0.005268221635966001,0.0036060839986993137,0.017724976607579046,-0.010787158028388736,-0.007173093086952409,0.01956345689209618,-0.015510887158337138
92,least_connections,1574,measured,385,344,6,medium,0,89.67,60.5,4,931.0,414.0,0.0,786.0,424.0,0.0,3,1,0,0.030543203199775257,0.02123823198772299,-0.011076839225332697,0.14678515272190906,0.11884194377537632,-0.06600471647619383,0.11177143580834087,0.1013664707625492,-0.04937258981893411,33.43,35.19,3,357.0,356.0,457.0,334.0,344.0,448.0,1,1,1,-0.035420797326863596,0.018039842865889468,0.027991235221255295,-0.05641652349750752,0.035281558883459394,0.07681930331220468,-0.04779300269616621,0.03911815232197807,0.08239852936027738,17.12,24.2,2,360.0,496.0,0.0,305.0,421.0,0.0,1,1,0,-0.03399431635659375,0.0029198367168542377,-0.004766486242064477,-0.025870685905938717,0.01603688359733342,-0.009759809644732666,-0.041474068348512486,0.01770027052142034,-0.014033659809924078
92,least_connections,1575,measured,363,326,11,medium,2,89.67,60.5,4,931.0,414.0,0.0,786.0,424.0,0.0,3,1,0,0.027634326704558565,0.01921554322698747,-0.010021902156253393,0.13280561436744154,0.10752366341581665,-0.0597185530022706,0.10112653715992748,0.09171252116611595,-0.04467043840760705,23.23,24.75,2,0.0,813.0,0.0,0.0,792.0,0.0,0,2,0,-0.07513128828439586,0.05940566281970498,-0.01775849693133591,-0.14332923554536395,0.1500574648401367,-0.04863287523453588,-0.137675811963198,0.16205928067226588,-0.05211561629308239,24.38,35.07,3,856.0,363.0,0.0,726.0,326.0,0.0,2,1,0,0.012327137808886834,0.002641757029534786,-0.00431253517139167,0.06634556989462687,-0.009557105316698344,-0.008830303964281937,0.08944409689102839,-0.012636263179032395,-0.012697120780407498
92,least_connections,1576,measured,156,113,8,light,1,76.8,54.75,3,738.0,414.0,0.0,671.0,424.0,0.0,2,1,0,-0.0180814141607282,0.017385491491083902,-0.00906743528422926,0.003744762205462937,0.09728331451907218,-0.05403107176395912,0.03947162885898198,0.08297799534077158,-0.0404161109402159,27.69,28.28,3,356.0,613.0,0.0,344.0,561.0,0.0,1,2,0,-0.024892027268648406,0.05374798064639975,-0.01606721150930392,-0.03765162127573744,0.08406559744039582,-0.04400117283124675,-0.027301925109560102,0.08131256346538343,-0.04715222426516978,24.38,35.07,3,856.0,363.0,0.0,726.0,326.0,0.0,2,1,0,0.011153124684230936,0.002390161121960041,-0.003901817536021035,0.060026944190376685,-0.008646904810346134,-0.007989322634350324,0.08092561147283522,-0.011432809542934061,-0.011487871182273452
92,least_connections,1577,measured,352,308,5,medium,0,100.0,70.15,4,1090.0,414.0,0.0,979.0,424.0,0.0,3,1,0,0.026724525509908045,0.01572973039669496,-0.00820387001906457,0.21570557850335537,0.08801823694582722,-0.04888525540548682,0.17504575944384082,0.07507532911784096,-0.0365669575173382,27.69,28.28,3,512.0,457.0,0.0,457.0,448.0,0.0,2,1,0,0.02056254222178977,0.005545225119985259,-0.014537000889370212,0.006260778029434838,0.03573281945287511,-0.039810584942556584,0.007247662996112292,0.04161910504010882,-0.04266153623991552,17.18,24.9,2,496.0,363.0,0.0,421.0,326.0,0.0,1,1,0,-0.032992977893405565,0.0021625267293924194,-0.0035302158659237938,-0.010832764780135382,-0.00782339006650365,-0.007228434764412198,-0.018765716603942717,-0.010343970538845101,-0.010393788212533122
92,least_connections,1578,measured,469,427,16,heavy,2,100.0,70.15,4,1090.0,414.0,0.0,979.0,424.0,0.0,3,1,0,0.02417933260420252,0.014231660835104964,-0.007422549064867944,0.19516219007446445,0.07963554771289127,-0.04422951679544046,0.1583747347349036,0.06792529777328468,-0.03308439013473456,27.69,28.28,3,512.0,457.0,0.0,457.0,448.0,0.0,2,1,0,0.018604204867333607,0.005017108441891419,-0.013152524614192097,0.005664513455202941,0.03232969379069653,-0.0360191006623131,0.006557409377434931,0.037655380750574646,-0.03859853278849499,26.56,39.13,3,496.0,363.0,469.0,421.0,326.0,427.0,1,1,1,-0.02985078952260503,0.0019565718027836215,0.03988989539568346,-0.009801072896312976,-0.007078305298265211,0.07832665426076992,-0.016978505498805307,-0.009358830487526518,0.11937387415691449
92,least_connections,1579,measured,376,301,9,medium,1,76.73,53.8,3,1151.0,0.0,0.0,1076.0,0.0,0.0,3,0,0,0.02187653902284989,-0.0302076356616624,-0.006715639630118616,0.21336896562292818,-0.17766307587881267,-0.04001718186254137,0.1871723790458652,-0.13035330201464718,-0.029933495836188415,38.43,37.69,4,512.0,833.0,0.0,457.0,749.0,0.0,2,2,0,0.01683237583234945,0.04762318881704008,-0.011899903222364278,0.005125035983278847,0.12644795424600436,-0.032588710123045185,0.005932894198631605,0.11917332067909134,-0.03492248204673356,26.56,39.13,3,859.0,0.0,469.0,747.0,0.0,427.0,2,0,1,0.016076043039638527,-0.04131366859566742,0.0360908577389517,0.05681807690333589,-0.072089895269859,0.07086697290260136,0.08295595534235076,-0.1067849736156986,0.10800493376101786
92,least_connections,1580,measured,382,336,10,medium,0,76.53,53.4,3,766.0,382.0,0.0,732.0,336.0,0.0,2,1,0,-0.02329084111084556,0.015753182247158055,-0.006076054903440652,-0.03917411046814423,0.06966991547472504,-0.03620602168515648,0.013727390565306585,0.034061298177224,-0.027082686708932376,38.43,37.69,4,512.0,833.0,0.0,457.0,749.0,0.0,2,2,0,0.015229292419744744,0.04308764702494102,-0.010766579105948632,0.004636937318204665,0.11440529193686107,-0.02948502344465993,0.005367856655904779,0.10782348061441599,-0.03159653137561608,26.56,39.13,3,859.0,469.0,0.0,747.0,427.0,0.0,2,1,0,0.014544991321577716,0.005704866735439226,-0.010430267034372494,0.05140683148397057,0.019642475708222806,-0.020748929278598775,0.07505538816688878,0.03216280164928857,-0.031059028184475906
92,least_connections,1581,measured,490,425,18,heavy,0,100.0,74.65,4,766.0,382.0,490.0,732.0,336.0,425.0,2,1,1,-0.021072665766955517,0.014252879176000141,0.037586517218882495,-0.03544324280451139,0.06303468542951313,0.2627977264118425,0.012420020035277368,0.030817365017488385,0.16775852154906118,38.43,37.69,4,888.0,457.0,0.0,758.0,448.0,0.0,3,1,0,0.05686278384462165,-0.004099838632763114,-0.00974119061966781,0.10139260315184503,0.006312270936071576,-0.026676925973739937,0.08996079887915193,0.012450411032090658,-0.028587337911271687,26.56,39.13,3,859.0,469.0,0.0,747.0,427.0,0.0,2,1,0,0.01315975405285602,0.005161546093968822,-0.009436908269194163,0.046510942771211455,0.01777176373601111,-0.018772840775875082,0.06790725596051841,0.02909967768268966,-0.028101025500240105
92,least_connections,1582,measured,483,423,17,heavy,2,85.73,59.25,3,414.0,382.0,490.0,424.0,336.0,425.0,1,1,1,-0.062149645444479026,0.012895462111619176,0.03400684891232225,-0.24438515618820877,0.05703138205527378,0.23776937151547659,-0.12809617234903478,0.027882377872965686,0.15178151949676966,38.43,37.69,4,1345.0,0.0,0.0,1206.0,0.0,0.0,4,0,0,0.09453118084808172,-0.046793278037352566,-0.008813458179699448,0.20987221917819993,-0.11242495214627536,-0.024136266357193275,0.2080597704144708,-0.11540200906620371,-0.025864734300674385,26.3,39.2,3,363.0,469.0,483.0,326.0,427.0,423.0,1,1,1,-0.031177456083697153,0.004669970275495594,0.03454574512605789,-0.047671051778427745,0.016079214808771947,0.07041504882182731,-0.06552835571826113,0.02632827980814778,0.10214669121406847
92,least_connections,1583,measured,475,409,14,heavy,0,100.0,79.7,4,796.0,475.0,490.0,760.0,409.0,425.0,2,1,1,-0.013146731365866526,0.011667322862893542,0.030768101396862993,0.009302319004318993,0.1076950599547715,0.2151246694663836,0.03610346311277801,0.05825072283744512,0.1373261366875535,28.26,26.94,3,989.0,0.0,0.0,862.0,0.0,0.0,3,0,0,0.042444311016745145,-0.042336775367128515,-0.007974081210204263,0.09785717789592238,-0.10171781384663009,-0.021837574323174867,0.09098264942261639,-0.10441134153608907,-0.023401426272038728,26.3,39.2,3,363.0,469.0,483.0,326.0,427.0,423.0,1,1,1,-0.028208174551916473,0.004225211201638865,0.03125567416167142,-0.04313095160905368,0.014547861017460334,0.063708853695939,-0.05928755993556961,0.023820824588324185,0.0924184349079667
92,least_connections,1584,measured,394,324,9,medium,1,100.0,79.7,4,796.0,475.0,490.0,760.0,409.0,425.0,2,1,1,-0.01189466171197448,0.01055614925690368,0.027837806025733186,0.00841638386105048,0.09743838757812659,0.19463660570768038,0.03266503805441823,0.05270303494816461,0.12424745700302459,35.06,33.53,3,833.0,394.0,0.0,749.0,324.0,0.0,2,1,0,-0.00468190454494033,0.004779198704117277,-0.007214644904470524,0.04821091605549438,0.00981993713196054,-0.019757805340015356,0.05036823042998628,-0.002860261389794866,-0.02117271900803504,26.3,39.2,3,363.0,469.0,483.0,326.0,427.0,423.0,1,1,1,-0.025521681737448232,0.0038228101348161125,0.02827894328913129,-0.03902324193200096,0.013162350444368864,0.057641343820135284,-0.05364112565599155,0.02155217462753141,0.08361667920244606
92,least_connections,1585,measured,182,117,3,light,1,100.0,79.7,4,796.0,965.0,0.0,760.0,834.0,0.0,2,2,0,-0.010761836787024526,0.052634701935384505,-0.01789731382252258,0.007614823493331424,0.3837140966976701,-0.11945576943908283,0.029554082049235486,0.23994560304833942,-0.07984753890202537,40.26,37.19,4,1015.0,394.0,0.0,866.0,324.0,0.0,3,1,0,0.03884789135276373,0.004324036922772778,-0.006527535865949521,0.09066701928830442,0.008884705024154782,-0.017876109593347227,0.07865161324617806,-0.002587855543147735,-0.01915626957869837,26.3,39.2,3,363.0,952.0,0.0,326.0,850.0,0.0,1,2,0,-0.02309104538150078,0.046542633205876704,-0.01749818963182906,-0.035306742700381824,0.0993087932591909,-0.03524830797225856,-0.048532447022087616,0.14707101513919507,-0.051918242626358316
92,least_connections,1586,measured,172,106,5,light,2,89.8,58.5,3,382.0,965.0,0.0,336.0,834.0,0.0,1,2,0,-0.05282080017692241,0.0476218731796336,-0.016192807744187097,-0.24282468350603342,0.3471698970121777,-0.10807902949250352,-0.16507011624116788,0.2170936408532595,-0.07224301138754675,40.26,37.19,4,1409.0,0.0,0.0,1190.0,0.0,0.0,4,0,0,0.07823199240306741,-0.03917167634424867,-0.005905865783478139,0.18388240520642513,-0.09381179749515248,-0.016173622965409397,0.1627681262703516,-0.09394853596760987,-0.01733186295215567,22.48,31.87,3,172.0,952.0,0.0,106.0,850.0,0.0,1,2,0,-0.02089189820231023,0.04211000147198368,-0.015831695381178672,-0.0665061005384407,0.08985081294879177,-0.03189132626061489,-0.1102595155596666,0.13306425179260506,-0.046973648090514665
92,least_connections,1587,measured,487,442,20,heavy,0,100.0,80.6,4,382.0,965.0,487.0,336.0,834.0,442.0,1,2,1,-0.047790247779120276,0.043086456686335164,0.02843326464868333,-0.21969852317212546,0.3141060972967322,0.19596024315757618,-0.1493491527896281,0.19641805601009193,0.13458965636364817,40.26,37.19,4,1409.0,0.0,0.0,1190.0,0.0,0.0,4,0,0,0.07078132645991814,-0.03544104050193927,-0.00534340237552784,0.1663697951867656,-0.08487734059085224,-0.014633277921084693,0.14726639995888952,-0.08500105635164702,-0.015681209337664655,22.48,31.87,3,641.0,483.0,0.0,533.0,423.0,0.0,2,1,0,0.02418170661514335,-0.004984375085438794,-0.014323914868685466,0.02469448046522034,-0.00357307399871222,-0.028854057092937282,0.029019168461888956,-0.008386311870182739,-0.04249996731998946
92,least_connections,1588,measured,154,105,4,light,2,100.0,80.6,4,382.0,965.0,487.0,336.0,834.0,442.0,1,2,1,-0.04323879560968025,0.03898298462096991,0.02572533468214206,-0.1987748542985897,0.28419123088751963,0.17729736285685466,-0.13512542395252067,0.1777115744853213,0.12177159385282453,24.31,24.12,2,851.0,0.0,0.0,772.0,0.0,0.0,2,0,0,-0.022127552704064996,-0.032065703311278386,-0.004834506911191855,0.00628015482884231,-0.0767937843441044,-0.013239632404790912,0.01505650472470954,-0.07690571765149017,-0.01418776082931564,25.56,35.37,4,795.0,483.0,0.0,638.0,423.0,0.0,3,1,0,0.06496258716426802,-0.004509672696349387,-0.01295973250023923,0.05020929184948507,-0.0032327812369301046,-0.026106051655514682,0.05792210479885193,-0.007587615501593897,-0.038452351384752365
92,least_connections,1589,measured,363,329,8,medium,1,100.0,80.6,4,382.0,965.0,487.0,336.0,834.0,442.0,1,2,1,-0.03912081507542499,0.03527031941897278,0.023275302807652342,-0.17984391579396214,0.2571253993744225,0.16041189972763042,-0.12225633595704252,0.16078666262957642,0.11017429920017457,21.63,20.41,2,394.0,363.0,0.0,324.0,329.0,0.0,1,1,0,-0.06310406695900665,0.014072073421315015,-0.0043740776815545356,-0.11245400957662566,0.02435664409683072,-0.011978715032906064,-0.11304411477288184,0.023439469743889843,-0.01283654551223796,25.56,35.37,4,795.0,483.0,0.0,638.0,423.0,0.0,3,1,0,0.0587756741010044,-0.0040801800586018205,-0.011725472262121209,0.045427454530486494,-0.002924897309603422,-0.02361976102165614,0.05240571386562795,-0.006864985453823053,-0.03479022268144261
92,least_connections,1590,measured,188,111,5,light,1,96.8,63.8,3,475.0,490.0,487.0,409.0,425.0,442.0,1,1,1,-0.035395023163479755,-0.011172658847686756,0.021058607302161643,-0.10662068571834671,-0.05387067040726845,0.14513457594404655,-0.07758906586589562,-0.03955016238276418,0.09968150880015794,27.0,23.88,3,945.0,0.0,0.0,764.0,0.0,0.0,3,0,0,0.0290736446334611,-0.03035202427413902,-0.003957498854739818,0.04069127024699856,-0.07179977098722119,-0.010837885029772154,0.022126753300725943,-0.07181369404124252,-0.011614017368215298,25.56,35.37,4,795.0,483.0,0.0,638.0,423.0,0.0,3,1,0,0.0531779908532897,-0.0036915914815921214,-0.010608760618109666,0.04110103028948778,-0.002646335661069768,-0.021370259971974604,0.047414693497472904,-0.0062111773153637195,-0.03147686814035284
92,least_connections,1591,measured,374,319,7,medium,0,100.0,79.75,4,849.0,490.0,487.0,728.0,425.0,442.0,2,1,1,0.011059831650275687,-0.010108596100288011,0.019053025654336725,0.12912096688974978,-0.04874013036848096,0.1313122353779469,0.07410989278799918,-0.035783480251072336,0.09018803177157148,27.0,23.88,3,945.0,0.0,0.0,764.0,0.0,0.0,3,0,0,0.026304726096940997,-0.027461355295649588,-0.0035805942019074546,0.03681591117585584,-0.06496169755986679,-0.009805705503127187,0.02001944346256157,-0.06497429460874324,-0.010507920476004316,22.12,31.83,3,623.0,483.0,0.0,532.0,423.0,0.0,2,1,0,0.005029520069076171,-0.0033400113404881138,-0.009598402464003983,0.006062836928584184,-0.002394303693348837,-0.01933499711750083,0.010930754434221507,-0.00561963661866241,-0.02847907117460495
92,least_connections,1592,measured,153,119,7,light,1,100.0,79.75,4,1339.0,0.0,487.0,1153.0,0.0,442.0,3,0,1,0.05309041457700679,-0.052229772888922714,0.017238451782495133,0.41237928750342445,-0.33965376874608594,0.11880630819909482,0.2593137125224755,-0.22463743451287496,0.08159869541237419,31.37,27.59,4,1098.0,0.0,0.0,883.0,0.0,0.0,4,0,0,0.06688341431446589,-0.024845988124635343,-0.0032395852302972207,0.07286065432917566,-0.05877486922083186,-0.008871828788543645,0.051758663132793814,-0.05878626655076769,-0.009507166144956286,19.04,28.33,2,952.0,0.0,0.0,850.0,0.0,0.0,2,0,0,0.004550518157735578,-0.04610581524910375,-0.008684268896003605,0.06501875722109998,-0.08956627477017276,-0.01749356882059599,0.10579449210715278,-0.13265586170259933,-0.02576677868178543
92,least_connections,1593,measured,430,412,17,heavy,2,100.0,79.75,4,1339.0,487.0,0.0,1153.0,442.0,0.0,3,1,0,0.04803418461729185,-0.004171608577506036,-0.02748720575688082,0.37310506964595547,-0.01355975902423645,-0.1862546100420888,0.2346171684727159,-0.003291012178315428,-0.1261249898649948,20.11,17.47,3,704.0,0.0,0.0,559.0,0.0,0.0,3,0,0,0.01742966510537844,-0.02247970354133674,-0.0029310533036022474,-0.03592879574299074,-0.053177262628371684,-0.00802689271344425,-0.044777876213186574,-0.05318757449831363,-0.008601721750198544,27.64,42.07,3,952.0,0.0,430.0,850.0,0.0,412.0,2,0,1,0.004117135476046474,-0.04171478522537959,0.03522670455894458,0.05882649462861428,-0.08103615336348964,0.06198200916231791,0.09571882619218586,-0.12002197011187558,0.10094116849425763
92,least_connections,1594,measured,184,117,6,light,1,100.0,79.75,4,1339.0,487.0,0.0,1153.0,442.0,0.0,3,1,0,0.043459500368025955,-0.0037743125225054575,-0.024869376637177885,0.3375712534891978,-0.012268353402880572,-0.16851607575236605,0.21227267623721918,-0.0029775824470472945,-0.11411308606832862,25.37,21.12,4,888.0,0.0,0.0,676.0,0.0,0.0,4,0,0,0.058853597226861676,-0.020338779394542764,-0.002651905369925843,0.015057620178110409,-0.04811276142566962,-0.007262426740735274,-0.007432959430978325,-0.04812209121275995,-0.007782510154941539,18.26,27.83,2,483.0,0.0,430.0,423.0,0.0,412.0,1,0,1,-0.03935887289128674,-0.0377419485372482,0.031871780315235576,-0.03164269533601567,-0.07331842447172872,0.05607896067066859,-0.04217503027056202,-0.10859130629169696,0.09132772387575691
92,least_connections,1595,measured,198,119,4,light,2,100.0,79.75,4,1339.0,487.0,0.0,1153.0,442.0,0.0,3,1,0,0.03932050033297586,-0.0034148541870287485,-0.02250086457649428,0.30542161029975046,-0.011099938793082409,-0.15246692568071213,0.19205623088129353,-0.0026940031663761077,-0.10324517310944019,20.0,17.66,3,700.0,0.0,0.0,565.0,0.0,0.0,3,0,0,0.010164592502307973,-0.01840175278553869,-0.0023993429537424293,-0.03497507834225383,-0.04353059367084394,-0.006570767051141438,-0.03810898710421848,-0.04353903490678281,-0.0070413187116137735,22.22,31.8,3,681.0,0.0,430.0,542.0,0.0,412.0,2,0,1,0.007473491420355083,-0.03414747724798647,0.02883637266616552,0.007199466124557241,-0.06633571737918313,0.05073810727346205,-0.0022694718320957763,-0.09824927712105916,0.0826298454113991
92,least_connections,1596,measured,434,407,17,heavy,1,100.0,79.75,4,1339.0,487.0,0.0,1153.0,442.0,0.0,3,1,0,0.035575690777454344,-0.0030896299787402937,-0.020357925093018633,0.27633383789025046,-0.010042801765169806,-0.1379462660920729,0.1737651612735513,-0.00243743143624503,-0.0934122994799697,32.4,30.38,4,700.0,0.0,434.0,565.0,0.0,407.0,3,0,1,0.009196536073516753,-0.016649204901201673,0.04091306612575231,-0.03164411850013443,-0.03938482284504928,0.1062454964775387,-0.034479559760959566,-0.03939246015375588,0.10870368783234945,22.22,31.8,3,681.0,430.0,0.0,542.0,412.0,0.0,2,1,0,0.0067617303327022205,0.012188563669055325,-0.016993848766893326,0.0065138026841232155,0.017791493799786687,-0.03190361722877243,-0.0020533316576104577,0.035361765144438534,-0.04949363192936907
92,least_connections,1597,measured,419,407,19,heavy,2,90.07,59.3,3,864.0,487.0,0.0,744.0,442.0,0.0,2,1,0,-0.010896370475727252,-0.0027953795045745494,-0.018419075084159717,-0.03649160698818621,-0.009086344454201256,-0.12480852646425643,-0.02780771122869169,-0.002205295108983596,-0.08451589000568686,22.03,20.09,3,337.0,0.0,434.0,236.0,0.0,407.0,2,0,1,-0.03476322473167079,-0.015063566339182466,0.03701658363758543,-0.12246712762257062,-0.03563388733599697,0.09612687776539215,-0.12421662549801103,-0.03564079728196961,0.09835095565783998,30.6,45.37,4,681.0,430.0,419.0,542.0,412.0,407.0,2,1,1,0.006117756015302012,0.011027748081526248,0.027708513247187216,0.005893440523730531,0.016097065818854617,0.04695387012634876,-0.0018577762616475424,0.03199397798782534,0.07796607904803116
92,least_connections,1598,measured,161,118,4,light,0,75.87,49.25,3,651.0,487.0,0.0,543.0,442.0,0.0,2,1,0,-0.009858620906610382,-0.002529152885091257,-0.016664877457096886,-0.16149240632264467,-0.008220978315705896,-0.11292200013432724,-0.11608792920691152,-0.001995267003366108,-0.07646675762419287,22.03,20.09,3,337.0,0.0,434.0,236.0,0.0,407.0,2,0,1,-0.03145244142389261,-0.01362894097354604,0.033491194719720146,-0.11080359165851628,-0.03224018378018773,0.086971937025831,-0.11238647068867665,-0.032246435636067744,0.08898419797614093,30.6,45.37,4,681.0,430.0,419.0,542.0,412.0,407.0,2,1,1,0.005535112585273255,0.009977486359476123,0.025069607223645575,0.005332160473851433,0.014564011931344656,0.0424820729714584,-0.0016808451891096865,0.02894693246517531,0.0705407381863139
92,least_connections,1599,measured,169,115,4,light,0,54.47,33.75,3,330.0,487.0,0.0,233.0,442.0,0.0,2,1,0,-0.00891970462979036,-0.00228828118174923,-0.015077746270706707,-0.33973122476810713,-0.007438027999924379,-0.10216752393105798,-0.2452700311872057,-0.0018052415744740924,-0.06918420927903166,17.66,16.38,2,184.0,434.0,0.0,117.0,407.0,0.0,1,1,0,-0.07154087103885068,0.030752953631644285,-0.01278234309939152,-0.13980188905158275,0.08302078610363967,-0.0335015807861529,-0.1353288306230884,0.08589905823403396,-0.034564892307301066,16.98,27.3,2,0.0,430.0,419.0,0.0,412.0,407.0,0,1,1,-0.08115984144779131,0.009027249563335546,0.022682025583298376,-0.11840423576175345,0.013176963175978496,0.03843616125989094,-0.16498108215522622,0.02619008175420623,0.0638225726447602
92,least_connections,1600,measured,356,344,14,medium,1,54.47,33.75,3,817.0,0.0,0.0,675.0,0.0,0.0,3,0,0,0.03501369127599466,-0.04515424986738762,-0.013641770435401306,-0.013629838282255613,-0.3004756761269157,-0.09243728355667151,-0.021958599645567012,-0.2015856947578575,-0.06259523696674292,22.57,23.47,2,0.0,790.0,0.0,0.0,751.0,0.0,0,2,0,-0.1078113549761937,0.07090800113157839,-0.01156497708992566,-0.17405204927796264,0.16714125545431344,-0.030310954044614532,-0.1555207277066038,0.17498010030698308,-0.031272997801843824,16.98,27.3,2,0.0,430.0,419.0,0.0,412.0,407.0,0,1,1,-0.07343033273847786,0.008167511509684547,0.020521832670603292,-0.1071276418796817,0.011922014302075776,0.034775574473234656,-0.14926859814044277,0.02369578825380564,0.05774423239287828
92,least_connections,1601,measured,189,120,7,light,1,54.47,33.75,3,817.0,0.0,0.0,675.0,0.0,0.0,3,0,0,0.03167905401161421,-0.04085384511811261,-0.012342554203458325,-0.012331758445850327,-0.2718589450672095,-0.08363373274175041,-0.019867304441227307,-0.1823870571618711,-0.05663378582705312,27.97,27.22,3,189.0,790.0,0.0,120.0,751.0,0.0,1,2,0,-0.05445970665646549,0.06415485816666616,-0.01046355070040893,-0.10861852077529954,0.15122304064914072,-0.027424196516556004,-0.10678065840121295,0.15831532884917518,-0.02829461705881108,16.98,27.3,2,0.0,430.0,419.0,0.0,412.0,407.0,0,1,1,-0.06643696771576568,0.007389653270666971,0.018567372416260122,-0.09692500931971201,0.010786584368544752,0.03146361499959326,-0.13505254117468632,0.021439046515347962,0.052244781688794636
92,least_connections,1602,measured,374,328,10,medium,2,43.73,27.85,2,656.0,0.0,0.0,557.0,0.0,0.0,2,0,0,-0.014421898978154046,-0.03696300272591141,-0.011167072850748009,-0.1082684163716423,-0.24596761696557048,-0.07566861533777418,-0.07135613258968182,-0.1650168612416929,-0.05124009193876235,27.97,27.22,3,189.0,790.0,0.0,120.0,751.0,0.0,1,2,0,-0.0492730679272783,0.05804487167460272,-0.009467022062274746,-0.09827389974908055,0.13682084630160352,-0.024812368276884003,-0.0966110718868117,0.14323767848258706,-0.025599891624638594,24.46,38.23,3,0.0,1223.0,0.0,0.0,1147.0,0.0,0,3,0,-0.060109637457121334,0.09285367722221342,-0.026284848992998208,-0.087694056051168,0.15325452871439765,-0.04735196738132038,-0.12219039439614476,0.241063899228172,-0.07547694355140802
92,least_connections,1603,measured,175,116,7,light,0,44.13,27.9,2,662.0,0.0,0.0,558.0,0.0,0.0,2,0,0,-0.013048384789758422,-0.033442716752015086,-0.010103542103057722,-0.09433809100291446,-0.22254212963551614,-0.06846208054370045,-0.0641079294859026,-0.149300969694865,-0.04636008318268974,27.97,27.22,3,189.0,790.0,0.0,120.0,751.0,0.0,1,2,0,-0.044580394791347025,0.05251678865797389,-0.008565400913486676,-0.0889144807253586,0.12379028951097462,-0.02244928558384743,-0.08741001742140106,0.12959599481757877,-0.023161806708006348,24.46,38.23,3,430.0,793.0,0.0,412.0,735.0,0.0,1,2,0,-0.011301009853495275,0.04092656964095954,-0.023781530041284093,-0.0015327173796282068,0.06084933550350262,-0.04284225620214701,0.01370075427650394,0.09385146438104447,-0.06828866321317868
92,least_connections,1604,measured,448,441,12,heavy,0,74.0,49.95,3,662.0,448.0,0.0,558.0,441.0,0.0,2,1,0,-0.011805681476448088,0.01282620411779134,-0.009141299998004606,-0.08535351090739884,0.06887458112342193,-0.061941882396681365,-0.05800241239200715,0.06441817027607452,-0.04194483716529072,27.97,27.22,3,189.0,790.0,0.0,120.0,751.0,0.0,1,2,0,-0.04033464290645683,0.04751518973816685,-0.007749648445535564,-0.08044643494199111,0.11200073812897704,-0.02031125838538577,-0.0790852538574581,0.1172535191206665,-0.020955920354862885,24.46,38.23,3,430.0,793.0,0.0,412.0,735.0,0.0,1,2,0,-0.010224723200781438,0.0370288011037253,-0.021516622418304654,-0.0013867442958541004,0.05505416069364523,-0.038762041325752054,0.012395920535884522,0.08491322967808784,-0.061784981002399764
92,least_connections,1605,measured,199,100,6,light,0,87.27,54.95,4,861.0,448.0,0.0,658.0,441.0,0.0,3,1,0,0.03240256936711386,0.011604660868477876,-0.008270699998194644,0.04280714092505178,0.06231509720690556,-0.05604265550175933,-0.007240277878482637,0.058283106440257915,-0.037950090768596366,27.97,27.22,3,189.0,790.0,0.0,120.0,751.0,0.0,1,2,0,-0.036493248343937135,0.042989933572627155,-0.007011586688817891,-0.07278486970942052,0.10133400116431257,-0.01837685282487284,-0.07155332491865257,0.10608651729965066,-0.018960118416304517,24.46,38.23,3,804.0,419.0,0.0,740.0,407.0,0.0,2,1,0,0.03383296018795511,-0.009581651609101141,-0.01946742028322802,0.06642151706565583,-0.017865283181940028,-0.035070418342347094,0.11013599159595902,-0.022094379497603067,-0.05590069709740931
92,least_connections,1606,measured,168,110,5,light,1,87.27,54.95,4,861.0,448.0,0.0,658.0,441.0,0.0,3,1,0,0.02931661037976968,0.01049945507147998,-0.007483014284080869,0.038730270360761154,0.05638032604434312,-0.050705259739687016,-0.006550727604341444,0.052732334398328584,-0.03433579640968243,32.77,30.66,4,791.0,356.0,0.0,637.0,344.0,0.0,3,1,0,0.05315009957090494,-0.004188246041999466,-0.006343816527978092,0.08976607026290526,-0.02050733227990767,-0.01662667636536114,0.08143687269264768,-0.019091365300316063,-0.017154392852846943,24.46,38.23,3,804.0,419.0,0.0,740.0,407.0,0.0,2,1,0,0.03061077350338795,-0.008669113360615321,-0.017613380256253922,0.060095658297498133,-0.01616382764080289,-0.0317303785002188,0.09964684953920103,-0.019990152878783723,-0.05057682118337033
92,least_connections,1607,measured,159,101,7,light,2,54.8,32.85,3,374.0,448.0,0.0,216.0,441.0,0.0,2,1,0,-0.016559347978394312,0.009499506969434274,-0.0067703462570255475,-0.25870435856248597,0.051010771182977116,-0.04587618738352635,-0.20587922973726136,0.04771020731277348,-0.031065720561141246,32.77,30.66,4,1147.0,0.0,0.0,981.0,0.0,0.0,4,0,0,0.09117208555281422,-0.046873265693328316,-0.005739643525313512,0.1732441315984109,-0.1105814638995083,-0.015043183378183889,0.17094288481715744,-0.11453504479552405,-0.015520641152575806,27.64,41.6,4,963.0,419.0,0.0,841.0,407.0,0.0,3,1,0,0.0707793619679179,-0.007843483516747199,-0.015935915469944027,0.08314369084059356,-0.014624415484535941,-0.028708437690674153,0.1206169908529279,-0.018086328795090034,-0.04575998107066839
92,least_connections,1608,measured,434,403,16,heavy,0,83.73,53.0,4,374.0,448.0,434.0,216.0,441.0,403.0,2,1,1,-0.01498226721854723,0.00859479201996434,0.0369583488513533,-0.23406584822320156,0.04615260249888403,0.22027075109744443,-0.18627168404799838,0.04316637804489029,0.1542024433018246,27.37,26.91,3,958.0,0.0,0.0,861.0,0.0,0.0,3,0,0,0.03940512955912216,-0.042409145151106574,-0.005193010808616987,0.10788754763665742,-0.10004989590907895,-0.01361049924692828,0.1207340386440948,-0.10362694529118843,-0.014042484852330492,27.64,41.6,4,963.0,419.0,0.0,841.0,407.0,0.0,3,1,0,0.06403847035192571,-0.007096485086580798,-0.014418209234711262,0.07522524409387035,-0.013231614009818232,-0.025974300767752805,0.10912965839074429,-0.01636382129079575,-0.04140188763536664
92,least_connections,1609,measured,420,439,16,heavy,1,83.73,53.0,4,822.0,0.0,434.0,657.0,0.0,403.0,3,0,1,0.029528515600452734,-0.03530765982774201,0.03343850610360537,0.05844835954408756,-0.22846510567561287,0.19929258432625924,0.030968476337525308,-0.1604447055784326,0.13951649632069846,39.37,40.62,4,958.0,0.0,420.0,861.0,0.0,439.0,3,0,1,0.035652260077301004,-0.03837017894623928,0.03838546187610391,0.09761254309983289,-0.09052133439392858,0.09625716734801726,0.1092355587732286,-0.09375771240631335,0.11141691846693907,27.64,41.6,4,1382.0,0.0,0.0,1248.0,0.0,0.0,4,0,0,0.10102346864040444,-0.04950452959080666,-0.013045046450453048,0.14387998275159697,-0.08779050791364507,-0.023500557837490634,0.22148238933765754,-0.13755139386627552,-0.037458850717712676
92,least_connections,1610,measured,167,124,5,light,0,83.2,53.4,4,814.0,434.0,0.0,665.0,403.0,0.0,3,1,0,0.02671627601945724,0.011138874668324125,-0.012830013752066797,0.048056452285920426,0.055071253595080416,-0.08146543957782894,0.031638145257760986,0.03714526638141813,-0.05608031285270142,39.37,40.62,4,958.0,0.0,420.0,861.0,0.0,439.0,3,0,1,0.032256806736605664,-0.034715876189454584,0.034729703602189244,0.0883161104236583,-0.08190025492784014,0.08708981807677753,0.0988321722233973,-0.08482840646285494,0.10080578337484963,19.04,27.87,3,952.0,0.0,0.0,836.0,0.0,0.0,3,0,0,0.048318285685989504,-0.04478981248692031,-0.011802661074219425,0.052367603441921096,-0.07942950715996458,-0.021262409472015336,0.07613486019438861,-0.12445126111710642,-0.03389134112554956
92,least_connections,1611,measured,495,424,17,heavy,2,69.93,48.4,3,615.0,434.0,0.0,565.0,403.0,0.0,2,1,0,-0.01891203144724843,0.010078029461817059,-0.011608107680441388,-0.07655209872543706,0.04982637230031084,-0.07370682628470238,-0.016613106671549582,0.03360762196414019,-0.05073933067625366,34.57,37.19,3,790.0,420.0,0.0,751.0,439.0,0.0,2,1,0,-0.013899170322209387,0.01167429796010798,-0.01166178744382424,0.03647648085950039,0.03447119792243035,-0.029775878882915566,0.058318393916407085,0.047372513200274094,-0.03291679123227889,28.94,42.0,4,952.0,0.0,495.0,836.0,0.0,424.0,3,0,1,0.04371654419208573,-0.040524116059594564,0.03240530211198741,0.047380212637928604,-0.07186479219234891,0.07033401047770041,0.06888392112825636,-0.11259876005833437,0.09720942152132818
92,least_connections,1612,measured,484,426,15,heavy,0,100.0,69.7,4,615.0,434.0,484.0,565.0,403.0,426.0,2,1,1,-0.01711088559512952,0.009118217132120202,0.03258132661111992,-0.06926142265634783,0.04508100350980504,0.22524937939320577,-0.01503090603616386,0.03040689606279348,0.1468072722452943,34.57,37.19,3,790.0,420.0,0.0,751.0,439.0,0.0,2,1,0,-0.012575439815332295,0.01056246005914531,-0.010551141020602884,0.033002530301452754,0.031188226691722692,-0.026940080894066465,0.05276426116246355,0.04286084527643848,-0.029781858733966615,21.46,31.07,3,578.0,0.0,495.0,508.0,0.0,424.0,2,0,1,-0.0035308364339178833,-0.03666467643487127,0.029319082863226705,-0.02480837904187412,-0.06502052626926806,0.063635533289348,-0.03659708723316488,-0.10187506862420728,0.08795138137643978
92,least_connections,1613,measured,172,117,7,light,1,100.0,69.7,4,615.0,918.0,0.0,565.0,829.0,0.0,2,2,0,-0.015481277443212427,0.05133371572724708,-0.013605557102410772,-0.0626650966890766,0.33272408254061725,-0.08813945039027414,-0.013599391175576792,0.220225286913956,-0.059888658444733726,27.09,28.12,3,528.0,420.0,0.0,461.0,439.0,0.0,2,1,0,-0.01137777888053873,0.009556511482083849,-0.009546270447212133,-0.037868458978957686,0.028217919387749105,-0.024374358904155374,-0.03425495418634247,0.038778860012015776,-0.026945491235493602,21.46,31.07,3,578.0,0.0,495.0,508.0,0.0,424.0,2,0,1,-0.003194566297354262,-0.03317280248869305,0.026526789257205113,-0.022445676275981333,-0.05882809519600444,0.05757500630941009,-0.03311165035381583,-0.09217268113618754,0.07957505934058837
92,least_connections,1614,measured,413,433,18,heavy,1,100.0,69.7,4,615.0,918.0,0.0,565.0,829.0,0.0,2,2,0,-0.014006870067668376,0.04644479041989021,-0.012309789759324032,-0.05669699224249791,0.3010360746796061,-0.07974521701977184,-0.012304211063617065,0.1992514500650078,-0.05418497668809242,28.71,30.91,3,172.0,420.0,413.0,117.0,439.0,433.0,1,1,1,-0.05337808111867336,0.008646367531409196,0.03444679839356544,-0.12628914996055357,0.025530498493677764,0.08470891337243085,-0.12825448235907178,0.03508563524896666,0.09804634126312484,18.28,27.7,2,419.0,495.0,0.0,407.0,424.0,0.0,1,1,0,-0.045974222114839786,0.013070412260796985,-0.019083471851190838,-0.04907942139255454,0.036346009108376945,-0.037479756196248014,-0.06041847730424607,0.044478685321227146,-0.05587653361248355
92,least_connections,1615,measured,397,334,11,medium,2,91.07,63.5,3,448.0,918.0,0.0,441.0,829.0,0.0,1,2,0,-0.05575678266893351,0.042021477046567335,-0.0111374288298646,-0.15202743742575203,0.2723659723291674,-0.07215043444646024,-0.06722761953374876,0.180275121487388,-0.0490245027177979,28.71,30.91,3,172.0,420.0,413.0,117.0,439.0,433.0,1,1,1,-0.048294454345466364,0.007822903956989272,0.031166150927511585,-0.11426161186907226,0.02309902244666083,0.07664139781315171,-0.11603976975344588,0.031744146177636504,0.08870859447616057,26.22,38.83,3,419.0,892.0,0.0,407.0,758.0,0.0,1,2,0,-0.04159572477056933,0.054909511319859404,-0.017265998341553616,-0.04440519078373982,0.1047225796694839,-0.033910255606129154,-0.05466433660860359,0.14097277878269754,-0.05055495898272321
92,least_connections,1616,measured,365,325,16,medium,0,85.53,57.7,3,0.0,918.0,365.0,0.0,829.0,325.0,0,2,1,-0.09353051311769721,0.038019431613560924,0.03300717890449892,-0.40777085608361696,0.2464263559168658,0.15487976565955186,-0.26032498910196317,0.16310606229811297,0.10266830706484953,28.71,30.91,3,172.0,420.0,413.0,117.0,439.0,433.0,1,1,1,-0.04369498250304099,0.007077865484895057,0.028197946077272384,-0.10337955359582728,0.020899115546978847,0.06934221706904203,-0.10498836311026055,0.02872089416071874,0.08026015690700242,17.84,25.27,2,0.0,892.0,0.0,0.0,758.0,0.0,0,2,0,-0.08071812740012962,0.049680034051301364,-0.015621617547119939,-0.11599517261385983,0.09474900065334256,-0.030680707453164473,-0.17220424105857784,0.12754679985101208,-0.04574020098436862
92,least_connections,1617,measured,152,117,3,light,2,85.53,57.7,3,434.0,484.0,365.0,403.0,426.0,325.0,1,1,1,-0.04153894497496867,-0.00868536686210701,0.029863638056451404,-0.10715775867882804,-0.03882059861489917,0.14012931178721358,-0.053222609187490444,-0.03473737220646922,0.09289037305867337,28.71,30.91,3,172.0,420.0,413.0,117.0,439.0,433.0,1,1,1,-0.03953355559798946,0.006403783057762194,0.025512427403246444,-0.09353388182479609,0.018908723590123716,0.06273819639579994,-0.09498947138547384,0.025985570907316957,0.07261633243966886,20.88,29.17,3,152.0,892.0,0.0,117.0,758.0,0.0,1,2,0,-0.02994678646859801,0.04494860223689171,-0.01413384444739423,-0.07744325141253984,0.08572528630540517,-0.027758735314767857,-0.12051812286252281,0.11539948557948712,-0.04138399136680971
92,least_connections,1618,measured,355,301,9,medium,0,100.0,72.75,4,434.0,1204.0,0.0,403.0,1052.0,0.0,1,3,0,-0.0375828549773526,0.07830961138779886,-0.01606441817568229,-0.09695225785227302,0.39916231553890075,-0.09337506711315598,-0.04815378926487232,0.2517614251465279,-0.0629801386612003,28.71,30.91,3,592.0,413.0,0.0,556.0,433.0,0.0,2,1,0,0.007315445161909767,0.005793898957022939,-0.0200012278142963,0.02394553549185116,0.015298368962492884,-0.04999877468951434,0.03817916874647603,0.021814326059001063,-0.05672510398315674,20.88,29.17,3,152.0,892.0,0.0,117.0,758.0,0.0,1,2,0,-0.027094711566826774,0.040667782976235356,-0.012787764023832875,-0.07006770365896461,0.077560973323938,-0.02511504623717092,-0.10904020639942541,0.10440905838144074,-0.03744265885568498
92,least_connections,1619,measured,361,350,10,medium,1,100.0,72.75,4,434.0,1204.0,0.0,403.0,1052.0,0.0,1,3,0,-0.034003535455699965,0.07085155316038945,-0.01453447358752207,-0.0877187094853899,0.3611468569161483,-0.0844822035785697,-0.04356771409678925,0.22778414656114426,-0.05698203021727646,39.03,41.84,4,592.0,774.0,0.0,556.0,783.0,0.0,2,2,0,0.006618736098870731,0.04832599928311145,-0.01809634897483951,0.021665008302151068,0.10716110933341194,-0.04523698662384631,0.03454305743728783,0.11869510452957238,-0.051322713127618005,20.88,29.17,3,549.0,495.0,0.0,451.0,424.0,0.0,2,1,0,0.01856963738058076,-0.006289239438734898,-0.011569881735848792,0.008443506213317728,-0.0016638812783418,-0.02272313707172607,0.0020747338925833636,-0.006264820194569448,-0.03387669134561974
92,least_connections,1620,measured,167,120,6,light,2,100.0,72.75,4,1273.0,365.0,0.0,1130.0,325.0,0.0,3,1,0,0.05540269694597667,-0.022064014260781417,-0.013150238007758063,0.42669894538623454,-0.17931157390126262,-0.07643627942822973,0.2894625443886192,-0.12279053406372661,-0.05155517019658346,34.11,38.19,3,420.0,774.0,0.0,439.0,783.0,0.0,1,2,0,-0.03709551994682671,0.04372352316091036,-0.016372887167711937,-0.02486091085587694,0.09695528939689652,-0.04092870218347999,-0.0018271146995967047,0.10739080886008928,-0.04643483568689248,21.18,29.27,3,564.0,495.0,0.0,454.0,424.0,0.0,2,1,0,0.016801100487192105,-0.005690264254093483,-0.010467988237196526,0.010353648478716046,-0.0015054163946901927,-0.02055902877918073,0.0027819020932896843,-0.005668170652229493,-0.030650339788894053
92,least_connections,1621,measured,406,426,15,heavy,1,100.0,72.75,4,1273.0,365.0,0.0,1130.0,325.0,0.0,3,1,0,0.050126249617788415,-0.019962679569278427,-0.011897834387971581,0.3860609505875455,-0.16223428114876143,-0.06915663376839833,0.2618946830182745,-0.11109619748622887,-0.04664515398738504,45.71,51.5,4,420.0,774.0,406.0,439.0,783.0,426.0,1,2,1,-0.033562613285224155,0.039559378097966516,0.028270335646446567,-0.022493205060079124,0.08772145231147782,0.06792165040542286,-0.0016531037758255873,0.09716311277817602,0.07843395818804966,21.18,29.27,3,1059.0,0.0,0.0,878.0,0.0,0.0,3,0,0,0.058284895905645465,-0.04823223455188957,-0.009471036976511141,0.09893901529026689,-0.09093347197614828,-0.018601026038306375,0.1303899749098018,-0.13300136074884256,-0.027731259808999383
92,least_connections,1622,measured,367,312,16,medium,2,100.0,72.75,4,1273.0,365.0,0.0,1130.0,325.0,0.0,3,1,0,0.04535232108276094,-0.01806147199125191,-0.01076470730340286,0.34929324100777925,-0.1467833972298318,-0.06257028769521754,0.2369523322546293,-0.10051560724944517,-0.042202758369538844,45.71,51.5,4,781.0,819.0,0.0,789.0,859.0,0.0,2,2,0,0.012717726302030746,0.03579181827911256,-0.017505977499019998,0.07296873283679917,0.09099968134303776,-0.04349945915699836,0.09746266801234829,0.10939757822787352,-0.049482371163193165,28.52,39.67,4,1059.0,0.0,367.0,878.0,0.0,312.0,3,0,1,0.05273395343844113,-0.04363868840409056,0.03451486677181872,0.08951625192928908,-0.0822731413117532,0.04958002406057995,0.11797188206124926,-0.12033456448704803,0.06900505064900056
92,least_connections,1623,measured,170,112,7,light,0,100.0,78.35,5,1443.0,365.0,0.0,1242.0,325.0,0.0,4,1,0,0.08411695263496964,-0.016341331801608877,-0.009739497084031159,0.4185669005943399,-0.1328040260650859,-0.056611212676625396,0.26505211013514085,-0.09094269227330751,-0.038183448048630386,45.71,51.5,4,781.0,819.0,0.0,789.0,859.0,0.0,2,2,0,0.011506514273265905,0.03238307368110184,-0.015838741546732378,0.06601932970948496,0.08233304502465319,-0.03935665352299852,0.08818050915402939,0.09897876125379032,-0.044769764385746195,28.52,39.67,4,1059.0,0.0,367.0,878.0,0.0,312.0,3,0,1,0.047711672158589596,-0.039482622841796225,0.031227736603074076,0.08099089460269013,-0.07443760404396718,0.04485811700719138,0.10673646472208265,-0.10887412977399584,0.06243314106338146
92,least_connections,1624,measured,431,409,16,heavy,1,91.6,58.2,4,1009.0,365.0,0.0,839.0,325.0,0.0,3,1,0,0.03302191406202469,-0.014785014487169942,-0.008811925933171049,0.11692560847424405,-0.12015602358269678,-0.05121966861218488,0.05749952821750837,-0.08228148348537345,-0.03454692918685606,58.03,64.28,5,781.0,819.0,431.0,789.0,859.0,409.0,2,2,1,0.010410655771050104,0.02929897142575881,0.028753610255904262,0.05973177449905784,0.07449180264135288,0.07580656517987208,0.07978236542507419,0.08955221256295315,0.07513390365099154,28.52,39.67,4,1059.0,367.0,0.0,878.0,312.0,0.0,3,1,0,0.04316770338158106,0.0073615271794179316,-0.014830233776357013,0.0732774760691006,-0.0009387846112083875,-0.025823608422064947,0.09657108712950332,-0.00440992693837719,-0.037608110466464395
92,least_connections,1625,measured,399,301,13,medium,0,100.0,73.25,5,1374.0,399.0,0.0,1164.0,301.0,0.0,4,1,0,0.07296087009239875,-0.013376917869344238,-0.007972694891916663,0.32594856639733194,-0.08820465625736057,-0.04634160493483394,0.19904719219679323,-0.08530229458200456,-0.03125674545477453,46.03,50.56,4,774.0,406.0,431.0,783.0,426.0,409.0,2,1,1,0.009419164745235797,-0.0165753070320232,0.02601517118391338,0.05223351026105233,-0.039364559514966466,0.06858689230559856,0.0704876163369719,-0.04140216482399478,0.06797829377946854,28.52,39.67,4,1059.0,367.0,0.0,878.0,312.0,0.0,3,1,0,0.03905649353571619,0.006660429352806696,-0.013417830559561108,0.06629866882442437,-0.0008493765529980629,-0.02336421714377305,0.08737384073621729,-0.003989933896626982,-0.03402638566013445
92,least_connections,1626,measured,351,301,10,medium,1,100.0,73.25,5,1374.0,399.0,0.0,1164.0,301.0,0.0,4,1,0,0.06601221579788459,-0.012102925691311453,-0.007213390616496028,0.2949058457880622,-0.07980421280427857,-0.04192811875056404,0.18009031674947956,-0.07717826652657556,-0.028279912554319817,56.06,59.97,5,774.0,1188.0,0.0,783.0,1136.0,0.0,2,3,0,0.008522101436165719,0.07117109409120803,-0.01954636439369288,0.047258890236190204,0.16653410601707114,-0.04936015866228158,0.06377451001916506,0.16328494611162375,-0.05413571039000465,17.24,24.53,2,495.0,367.0,0.0,424.0,312.0,0.0,1,1,0,-0.050830972968819124,0.006026102747777484,-0.012139941934841003,-0.04207263296837793,-0.0007684835479506297,-0.021139053606270854,-0.057868112349771655,-0.0036099401921863145,-0.03078577750202641
92,least_connections,1627,measured,192,120,8,light,2,62.27,36.9,3,535.0,399.0,0.0,437.0,301.0,0.0,2,1,0,-0.026442462350666773,-0.010950266101662748,-0.006526401033972597,-0.23924391730286432,-0.07220381158482347,-0.037934964583843656,-0.16594209436951848,-0.06982795542880646,-0.0255865875491465,56.06,59.97,5,774.0,1188.0,0.0,783.0,1136.0,0.0,2,3,0,0.0077104727279594665,0.06439289465395012,-0.017684805880007846,0.04275804354702922,0.15067371496782628,-0.044659191170635715,0.057700747160196963,0.14773399886289768,-0.048979928448099445,21.08,28.53,3,495.0,559.0,0.0,424.0,432.0,0.0,1,2,0,-0.045989927924169685,0.04853608842712747,-0.01098375698866567,-0.038065715542818124,0.03404756250423514,-0.01912581040567363,-0.052356863554555294,0.032924339826117144,-0.027853798692309608
92,least_connections,1628,measured,156,111,1,light,0,72.67,42.45,4,691.0,399.0,0.0,548.0,301.0,0.0,3,1,0,0.01915976762377314,-0.009907383615790105,-0.005904839030737111,-0.12236354422640106,-0.06532725810055456,-0.03432211081395378,-0.09992379966765957,-0.06317767395939633,-0.023149769687323025,56.06,59.97,5,774.0,1188.0,0.0,783.0,1136.0,0.0,2,3,0,0.006976141991963336,0.05826023802024058,-0.016000538653340432,0.03868584892350263,0.13632383735184284,-0.04040593486867041,0.05220543790684487,0.13366409420928838,-0.04431517335780426,11.18,14.4,2,192.0,367.0,0.0,120.0,312.0,0.0,1,1,0,-0.041609934788534475,0.0008297035882627313,-0.009937684894507035,-0.08926898072921641,-0.003937919639025331,-0.01730430465275233,-0.1390530352795183,-0.006401787776370196,-0.025201055959708694
92,least_connections,1629,measured,151,106,7,light,2,62.27,36.9,3,535.0,399.0,0.0,437.0,301.0,0.0,2,1,0,-0.025748872376676918,-0.008963823271429139,-0.005342473408762148,-0.20480511144293434,-0.0591056144719303,-0.031053338355481994,-0.14062153303264444,-0.057160752629930006,-0.020945029717101785,45.74,49.03,4,1170.0,431.0,0.0,1160.0,409.0,0.0,3,1,0,0.04939564774329562,-0.033456156530439915,-0.014476677829212772,0.13736882929813504,-0.07234646008302653,-0.036557750595463706,0.15382575334428822,-0.08461641476302478,-0.040094680657060996,14.2,17.93,3,343.0,367.0,0.0,226.0,312.0,0.0,2,1,0,0.005436816370464281,0.0007506841989043805,-0.008991238714077794,-0.05344336351691008,-0.0035628796734038654,-0.01565627563820449,-0.09384163509416735,-0.005792093702430182,-0.022800955392117392
92,least_connections,1630,measured,351,322,13,medium,0,74.33,47.4,3,365.0,750.0,0.0,325.0,623.0,0.0,1,2,0,-0.06638049904375076,0.03497377440975005,-0.004833666417451467,-0.28783954527376604,0.15823777738253925,-0.028095877559721805,-0.17789567274382115,0.09394979523958713,-0.01895026498213971,45.74,49.03,4,1170.0,431.0,0.0,1160.0,409.0,0.0,3,1,0,0.04469130033917222,-0.03026985590849325,-0.013097946607382983,0.12428608365069363,-0.06545632102750021,-0.033076060062562404,0.13917568159721316,-0.07655770859511765,-0.03627613964210281,14.2,17.93,3,343.0,367.0,0.0,226.0,312.0,0.0,2,1,0,0.00491902433518196,0.0006791904656753972,-0.008134930265118004,-0.04835351937244245,-0.0032235577997463544,-0.0141652017678993,-0.08490433651377044,-0.005240465730770166,-0.020629435830963355
92,least_connections,1631,measured,200,116,5,light,0,87.67,53.2,4,964.0,351.0,0.0,742.0,322.0,0.0,3,1,0,0.026109253699644994,-0.011440961475078754,-0.004373317234837042,0.1008753320538942,-0.0974991537967502,-0.025420079696891158,0.027689629422257056,-0.05116447097370688,-0.01714547784098355,45.74,49.03,4,1170.0,431.0,0.0,1160.0,409.0,0.0,3,1,0,0.04043498602115582,-0.027387012488636744,-0.011850523120965557,0.112449313779199,-0.05922238569154781,-0.02992595910422313,0.12592085477843096,-0.06926649825272549,-0.032821269199997775,14.2,17.93,3,710.0,0.0,0.0,538.0,0.0,0.0,3,0,0,0.04753444605382676,-0.04246939456733677,-0.007360175001773432,0.022661101520171117,-0.06932607610453242,-0.012816134932861272,0.017277028868493416,-0.0988366118516492,-0.018664727656585892
92,least_connections,1632,measured,354,333,11,medium,2,63.33,36.95,3,599.0,351.0,0.0,417.0,322.0,0.0,2,1,0,-0.01946124211755476,-0.01035134609649982,-0.003956810831519228,-0.12889057258615932,-0.08821352010182162,-0.022999119725758667,-0.12197128766557694,-0.04629166421430622,-0.015512575189461307,33.94,35.5,3,757.0,431.0,0.0,727.0,409.0,0.0,2,1,0,-0.0064998652552354375,-0.024778725584957056,-0.01072190187134979,-0.005022049437867576,-0.05358215848282896,-0.02707586776096378,-0.008497202819514826,-0.06266968889532307,-0.029695434038093226,21.28,29.03,4,710.0,354.0,0.0,538.0,333.0,0.0,3,1,0,0.043007355953462306,0.00465920990392886,-0.006659205953985487,0.020502901375392915,0.001333550191137331,-0.011595550653541151,0.015631597547684506,0.01100497022946026,-0.016887134546434854
92,least_connections,1633,measured,176,102,4,light,0,75.07,42.05,4,775.0,351.0,0.0,519.0,322.0,0.0,3,1,0,0.025476109739445918,-0.009365503611118889,-0.003579971704707873,-0.010456549800175852,-0.0798122324730767,-0.02080872737092451,-0.06421211741171245,-0.0418829342891342,-0.014035187076179277,33.94,35.5,3,1188.0,0.0,0.0,1136.0,0.0,0.0,3,0,0,0.037203069757734825,-0.06550274718457566,-0.009700768359792666,0.10687120697118105,-0.15989406175657314,-0.024497213688491042,0.10795193554424848,-0.17234102804814944,-0.02686729746303673,21.28,29.03,4,710.0,354.0,0.0,538.0,333.0,0.0,3,1,0,0.038911417291227796,0.0042154756273642124,-0.006024995863129726,0.018550244101545973,0.0012065454110290058,-0.010491212496061041,0.014142873971714542,0.009956877826654525,-0.015278836018202962
92,least_connections,1634,measured,171,109,5,light,1,75.07,42.05,4,775.0,351.0,0.0,519.0,322.0,0.0,3,1,0,0.023049813573784397,-0.008473550886250417,-0.0032390220185452186,-0.009460687914444876,-0.07221106747564085,-0.018826943811788843,-0.05809667765821602,-0.03789408340445477,-0.012698502592733632,38.83,38.91,4,1359.0,0.0,0.0,1245.0,0.0,0.0,4,0,0,0.07674382048375554,-0.05926439030985417,-0.008776885658860032,0.1408970784161026,-0.14466605587499476,-0.022164145718158564,0.12848925120670102,-0.15592759680546853,-0.0243085072284618,21.28,29.03,4,710.0,354.0,0.0,538.0,333.0,0.0,3,1,0,0.03520556802539658,0.0038140017580914343,-0.005451186733307847,0.016783554187113026,0.0010916363242643307,-0.009492049401198084,0.012795933593456016,0.009008603747925531,-0.013823708778374109
92,least_connections,1635,measured,161,122,1,light,0,85.8,48.15,5,936.0,351.0,0.0,641.0,322.0,0.0,4,1,0,0.06393849346018135,-0.0076665460399408525,-0.0029305437310647216,0.08855144109327995,-0.06533382295415127,-0.01703390154399943,0.0026268154520902587,-0.034285123080221,-0.011489121393425667,38.83,38.91,4,1359.0,0.0,0.0,1245.0,0.0,0.0,4,0,0,0.06943488519958835,-0.05362016266129663,-0.007940991786587649,0.12747830904314045,-0.1308883362678524,-0.020053274697381558,0.11625217966320567,-0.141077349490662,-0.02199341130194163,17.44,25.03,3,518.0,354.0,0.0,418.0,333.0,0.0,2,1,0,-0.011231243441874733,0.003450763495416065,-0.004932026092040433,-0.019557736687850102,0.0009876709600486755,-0.008588044696322076,-0.024613202939254092,0.008150641486218344,-0.012507165085195622
92,least_connections,1636,measured,353,328,10,medium,2,61.73,36.25,3,926.0,0.0,0.0,725.0,0.0,0.0,3,0,0,0.014765212903882913,-0.05002029902479909,-0.0026514443281061765,0.07408622448122149,-0.27082583981566066,-0.015411625206475675,0.04037664255189116,-0.17668653992972377,-0.010394919355956555,17.2,16.19,2,602.0,0.0,0.0,518.0,0.0,0.0,2,0,0,-0.023345761463410997,-0.0485134805030779,-0.007184706854531682,-0.08034955712423347,-0.11842278043281884,-0.01814343901191665,-0.10037005173329011,-0.1276414114439323,-0.019898800701756713,21.48,32.43,3,721.0,353.0,0.0,645.0,328.0,0.0,2,1,0,-0.010161601209315224,0.0031221193529954866,-0.004462309321369916,0.0190382382348023,0.000712654678139274,-0.007770135677624735,0.046191229086706614,0.0058664534081658,-0.011316006505653183
92,least_connections,1637,measured,458,431,16,heavy,1,50.0,31.15,2,750.0,0.0,0.0,623.0,0.0,0.0,2,0,0,-0.0297248980756252,-0.04525646102243727,-0.0023989258206674933,-0.03912833658048209,-0.24503290269035966,-0.013943851377287516,-0.009611609119717535,-0.15985925041260723,-0.009404927036341645,30.29,29.66,3,602.0,0.0,458.0,518.0,0.0,431.0,2,0,1,-0.021122355609752813,-0.043893149026594296,0.03658345116789537,-0.07269721835049694,-0.107144420391598,0.1019790653837761,-0.09081099918726249,-0.11548508654451017,0.10385644222222011,21.48,32.43,3,721.0,353.0,0.0,645.0,328.0,0.0,2,1,0,-0.009193829665570918,0.0028247746527102074,-0.004037327481239448,0.01722507268863066,0.000644782804030769,-0.007030122755946189,0.04179206441178218,0.005307743559769054,-0.01023829160035288
92,least_connections,1638,measured,353,350,10,medium,0,46.93,33.6,2,351.0,353.0,0.0,322.0,350.0,0.0,1,1,0,-0.0699778556285135,0.0021375783493141204,-0.0021704566948896366,-0.2760684950013885,-0.008775800846833326,-0.012615865531831562,-0.14486288444164916,0.01369877343621248,-0.008509219699547203,30.29,29.66,3,602.0,0.0,458.0,518.0,0.0,431.0,2,0,1,-0.019110702694538267,-0.0397128491192996,0.03309931296142914,-0.06577367374568771,-0.09694018987811247,0.09226677344246409,-0.08216233259799938,-0.10448650687360445,0.09396535248677057,14.14,22.03,2,354.0,353.0,0.0,333.0,328.0,0.0,1,1,0,-0.05140212706703581,0.0025557484953092346,-0.0036528201020737863,-0.050824934234096064,0.0005833749179326025,-0.006360587255379886,-0.05628337029410184,0.004802244173124373,-0.009263216209843082
92,least_connections,1639,measured,197,102,2,light,0,60.07,38.7,3,548.0,353.0,0.0,424.0,350.0,0.0,2,1,0,-0.020229397722850095,0.0019339994589032544,-0.001963746533471576,-0.13095086055681177,-0.007940010289992055,-0.011414354528799985,-0.08492356211387306,0.012394128347049393,-0.007698817823399851,25.4,26.25,2,431.0,458.0,0.0,409.0,431.0,0.0,1,1,0,-0.06037453599800627,0.007153227214057728,-0.013136902785464331,-0.10371359597398955,0.0306867669810275,-0.034915096137090325,-0.10515580092199944,0.027324708066738826,-0.03684384775006471,14.14,22.03,2,707.0,0.0,0.0,661.0,0.0,0.0,2,0,0,-0.0034227861672274096,-0.04077155635004901,-0.003304932473304854,0.017891726169151176,-0.06334837507425145,-0.0057548170405818016,0.047997585606923715,-0.09457574733542716,-0.008381005142238978
92,least_connections,1640,measured,463,404,17,heavy,1,60.07,38.7,3,548.0,353.0,0.0,424.0,350.0,0.0,2,1,0,-0.018302788415911986,0.0017498090342458056,-0.0017767230540933307,-0.11847935002759163,-0.007183818833802341,-0.010327273145104747,-0.07683560381731372,0.011213735171139938,-0.006965597078314151,26.31,26.09,2,0.0,458.0,463.0,0.0,431.0,404.0,0,1,1,-0.0977084804154297,0.006471967479385568,0.031198131039908684,-0.20525107662952796,0.027764217744739167,0.08809722594399311,-0.21078084369133282,0.0247223549175256,0.08089128060708431,14.14,22.03,2,707.0,0.0,0.0,661.0,0.0,0.0,2,0,0,-0.00309680653225336,-0.03688855098337768,-0.002990176999656773,0.016187752248279647,-0.057315196495751314,-0.005206739227193059,0.04342638697769288,-0.08556853330348171,-0.007582814176311456
92,least_connections,1641,measured,445,408,16,heavy,1,46.93,33.6,2,704.0,0.0,0.0,672.0,0.0,0.0,2,0,0,-0.016559665709634658,-0.04150073967196354,-0.0016075113346558708,-0.013100364310678125,-0.2194202805321704,-0.009343723321761439,0.042672548927192355,-0.1481875729403972,-0.00630220688037947,39.03,38.84,3,0.0,458.0,908.0,0.0,431.0,812.0,0,1,2,-0.08840291085205544,0.005855589624205987,0.07131078069143665,-0.1857033550457634,0.025120006530954475,0.1947410275547693,-0.1907064776254916,0.022367844925380298,0.18854449197783818,14.14,22.03,2,707.0,0.0,0.0,661.0,0.0,0.0,2,0,0,-0.002801872576800646,-0.03337535565162742,-0.0027053982377846994,0.0146460615579673,-0.051856606353298806,-0.00471085930079372,0.03929054059886497,-0.0774191491793406,-0.006860641397615127
92,least_connections,1642,measured,426,441,16,heavy,0,75.33,55.65,3,704.0,0.0,426.0,672.0,0.0,441.0,2,0,1,-0.014982554689669442,-0.03754828827463368,0.04162948520968777,-0.011852710566803981,-0.19852311095767797,0.24849853604221583,0.038608496648412094,-0.13407447075559747,0.19379800329870428,39.03,38.84,3,0.0,458.0,908.0,0.0,431.0,812.0,0,1,2,-0.07998358600900254,0.005297914421900654,0.06451927776844268,-0.16801732123188118,0.02272762495657786,0.17619426302574365,-0.17254395594687336,0.020237573980105977,0.17058787369423453,14.14,22.03,2,707.0,0.0,0.0,661.0,0.0,0.0,2,0,0,-0.0025350275694862867,-0.03019675035147243,-0.002447741262757585,0.013251198552446608,-0.04691788193869892,-0.0042622060340514615,0.035548584351353996,-0.07004589687654626,-0.006207246978794639
92,least_connections,1643,measured,182,100,8,light,2,51.93,39.55,2,353.0,0.0,426.0,350.0,0.0,441.0,1,0,1,-0.0566395449459821,-0.03397226081990667,0.03766477233257465,-0.2224381667032988,-0.17961614800932768,0.22483200880010001,-0.11073516969905578,-0.12130547354077867,0.1753410506035896,39.03,38.84,3,0.0,1366.0,0.0,0.0,1243.0,0.0,0,3,0,-0.07236610162719277,0.09096115159713913,-0.027793215805876112,-0.15201567159074963,0.2552841776818017,-0.0753072314120823,-0.15611119823764733,0.247893519315334,-0.07524192380045445,10.7,14.27,2,353.0,182.0,0.0,328.0,100.0,0.0,1,1,0,-0.04537749659914972,0.015763030861139456,-0.0022146230472568627,-0.052067963214453075,-0.009516178896918068,-0.0038562816498560843,-0.06826556653925112,-0.03321612892004979,-0.005616080599861816
92,least_connections,1644,measured,369,302,10,medium,0,76.53,54.65,3,353.0,795.0,0.0,350.0,743.0,0.0,1,2,0,-0.051245302570174275,0.05543099304502775,-0.009006249068713635,-0.2012535793982227,0.317013961324894,-0.0535329444189571,-0.10018896306105046,0.22636647632024787,-0.040858097072942745,39.03,38.84,3,0.0,1366.0,0.0,0.0,1243.0,0.0,0,3,0,-0.06547409194841251,0.08229818477836398,-0.025146242871983148,-0.1375379885821068,0.23097139885496348,-0.06813511413474113,-0.1412434650721571,0.2242846127138736,-0.06807602629564927,10.7,14.27,2,535.0,0.0,0.0,428.0,0.0,0.0,2,0,0,0.0020280699703838223,-0.028822110400012146,-0.0020037065665657328,-0.014175776241648022,-0.04154320947816397,-0.0034890167308221716,-0.03160535385297325,-0.0602114182292514,-0.005081215780827358
92,least_connections,1645,measured,375,346,11,medium,2,76.53,54.65,3,353.0,795.0,0.0,350.0,743.0,0.0,1,2,0,-0.046364797563491,0.050151850850263205,-0.008148511062169479,-0.1820865718364872,0.2868221554844279,-0.0484345687600088,-0.09064715705523613,0.20480776428974806,-0.03696684973266248,39.03,38.84,3,0.0,1366.0,0.0,0.0,1243.0,0.0,0,3,0,-0.0592384641438018,0.07446026241851979,-0.022751362598460945,-0.12443913252666806,0.2089741227735384,-0.061646055645718165,-0.12779170649385643,0.2029241734077904,-0.06159259521987315,18.2,25.8,3,535.0,375.0,0.0,428.0,346.0,0.0,2,1,0,0.0018349204493949,0.017006752721984472,-0.0018128773697499486,-0.01282570231387202,0.030270429519756406,-0.003156729423124822,-0.02859532015269009,0.04987220890369318,-0.004597290468367609
92,least_connections,1646,measured,352,334,11,medium,0,100.0,71.35,4,353.0,1147.0,0.0,350.0,1077.0,0.0,1,3,0,-0.04194910255744423,0.08845938432937646,-0.007372462389581909,-0.1647449935663456,0.47182322004146654,-0.04382175268762701,-0.08201409447854696,0.33639750102405774,-0.03344619737717082,39.03,38.84,3,458.0,908.0,0.0,431.0,812.0,0.0,1,2,0,-0.010512805427158545,0.024284908628093876,-0.020584566160512283,0.005806771251381959,0.07067726754340553,-0.05577500272707834,0.006239051267463214,0.06173794260704843,-0.05572663377036142,11.14,14.87,2,182.0,375.0,0.0,100.0,346.0,0.0,1,1,0,-0.04142373410587627,0.015387061986557385,-0.0016402223821547154,-0.07548039733159849,0.0273875314702558,-0.002856088525684363,-0.12479259124925929,0.04512247472238906,-0.004159453280904027
92,least_connections,1647,measured,418,448,14,heavy,2,100.0,71.35,4,722.0,778.0,0.0,652.0,775.0,0.0,2,2,0,0.005129950293831648,0.036950780833154666,-0.006670323114383632,0.073516434392354,0.20431624670418402,-0.039648252431662534,0.06241581928131468,0.1677405961646237,-0.030260845246011695,39.03,38.84,3,458.0,908.0,0.0,431.0,812.0,0.0,1,2,0,-0.00951158586266726,0.021972060187323034,-0.018624131288082543,0.005253745417917011,0.06394609920593833,-0.050463097705451834,0.0056448559086571815,0.0558581385492343,-0.050419335316041286,19.5,29.8,3,182.0,793.0,0.0,100.0,794.0,0.0,1,2,0,-0.037478616571983286,0.057005527738404525,-0.0014840107267114092,-0.06829178806192245,0.10041729037785048,-0.0025840800946668047,-0.11290758255885364,0.17593620728851073,-0.0037633148731988815
92,least_connections,1648,measured,197,104,4,light,1,76.47,53.85,3,369.0,778.0,0.0,302.0,775.0,0.0,1,2,0,-0.03844251662757635,0.0334316588490447,-0.006035054246347095,-0.1464057657085051,0.1848575565418808,-0.03587222839055182,-0.10186187779309627,0.15176530129180238,-0.027378859984486772,44.66,42.09,4,655.0,908.0,0.0,535.0,812.0,0.0,2,2,0,0.034478179684344135,0.019879483026625594,-0.01685040449874135,0.05567855877947592,0.05785599451965848,-0.04565708840017071,0.03451201248878505,0.050538315830259584,-0.04561749385737069,19.5,29.8,3,182.0,793.0,0.0,100.0,794.0,0.0,1,2,0,-0.03390922451750869,0.051576429858556476,-0.0013426763717865131,-0.06178780824650125,0.09085373891329329,-0.002337977228508061,-0.10215447945801043,0.15918037802293827,-0.003404903932894226
92,least_connections,1649,measured,169,119,6,light,0,87.73,59.8,4,538.0,778.0,0.0,421.0,775.0,0.0,2,2,0,0.008302575658950206,0.030247691339611874,-0.00546028717526642,-0.0305258515140443,0.1672520749664636,-0.03245582568668974,-0.038327413241372815,0.13731146307353548,-0.024771349509773746,44.66,42.09,4,655.0,908.0,0.0,535.0,812.0,0.0,2,2,0,0.031194543523930418,0.017986198928851727,-0.015245604070289792,0.05037583889571631,0.05234589980350052,-0.04130879426682112,0.031225154156519802,0.04572514289404439,-0.041272970632859195,19.5,29.8,3,557.0,418.0,0.0,446.0,448.0,0.0,2,1,0,0.012404125663297128,0.003580488692888975,-0.001214802431616369,0.011953887776975064,0.014343859016789182,-0.0021153127305549124,0.011923724934815971,0.039671135671547356,-0.0030806273678566807
92,least_connections,1650,measured,485,436,17,heavy,2,87.73,59.8,4,890.0,426.0,0.0,755.0,441.0,0.0,3,1,0,0.05059575439437898,-0.01571694139567996,-0.004940259825241046,0.18469883275713456,-0.060994154395421885,-0.029364794668909764,0.116418054686377,-0.026861057219182194,-0.02241217336598577,44.66,42.09,4,1563.0,0.0,0.0,1347.0,0.0,0.0,4,0,0,0.11439143507040417,-0.06989457285122032,-0.013793641777881241,0.2802992283886413,-0.18736051242268323,-0.037374623384266725,0.25783466328447036,-0.18821296595300743,-0.03734221152496784,29.2,44.33,4,557.0,418.0,485.0,446.0,448.0,436.0,2,1,1,0.011222780362030726,0.003239489769756687,0.04198479326481875,0.010815422274406017,0.01297777720566641,0.0858480503866408,0.01078813208388113,0.03589293227425713,0.12870482920685983
92,least_connections,1651,measured,415,444,17,heavy,0,100.0,82.0,5,1316.0,0.0,415.0,1196.0,0.0,444.0,4,0,1,0.0888610113454812,-0.057303990060944,0.03861414133725356,0.4240608486850264,-0.31213756826252453,0.2237493127598753,0.304830620906722,-0.2238028612935458,0.18057946219267956,44.66,42.09,4,1563.0,0.0,0.0,1347.0,0.0,0.0,4,0,0,0.10349701268274664,-0.06323794686538982,-0.012479961608559218,0.2536040637801993,-0.1695166540967134,-0.03381513544290799,0.23327898106690173,-0.17028792157653053,-0.033785810427351855,25.56,41.0,3,375.0,418.0,485.0,346.0,448.0,436.0,1,1,1,-0.03292995608968194,0.0029309669345417705,0.0379862415253122,-0.023147951275537412,0.011741798424174374,0.0776720455879131,-0.020398039225694845,0.03247455777194694,0.11644722642525414
92,least_connections,1652,measured,380,322,13,medium,2,100.0,82.0,5,1316.0,0.0,415.0,1196.0,0.0,444.0,4,0,1,0.08039805788400681,-0.05184646719799695,0.03493660406703894,0.38367410119121437,-0.28241018080895075,0.20243985440179194,0.2757991332013199,-0.20248830307511287,0.1633814181743291,39.03,38.84,3,1366.0,0.0,0.0,1243.0,0.0,0.0,3,0,0,0.0505562541052515,-0.05721528525916222,-0.011291393836315482,0.17852612573310547,-0.15337221084940736,-0.03059464635310723,0.1816571733462444,-0.15407002428352762,-0.03056811419617549,33.16,51.73,4,375.0,798.0,485.0,346.0,770.0,436.0,1,2,1,-0.029793769795426514,0.04573572745324754,0.03436850423718723,-0.020943384487390998,0.0793854366694911,0.07027470791287377,-0.018455368823247706,0.1264928538571583,0.10535701438475374
92,least_connections,1653,measured,151,124,7,light,1,100.0,82.0,5,1316.0,0.0,415.0,1196.0,0.0,444.0,4,0,1,0.07274109999029188,-0.04690870841723534,0.03160930844160666,0.34713371060157483,-0.2555139731128602,0.18315986826828795,0.24953254908690847,-0.183203702782245,0.14782128311010728,30.26,29.25,3,1059.0,0.0,0.0,936.0,0.0,0.0,3,0,0,0.0457413727618942,-0.05176621047257534,-0.010216022994761627,0.0821630933503607,-0.13876533362565427,-0.027680870509954162,0.07755589493231635,-0.13939668863747737,-0.027656865225111158,33.16,51.73,4,375.0,1283.0,0.0,346.0,1206.0,0.0,1,3,0,-0.026956267910147796,0.08446384411302896,-0.011988586869302256,-0.018948776440972814,0.15958682365334909,-0.024180026174066598,-0.016697714649605053,0.24593797888663532,-0.03616905047728631
92,least_connections,1654,measured,413,418,13,heavy,1,90.8,66.9,4,947.0,415.0,0.0,894.0,444.0,0.0,3,1,0,0.022729475954935283,0.0006426878492587357,-0.014485002112922774,0.09150192863952011,0.01913815131058677,-0.08460138902710455,0.0891484967929172,0.03510141176844503,-0.0671140771860934,42.06,42.31,4,1059.0,413.0,0.0,936.0,418.0,0.0,3,1,0,0.041385051546475704,-0.0037521949627155604,-0.009243068423831949,0.07433803684080253,-0.018787682804163403,-0.025044597128053767,0.0701696192244767,-0.007936289719622402,-0.02502287806081486,33.16,51.73,4,793.0,865.0,0.0,794.0,758.0,0.0,2,2,0,0.01869489592709983,0.03333576825645931,-0.01084681669127347,0.05849396417245317,0.06874998330541107,-0.021877166538441208,0.12000365499956367,0.08740420311965413,-0.032724379003259044
92,least_connections,1655,measured,389,317,12,medium,0,100.0,76.8,4,778.0,804.0,0.0,775.0,761.0,0.0,2,2,0,-0.022519136267530215,0.043665379709420034,-0.013105478102168224,-0.0191490486912278,0.25195039086830867,-0.07654411388166603,0.026824830431686986,0.17516318207621218,-0.06072226031122736,42.06,42.31,4,1059.0,413.0,0.0,936.0,418.0,0.0,3,1,0,0.03744361806585897,-0.00339484306150456,-0.008362776192990811,0.06725822380834515,-0.01699837967995735,-0.022659397401572457,0.06348679834595511,-0.007180452603467891,-0.02263974681692773,33.16,51.73,4,793.0,865.0,0.0,794.0,758.0,0.0,2,2,0,0.016914429648328427,0.030160933184415567,-0.009813786530199806,0.052923110441743346,0.06220236584775288,-0.019793626868113475,0.10857473547579571,0.07907999329873469,-0.029607771479139136
92,least_connections,1656,measured,353,344,13,medium,0,100.0,94.0,5,778.0,1157.0,0.0,775.0,1105.0,0.0,2,3,0,-0.020374456623003523,0.08259067234480406,-0.011857337330533155,-0.01732532976825374,0.44087575046815225,-0.06925419827388832,0.024270084676288217,0.31410002187847763,-0.05493918790063428,42.06,42.31,4,1059.0,413.0,0.0,936.0,418.0,0.0,3,1,0,0.03387755920244383,-0.003071524674694598,-0.007566321317467877,0.060852678683740835,-0.015379486377104262,-0.020501359553803652,0.05744043659872128,-0.006496599974566197,-0.020483580453410803,25.66,40.2,3,418.0,865.0,0.0,448.0,758.0,0.0,1,2,0,-0.027780368640174496,0.027288463357328374,-0.0088791401939903,-0.0199743286479465,0.05627833100510975,-0.017908519547340764,-0.006114921871105433,0.07154856536552187,-0.026787983719221125
92,least_connections,1657,measured,361,342,12,medium,2,100.0,77.3,4,426.0,1157.0,0.0,441.0,1105.0,0.0,1,3,0,-0.06151793240947484,0.07472489402625129,-0.010728067108577617,-0.2279927586792137,0.39888758375689964,-0.0626585603430418,-0.12913659005478687,0.28418573408052744,-0.049706884291050066,16.11,16.94,2,151.0,413.0,0.0,124.0,418.0,0.0,1,1,0,-0.05551667546082746,-0.0027789985151998736,-0.006845719287232841,-0.1796639029596086,-0.013914773388808616,-0.018548849120108065,-0.17761341450591883,-0.005877876167464657,-0.018532763267371678,32.88,51.6,4,418.0,1226.0,0.0,448.0,1100.0,0.0,1,3,0,-0.025134619245872167,0.06777346231195923,-0.008033507794562652,-0.01807201163385637,0.1162422994808136,-0.016202946257117833,-0.005532548359571593,0.16787727342594835,-0.024236747174533398
92,least_connections,1658,measured,381,320,13,medium,1,77.13,55.25,3,0.0,1157.0,0.0,0.0,1105.0,0.0,0,3,0,-0.09874298193056794,0.0676082374523226,-0.009706346431570225,-0.4632315435669076,0.36089829006576635,-0.05669107840560925,-0.31633786719242624,0.2571204260728582,-0.04497289531095006,27.0,26.94,3,151.0,794.0,0.0,124.0,738.0,0.0,1,2,0,-0.05022937303598675,0.040569568236814624,-0.006193746021782094,-0.1625530550586935,0.0859002390427786,-0.016782292061050155,-0.16069785121964084,0.08515811203896054,-0.016767738194288662,32.88,51.6,4,798.0,846.0,0.0,770.0,778.0,0.0,2,2,0,0.020343054242396824,0.018234946626920018,-0.007268411814128114,0.05241103709317757,0.03640969953025991,-0.014659808518344706,0.09210547211911774,0.054777850559985075,-0.021928485538863552
92,least_connections,1659,measured,356,338,10,medium,0,100.0,72.15,4,0.0,1513.0,0.0,0.0,1443.0,0.0,0,4,0,-0.089338888413371,0.10425325792171591,-0.008781932485706394,-0.4191142537033926,0.5334159132341061,-0.051291928081265516,-0.28621045126933803,0.38553752835163363,-0.040689762424192914,27.0,26.94,3,151.0,794.0,0.0,124.0,738.0,0.0,1,2,0,-0.04544562322303562,0.03670579983330847,-0.0056038654482790376,-0.14707181171977032,0.07771926389584732,-0.01518397853142633,-0.14539329396062742,0.07704781565429764,-0.015170810747213551,32.88,51.6,4,798.0,846.0,0.0,770.0,778.0,0.0,2,2,0,0.0184056205050257,0.016498285043403838,-0.0065761821175444836,0.047419509750970174,0.03294210909880657,-0.013263636278502352,0.08333352239348749,0.04956091241141508,-0.019840058344686072
92,least_connections,1660,measured,197,105,6,light,1,100.0,72.15,4,389.0,1124.0,0.0,317.0,1126.0,0.0,1,3,0,-0.03774652262343543,0.05124047598812846,-0.007945557963258167,-0.14456368985862506,0.2558207468943499,-0.04640698254971642,-0.1155475511484487,0.20541490660385892,-0.03681454695522216,28.31,26.34,3,610.0,381.0,0.0,523.0,320.0,0.0,2,1,0,0.0019664315963918155,-0.009873890853763986,-0.005070163977014368,-0.01441191128387384,-0.03644447552280479,-0.013737885337957157,-0.018733813583424797,-0.04847459536039736,-0.013725971628431309,32.88,51.6,4,1283.0,361.0,0.0,1206.0,342.0,0.0,3,1,0,0.059736604493209194,-0.028156880425582467,-0.005949879058730723,0.13066527072706827,-0.057957139386794046,-0.01200043282340689,0.2068890599433141,-0.0866512379769737,-0.017950528978525494
92,least_connections,1661,measured,195,117,7,light,1,100.0,72.15,4,804.0,709.0,0.0,761.0,682.0,0.0,2,2,0,0.0089322845198396,0.003276530429168395,-0.007188838157233579,0.11952174092156143,-0.01886059407971513,-0.0419872699259339,0.09631412038949877,-0.015005560691746633,-0.03330839962615338,33.89,30.0,4,805.0,381.0,0.0,640.0,320.0,0.0,3,1,0,0.04486305262349281,-0.008933520296262654,-0.004587291217298714,0.037368814960848845,-0.03297357309206146,-0.012429515305770761,0.016130716281663293,-0.04385796723083571,-0.012418736235247375,24.52,36.67,3,865.0,361.0,0.0,758.0,342.0,0.0,2,1,0,0.01096350383852715,-0.025475272766003185,-0.005383223910280178,0.04258286399115699,-0.052437411826147,-0.0108575344592729,0.0520742288376016,-0.07839873912202382,-0.016240954790094495
92,least_connections,1662,measured,493,414,17,heavy,2,100.0,72.15,4,1513.0,0.0,0.0,1443.0,0.0,0.0,4,0,0,0.0942493912095601,-0.08320332054141,-0.006504186904163715,0.5279482417861746,-0.4447151406752978,-0.0379884823139402,0.39566515654287987,-0.3221002691972946,-0.03013617109032925,33.89,30.0,4,805.0,381.0,0.0,640.0,320.0,0.0,3,1,0,0.040590380945064924,-0.008082708839475733,-0.004150406339460741,0.03380988020267278,-0.02983323279757942,-0.011245751943316404,0.014594457588171572,-0.0396810179707561,-0.011235999450938101,34.38,50.47,4,1226.0,0.0,493.0,1100.0,0.0,414.0,3,0,1,0.05300326084256764,-0.06613295653885548,0.03821336430793244,0.10385116265866587,-0.11276718212841871,0.07938604025113404,0.15025763561497288,-0.17407504968183107,0.11016294566610499
92,least_connections,1663,measured,198,112,8,light,0,100.0,77.75,5,1513.0,198.0,0.0,1443.0,112.0,0.0,4,1,0,0.08527325871341151,-0.03219529454880406,-0.005884740532338599,0.4776674568541579,-0.28293274632526944,-0.03437053161737447,0.3579827606816532,-0.24075738641659994,-0.02726605955791694,33.89,30.0,4,805.0,381.0,0.0,640.0,320.0,0.0,3,1,0,0.036724630378868264,-0.0073129270452399475,-0.003755129545226385,0.030589891611942033,-0.026991972531143285,-0.010174727948714843,0.013204509246440954,-0.03590187340211265,-0.010165904265134473,34.38,50.47,4,1226.0,0.0,493.0,1100.0,0.0,414.0,3,0,1,0.047955331238513574,-0.05983457972563115,0.034573996278605544,0.09396057573879293,-0.10202745049714074,0.07182546498912128,0.13594738460402309,-0.1574964735216567,0.09967123655504737
92,least_connections,1664,measured,157,116,6,light,1,100.0,77.75,5,1711.0,0.0,0.0,1555.0,0.0,0.0,5,0,0,0.12023589620555827,-0.07221297624710389,-0.005324289053068256,0.43217531810614285,-0.37541534191333903,-0.031097147653814994,0.3745558310929243,-0.26849477818644757,-0.02466929198097247,38.37,33.62,5,1343.0,0.0,0.0,1076.0,0.0,0.0,5,0,0,0.1193948469867765,-0.04970035802959351,-0.0033974981599667296,0.1667513985332537,-0.12291110439892557,-0.00920570623931343,0.13522074646106563,-0.12295883784000669,-0.009197722906550238,34.38,50.47,4,1226.0,0.0,493.0,1100.0,0.0,414.0,3,0,1,0.043388156834845606,-0.05413604832319009,0.031281234728262164,0.08501194947795551,-0.092310550449794,0.06498494451396687,0.12300001464173518,-0.142496809376737,0.09017873783551905
92,least_connections,1665,measured,174,101,4,light,2,100.0,77.75,5,1711.0,0.0,0.0,1555.0,0.0,0.0,5,0,0,0.10878485847169558,-0.0653355499378559,-0.0048172139051569935,0.39101576400079596,-0.33966149982635435,-0.02813551454392785,0.33888384717931247,-0.24292384693059543,-0.022319835601832233,38.37,33.62,5,1343.0,0.0,0.0,1076.0,0.0,0.0,5,0,0,0.10802390917851207,-0.04496699059820365,-0.003073926906636565,0.1508703129586581,-0.11120528493236123,-0.00832897231175977,0.12234258013144034,-0.11124847233143463,-0.008321749296402597,30.26,43.1,4,1020.0,493.0,0.0,879.0,414.0,0.0,3,1,0,0.039255951422003166,-0.005896333970414627,-0.014781830710710651,0.03963938286100735,0.0056904543549482905,-0.030413621630220444,0.04463493388220485,-0.004068541817047772,-0.0432668562440542
92,least_connections,1666,measured,495,408,19,heavy,2,100.0,77.75,5,1711.0,0.0,0.0,1555.0,0.0,0.0,5,0,0,0.09842439576010553,-0.05911311661044105,-0.004358431628475375,0.35377616742929163,-0.3073127855571777,-0.025455941730220435,0.306609195066997,-0.21978824246101492,-0.020194136973086307,32.74,30.34,4,1146.0,0.0,0.0,971.0,0.0,0.0,4,0,0,0.054652017601420216,-0.0406844200650414,-0.0027811719631473685,0.08557654165647294,-0.1006143054149935,-0.007535736853496934,0.08100340583320795,-0.10065337972844085,-0.007529201744364254,40.16,56.7,5,1020.0,493.0,495.0,879.0,414.0,408.0,3,1,1,0.03551728938181238,-0.005334778354184666,0.02970986291706678,0.03586420354091141,0.005148506321143692,0.06205434233456246,0.04038398779818536,-0.00368106164399562,0.08390141577918907
92,least_connections,1667,measured,363,334,7,medium,1,88.13,61.9,4,1322.0,0.0,0.0,1238.0,0.0,0.0,4,0,0,0.04596674355619523,-0.053483295980875235,-0.003943342901953911,0.212718119737613,-0.2780449012183989,-0.0230315663273423,0.13400355744156878,-0.1988560288932992,-0.018270885832792374,31.31,27.72,4,1096.0,0.0,0.0,887.0,0.0,0.0,4,0,0,0.049447063544142106,-0.03680971339218032,-0.002516298442847619,0.06450122476401976,-0.09103199061356555,-0.006818047629354369,0.04953879575385475,-0.09106734356382744,-0.006812134911567659,30.46,42.17,4,535.0,493.0,495.0,443.0,414.0,408.0,2,1,1,-0.010949209833689022,-0.004826704225214695,0.02688035216306042,-0.055313339653461094,0.0046581723857966745,0.05614440496936604,-0.09495416976989576,-0.0033304843445674803,0.07591080475259963
92,least_connections,1668,measured,388,311,9,medium,0,86.33,55.25,4,907.0,388.0,0.0,794.0,311.0,0.0,3,1,0,-0.0014949417711521418,-0.0053057485178440306,-0.0035677864351011572,-0.0578582091262867,-0.017532688403948227,-0.020838083819976365,-0.07961582898143771,-0.039226883284413566,-0.01653080146776453,25.74,24.06,3,901.0,0.0,0.0,770.0,0.0,0.0,3,0,0,0.0016539191703235923,-0.03330402640244886,-0.0022766509721002266,0.007950087711664139,-0.08236227722179741,-0.006168709759892048,0.011740458063011466,-0.0823942632244153,-0.006163360158085025,30.46,42.17,4,535.0,493.0,495.0,443.0,414.0,408.0,2,1,1,-0.00990642794476626,-0.004367018108527576,0.024320318623721332,-0.05004540254360766,0.004214536920482709,0.05079731878180738,-0.08591091550609617,-0.003013295359370588,0.0686812042999711
92,least_connections,1669,measured,354,301,9,medium,1,39.07,21.15,2,198.0,388.0,0.0,112.0,311.0,0.0,1,1,0,-0.08752036681789047,-0.004800439135192222,-0.003227997250805809,-0.4799986971460054,-0.01586290855595318,-0.018853504408550045,-0.3805571786022532,-0.03549098963827893,-0.014956439423215527,35.86,33.47,4,901.0,354.0,0.0,770.0,301.0,0.0,3,1,0,0.0014964030588642263,0.012951685862636966,-0.0020598270699954432,0.007192936501029479,0.01699195326191119,-0.005581213592283282,0.010622319199867503,0.010556976130290913,-0.005576373476362641,19.76,27.4,2,0.0,493.0,495.0,0.0,414.0,408.0,0,1,1,-0.09513075907020802,-0.003951111622001138,0.022004097802414538,-0.14208869753945455,0.0038131524518653093,0.04595947889782573,-0.21133209815630924,-0.0027263148489543587,0.06214013722378338
92,least_connections,1670,measured,196,103,6,light,0,52.13,26.3,3,782.0,0.0,0.0,526.0,0.0,0.0,3,0,0,0.006982706665899563,-0.04742715468240747,-0.0029205689412052558,-0.0820305672590842,-0.24838390139189415,-0.017057932560116708,-0.15702792349727668,-0.17280137157749045,-0.013532016621004525,31.37,29.84,3,744.0,354.0,0.0,654.0,301.0,0.0,2,1,0,-0.041730011744927825,0.011718191970957262,-0.0018636530633292106,-0.03407713908410259,0.015373671998872032,-0.0050496694406372555,-0.023186949295357973,0.009551549832167966,-0.0050452902881376275,19.76,27.4,2,0.0,493.0,495.0,0.0,414.0,408.0,0,1,1,-0.08607068677780726,-0.003574815277048643,0.01990846944027982,-0.12855644063093508,0.003449995075497189,0.041582385669461375,-0.19120523166523218,-0.002466665815720609,0.056222028916756386
92,least_connections,1671,measured,401,406,16,heavy,2,38.93,20.7,2,584.0,0.0,0.0,414.0,0.0,0.0,2,0,0,-0.036766213243324436,-0.042910282807892476,-0.0026424195182333265,-0.1936467037106,-0.22472829173552328,-0.015433367554391307,-0.19273954983086936,-0.15634409809391994,-0.012243253133289809,20.49,19.84,2,717.0,0.0,0.0,635.0,0.0,0.0,2,0,0,-0.03775572491207754,-0.032481726538748416,-0.0016861622953930953,-0.037811289103303725,-0.07760069132074844,-0.004568748541528946,-0.02635069221960959,-0.07646228824708612,-0.004564786451172139,27.78,40.93,3,0.0,988.0,401.0,0.0,822.0,406.0,0,2,1,-0.07787347851325419,0.03984954354752288,0.018012424731681742,-0.11631297009465555,0.09269285268735461,0.020612634653322186,-0.17299520960187673,0.1208158737857766,0.05026437536912878
92,least_connections,1672,measured,354,300,13,medium,0,62.53,35.7,3,584.0,354.0,0.0,414.0,300.0,0.0,2,1,0,-0.03326466912491258,0.004260311019616561,-0.0023907605164968193,-0.1752041605000666,0.010198212239288434,-0.013963523025401658,-0.17438340222792945,-0.005739898275451377,-0.011077229025357446,20.49,19.84,2,717.0,0.0,0.0,635.0,0.0,0.0,2,0,0,-0.03415994158711777,-0.02938822877315333,-0.0015255754101175625,-0.03421021395060814,-0.07021014929020097,-0.004133629632811903,-0.023841102484408655,-0.06918016555688744,-0.0041300448843938405,27.78,40.93,3,493.0,495.0,401.0,414.0,408.0,406.0,1,1,1,-0.027373056523329747,-0.007029551302808093,0.01629695570961681,-0.01602602056183121,-0.005344561854298199,0.01864952659110103,-0.03166233249693609,-0.015547542765249778,0.045477292000640324
92,least_connections,1673,measured,375,308,9,medium,1,62.53,35.7,3,584.0,354.0,0.0,414.0,300.0,0.0,2,1,0,-0.030096605398730436,0.003854567112986415,-0.0021630690387352174,-0.15851804997625074,0.009226953930784765,-0.012633663689649119,-0.1577754591586029,-0.005193241296836959,-0.01002225483246626,31.2,29.47,3,717.0,375.0,0.0,635.0,308.0,0.0,2,1,0,-0.03090661381691609,0.016494550384380545,-0.00138028251391589,-0.0309520983362645,0.033415307104784145,-0.0037399506201631506,-0.02157052129541734,0.024491754972339935,-0.003736707276356332,27.78,40.93,3,493.0,896.0,0.0,414.0,814.0,0.0,1,2,0,-0.024766098759203103,0.03672383000040719,-0.02833903553710406,-0.014499732889275849,0.06772634879849211,-0.0556885235604324,-0.02864687225913265,0.10837762003778986,-0.08129832311053177
92,least_connections,1674,measured,468,424,18,heavy,0,93.73,56.9,4,584.0,354.0,468.0,414.0,300.0,424.0,2,1,1,-0.027230262027422764,0.003487465483178187,0.04112683776313979,-0.1434210928356554,0.008348196413567155,0.27085525666174604,-0.14274922495302164,-0.004698646887614399,0.18274176943729242,20.83,19.03,2,354.0,375.0,0.0,301.0,308.0,0.0,1,1,0,-0.07104702701349097,0.01492364082396335,-0.001248827036400091,-0.12184101414097398,0.03023289690432851,-0.003383764846814279,-0.11395070974347282,0.022159206879736132,-0.0033808303928938243,27.78,40.93,3,493.0,896.0,0.0,414.0,814.0,0.0,1,2,0,-0.02240742268689805,0.03322632238132079,-0.02564007977166558,-0.013118805947440054,0.06127622034149287,-0.050384854649915024,-0.025918598710643836,0.09805594193895273,-0.0735556256714335
92,least_connections,1675,measured,158,113,6,light,1,93.73,56.9,4,584.0,354.0,468.0,414.0,300.0,424.0,2,1,1,-0.0246369037390968,0.0031553259133516864,0.03720999607141219,-0.12976194113702155,0.007553130088465504,0.24505951793205594,-0.12915406067178145,-0.004251156707841597,0.16533779139564553,25.34,22.56,3,887.0,0.0,0.0,722.0,0.0,0.0,3,0,0,0.021887156965118143,-0.029581558528885766,-0.0011298911281715108,0.027545204892860276,-0.06958520212057352,-0.003061501528070062,0.01593447689876268,-0.06703452710881017,-0.0030588465459515553,27.78,40.93,3,493.0,896.0,0.0,414.0,814.0,0.0,1,2,0,-0.02027338243100299,0.030061910725956903,-0.023198167412459333,-0.01186939585720767,0.05544038983277927,-0.04558629706420883,-0.02345016073820158,0.08871728080190963,-0.06655032798843984
92,least_connections,1676,measured,197,107,5,light,1,80.67,51.75,3,388.0,354.0,468.0,311.0,300.0,424.0,1,1,1,-0.06537443218117828,0.0028548186835086753,0.03366618692175389,-0.23562588325095596,0.006833784365754492,0.22172051622424108,-0.1634489120363737,-0.003846284640428105,0.14959133507225073,30.97,25.91,4,1084.0,0.0,0.0,829.0,0.0,0.0,4,0,0,0.06288656605234044,-0.026764267240420456,-0.0010222824492980337,0.07584702211394839,-0.06295804001385223,-0.0027699299539681514,0.04466988386078524,-0.06065028643178063,-0.0027675278272895026,27.78,40.93,3,493.0,896.0,0.0,414.0,814.0,0.0,1,2,0,-0.018342584104240806,0.027198871609199093,-0.020988818135082254,-0.010738977204140271,0.0501603527058479,-0.04124474496285561,-0.021216812096468113,0.08026801596363253,-0.06021220151335033
92,least_connections,1677,measured,389,304,9,medium,0,80.73,51.4,3,0.0,743.0,468.0,0.0,604.0,424.0,0,2,1,-0.10223219600972819,0.04566683141659855,0.030459883405396376,-0.4472170689730871,0.24081786839441283,0.20060427658383717,-0.2885728251757667,0.1340438377062793,0.13534454125584588,30.97,25.91,4,1084.0,0.0,0.0,829.0,0.0,0.0,4,0,0,0.05689736928545086,-0.02421528940799946,-0.0009249222160315543,0.06862349619833427,-0.056962036203009166,-0.00250612710120928,0.04041560920737711,-0.05487406867637295,-0.002503953748500026,27.78,40.93,3,493.0,896.0,0.0,414.0,814.0,0.0,1,2,0,-0.016595671332408343,0.024608502884513467,-0.01898988307459823,-0.009716217470412625,0.04538317625767191,-0.037316674014012216,-0.01919616332537591,0.07262344301471516,-0.054477706131126485
92,least_connections,1678,measured,363,339,12,medium,0,100.0,68.35,4,354.0,1220.0,0.0,300.0,1067.0,0.0,1,3,0,-0.04941189616299671,0.08440150960367987,-0.015524958098065408,-0.19110115764231694,0.5055971190235163,-0.10078660690033779,-0.12537541325426513,0.33073013887710984,-0.06935493886375849,20.86,16.5,3,730.0,0.0,0.0,528.0,0.0,0.0,3,0,0,0.008394671983888657,-0.02190907136914237,-0.0008368343859333111,-0.029422278949806396,-0.051537080374151154,-0.0022674483296655393,-0.04853766309808735,-0.049647966897670766,-0.002265481962928595,27.78,40.93,3,988.0,401.0,0.0,822.0,406.0,0.0,2,1,0,0.028068769021245055,-0.020819064283626135,-0.017181322781779352,0.08078056514581716,-0.04851045957639208,-0.033762705060296765,0.10567966175323135,-0.057340694415257715,-0.049289353166257294
92,least_connections,1679,measured,188,111,1,light,1,100.0,68.35,4,743.0,831.0,0.0,604.0,763.0,0.0,2,2,0,-0.0016221010635729949,0.03327937036704823,-0.014046390660154418,0.061733873244253,0.2228100918149275,-0.09118788243363896,0.02408891181756967,0.1617082208888137,-0.06274970659101958,26.23,19.97,4,918.0,0.0,0.0,639.0,0.0,0.0,4,0,0,0.050679079640751856,-0.019822493143509767,-0.0007571358729872815,0.02197848231071936,-0.04662878700518438,-0.0020515008696973926,-0.01253109994588858,-0.0449195890978926,-0.002049721775983015,17.92,27.13,2,495.0,401.0,0.0,408.0,406.0,0.0,1,1,0,-0.017688347302773744,-0.01883629625661412,-0.015545006326371794,-0.016122345820451134,-0.04389041580721188,-0.030547209340268503,-0.029242210794695467,-0.05187967589951889,-0.04459512905518517
92,least_connections,1680,measured,178,111,7,light,2,100.0,68.35,4,743.0,831.0,0.0,604.0,763.0,0.0,2,2,0,-0.0014676152479946025,0.030109906522567453,-0.01270863916871114,0.05585445674480033,0.20159008307064868,-0.08250332220186382,0.021794729739705865,0.14630743794702192,-0.05677354405854153,20.86,16.5,3,730.0,0.0,0.0,528.0,0.0,0.0,3,0,0,0.0027686004005895715,-0.017934636653651692,-0.0006850276946075404,-0.028713345936560025,-0.042187950147547774,-0.001856119834488117,-0.0427215904272325,-0.0406415329933314,-0.0018545101782703468,21.48,30.83,3,1074.0,0.0,0.0,925.0,0.0,0.0,3,0,0,0.07016405765576707,-0.0601262635065511,-0.014064529533384005,0.09018454425768706,-0.1122722809684298,-0.02763795130786198,0.1294633965825771,-0.16938319882972344,-0.0403479739070723
92,least_connections,1681,measured,388,336,12,medium,1,100.0,68.35,4,743.0,831.0,0.0,604.0,763.0,0.0,2,2,0,-0.0013278423672332118,0.027242296377561037,-0.01149829258121484,0.05053498467386691,0.18239102754011072,-0.07464586294454346,0.01971904119306722,0.13237339623778174,-0.05136653986248996,21.8,20.12,2,375.0,388.0,0.0,308.0,336.0,0.0,1,1,0,-0.08366287628155275,0.026857324206786787,-0.0006197869617877746,-0.11774744904464275,0.062129269594395554,-0.0016793465169178201,-0.10085524848178179,0.05822908919650968,-0.0016778901612922185,21.48,30.83,3,1074.0,0.0,0.0,925.0,0.0,0.0,3,0,0,0.06348176645045592,-0.054399952696403374,-0.012725050530204576,0.08159554004266922,-0.10157968278096029,-0.025005765469017983,0.11713354928899833,-0.15325146560784503,-0.03650530972544637
92,least_connections,1682,measured,404,442,20,heavy,1,100.0,68.35,4,743.0,831.0,0.0,604.0,763.0,0.0,2,2,0,-0.001201381189401468,0.024647791960650464,-0.010403217097289618,0.045722128990641486,0.16502045348867156,-0.06753673314030123,0.01784103726991798,0.1197664061198978,-0.046474488447014725,22.63,24.31,2,0.0,388.0,404.0,0.0,336.0,442.0,0,1,1,-0.11877888352911462,0.024299483806140425,0.042523140594663666,-0.20347218178869036,0.056212196299691215,0.10291596539625802,-0.17833332005494543,0.05268346165398495,0.12345214699692608,21.48,30.83,3,1074.0,0.0,0.0,925.0,0.0,0.0,3,0,0,0.05743588393136488,-0.04921900482055543,-0.011513140955899379,0.0738245362290817,-0.0919054272780117,-0.022624263995778177,0.10597797316623658,-0.13865608793090742,-0.03302861356111814
92,least_connections,1683,measured,368,304,6,medium,1,100.0,68.35,4,1106.0,468.0,0.0,943.0,424.0,0.0,3,1,0,0.04199693629348937,-0.020783517024264092,-0.00941243451659537,0.26032002146772315,-0.06964816112929717,-0.061104663317415396,0.16949903372040198,-0.044997061129616295,-0.04204834669015618,33.14,33.81,3,368.0,388.0,404.0,304.0,336.0,442.0,1,1,1,-0.0643827086805368,0.02198524725317467,0.038473317680886174,-0.08896462706051575,0.05085865379495872,0.09311444488232869,-0.07539681338304588,0.04766598911551019,0.11169479966388551,21.48,30.83,3,1074.0,0.0,0.0,925.0,0.0,0.0,3,0,0,0.051965799747425365,-0.0445314805519311,-0.01041665134105182,0.06679362801678818,-0.08315252944201058,-0.020469572186656446,0.09588483286469024,-0.12545074622320196,-0.02988303131720213
92,least_connections,1684,measured,370,305,7,medium,1,100.0,68.35,4,1106.0,468.0,0.0,943.0,424.0,0.0,3,1,0,0.03799722807506181,-0.01880413445052466,-0.008516012181681526,0.23552763847079716,-0.06301500292650697,-0.055285171572899645,0.15335626860417323,-0.04071162673631948,-0.03804374224347464,43.71,43.34,4,738.0,388.0,404.0,609.0,336.0,442.0,2,1,1,-0.015167121912775944,0.019891414181443752,0.034809192187468446,0.01515445306769661,0.04601497248115312,0.0842464025125831,0.018018954558196576,0.04312637110450922,0.10105719969589641,21.48,30.83,3,1074.0,0.0,0.0,925.0,0.0,0.0,3,0,0,0.047016675961956286,-0.04029038716603291,-0.009424589308570694,0.060432330110427424,-0.07523324092372387,-0.018520089121260595,0.08675294402043401,-0.11350305610670654,-0.02703702833461145
92,least_connections,1685,measured,154,121,1,light,2,81.33,53.35,3,1220.0,0.0,0.0,1067.0,0.0,0.0,3,0,0,0.03437844444886545,-0.06009716472961301,-0.007704963402473761,0.28185833956881656,-0.33929928836207773,-0.05001991713738539,0.19484614778472814,-0.2286438527614319,-0.034420528696477055,43.71,43.34,4,738.0,388.0,404.0,609.0,336.0,442.0,2,1,1,-0.01372263411155919,0.017996993783211013,0.031494031026757165,0.013711171823154067,0.04163259414961472,0.0762229356066228,0.01630286364789213,0.039019097665984534,0.09143270448676341,14.66,21.27,3,733.0,0.0,0.0,638.0,0.0,0.0,3,0,0,0.04253889729891283,-0.03645320743593453,-0.008527009374421104,-0.0070278918048513606,-0.06806817035955968,-0.01675627110971197,-0.008064796679924796,-0.10269324123940116,-0.024462073255124644
92,least_connections,1686,measured,369,332,8,medium,0,80.0,54.75,3,831.0,369.0,0.0,763.0,332.0,0.0,2,1,0,-0.011979593344450534,-0.01128972500479726,-0.006971157364142927,0.020379767546389593,-0.08441364185140365,-0.04525611550525345,0.03876556228142075,-0.05667777154605741,-0.031142383106336383,43.71,43.34,4,1126.0,0.0,404.0,945.0,0.0,442.0,3,0,1,0.030668183649632377,-0.026800905851471213,0.028494599500399342,0.11270466566312581,-0.06263173454490642,0.06896360840599206,0.10975020996714047,-0.05969700687363304,0.08272482786897642,11.58,17.23,2,579.0,0.0,0.0,517.0,0.0,0.0,2,0,0,-0.004596326480121954,-0.03298147339441696,-0.007714913243523856,-0.034225235442484556,-0.06158548746817305,-0.015160435765929877,-0.04378878429770974,-0.09291293254993438,-0.022132351992731822
92,least_connections,1687,measured,151,108,1,light,2,80.0,54.75,3,1200.0,0.0,0.0,1095.0,0.0,0.0,3,0,0,0.032245220534159263,-0.05329841332633584,-0.006307237615176934,0.24101026587530483,-0.2989456759607938,-0.04094600926665788,0.18526408015938062,-0.2014703647321472,-0.02817644185811387,43.71,43.34,4,1126.0,0.0,404.0,945.0,0.0,442.0,3,0,1,0.027747404254429286,-0.024248438627521574,0.02578082811940893,0.10197088798092335,-0.05666680744539152,0.06239564570065948,0.09929780901788898,-0.05401157764757275,0.07484627283383581,3.02,3.6,1,151.0,0.0,0.0,108.0,0.0,0.0,1,0,0,-0.04724248132782008,-0.029840380690186775,-0.006980159601283489,-0.10841330825748602,-0.055720202947394666,-0.013716584740603222,-0.1629676302376104,-0.084064081830893,-0.020024508945804983
92,least_connections,1688,measured,398,305,10,medium,2,80.0,54.75,3,1200.0,0.0,0.0,1095.0,0.0,0.0,3,0,0,0.02917424714995362,-0.04822237396192291,-0.005706548318493416,0.21805690722051385,-0.270474659202623,-0.03704638933649999,0.1676198820489634,-0.18228271094813317,-0.02549297120496017,43.71,43.34,4,1126.0,404.0,0.0,945.0,442.0,0.0,3,1,0,0.025104794325436025,0.021144836706618802,-0.01975838907110167,0.09225937483988303,0.05316540550859134,-0.04798217089668223,0.08984087482570907,0.07610262022362466,-0.057252181721767596,7.96,10.17,1,0.0,398.0,0.0,0.0,305.0,0.0,0,1,0,-0.08582709761859458,0.016085460554683614,-0.0063153824963993474,-0.1254120408043921,0.021605530666642926,-0.012410243336736248,-0.18001833211974275,0.015926148184747607,-0.018117412855728317
92,least_connections,1689,measured,451,450,16,heavy,2,80.0,54.75,3,1200.0,0.0,0.0,1095.0,0.0,0.0,3,0,0,0.026395747421386603,-0.04362976691793025,-0.005163067526255948,0.1972895827233221,-0.24471516784999223,-0.03351816178064285,0.1516560837585859,-0.16492245276259668,-0.023065069185440153,33.2,33.84,3,758.0,404.0,0.0,641.0,442.0,0.0,2,1,0,-0.020370038694220022,0.01913104273455987,-0.01787663773099675,-0.011656483988405159,0.048102033555392165,-0.04341244033509345,-0.004667779919596549,0.06885475163089849,-0.05179959298636116,16.98,25.17,2,0.0,398.0,451.0,0.0,305.0,450.0,0,1,1,-0.07765308832158557,0.014553511930428031,0.0373699827300151,-0.11346803691825953,0.0195478610793436,0.07038120840961959,-0.16287372906071962,0.014409372167152601,0.11932234074957913
92,least_connections,1690,measured,486,430,19,heavy,2,55.8,37.8,2,837.0,0.0,0.0,756.0,0.0,0.0,2,0,0,-0.01920203351216948,-0.039474551020984516,-0.004671346809469667,-0.04045228229794673,-0.22140896138808822,-0.0303259558967721,-0.016144495646993662,-0.14921555249949223,-0.02086839592968395,33.2,33.84,3,758.0,404.0,0.0,641.0,442.0,0.0,2,1,0,-0.01843003500905621,0.017309038664601786,-0.016174100804235154,-0.0105463426561761,0.04352088750249768,-0.03927792220794169,-0.004223229451063543,0.062297156237479584,-0.04686629841623152,26.7,39.5,3,0.0,398.0,937.0,0.0,305.0,880.0,0,1,2,-0.07025755610048219,0.01316746317514917,0.07689483698248531,-0.10266155721175863,0.01768616002416802,0.15162109332298918,-0.14736194534065108,0.013037051008376169,0.23764084797977797
92,least_connections,1691,measured,169,125,7,light,0,67.07,44.05,3,1006.0,0.0,0.0,881.0,0.0,0.0,3,0,0,0.02571063181098497,-0.03571506997136694,-0.004226456637139223,0.06533682395265128,-0.20032239363684173,-0.027437769620889042,0.04194069441462478,-0.13500454749954058,-0.01888092965066643,22.63,24.31,2,388.0,404.0,0.0,336.0,442.0,0.0,1,1,0,-0.059758693806379645,0.015660558791782568,-0.014633710251450854,-0.10518818757327499,0.039376041073688375,-0.035537167711947246,-0.09005613617000989,0.056364093738672,-0.04240284142420947,26.7,39.5,3,398.0,451.0,486.0,305.0,450.0,430.0,1,1,1,-0.02048246005463128,0.0119134190632302,0.026487618947872205,-0.020865218429686375,0.025592240021866303,0.055571465387466365,-0.04134334737170019,0.05552558583297526,0.07929410055313243
92,least_connections,1692,measured,154,121,9,light,1,35.87,22.85,2,538.0,0.0,0.0,457.0,0.0,0.0,2,0,0,-0.019821900016818578,-0.03231363473599866,-0.003823936957411678,-0.22317144499522024,-0.181244070433333,-0.024824648704613896,-0.15386318124391093,-0.12214697154720339,-0.017082745874412487,27.03,28.09,3,388.0,558.0,0.0,336.0,563.0,0.0,1,2,0,-0.05406738963434349,0.057252977228846355,-0.013240023560836487,-0.0951702649472488,0.07543546573333709,-0.03215267554890465,-0.08147936129667561,0.08520739433498895,-0.03836447557428476,26.7,39.5,3,398.0,451.0,486.0,305.0,450.0,430.0,1,1,1,-0.01853174957323782,0.010778807723874947,0.023964988571884376,-0.01887805476971624,0.02315488382930761,0.05027894487437433,-0.03740588571725255,0.05023743480126333,0.07174228145283411
92,least_connections,1693,measured,367,340,13,medium,0,60.33,39.85,3,538.0,367.0,0.0,457.0,340.0,0.0,2,1,0,-0.01793410001521681,0.013847754513234771,-0.0034597524852772324,-0.20191702166234216,0.057382348973016195,-0.02246039644703162,-0.13920954493496704,0.04329559717157791,-0.015455817695897012,15.94,17.59,2,0.0,558.0,0.0,0.0,563.0,0.0,0,2,0,-0.09200201465783005,0.05180031273086099,-0.011979068935994916,-0.18640574991825912,0.06825113566349547,-0.029090515972818493,-0.16871942212556365,0.07709240439832332,-0.03471071599578145,26.7,39.5,3,398.0,451.0,486.0,305.0,450.0,430.0,1,1,1,-0.016766821042453264,0.009752254607315422,0.021682608707895387,-0.01708014479164803,0.02094965679794497,0.04549047393395772,-0.03384342041084755,0.04545291720114303,0.06490968321923087
92,least_connections,1694,measured,153,124,6,light,1,35.73,23.25,2,169.0,367.0,0.0,125.0,340.0,0.0,1,1,0,-0.05930999071671543,0.012528920750069554,-0.003130252248584163,-0.40525825769449997,0.05191736335653846,-0.020321311071123848,-0.27614196922687495,0.03917220696476095,-0.013983835058192534,20.31,21.47,3,307.0,404.0,0.0,245.0,442.0,0.0,2,1,0,0.002927882429763745,0.003783049386878762,-0.010838205227804924,-0.08929227713692833,0.021941503695543527,-0.026319990642073875,-0.0833800723993195,0.03553896112229253,-0.031404933519992746,26.7,39.5,3,398.0,451.0,486.0,305.0,450.0,430.0,1,1,1,-0.015169980943171998,0.00882346845423776,0.019617598354762494,-0.015453464335300607,0.018954451388616872,0.04115804784500937,-0.030620237514576334,0.04112406794389131,0.05872780862692316
92,least_connections,1695,measured,394,307,10,medium,0,62.0,38.6,3,169.0,761.0,0.0,125.0,647.0,0.0,1,2,0,-0.05366142017226634,0.05441959042920125,-0.0028321329868142425,-0.3666622331521666,0.2846236462114713,-0.018385948111969197,-0.24984273406241064,0.17432247296811706,-0.012652041243126579,20.31,21.47,3,711.0,0.0,0.0,687.0,0.0,0.0,3,0,0,0.04573293671082933,-0.039661141257676585,-0.009805995206109218,0.02364712340672473,-0.08458353747273953,-0.02381332486663827,0.04953112497204429,-0.09281593993697343,-0.028413987470469627,26.7,39.5,3,398.0,937.0,0.0,305.0,880.0,0.0,1,2,0,-0.013725220853346098,0.0510670383520201,-0.025334644572448446,-0.01398170582717674,0.10509212268493909,-0.05070462337832485,-0.027704024417950016,0.16689002972701278,-0.07654785568675207
92,least_connections,1696,measured,351,343,10,medium,0,85.4,55.75,4,169.0,1112.0,0.0,125.0,990.0,0.0,1,3,0,-0.04855080872728859,0.09232067251984422,-0.0025624060356890764,-0.33174202047100787,0.4692309180008549,-0.0166349054346388,-0.22604818796122866,0.3128869993521059,-0.011447084934257381,20.31,21.47,3,711.0,0.0,0.0,687.0,0.0,0.0,3,0,0,0.04137741892884558,-0.03588388970932643,-0.008872090900765482,0.021395016415608092,-0.07652796247533576,-0.02154538916505367,0.044813874974706736,-0.08397632660964263,-0.025707893425662997,26.7,39.5,3,398.0,937.0,0.0,305.0,880.0,0.0,1,2,0,-0.01241805696255123,0.04620351088992295,-0.022921821279834307,-0.012650114796017048,0.09508334909589727,-0.0458756116280082,-0.02506554590195477,0.150995741181583,-0.0692575837165852
92,least_connections,1697,measured,187,119,3,light,1,85.4,55.75,4,169.0,1112.0,0.0,125.0,990.0,0.0,1,3,0,-0.04392692218183253,0.08352822751795429,-0.00231836736562345,-0.3001475423309119,0.42454225914363064,-0.015050628726577961,-0.2045197891077783,0.2830882375090482,-0.010356886369090011,25.66,25.19,4,898.0,0.0,0.0,806.0,0.0,0.0,4,0,0,0.08052061259095099,-0.0324663764036763,-0.008027129862597342,0.06769753185901956,-0.06923958509673235,-0.019493447339810465,0.07419172021521087,-0.07597858121824809,-0.0232595226232189,26.7,39.5,3,398.0,937.0,0.0,305.0,880.0,0.0,1,2,0,-0.011235384870879689,0.0418031765194541,-0.02073879068175485,-0.011445341958301145,0.08602779203914515,-0.04150650575867408,-0.02267835105414956,0.13661519440238462,-0.06266162336262471
92,least_connections,1698,measured,487,414,19,heavy,2,74.13,49.5,3,394.0,718.0,0.0,307.0,683.0,0.0,1,2,0,-0.039743405783562766,0.0324892580037727,-0.002097570473659312,-0.13584777639463458,0.1464588693839199,-0.013617235514522917,-0.10270838062132323,0.11724650060342462,-0.009370516238700487,25.66,25.19,4,898.0,0.0,0.0,806.0,0.0,0.0,4,0,0,0.07285198282038423,-0.02937434055570713,-0.007262641304254738,0.06125014787244629,-0.06264533889704356,-0.0176369285455428,0.06712584209947647,-0.06874252586412923,-0.021044329992436148,28.48,43.13,3,451.0,486.0,487.0,450.0,430.0,414.0,1,1,1,-0.01016534821651019,-0.005261978613917945,0.024320232467074408,-0.0007648332003677011,-0.0037748548217258204,0.05057030431358059,0.023211650633547215,-0.012110062207366296,0.06816329314810146
92,least_connections,1699,measured,448,426,18,heavy,0,100.0,70.8,4,1112.0,0.0,448.0,990.0,0.0,426.0,3,0,1,0.05020948093505319,-0.05677275749772039,0.04118609836963704,0.31016947215088614,-0.30056895944629475,0.25790186628051104,0.21604956039023138,-0.20289602326356823,0.1842361995935567,25.66,25.19,4,898.0,0.0,0.0,806.0,0.0,0.0,4,0,0,0.0659136987422524,-0.02657678431230645,-0.006570961180040001,0.05541680045602285,-0.056679116144944176,-0.015957221065014914,0.060732904756669204,-0.06219561863897406,-0.01904010808839461,28.48,43.13,3,451.0,486.0,487.0,450.0,430.0,414.0,1,1,1,-0.00919721981493779,-0.004760837793544803,0.02200401985116256,-0.0006919919431898208,-0.003415344838704315,0.045754084855144345,0.021001017239876046,-0.010956722949521908,0.061671550943520365
92,least_connections,1700,measured,355,340,8,medium,2,100.0,70.8,4,1112.0,0.0,448.0,990.0,0.0,426.0,3,0,1,0.04542762560790527,-0.051365828212223213,0.037263612810623986,0.2806295224222303,-0.27194334426093336,0.23333978377760523,0.1954734117816379,-0.18357259247656174,0.16668989487036082,15.94,17.59,2,558.0,0.0,0.0,563.0,0.0,0.0,2,0,0,-0.02653159682957207,-0.024045661996848693,-0.005945155353369525,-0.03775214652618342,-0.05128110508352092,-0.014437485725489684,-0.013756538553489767,-0.0562722263876432,-0.017226764460928457,35.58,54.47,4,451.0,841.0,487.0,450.0,770.0,414.0,1,2,1,-0.008321294118277048,0.03877647555640731,0.019908398912956603,-0.0006260879486003207,0.06114802133641038,0.04139655296417821,0.019000920359887846,0.0926264570139246,0.055798069901280334
92,least_connections,1701,measured,187,120,8,light,1,100.0,70.8,4,1112.0,0.0,448.0,990.0,0.0,426.0,3,0,1,0.041101185073819047,-0.04647384457296386,0.03371469730485027,0.25390290123916076,-0.24604397814084447,0.2111169472273571,0.17685689637386287,-0.1660894884311749,0.1508146667874693,16.89,17.56,2,404.0,187.0,0.0,442.0,120.0,0.0,1,1,0,-0.0670886783106559,0.021328301277227596,-0.005378950081620047,-0.07396622780940405,0.0019429457407599895,-0.013062487084966858,-0.04665770154839549,-0.016984395303105755,-0.015586120226554319,35.58,54.47,4,806.0,486.0,487.0,790.0,430.0,414.0,2,1,1,0.03555511031022099,-0.008000422342388847,0.018012360921246452,0.06367163471317115,-0.008913694981342979,0.03745402411044696,0.11973099143672389,-0.018734792860417404,0.05048396800592031
92,least_connections,1702,measured,200,102,7,light,1,100.0,70.8,4,1112.0,0.0,448.0,990.0,0.0,426.0,3,0,1,0.037186786495360086,-0.04204776413744349,0.030503773752007392,0.22972167254971687,-0.2226112183179069,0.19101057130094215,0.16001338243349494,-0.15027144191392017,0.13645136518866272,11.06,6.94,2,387.0,0.0,0.0,222.0,0.0,0.0,2,0,0,-0.017615380149550358,-0.02378686573783716,-0.004866669121465757,-0.07131638298401863,-0.04658223276516273,-0.011818440695922396,-0.10441649187711972,-0.04929540527423854,-0.014101727824025335,35.58,54.47,4,1292.0,0.0,487.0,1220.0,0.0,414.0,3,0,1,0.07525280955505255,-0.0503223775841568,0.01629689797636584,0.1455505266452501,-0.09600762879264364,0.0338869741951663,0.23801057955386132,-0.14663306655625066,0.04567597105297552
92,least_connections,1703,measured,446,443,18,heavy,1,100.0,70.8,4,1112.0,448.0,0.0,990.0,426.0,0.0,3,1,0,0.03364518778151626,0.005040685054784694,-0.015485247784464966,0.20784341802117245,0.06881207231554459,-0.0974031339023222,0.144774012677924,0.05675440969692935,-0.06925828863882896,23.8,20.78,3,387.0,0.0,446.0,222.0,0.0,443.0,2,0,1,-0.015937724897212235,-0.02152144995328124,0.038680723402574065,-0.06452434650935018,-0.04214582964467104,0.10459964209144436,-0.0944720640792988,-0.04460060477193011,0.11249427006397707,35.58,54.47,4,1292.0,487.0,0.0,1220.0,414.0,0.0,3,1,0,0.06808587531171421,-0.0024458699684321156,-0.02833908777195018,0.13168857172665485,0.0012597644257033719,-0.05746416620437335,0.21534290531063643,-0.007810869741369658,-0.08353126428540311
92,least_connections,1704,measured,195,124,9,light,1,100.0,70.8,4,1112.0,448.0,0.0,990.0,426.0,0.0,3,1,0,0.030440884183276617,0.004560619811471864,-0.014010462281182589,0.18804880678106084,0.062258541618826074,-0.0881266449592439,0.13098601147050265,0.051349227821031296,-0.06266226114941668,29.37,24.66,4,387.0,195.0,446.0,222.0,124.0,443.0,2,1,1,-0.014419846335572972,0.023612112173788627,0.034996844983281296,-0.05837917065131684,0.0122762221582228,0.0946377714160687,-0.08547472464317511,-0.005293404317460573,0.10178053005788401,35.58,54.47,4,1292.0,487.0,0.0,1220.0,414.0,0.0,3,1,0,0.06160150623440809,-0.0022129299714385847,-0.025640127031764447,0.11914680299078295,0.0011397868613506612,-0.051991388470623505,0.19483405718581392,-0.007066977385048745,-0.07557590578203138
92,least_connections,1705,measured,194,100,7,light,0,90.67,60.45,4,912.0,448.0,0.0,783.0,426.0,0.0,3,1,0,0.027541752356297883,0.004126275067522167,-0.01267613254011758,0.049504475976515416,0.05632915670274741,-0.07973363115360162,0.024868296092359576,0.04645882517140926,-0.056694426754234147,29.37,24.66,4,387.0,195.0,446.0,222.0,124.0,443.0,2,1,1,-0.01304652763694697,0.021363339585808758,0.0316638121277307,-0.05281924963690571,0.011107058143153957,0.08562465032882408,-0.07733427467715843,-0.00478927057294052,0.09208714624284745,26.56,39.47,3,841.0,487.0,0.0,770.0,414.0,0.0,2,1,0,0.012650795890088051,-0.0020021747360634834,-0.023198210171596404,0.026189964610708355,0.0010312357316982074,-0.04703982766389746,0.04056414697764116,-0.0063939319198060285,-0.06837820046945696
92,least_connections,1706,measured,390,325,10,medium,2,42.8,26.3,2,194.0,448.0,0.0,100.0,426.0,0.0,1,1,0,-0.06124907213114998,0.0037332964896629184,-0.011468881822011145,-0.38828960110061306,0.05096447511200958,-0.07213995199611575,-0.2864763035354842,0.04203417515508456,-0.05129495753954518,29.37,24.66,4,582.0,0.0,446.0,346.0,0.0,443.0,3,0,1,0.03127989903142439,-0.023755164411025636,0.02864821097270873,0.0026193183557247646,-0.04035892018340492,0.07746992172607892,-0.0349095818507624,-0.03939267337551761,0.08331694183876674,34.36,50.3,4,841.0,877.0,0.0,770.0,739.0,0.0,2,2,0,0.011445958186270144,0.04127240879889041,-0.020988856821920556,0.023695682266831358,0.07150445137629838,-0.0425598440768596,0.03670089488453249,0.09223088699319135,-0.06186599090093725
92,least_connections,1707,measured,362,309,7,medium,0,66.93,41.75,3,556.0,448.0,0.0,409.0,426.0,0.0,2,1,0,-0.012331926939521176,0.003377744443028352,-0.010376607362771989,-0.1329604327418245,0.04611071557753249,-0.06526948037743806,-0.11940713177019999,0.03803092037840983,-0.04640972348815993,29.37,24.66,4,582.0,446.0,0.0,346.0,443.0,0.0,3,1,0,0.028300861028431587,0.0215911324263056,-0.017164090299068516,0.002369859464703361,0.07877730350753159,-0.04520068306415988,-0.031584859769737406,0.08961198599357931,-0.04987098119349675,34.36,50.3,4,841.0,877.0,0.0,770.0,739.0,0.0,2,2,0,0.010355866930434887,0.03734170319899609,-0.01898991807697574,0.021438950622371222,0.06469450362617472,-0.03850652559334916,0.03320557156219606,0.08344699299383979,-0.05597399176751466
92,least_connections,1708,measured,191,106,8,light,0,79.67,47.05,4,556.0,639.0,0.0,409.0,532.0,0.0,2,2,0,-0.01115745770718582,0.04613995472283064,-0.00938835904250799,-0.12029753438546026,0.15692556806221192,-0.05905333938911062,-0.1080350239825619,0.08236130891379939,-0.04198974982262089,29.37,24.66,4,582.0,446.0,0.0,346.0,443.0,0.0,3,1,0,0.025605540930485712,0.01953483409999078,-0.015529415032490562,0.0021441585633030225,0.07127470317348097,-0.04089585610566846,-0.02857677788690527,0.08107751113704795,-0.04512136393697325,27.26,38.97,3,486.0,877.0,0.0,430.0,739.0,0.0,1,2,0,-0.03371430633731627,0.033785350513377416,-0.017181354450597097,-0.044840949436902214,0.05853312232844379,-0.034839237441601625,-0.07249654636436229,0.07549966032775982,-0.050643135408703736
92,least_connections,1709,measured,161,102,4,light,2,79.67,47.05,4,747.0,448.0,0.0,515.0,426.0,0.0,3,1,0,0.032989057539303535,-0.001338226906101081,-0.008494229609888182,0.006365722857599454,0.0267739266594616,-0.053429211828242944,-0.04979359312707976,0.026564993779151808,-0.037990726029990325,18.31,17.72,2,195.0,446.0,0.0,124.0,443.0,0.0,1,1,0,-0.06300088246878956,0.017674373709515467,-0.014050423124634318,-0.09810086334068502,0.06448663620457802,-0.03700101266703337,-0.08862303713577144,0.07335584340971003,-0.04082409118107103,20.76,28.03,3,551.0,487.0,0.0,427.0,414.0,0.0,2,1,0,0.012580480207280753,-0.012516202143225422,-0.015545034979111659,-0.028808478061959117,-0.017612889321884193,-0.031521214828115755,-0.06649687528204207,-0.02970665652885221,-0.04581997965549386
92,least_connections,1710,measured,200,125,1,light,1,79.67,47.05,4,1195.0,0.0,0.0,941.0,0.0,0.0,4,0,0,0.07293114276231771,-0.04429467695132501,-0.007685255361327403,0.27598168576005033,-0.24599819333985223,-0.048340715463648376,0.14766293955168974,-0.16867929134267218,-0.03437256164618172,24.03,21.62,3,395.0,446.0,0.0,249.0,443.0,0.0,2,1,0,-0.013916898197385563,0.015991100022894944,-0.01271228758895486,-0.03705724370279667,0.05834505180414201,-0.03347710669874448,-0.04484048597998368,0.06636957260878527,-0.0369360824971595,20.76,28.03,3,1038.0,0.0,0.0,841.0,0.0,0.0,3,0,0,0.054466239461916144,-0.05440808311824703,-0.014064555457291501,0.06205899603917983,-0.10405928081503808,-0.028519194368295208,0.06469330331624765,-0.15173459400229486,-0.04145617206925635
92,least_connections,1711,measured,487,435,15,heavy,1,79.67,47.05,4,1195.0,0.0,0.0,941.0,0.0,0.0,4,0,0,0.06598531964209697,-0.04007613628929406,-0.006953326279296222,0.24969771568766452,-0.22256979397415202,-0.04373683780044377,0.1335998024515288,-0.15261459692908436,-0.03109898434654537,32.23,31.31,3,195.0,446.0,487.0,124.0,443.0,435.0,1,1,1,-0.05567537954820144,0.014468138115952572,0.03158230669389345,-0.08522866266987728,0.05278838020374753,0.09560234563991146,-0.07591222541046141,0.060048660931758105,0.08957271107399853,20.76,28.03,3,1038.0,0.0,0.0,841.0,0.0,0.0,3,0,0,0.04927897856078127,-0.04922636091650922,-0.0127250739851685,0.056148615464019835,-0.0941488731183678,-0.02580308061893376,0.05853203633374787,-0.1372836802877906,-0.03750796520551765
92,least_connections,1712,measured,175,116,2,light,1,66.73,42.05,3,1001.0,0.0,0.0,841.0,0.0,0.0,3,0,0,0.01661710325894941,-0.036259361404599386,-0.006291104728887058,0.10890110784439488,-0.2013726707385185,-0.03957142467659198,0.07563791650376417,-0.1380798734120287,-0.028137176313541047,37.23,34.94,4,370.0,933.0,0.0,240.0,878.0,0.0,2,2,0,-0.00728906222161535,0.056174120426904936,-0.014509432265615676,-0.031873551939412756,0.1736520718850233,-0.03939379612171276,-0.0358848706094651,0.17732081227159066,-0.041949094742572746,20.76,28.03,3,1038.0,0.0,0.0,841.0,0.0,0.0,3,0,0,0.04458574250737353,-0.044538136067317866,-0.011513162177057215,0.05080112827697031,-0.08518231377376134,-0.023345644369511497,0.05295755668291474,-0.12420904406990577,-0.033935778043087395
92,least_connections,1713,measured,350,315,11,medium,0,90.07,57.8,4,1001.0,350.0,0.0,841.0,315.0,0.0,3,1,0,0.015034521996192318,0.010277811336881729,-0.005691951897564481,0.09852957376397631,0.028916789966737216,-0.0358027175645356,0.06843430540816758,0.017570590722450236,-0.025457445236060947,31.66,31.06,3,175.0,933.0,0.0,116.0,878.0,0.0,1,2,0,-0.049678766046314105,0.05082420419577113,-0.013127581573652278,-0.07924613882953672,0.15711377932454487,-0.035642006014882974,-0.06752678769427795,0.1604331158647725,-0.03795394286232772,17.54,24.63,2,877.0,0.0,0.0,739.0,0.0,0.0,2,0,0,-0.002744418910562263,-0.0402964088228114,-0.010416670541147003,0.016829592250592162,-0.07706971246197455,-0.021122249667653258,0.017152075094065716,-0.11237961130134332,-0.030703799181840977
92,least_connections,1714,measured,173,100,3,light,2,65.93,42.35,3,639.0,350.0,0.0,532.0,315.0,0.0,2,1,0,-0.029481237468297644,0.009298972161940616,-0.005149861240653578,-0.1292034015151326,0.026162809969905082,-0.03239293493934173,-0.07786896177356262,0.01589720112983592,-0.02303292664215038,26.66,27.44,2,446.0,487.0,0.0,443.0,435.0,0.0,1,1,0,-0.04494745499428418,0.0028999035694165093,-0.011877335709494919,-0.0016444657437305055,0.026858045239214076,-0.03224752925156078,0.03135969208612946,0.019900795306222754,-0.03433928163734413,21.0,27.97,3,1050.0,0.0,0.0,839.0,0.0,0.0,3,0,0,0.04060085454577246,-0.03645865560159127,-0.009424606680085384,0.04653153584577385,-0.06972973984654841,-0.01911060684216247,0.04567727429145632,-0.10167679117740586,-0.027779627831189455
92,least_connections,1715,measured,351,301,9,medium,1,65.93,42.35,3,639.0,350.0,0.0,532.0,315.0,0.0,2,1,0,-0.026673500566555014,0.008413355765565317,-0.004659398265353237,-0.11689831565654857,0.023671113782295056,-0.02930789351654728,-0.07045287017608043,0.01438318197461344,-0.020839314580993203,36.69,36.84,3,446.0,838.0,0.0,443.0,736.0,0.0,1,2,0,-0.040666744994828544,0.045707622503848494,-0.010746160880019211,-0.0014878499586133132,0.11503483004636375,-0.029176335989507377,0.028373054744593312,0.10310964813420156,-0.031068873862358973,21.0,27.97,3,1050.0,0.0,0.0,839.0,0.0,0.0,3,0,0,0.03673410649379413,-0.032986402687154005,-0.008527025091505824,0.0420999610033192,-0.06308881224211524,-0.017290549047670807,0.04132705769227002,-0.09199328725574815,-0.02513394899012379
92,least_connections,1716,measured,469,428,14,heavy,0,84.47,58.45,3,448.0,819.0,0.0,426.0,743.0,0.0,1,2,0,-0.06721706740602143,0.050695984014649795,-0.004215646049605309,-0.22097149194322646,0.304305610882394,-0.026516665562590396,-0.11169545396883471,0.20663240273893596,-0.018854617954231944,36.69,36.84,3,446.0,838.0,0.0,443.0,736.0,0.0,1,2,0,-0.03679372166198773,0.04135451559872007,-0.009722716986684048,-0.0013461499625548878,0.10407913194671006,-0.02639763732384001,0.02567085905463204,0.09328968164523,-0.028109933494515262,13.2,17.13,2,660.0,0.0,0.0,514.0,0.0,0.0,2,0,0,-0.00984828006570554,-0.029844840526472672,-0.007714927463743365,-0.03248098766366356,-0.05708035393334236,-0.015643830090749777,-0.06062472558000967,-0.08323202180281976,-0.022740239562492954
92,least_connections,1717,measured,163,108,8,light,2,54.6,37.15,2,350.0,469.0,0.0,315.0,428.0,0.0,1,1,0,-0.06081544193878129,0.0027838948341162573,-0.003814155949642899,-0.25903769905974455,0.06421301302057866,-0.02399126884234369,-0.15127207740037427,0.044453126287608724,-0.0170589400538289,36.69,36.84,3,797.0,487.0,0.0,744.0,435.0,0.0,2,1,0,0.009794342532577993,-0.005667909923153497,-0.008796743940333186,0.0895167486733347,0.0034321397885199723,-0.023883576626331435,0.10833018200180995,-0.0006992166066966954,-0.025432796971228095,3.26,3.6,1,0.0,163.0,0.0,0.0,108.0,0.0,0,1,0,-0.09507814908439118,0.01608142546471067,-0.006980172467196378,-0.1488161316956956,-0.022148891653976426,-0.014153941510678369,-0.20986681520731035,-0.042733734012075024,-0.02057450246130315
92,least_connections,1718,measured,425,413,13,heavy,2,54.6,37.15,2,350.0,469.0,0.0,315.0,428.0,0.0,1,1,0,-0.055023495087468774,0.002518761992771845,-0.003450903002057861,-0.2343674420064355,0.05809748797099973,-0.021706386095453816,-0.13686521288605294,0.04021949521259835,-0.015434279096321387,36.69,36.84,3,797.0,487.0,0.0,744.0,435.0,0.0,2,1,0,0.008861548005665798,-0.005128108978091253,-0.007958958803158597,0.08099134403777902,0.003105269332470434,-0.021608950280966537,0.0980130218111614,-0.0006326245489160498,-0.023010625831111135,11.76,17.37,2,163.0,425.0,0.0,108.0,413.0,0.0,1,1,0,-0.04293918704007274,0.014549861134738225,-0.006315394136987199,-0.10514792867705794,0.027370050408307055,-0.012805947081089952,-0.1573080709018522,0.05332027240177338,-0.018615026036417136
92,least_connections,1719,measured,166,114,4,light,0,65.67,42.85,3,516.0,469.0,0.0,429.0,428.0,0.0,2,1,0,-0.0066992619952381816,0.002278879898222147,-0.003122245573290446,-0.11191974911693375,0.052564393878523574,-0.01963911122922012,-0.07225900213500028,0.03638906709711279,-0.013964347753814589,36.69,36.84,3,1284.0,0.0,0.0,1179.0,0.0,0.0,3,0,0,0.051101491279502614,-0.04772361787360183,-0.007200962726667303,0.19916903916343276,-0.12308162706654037,-0.019550955016112582,0.2116695197339079,-0.12356344602044785,-0.020819137656719597,11.76,17.37,2,163.0,425.0,0.0,108.0,413.0,0.0,1,1,0,-0.0388497406553039,0.013164160074286967,-0.0057139280287027035,-0.09513384023162386,0.02476337894084924,-0.0115863330733671,-0.14232634986358056,0.048242151220652105,-0.016842166413901218
92,least_connections,1720,measured,354,310,8,medium,2,65.67,42.85,3,516.0,469.0,0.0,429.0,428.0,0.0,2,1,0,-0.006061237043310741,0.002061843717439088,-0.0028248888520246893,-0.10126072539151149,0.047558261128188006,-0.017768719683580108,-0.06537719240785736,0.03292344165929251,-0.012634409872498914,36.69,36.84,3,1284.0,0.0,0.0,1179.0,0.0,0.0,3,0,0,0.046234682586216644,-0.043178511409449276,-0.0065151567526989885,0.18020055924310582,-0.11135956734591748,-0.017688959300292337,0.1915105178544881,-0.11179549878040519,-0.018836362641793922,18.84,27.7,3,163.0,779.0,0.0,108.0,723.0,0.0,1,2,0,-0.03514976535479876,0.05499433077015986,-0.0051697444069214935,-0.08607347449527872,0.08646210475600645,-0.01048287278066547,-0.1287714594003824,0.13713972412027253,-0.015238150564958244
92,least_connections,1721,measured,159,122,2,light,0,76.27,48.95,4,675.0,469.0,0.0,551.0,428.0,0.0,3,1,0,0.03759992385423812,0.0018654776491115604,-0.0025558518184985285,0.004287915121965802,0.04302890292550343,-0.01607646066609629,-0.003960316940442354,0.029787875786978918,-0.011431132741784733,23.94,23.0,2,838.0,0.0,0.0,736.0,0.0,0.0,2,0,0,-0.0012525207439899322,-0.03906627222759696,-0.0058946656333943226,0.04774608421315016,-0.10075389426535392,-0.016004296509788307,0.04801844472548927,-0.10114830842036661,-0.017042423342575455,18.84,27.7,3,517.0,425.0,0.0,418.0,413.0,0.0,2,1,0,0.011281731572415632,0.006672875231958697,-0.0046773877967384945,-0.013818857876680746,0.014170475731624887,-0.009484503944411617,-0.023015447393996774,0.03058673452151643,-0.013786898130200316
92,least_connections,1722,measured,364,344,12,medium,1,76.27,48.95,4,675.0,469.0,0.0,551.0,428.0,0.0,3,1,0,0.03401897872526306,0.0016878131111009304,-0.002312437359593907,0.0038795422532071355,0.038930912170693555,-0.01454536917408712,-0.0035831438984954556,0.026950935235838053,-0.01034245343304333,34.34,33.75,3,838.0,364.0,0.0,736.0,344.0,0.0,2,1,0,-0.0011332330540861357,0.007738225354169639,-0.005333268906404387,0.04319883809761205,0.0029369528075369328,-0.014480077794570372,0.04344525951353792,0.0057467685720492545,-0.015419335405187317,18.84,27.7,3,517.0,425.0,0.0,418.0,413.0,0.0,2,1,0,0.010207280946471275,0.0060373633051054865,-0.004231922292287209,-0.012502776174139724,0.012820906614327277,-0.008581217854467653,-0.02082350002313993,0.027673712186133903,-0.012473860213038382
92,least_connections,1723,measured,416,422,13,heavy,1,54.6,37.15,2,819.0,0.0,0.0,743.0,0.0,0.0,2,0,0,-0.012304824237233641,-0.041556831221475576,-0.002092205230108773,0.09036720489575889,-0.24766568263921376,-0.013160095919412156,0.08361525075850407,-0.16923486811995606,-0.009357457867991584,46.23,46.94,4,838.0,780.0,0.0,736.0,766.0,0.0,2,2,0,-0.0010253060965541294,0.05008515173767276,-0.004825338534365874,0.03908466304069663,0.11019465798232934,-0.01310102276651605,0.03930761575034383,0.12451493346994932,-0.013950827271359954,18.84,27.7,3,517.0,425.0,0.0,418.0,413.0,0.0,2,1,0,0.009235158951569261,0.005462376323666862,-0.0038288820739741415,-0.011312035586126423,0.01159986788915325,-0.00776395901118502,-0.018840309544745637,0.025038120549359236,-0.011285873526082346
92,least_connections,1724,measured,351,310,10,medium,0,54.67,36.9,2,469.0,351.0,0.0,428.0,310.0,0.0,1,1,0,-0.054216836441397326,0.0054848624549461295,-0.0018929475891460326,-0.12935030668161507,-0.012364189054526742,-0.011906753450896713,-0.06684810645659159,-0.012879166394245939,-0.008466271404373338,36.2,37.53,3,487.0,780.0,0.0,435.0,766.0,0.0,1,2,0,-0.044011558123639674,0.04531513728646583,-0.004365782483473886,-0.05537237969787312,0.09969992865067892,-0.01185330631256214,-0.049540133368736555,0.1126563683775732,-0.012622177055039959,18.84,27.7,3,942.0,0.0,0.0,831.0,0.0,0.0,3,0,0,0.05143952023055813,-0.038141750219630205,-0.0034642266383575564,0.06667006304112372,-0.06640964333838516,-0.007024534343453113,0.10750956120554761,-0.1019020179156591,-0.010211028428360218
92,least_connections,1725,measured,397,346,9,medium,0,81.13,54.2,3,469.0,748.0,0.0,428.0,656.0,0.0,1,2,0,-0.04905332820888329,0.04804639482885149,-0.00171266686637022,-0.11703122985479458,0.22827367022050754,-0.010772776931763694,-0.060481620127392416,0.14487123040520608,-0.007659959842052068,36.2,37.53,3,487.0,780.0,0.0,435.0,766.0,0.0,1,2,0,-0.039819981159483514,0.040999409925850036,-0.003949993675523992,-0.05009881972664712,0.09020469735061426,-0.010724419997080032,-0.04482202542885688,0.10192719043685194,-0.011420064954559963,15.58,24.1,2,779.0,0.0,0.0,723.0,0.0,0.0,2,0,0,0.0034566180770809474,-0.03450920257966542,-0.003134300291847313,0.030825295132445252,-0.06008491540139609,-0.0063555310726480544,0.06469912680501924,-0.09219706382845347,-0.00923854953042115
92,least_connections,1726,measured,187,114,4,light,2,81.13,54.2,3,469.0,748.0,0.0,428.0,656.0,0.0,1,2,0,-0.04438158266518012,0.0434705477022942,-0.0015495557362397228,-0.10588539844005224,0.2065333206756973,-0.009746798176357627,-0.05472146582954554,0.13107397036661503,-0.006930439857094728,22.29,23.94,2,0.0,780.0,0.0,0.0,766.0,0.0,0,2,0,-0.07911150222819484,0.03709470421862622,-0.0035738038016645646,-0.17121866002478958,0.08161377379341289,-0.009703046664024792,-0.1635443325308705,0.09221983896667557,-0.010332439720792348,19.32,27.9,3,966.0,0.0,0.0,837.0,0.0,0.0,3,0,0,0.04621131658221156,-0.031222611857792525,-0.0028357955021475686,0.061727647976974304,-0.054362542506025034,-0.005750242399062525,0.09291825758549363,-0.08341639108288647,-0.00835868767038104
92,least_connections,1727,measured,473,406,17,heavy,1,81.13,54.2,3,1217.0,0.0,0.0,1084.0,0.0,0.0,3,0,0,0.046013035185018425,-0.04683730491334379,-0.0014019789994549874,0.35537352839550834,-0.264311122563258,-0.008818531683371187,0.24725200710660167,-0.1781711696683007,-0.006270397965942849,35.8,36.62,3,364.0,416.0,473.0,344.0,422.0,406.0,1,1,1,-0.028493173217799858,-0.009522024981333643,0.039850458691918,-0.06081688287957156,-0.020254204663102626,0.1134931618618007,-0.050706777051739996,-0.013824907601579256,0.105443268824045,19.32,27.9,3,966.0,0.0,0.0,837.0,0.0,0.0,3,0,0,0.04181023881247713,-0.028249029776098,-0.0025657197400382765,0.05584882436011959,-0.04918515750545122,-0.005202600265818476,0.0840688997202085,-0.07547197288451633,-0.007562622177963799
92,least_connections,1728,measured,166,115,9,light,0,92.2,59.95,4,1217.0,166.0,0.0,1084.0,115.0,0.0,3,1,0,0.041630841357873816,0.0007072910194463183,-0.001268457189983084,0.321528430453079,-0.13901165057310647,-0.007978671523050122,0.22370419690597293,-0.10917867731893874,-0.005673217207281625,35.8,36.62,3,364.0,416.0,473.0,344.0,422.0,406.0,1,1,1,-0.02577953767324749,-0.008615165459301868,0.036055176911735334,-0.05502479879580284,-0.018325232790426194,0.10268428930353396,-0.04587756018966953,-0.012508249734762167,0.09540105274556453,12.24,17.57,2,612.0,0.0,0.0,527.0,0.0,0.0,2,0,0,-0.005255588920230453,-0.02555864598789819,-0.00232136547908225,-0.013527254150367998,-0.044500856790646345,-0.004707114526216716,-0.017429725649970113,-0.06828416594313383,-0.006842372446729151
92,least_connections,1729,measured,363,312,8,medium,2,92.2,59.95,4,1217.0,166.0,0.0,1084.0,115.0,0.0,3,1,0,0.0376659993237906,0.0006399299699752364,-0.0011476517433180284,0.29090667517183333,-0.12577244575662014,-0.0072187980446643965,0.20239903529588027,-0.09878070805046837,-0.0051329108065881375,35.8,36.62,3,780.0,0.0,473.0,766.0,0.0,406.0,2,0,1,0.019759556617628682,-0.0508785737375543,0.03262135053918911,0.057753073198355265,-0.12411738749065772,0.09290483317938787,0.07780720744744188,-0.1306324640457372,0.08631523819836791,19.5,27.97,3,612.0,363.0,0.0,527.0,312.0,0.0,2,1,0,-0.004755056642113259,0.019959410999611384,-0.002100283052502988,-0.01223894423128534,0.025423034332272353,-0.004258817904672267,-0.015769751778544394,0.032314326051450334,-0.006190717927993042
92,least_connections,1730,measured,362,332,14,medium,1,60.93,38.55,3,914.0,0.0,0.0,771.0,0.0,0.0,3,0,0,0.0340787612929534,-0.042504915968208344,-0.00103835157728774,0.08043937277451585,-0.2139211017163071,-0.006531293468982073,0.0415276986010345,-0.1413968310932809,-0.004644062158341648,46.14,47.0,4,780.0,835.0,0.0,766.0,738.0,0.0,2,2,0,0.017877694082616413,0.04013480516715608,-0.013569344977014838,0.05225278051279761,0.10355365621593554,-0.038215355014567444,0.07039699721435219,0.09046943729195206,-0.03669692734433379,15.76,24.17,2,788.0,0.0,0.0,725.0,0.0,0.0,2,0,0,-0.004302194104769147,-0.025025385512823257,-0.0019002560951217513,0.020774288552646597,-0.04268392131842025,-0.003853216199465384,0.04544641505750746,-0.06485846690583065,-0.005601125744374657
92,least_connections,1731,measured,351,308,13,medium,2,60.93,38.55,3,914.0,0.0,0.0,771.0,0.0,0.0,3,0,0,0.030833164979338787,-0.03845682873314088,-0.0009394609508793838,0.07277848012932386,-0.19354766345761118,-0.005909265519555209,0.03757267968665029,-0.12793046622725415,-0.004201770524213872,46.14,47.0,4,780.0,835.0,0.0,766.0,738.0,0.0,2,2,0,0.01617505655093865,0.03631244277028407,-0.012277026407775329,0.0472763252258645,0.0936914032429893,-0.03457579739413245,0.0636925212891758,0.08185330040700425,-0.03320198188296867,14.28,20.67,2,363.0,351.0,0.0,312.0,308.0,0.0,1,1,0,-0.04697636155964373,0.02044188476277442,-0.001719279324157775,-0.058108977023795916,0.024895499759524535,-0.0034862432280877284,-0.08343737050352502,0.034207418831232586,-0.005067685197291356
92,least_connections,1732,measured,376,344,12,medium,2,60.93,38.55,3,914.0,0.0,0.0,771.0,0.0,0.0,3,0,0,0.027896673076544615,-0.03479427361569889,-0.0008499884793670615,0.06584719630748348,-0.1751145526521244,-0.0053464783272166175,0.033994329240302656,-0.115746612300849,-0.0038016019028601694,46.14,47.0,4,780.0,835.0,0.0,766.0,738.0,0.0,2,2,0,0.014634574974658782,0.03285411488739988,-0.011107785797511012,0.04277381806149644,0.0847684124579427,-0.031282864308976976,0.05762656688068288,0.07405774798728956,-0.030039888370304985,21.8,32.13,3,363.0,727.0,0.0,312.0,652.0,0.0,1,2,0,-0.04250242236348718,0.06157893882164851,-0.0015555384361427488,-0.052574788735815364,0.0905625950205222,-0.0031542200635079447,-0.07549095426509407,0.13469560116476598,-0.004585048511835037
92,least_connections,1733,measured,161,113,7,light,0,71.67,44.2,4,1075.0,0.0,0.0,884.0,0.0,0.0,4,0,0,0.06832374729601202,-0.03148053327134662,-0.0007690371956178176,0.15668714586550092,-0.1584369762090649,-0.004837289915100749,0.08187582169360719,-0.10472312541505385,-0.0034395445787782485,46.14,47.0,4,780.0,835.0,0.0,766.0,738.0,0.0,2,2,0,0.013240805929453175,0.02972515156479036,-0.010049901435843297,0.03870012110325868,0.076695230319091,-0.028303543898598217,0.05213832241585595,0.06700462913135721,-0.02717894662075213,21.8,32.13,3,363.0,727.0,0.0,312.0,652.0,0.0,1,2,0,-0.03845457261458364,0.05571427798149151,-0.001407391918414868,-0.04756766599907106,0.08193758597094866,-0.002853818152697664,-0.06830133957318037,0.12186744867288352,-0.0041483772249936044
92,least_connections,1734,measured,483,415,16,heavy,2,21.8,11.4,2,327.0,0.0,0.0,228.0,0.0,0.0,2,0,0,-0.024351076709503844,-0.028482387245504084,-0.0006957955579399302,-0.30941004262962624,-0.14334774037963016,-0.004376595637472107,-0.22268378037245062,-0.09474949442314397,-0.0031119689046088914,35.74,36.25,3,416.0,835.0,0.0,422.0,738.0,0.0,1,2,0,-0.031104123433442585,0.026894184749096037,-0.009092767965762983,-0.05908084281133738,0.06939092266965377,-0.02560796828920791,-0.05008913686184463,0.060623235880751775,-0.024590475514013832,31.46,45.97,4,363.0,727.0,483.0,312.0,652.0,415.0,1,2,1,-0.03479223236557567,0.05040815626896851,0.04181054563390582,-0.043037412094397626,0.07413400635466784,0.08481797405232117,-0.06179645009002034,0.11026102498975177,0.12140543647897405
92,least_connections,1735,measured,427,416,18,heavy,0,50.27,32.2,3,327.0,0.0,427.0,228.0,0.0,416.0,2,0,1,-0.022031926546693947,-0.025769778936408458,0.04245437091243076,-0.2799424195220428,-0.1296955746291892,0.25359577855022364,-0.2014758012893601,-0.08572573304951121,0.18537488527678242,35.74,36.25,3,416.0,835.0,0.0,422.0,738.0,0.0,1,2,0,-0.02814182596359091,0.024332833820610703,-0.008226790064261746,-0.05345409587692429,0.06278226336778198,-0.023169114166426204,-0.04531874287500229,0.054849594368299226,-0.022248525465060134,31.46,45.97,4,363.0,727.0,483.0,312.0,652.0,415.0,1,2,1,-0.031478686425997035,0.0456073794814477,0.037828588906867175,-0.038938610942550245,0.06707362479708041,0.07674007176162391,-0.05591107389097079,0.09975997499072778,0.10984301395716699
92,least_connections,1736,measured,350,337,10,medium,0,73.6,49.05,4,327.0,350.0,427.0,228.0,337.0,416.0,2,1,1,-0.0199336478279612,0.019768385950959238,0.038411097492199266,-0.2532812367104197,0.09376749597041611,0.22944379964067857,-0.18228762973799245,0.07489100343139463,0.16772013429804122,23.86,23.06,2,0.0,835.0,0.0,0.0,738.0,0.0,0,2,0,-0.0685455522890539,0.02201542107579063,-0.007443286248617771,-0.1559006445689179,0.05680300018989798,-0.020962531864861803,-0.16031814831547825,0.049625823476080244,-0.02012961827791155,31.46,45.97,4,363.0,1210.0,0.0,312.0,1067.0,0.0,1,3,0,-0.028480716290187794,0.084347719757591,-0.008858034072925165,-0.03523017180516451,0.1480856605306918,-0.017968506501387895,-0.050586209710878335,0.21541775515034103,-0.025776955626055264
92,least_connections,1737,measured,427,436,16,heavy,1,62.53,43.3,3,161.0,350.0,427.0,113.0,337.0,416.0,1,1,1,-0.06111910540443655,0.01788568252705836,0.03475289773103743,-0.3292861982935543,0.08483725825894792,0.20759200919870918,-0.21695071262008842,0.06775852691411895,0.15174678817441828,36.06,36.69,3,835.0,0.0,427.0,738.0,0.0,436.0,2,0,1,0.024150396001513585,-0.06624908614684702,0.036349498382769865,0.07479737600227157,-0.16445714948805149,0.09141485212226788,0.06361096104790062,-0.16376115971211788,0.10506129774855623,24.2,35.57,3,727.0,483.0,0.0,652.0,415.0,0.0,2,1,0,0.01731563310706366,-0.009853196863313346,-0.008014411780265625,0.03399174931913687,0.0024298833372925904,-0.01625722016792238,0.056771207086983105,-0.0017331421655644719,-0.023322007471192858
92,least_connections,1738,measured,191,119,4,light,0,75.27,49.25,4,352.0,350.0,427.0,232.0,337.0,416.0,2,1,1,-0.01221433799630428,0.01618228419114804,0.0314430979471291,-0.18271925877353326,0.07675751937714334,0.18782134165597497,-0.1424554066562705,0.061305333874679055,0.13729471311018795,36.06,36.69,3,835.0,0.0,427.0,738.0,0.0,436.0,2,0,1,0.021850358287083732,-0.059939649370956825,0.03288764139393464,0.0676738163830076,-0.14879456382252276,0.08270867572967094,0.057552774281433905,-0.14816485878715427,0.09505545986774136,24.2,35.57,3,727.0,483.0,0.0,652.0,415.0,0.0,2,1,0,0.015666525192105207,-0.008914797162045407,-0.007251134467859376,0.030754439860171442,0.0021984658765980547,-0.014708913485263106,0.05136442545965139,-0.0015680810069392814,-0.021100863902507823
92,least_connections,1739,measured,376,316,13,medium,1,75.27,49.25,4,702.0,427.0,0.0,569.0,416.0,0.0,3,1,0,0.0320328325158154,0.014641114268181557,-0.014635383036497703,0.0457936865064858,0.11589172388090746,-0.08762196072395918,0.02356415588242189,0.09120482588661437,-0.06397145004316328,46.8,46.56,4,835.0,803.0,0.0,738.0,752.0,0.0,2,2,0,0.019769371783551953,0.031936689117887135,-0.013328415156054601,0.061228691013197334,0.07295457831023452,-0.03554929338744057,0.0520715576832021,0.07856512776400326,-0.037271250595853074,24.2,35.57,3,727.0,483.0,0.0,652.0,415.0,0.0,2,1,0,0.014174475173809487,-0.008065768860898229,-0.006560550232825149,0.027825445587774153,0.0019890881740649013,-0.013308064581904715,0.04647257541587507,-0.0014187399586593485,-0.019091257816554696
92,least_connections,1740,measured,374,325,9,medium,2,64.53,43.6,3,541.0,427.0,0.0,456.0,416.0,0.0,2,1,0,-0.014101813664829155,0.013246722433116642,-0.01324153703302173,-0.05567872808143348,0.10485441684463057,-0.07927701208358212,-0.02979909705876113,0.0825186519926511,-0.057878930991433444,46.8,46.56,4,835.0,803.0,0.0,738.0,752.0,0.0,2,2,0,0.017886574470832722,0.02889509967808837,-0.012059042284049401,0.055397387107178536,0.06600652323306933,-0.032163646398160516,0.047112361713373324,0.071082734643622,-0.03372160768196231,31.68,46.4,4,727.0,857.0,0.0,652.0,740.0,0.0,2,2,0,0.012824525157256211,0.035786299828801826,-0.005935735924937039,0.02517540315084328,0.06947584168129681,-0.012040629859818552,0.04204661585245842,0.09673225114851458,-0.01727304278640663
92,least_connections,1741,measured,441,428,14,heavy,0,93.93,65.0,4,541.0,868.0,0.0,456.0,844.0,0.0,2,2,0,-0.012758783791988276,0.05506903004719624,-0.011980438267972042,-0.05037599207367793,0.3608682819070467,-0.0717268204565743,-0.02696108781506959,0.26827878037430336,-0.05236665184939216,46.8,46.56,4,835.0,803.0,0.0,738.0,752.0,0.0,2,2,0,0.016183091187896265,0.026143185423032345,-0.010910562066520886,0.05012144547792344,0.05972018768706272,-0.029100441979288086,0.04262547012162349,0.06431295039184845,-0.030510025997965897,31.68,46.4,4,727.0,857.0,0.0,652.0,740.0,0.0,2,2,0,0.011603141808946088,0.03237808079748736,-0.005370427741609702,0.02277774570790582,0.06285909485450664,-0.010893903206502499,0.038042176247462395,0.08751965580103702,-0.015627991092463142
92,least_connections,1742,measured,381,313,11,medium,0,100.0,74.7,4,350.0,1249.0,0.0,337.0,1157.0,0.0,1,3,0,-0.05462756175284199,0.0929082607456492,-0.0108394441472128,-0.16078462774920066,0.5563093979158994,-0.06489569469880532,-0.07822669849934868,0.38432365843389354,-0.04737935167325957,46.8,46.56,4,835.0,803.0,0.0,738.0,752.0,0.0,2,2,0,0.014641844408096627,0.023653358239886402,-0.009871460917328422,0.04534797448002595,0.05403255076448532,-0.026328971314593982,0.038565901538611724,0.05818790749738667,-0.02760430923625486,31.68,46.4,4,1101.0,483.0,0.0,977.0,415.0,0.0,3,1,0,0.053581980911041924,-0.013789446171887848,-0.004858958432884968,0.08828462706905765,-0.010803676084017791,-0.009856388615407023,0.13243498485881516,-0.018831422529220487,-0.014139610988419033
92,least_connections,1743,measured,404,445,16,heavy,0,100.0,96.95,5,350.0,1249.0,404.0,337.0,1157.0,445.0,1,3,1,-0.049424936823999885,0.08405985496034928,0.03327678409356483,-0.14547180605880056,0.5033275504953375,0.18496738733600152,-0.07077653673750597,0.3477214052497132,0.15844249134324134,46.8,46.56,4,835.0,803.0,0.0,738.0,752.0,0.0,2,2,0,0.013247383035896954,0.021400657455135308,-0.008931321782344763,0.04102911976764251,0.04888659354882005,-0.023821450237013604,0.034892958534934404,0.05264620202144507,-0.02497532740423059,31.68,46.4,4,1584.0,0.0,0.0,1392.0,0.0,0.0,4,0,0,0.09156283533674768,-0.055560065810846375,-0.004396200486895924,0.16727656734819504,-0.09717475455220657,-0.008917684937749212,0.2449808593167058,-0.14219668387564394,-0.012792981370474363
92,least_connections,1744,measured,371,334,12,medium,1,100.0,96.95,5,350.0,1249.0,404.0,337.0,1157.0,445.0,1,3,1,-0.04471779998361894,0.07605415448793507,0.030107566560844373,-0.13161734833891475,0.4553915933053053,0.16735144568495375,-0.06403591419107682,0.3146050809402167,0.14335273026293266,33.54,33.94,3,0.0,1174.0,0.0,0.0,1086.0,0.0,0,3,0,-0.07418207294484606,0.06244639982902264,-0.008080719707835738,-0.17872875558437787,0.14013548940131337,-0.021552740690631355,-0.17709089465886887,0.1420668018289265,-0.022596724794303864,17.14,24.67,2,857.0,0.0,0.0,740.0,0.0,0.0,2,0,0,-0.003325235148838257,-0.05026863097171815,-0.003977514726239169,0.019793084743605027,-0.087920016023425,-0.008068381610344524,0.025014428270670325,-0.12865414255415403,-0.011574602192333947
92,least_connections,1745,measured,168,124,4,light,2,100.0,96.95,5,350.0,1653.0,0.0,337.0,1602.0,0.0,1,4,0,-0.04045896188994094,0.11189480190631768,-0.01584372095742198,-0.11908236278282763,0.5634177907682921,-0.09226932691996247,-0.05793725569668853,0.48595221608876754,-0.07160943452401332,33.54,33.94,3,376.0,798.0,0.0,316.0,770.0,0.0,1,2,0,-0.02403321339000812,0.013415223428072637,-0.007311127354708525,-0.064509690426682,0.0295919734039094,-0.019500098720095036,-0.07087985707230995,0.03919139213093353,-0.020444655766274925,20.5,28.8,3,1025.0,0.0,0.0,864.0,0.0,0.0,3,0,0,0.04007535413971322,-0.045481142307745,-0.003598703799930677,0.04830802905373788,-0.0795466811640512,-0.007299964314121237,0.0600289271655271,-0.11640136707280603,-0.010472259126397382
92,least_connections,1746,measured,479,440,16,heavy,1,100.0,80.1,4,808.0,845.0,0.0,729.0,873.0,0.0,2,2,0,0.006478172802525078,0.015070353652201246,-0.01433479515195322,0.16851278287902893,0.11467958847289922,-0.08348177197520414,0.1249139115125199,0.10988533836602771,-0.06478948837886919,47.23,47.69,4,803.0,371.0,479.0,752.0,334.0,440.0,2,1,1,0.02133956430246431,-0.030946317125167835,0.03646907071535442,0.05201504199490675,-0.08360726215836771,0.1061801827906623,0.05914441502981477,-0.08781493092915538,0.10590721621146555,20.5,28.8,3,1025.0,0.0,0.0,864.0,0.0,0.0,3,0,0,0.03625865374545481,-0.04114960494510262,-0.0032559701046991837,0.043707264381953326,-0.07197080676747489,-0.006604729617538262,0.054311886483095956,-0.10531552258968165,-0.009474901114359537
92,least_connections,1747,measured,430,432,13,heavy,2,100.0,80.1,4,808.0,845.0,0.0,729.0,873.0,0.0,2,2,0,0.005861203964189349,0.01363508187580112,-0.012969576566052913,0.1524639464143595,0.10375772290405166,-0.07553112702518469,0.11301734851132755,0.09942006804545361,-0.05861906091421498,47.23,47.69,4,803.0,371.0,479.0,752.0,334.0,440.0,2,1,1,0.019307224845086762,-0.027999048827532805,0.03299582588532066,0.04706122847158231,-0.07564466576233271,0.09606778442964685,0.05351161359840381,-0.07945160417399771,0.09582081466751645,29.1,43.2,4,1025.0,430.0,0.0,864.0,432.0,0.0,3,1,0,0.03280544862684007,0.0058533052764264265,-0.002945877713775452,0.03954466777414825,0.01269307959133223,-0.005975707749201285,0.04913932586565825,0.03500024146647851,-0.008572529579658629
92,least_connections,1748,measured,499,440,15,heavy,0,100.0,100.0,5,1249.0,404.0,499.0,1157.0,445.0,440.0,3,1,1,0.04838689428959535,-0.030747397577223015,0.03134952142889997,0.4039435705653729,-0.17212396499157234,0.2326464406280075,0.29587283912929635,-0.10366755748268483,0.14601132583951978,47.23,47.69,4,803.0,850.0,0.0,752.0,774.0,0.0,2,2,0,0.01746844152650706,0.017751427478037207,-0.013230533949562482,0.04257920671238399,0.05538271737149489,-0.03690465762487733,0.04841526944617486,0.05251997717590684,-0.03770973911034227,29.1,43.2,4,1025.0,430.0,0.0,864.0,432.0,0.0,3,1,0,0.029681120186188625,0.0052958476310524805,-0.002665317931511123,0.035778508938515086,0.011484214868348205,-0.005406592725467829,0.044459390068928906,0.03166688513633771,-0.007756098191119712
92,least_connections,1749,measured,184,118,5,light,1,100.0,100.0,5,1249.0,903.0,0.0,1157.0,885.0,0.0,3,2,0,0.04377861864296721,0.015264826228317485,-0.01472004750537168,0.36547275432105164,0.14525292056318057,-0.09049449022545354,0.2676944734979348,0.10525316227757087,-0.066942133764244,52.49,51.38,5,1358.0,479.0,0.0,1204.0,440.0,0.0,4,1,0,0.10197258088225922,-0.0270230848894856,-0.011970483097223197,0.18199343192344947,-0.045796589044837965,-0.03338992832726997,0.17160191045130105,-0.04691644922179858,-0.03411833538554777,18.26,28.23,2,483.0,430.0,0.0,415.0,432.0,0.0,1,1,0,-0.05931345361839169,0.004791481189999863,-0.0024114781285100636,-0.06570515857943872,0.010390480118981707,-0.004891679132566131,-0.09518753596938176,0.028650991313829366,-0.007017422172917835
92,least_connections,1750,measured,186,103,5,light,2,100.0,100.0,5,1249.0,903.0,0.0,1157.0,885.0,0.0,3,2,0,0.03960922639125605,0.013811033254192001,-0.013318138219145806,0.3306658253380943,0.13141930908097288,-0.08187596734683891,0.2421997617362267,0.09522905158446887,-0.06056669245336362,52.49,51.38,5,1358.0,479.0,0.0,1204.0,440.0,0.0,4,1,0,0.09226090651252025,-0.02444945775715364,-0.010830437087963845,0.16466072412121618,-0.04143500913580578,-0.030209935153244258,0.15525887136070096,-0.042448215962579666,-0.030868970110733696,12.32,17.83,2,186.0,430.0,0.0,103.0,432.0,0.0,1,1,0,-0.05366455327378296,0.004335149648095116,-0.0021818135448424384,-0.11319038157187315,0.009400910583840585,-0.004425804929464595,-0.18021729444848827,0.025922325474417057,-0.006349096251687565
92,least_connections,1751,measured,463,407,18,heavy,2,100.0,100.0,5,1249.0,903.0,0.0,1157.0,885.0,0.0,3,2,0,0.03583691911589833,0.012495696753792751,-0.012049744103036681,0.29917384197256147,0.11890318440659448,-0.0740782561709495,0.21913311776134797,0.08615961810023376,-0.05479843602923375,52.49,51.38,5,1358.0,479.0,0.0,1204.0,440.0,0.0,4,1,0,0.08347415351132785,-0.02212093797075805,-0.009798966889110146,0.14897875039538608,-0.03748881778953855,-0.0273327984719829,0.14047231218349135,-0.03840552872804828,-0.027929068195425726,21.58,31.4,3,186.0,430.0,463.0,103.0,432.0,407.0,1,1,1,-0.04855364343818458,0.003922278253038439,0.0411098784480904,-0.10241034523169477,0.008505585766331952,0.07977665268286536,-0.16305374259625127,0.023453532572091623,0.11700161132783823
92,least_connections,1752,measured,166,113,1,light,2,100.0,100.0,5,1653.0,499.0,0.0,1602.0,440.0,0.0,4,1,0,0.07550777942685585,-0.03177826983046868,-0.010902149426556998,0.42207792051485726,-0.13610346807657325,-0.0670231841546686,0.3995728208316958,-0.12335558362359803,-0.04957953735978292,41.74,41.5,4,982.0,479.0,0.0,888.0,440.0,0.0,3,1,0,0.03244033390253925,-0.020014181973542988,-0.008865731947290132,0.03759301906521326,-0.03391845419053488,-0.024729674807984527,0.037748758642206504,-0.03474785932537702,-0.025269156938718514,24.9,35.17,4,352.0,430.0,463.0,216.0,432.0,407.0,2,1,1,-0.0008455866935048739,0.0035487279432252494,0.03719465192922465,-0.06261888378105716,0.007695529979062241,0.07217887623687819,-0.11344544965057655,0.021219862803321,0.10585860072518696
92,least_connections,1753,measured,351,337,9,medium,1,89.6,65.65,3,845.0,499.0,0.0,873.0,440.0,0.0,2,1,0,-0.017851238114930862,-0.028751767941852607,-0.009863849481170616,-0.013199341756398919,-0.12314123302166152,-0.060640023758985875,0.03173255218105808,-0.11160743280230298,-0.044857676658851216,39.57,38.41,4,555.0,830.0,0.0,452.0,777.0,0.0,2,2,0,-0.013733121933983766,0.024975830822123235,-0.008021376523738692,-0.07636822084575945,0.06004656865754329,-0.022374467683414574,-0.08912017075228937,0.06384419870561123,-0.022862570563602466,21.58,31.4,3,616.0,0.0,463.0,535.0,0.0,407.0,2,0,1,-0.000765054627456796,-0.039873146373363096,0.03365230412644135,-0.008883751992385058,-0.07084690144751511,0.0653046975476517,-0.006434771906077191,-0.11108679079699528,0.09577682922755011
92,least_connections,1754,measured,393,345,8,medium,0,100.0,82.9,4,845.0,892.0,0.0,873.0,785.0,0.0,2,2,0,-0.016151120199223157,0.017070395898414525,-0.008924435244868653,-0.011942261589122816,0.12563412250421102,-0.05486478340098722,0.02871040435429062,0.0550932750836306,-0.04058551697705586,34.31,34.72,3,371.0,830.0,0.0,334.0,777.0,0.0,1,2,0,-0.05550910578607601,0.022597180267635297,-0.007257435902430245,-0.11665968280602725,0.054327847833015336,-0.02024356599927985,-0.11399563068064275,0.057763798828886326,-0.020685182890878423,21.58,31.4,3,616.0,0.0,463.0,535.0,0.0,407.0,2,0,1,-0.0006921922819847215,-0.03607570386161423,0.03044732278106598,-0.008037680374062689,-0.06409957750013272,0.05908520254311344,-0.005821936486450796,-0.10050709643537668,0.08665522644397392
92,least_connections,1755,measured,489,438,15,heavy,1,86.4,61.5,3,797.0,499.0,0.0,790.0,440.0,0.0,2,1,0,-0.014612918275487607,-0.027639256318668037,-0.008074489031071639,-0.03975728429492076,-0.12337865106761864,-0.04963956593422653,-0.011571538917546531,-0.10622513206719139,-0.03672022964590768,48.29,48.41,4,1201.0,0.0,489.0,1111.0,0.0,438.0,3,0,1,0.035945276170874535,-0.06572273259232089,0.03651764869598714,0.10900858630475085,-0.16540405604223785,0.10809255593262435,0.116548596050847,-0.1674250153452933,0.10512412024158618,17.86,27.97,2,430.0,463.0,0.0,432.0,407.0,0.0,1,1,0,-0.04371016943426735,0.010443977685296868,-0.015536322472459575,-0.040929329862247205,0.02578609654749897,-0.030322911984802126,-0.036330958408376135,0.03181103973307188,-0.04434368401100772
92,least_connections,1756,measured,156,107,2,light,2,86.4,61.5,3,1296.0,0.0,0.0,1230.0,0.0,0.0,3,0,0,0.029862688453697148,-0.06809084641983797,-0.007305490075731483,0.26501325071729387,-0.41261243033102,-0.04491198822620496,0.18857813145555313,-0.295156071870316,-0.033223064917725996,37.69,37.97,3,830.0,489.0,0.0,777.0,438.0,0.0,2,1,0,-0.01056198369120423,-0.016379524499628206,-0.01004412283514995,0.0027220542757269706,-0.023243125534813835,-0.028610136469122183,0.011014205950766326,-0.02764049007431299,-0.028726986448088684,20.98,31.53,3,586.0,463.0,0.0,539.0,407.0,0.0,2,1,0,0.0035366040719440606,0.009449313143840024,-0.01405667271317771,-0.008802727018223655,0.023330277828689544,-0.027435015605297163,-0.0006010258615466446,0.028781416901350748,-0.04012047600995936
92,least_connections,1757,measured,383,336,8,medium,0,100.0,78.3,4,1296.0,383.0,0.0,1230.0,336.0,0.0,3,1,0,0.027018622886678376,-0.018522103676905557,-0.006609729116138009,0.239773893506123,-0.14230013537885933,-0.040634656014185436,0.17061830941216716,-0.11504596978742879,-0.030058963496990186,37.69,37.97,3,830.0,489.0,0.0,777.0,438.0,0.0,2,1,0,-0.009556080482518103,-0.014819569785377906,-0.009087539707992812,0.002462811011371996,-0.021029494531498216,-0.025885361567301025,0.009965233955455233,-0.025008062448187957,-0.025991082976842144,20.98,31.53,3,586.0,463.0,0.0,539.0,407.0,0.0,2,1,0,0.0031997846365208193,0.008549378558712406,-0.012717941978589357,-0.007964372064107134,0.021108346606909592,-0.024822156976221244,-0.0005437853033040951,0.02604032957741259,-0.036299478294725136
92,least_connections,1758,measured,181,111,4,light,1,100.0,78.3,4,1679.0,0.0,0.0,1566.0,0.0,0.0,4,0,0,0.0675293209337521,-0.05984199402967192,-0.005980231105077246,0.339985903648397,-0.3597636145491267,-0.03676468877473921,0.30636894661100844,-0.25608921076005464,-0.027196205068705407,42.86,41.44,4,1011.0,489.0,0.0,888.0,438.0,0.0,3,1,0,0.03443792264733622,-0.013408182186770493,-0.008222059735803021,0.04901737322797603,-0.01902668552849837,-0.02342008903708188,0.04040009262636429,-0.022626342215027212,-0.023515741740952417,17.86,27.97,2,430.0,463.0,0.0,432.0,407.0,0.0,1,1,0,-0.040188856984190904,0.007735152029311229,-0.011506709409199895,-0.03543443186752551,0.019098027882442012,-0.022458142026104935,-0.03276183749664022,0.023560298189087586,-0.03284238512379893
92,least_connections,1759,measured,415,445,14,heavy,2,85.0,56.05,3,1275.0,0.0,0.0,1121.0,0.0,0.0,3,0,0,0.018014056808542137,-0.0541427565030365,-0.00541068528554608,0.17189200806283533,-0.3255004131634956,-0.03326328984381166,0.07588142788615049,-0.2316997621162399,-0.024606090300257275,42.86,41.44,4,1011.0,489.0,0.0,888.0,438.0,0.0,3,1,0,0.031158120490447055,-0.012131212454697116,-0.007439006427631305,0.044349051968168796,-0.01721462024006995,-0.021189604366883608,0.03655246475718674,-0.02047145248026272,-0.02127614728943314,26.16,42.8,3,430.0,878.0,0.0,432.0,852.0,0.0,1,2,0,-0.03636134679522034,0.05008237111041991,-0.010410832322609429,-0.03205972407061833,0.0923744061793523,-0.020319271356952082,-0.02964166249696018,0.15552280947266653,-0.029714538921532366
92,least_connections,1760,measured,390,325,13,medium,0,100.0,72.3,4,1275.0,390.0,0.0,1121.0,325.0,0.0,3,1,0,0.016298432350585756,-0.00590240327598994,-0.004895381925017882,0.1555213406282795,-0.05926227857649602,-0.03009535747773436,0.06865462523032667,-0.06260930858135991,-0.0222626531288042,42.86,41.44,4,1011.0,489.0,0.0,888.0,438.0,0.0,3,1,0,0.028190680443737806,-0.01097585888758311,-0.006730529624999752,0.04012533273310509,-0.015575132598158514,-0.019171546808132787,0.033071277637454655,-0.018521790339285332,-0.019249847547582365,17.56,28.4,2,0.0,878.0,0.0,0.0,852.0,0.0,0,2,0,-0.07598226161290911,0.04531262148085611,-0.009419324482360911,-0.10681594082579753,0.08357684368608065,-0.01838410265628998,-0.1571043613067735,0.1407111133324126,-0.02688458283376738
92,least_connections,1761,measured,378,333,6,medium,2,100.0,72.3,4,1275.0,390.0,0.0,1121.0,325.0,0.0,3,1,0,0.014746200698149026,-0.0053402696306575625,-0.004429155075016179,0.1407097843779671,-0.05361825204540116,-0.02722913295604537,0.062116089494105076,-0.05664651728789705,-0.02014240044987047,42.86,41.44,4,1011.0,489.0,0.0,888.0,438.0,0.0,3,1,0,0.025505853734810388,-0.009930538993527568,-0.006089526803571205,0.03630387247280936,-0.014091786636429127,-0.017345685207358238,0.029921632148173255,-0.01675781030697246,-0.017416528733526903,25.12,39.5,3,378.0,878.0,0.0,333.0,852.0,0.0,1,2,0,-0.025661955518255633,0.04099713372077458,-0.0085222459602313,-0.028242994080483474,0.07561714428740629,-0.016633235736643315,-0.04171346975374744,0.12731005491980188,-0.02432414637340858
92,least_connections,1762,measured,195,104,8,light,2,84.8,55.05,3,882.0,390.0,0.0,776.0,325.0,0.0,2,1,0,-0.029742099595098714,-0.004831672522975894,-0.004007330782157495,-0.10973876651517267,-0.048511751850601026,-0.024635882198326766,-0.0998711571243811,-0.0512516108795259,-0.018224076597501852,13.97,13.69,1,0.0,489.0,0.0,0.0,438.0,0.0,0,1,0,-0.10617497587258651,-0.008984773375096372,-0.005509571869897757,-0.22850057796677795,-0.01274971171867395,-0.015693715187609834,-0.22399947567546233,-0.015161828372975084,-0.015757811711286245,29.02,42.97,4,841.0,610.0,0.0,740.0,549.0,0.0,2,2,0,0.019865940472145127,0.03709264479498652,-0.007710603487828319,0.05822776726051494,0.019920273402891403,-0.01504911804743919,0.08500527339740313,0.023804335403630278,-0.022007561004512524
92,least_connections,1763,measured,491,442,13,heavy,1,51.53,33.05,2,383.0,390.0,0.0,336.0,325.0,0.0,1,1,0,-0.06999341890803715,-0.0043715132350734265,-0.0036256802314758286,-0.40027158240261645,-0.04389158500768664,-0.022289607703248025,-0.2894072373982496,-0.046370505081475805,-0.016488450254882627,28.0,27.5,2,489.0,491.0,0.0,438.0,442.0,0.0,1,1,0,-0.05297917318177328,-0.008129080672706235,-0.004984850739431303,-0.08033045489511201,-0.0110184466570315,-0.014199075645932707,-0.07882690656351354,-0.012586892337453637,-0.014257067738782794,29.02,42.97,4,1036.0,415.0,0.0,844.0,445.0,0.0,3,1,0,0.06105784636822201,-0.009523888269388603,-0.006976260298511337,0.08796797990237068,-0.017262609778336338,-0.013615868709587838,0.10827461243892028,-0.00982782352369957,-0.019911602813606568
92,least_connections,1764,measured,367,346,8,medium,0,76.0,50.35,3,383.0,757.0,0.0,336.0,671.0,0.0,1,2,0,-0.0633273790120336,0.03912872158550046,-0.0032803773522876545,-0.36215047931665295,0.18165364531050576,-0.02016678792198631,-0.2618446433603211,0.11456954302152189,-0.01491812165917952,28.0,27.5,2,489.0,491.0,0.0,438.0,442.0,0.0,1,1,0,-0.047933537640652016,-0.007354882513400884,-0.004510103049961655,-0.0726799353812918,-0.009969070784933254,-0.01284678272727245,-0.07131958212889322,-0.011388140686267562,-0.012899251763660623,29.02,42.97,4,1036.0,415.0,0.0,844.0,445.0,0.0,3,1,0,0.05524281338077229,-0.00861685129135159,-0.006311854555795971,0.07959007705452587,-0.01561855170420906,-0.01231911930867471,0.09796274458759455,-0.008891840330966266,-0.018015259688501182
92,least_connections,1765,measured,420,442,16,heavy,1,50.47,33.55,2,367.0,390.0,0.0,346.0,325.0,0.0,1,1,0,-0.05729620005850658,-0.007681723554161718,-0.0029679604615935923,-0.3373107511277653,-0.057011781227002734,-0.018246141453225707,-0.23238324875457622,-0.05286565155195641,-0.013497348167829088,40.0,41.31,3,489.0,491.0,420.0,438.0,442.0,442.0,1,1,1,-0.04336843881773278,-0.006654417512124616,0.03900333080060159,-0.06575803677354972,-0.009019635472082455,0.0969481489610392,-0.06452724097376053,-0.010303555859003971,0.11329948649954515,29.02,42.97,4,1036.0,415.0,0.0,844.0,445.0,0.0,3,1,0,0.049981593058793974,-0.007796198787413347,-0.0057107255504820695,0.0720100697159996,-0.014131070589522482,-0.011145869850705691,0.08863295938877602,-0.008044998394683756,-0.016299520670548687
92,least_connections,1766,measured,189,112,6,light,0,63.07,39.15,3,946.0,0.0,0.0,783.0,0.0,0.0,3,0,0,0.034328381352961165,-0.05003403106147511,-0.0026852975604894406,0.044052177551069494,-0.28682018301490725,-0.01650841369577564,-0.012561034587473652,-0.19485463711843676,-0.012211886437559652,40.0,41.31,3,489.0,491.0,420.0,438.0,442.0,442.0,1,1,1,-0.039238111311282034,-0.006020663463350839,0.03528872786721096,-0.05949536660464022,-0.008160622569979348,0.08771499191713072,-0.05838178945245001,-0.009322264824813103,0.10250905921387418,29.02,42.97,4,1451.0,0.0,0.0,1289.0,0.0,0.0,4,0,0,0.0883053415656662,-0.05013760389155992,-0.005166846926626634,0.14024720593352347,-0.08788049243813939,-0.010084358436352768,0.21439807436762273,-0.14148515727772976,-0.014747185368591669
92,least_connections,1767,measured,169,125,9,light,0,74.33,45.4,4,946.0,169.0,0.0,783.0,125.0,0.0,3,1,0,0.031059011700298192,-0.0021849850193391557,-0.0024295549356809225,0.03985673207001528,-0.15756746717221762,-0.014936183819987485,-0.011364745579142854,-0.11974943358334755,-0.011048849633982541,40.0,41.31,3,489.0,911.0,0.0,438.0,884.0,0.0,1,2,0,-0.035501148329255175,0.03763663328372566,-0.011156003584995073,-0.05382914121372209,0.10118800815097106,-0.029210245408310298,-0.05282161902840715,0.11653580801564528,-0.0322239464255424,21.46,31.87,3,1073.0,0.0,0.0,956.0,0.0,0.0,3,0,0,0.03681140880884538,-0.04536259399712564,-0.004674766266947907,0.0584903291779498,-0.07951092172974517,-0.009123943347176314,0.09355063871356342,-0.12801038039413645,-0.013342691523963892
92,least_connections,1768,measured,431,411,16,heavy,1,74.33,45.4,4,946.0,169.0,0.0,783.0,125.0,0.0,3,1,0,0.028101010585984076,-0.001976891207973522,-0.0021981687513303585,0.036060852825251954,-0.14256104172724451,-0.013513690122845819,-0.010282388857319746,-0.10834472562302874,-0.009996578240269918,52.31,54.16,4,489.0,911.0,431.0,438.0,884.0,411.0,1,2,1,-0.03212008658361182,0.03405219201860893,0.032990373173666585,-0.04870255633622475,0.09155105499373573,0.08498664871220904,-0.047790988644749344,0.10543715963320288,0.08705035799593783,21.46,31.87,3,1073.0,0.0,0.0,956.0,0.0,0.0,3,0,0,0.0333055603508601,-0.04104234694978034,-0.004229550432000487,0.05291982163719269,-0.07193845299357896,-0.008254996361730951,0.08464105407417644,-0.11581891559469489,-0.012071958997872093
92,least_connections,1769,measured,447,425,16,heavy,2,74.33,45.4,4,1115.0,0.0,0.0,908.0,0.0,0.0,4,0,0,0.06850862409026677,-0.044872516081590555,-0.001988819346441753,0.13456299382602155,-0.23092030759449106,-0.012226672015908121,0.047244505319567864,-0.15457379937321647,-0.009044523169768021,52.31,54.16,4,980.0,420.0,431.0,880.0,442.0,411.0,2,1,1,0.014022869508251434,-0.012274774114682627,0.029848432871412627,0.08286095243049055,-0.044093263168933,0.07689268216818915,0.08173077217856015,-0.02957471271281642,0.07875984771061043,21.14,32.47,3,610.0,0.0,447.0,549.0,0.0,425.0,2,0,1,-0.012950298004550609,-0.03713355200218221,0.03925716412161407,-0.03590111375682567,-0.06508717175609524,0.07341690805367199,-0.046166030440824485,-0.10478854268091442,0.1172523545574808
92,least_connections,1770,measured,367,319,10,medium,2,74.33,45.4,4,1115.0,0.0,0.0,908.0,0.0,0.0,4,0,0,0.06198399322452708,-0.04059894312143907,-0.001799407980113967,0.12174747060449576,-0.20892789734739667,-0.01106222706201211,0.04274502862246615,-0.13985248514719587,-0.008183140010742496,38.34,40.47,3,491.0,851.0,0.0,442.0,853.0,0.0,1,2,0,-0.03039654210024416,0.031978152218234995,-0.01607817524786023,-0.051438730113909925,0.0715210612145028,-0.041845396405652,-0.04989239660035036,0.08944728373602323,-0.044946447309447725,24.58,39.63,3,415.0,367.0,447.0,445.0,319.0,425.0,1,1,1,-0.05480083651658886,0.00948687698668775,0.03551838658622225,-0.06776767435141372,0.007521130315913838,0.0664248215723699,-0.0731343450020158,0.0013976677331409282,0.10608546364724453
92,least_connections,1771,measured,178,123,4,light,1,74.33,45.4,4,1115.0,0.0,0.0,908.0,0.0,0.0,4,0,0,0.05608075577457211,-0.03673237710987345,-0.0016280357915316845,0.11015247340406764,-0.18903000236193032,-0.010008681627534766,0.03867407351556462,-0.12653320084746292,-0.007403793343052734,43.43,44.31,4,669.0,851.0,0.0,565.0,853.0,0.0,2,2,0,0.015582266897965047,0.028932613911736432,-0.014546920462349731,-0.0005261979942178252,0.06470953157502635,-0.037860120557494666,-0.01036395406698365,0.08092849480878292,-0.04066583327997651,24.58,39.63,3,415.0,814.0,0.0,445.0,744.0,0.0,1,2,0,-0.04958170922929468,0.05166726511947486,-0.010948217124937232,-0.06131361012746957,0.08769054647630299,-0.020787066196427232,-0.0661691692875381,0.129439159695064,-0.032192517017572406
92,least_connections,1772,measured,452,424,16,heavy,2,37.27,22.5,2,559.0,0.0,0.0,450.0,0.0,0.0,2,0,0,-0.035428069038425686,-0.03323405548036169,-0.0014729847637667622,-0.23570331771378,-0.17102714499412744,-0.009055473853483835,-0.17219964777163202,-0.11448241981437121,-0.006698670167523902,43.43,44.31,4,669.0,851.0,0.0,565.0,853.0,0.0,2,2,0,0.014098241479111234,0.026177126872523437,-0.013161499465935471,-0.00047608389953041064,0.058546719044071466,-0.034254394790114225,-0.009376910822509021,0.07322101911270837,-0.03679289677712161,33.62,53.77,4,415.0,814.0,452.0,445.0,744.0,424.0,1,2,1,-0.04485964168364756,0.0467465732033344,0.033178370447052255,-0.055474218686758184,0.07933906585951223,0.06298313058418488,-0.05986734364110591,0.11711162067648648,0.09874645285711703
92,least_connections,1773,measured,487,431,19,heavy,0,43.73,27.8,2,169.0,0.0,487.0,125.0,0.0,431.0,1,0,1,-0.07513786745199966,-0.030068907339374864,0.04175119972620649,-0.44849347793151517,-0.1547388454708772,0.2855529839738321,-0.3028234908410004,-0.10357933221300253,0.1889154888960498,43.43,44.31,4,669.0,851.0,0.0,565.0,853.0,0.0,2,2,0,0.012755551814433969,0.023684067170378353,-0.011908023326322568,-0.0004307425757656136,0.05297084103987418,-0.030992071476770012,-0.00848387169655579,0.06624758872102188,-0.0332888113697767,25.32,38.93,3,367.0,447.0,452.0,319.0,425.0,424.0,1,1,1,-0.04058729485663351,-0.0007893816142167248,0.030018525642571087,-0.05887667404992407,0.005373440539558683,0.05698473719521489,-0.09216569186576248,0.00975178378666236,0.08934202877548685
92,least_connections,1774,measured,387,330,11,medium,0,69.53,44.3,3,169.0,387.0,487.0,125.0,330.0,431.0,1,1,1,-0.06798188007561873,0.01587869834827535,0.0377748949903773,-0.40577981336660895,0.09342675885968252,0.25835746169060997,-0.27398315837995274,0.055571080378712,0.17092353757261647,43.43,44.31,4,1089.0,431.0,0.0,1007.0,411.0,0.0,3,1,0,0.054624637582673816,-0.02165545850117695,-0.0107739258666728,0.10818170909811686,-0.06064542953535193,-0.028040445621839535,0.11729435417930664,-0.06503194353812303,-0.030118448382178916,25.32,38.93,3,367.0,899.0,0.0,319.0,849.0,0.0,1,2,0,-0.036721838203620794,0.042369697813894616,-0.01592428178824067,-0.053269371759455106,0.08665216048817215,-0.030232856823376997,-0.08338800692616605,0.13669605834666276,-0.047039751742813496
92,least_connections,1775,measured,156,114,8,light,0,79.93,50.0,4,169.0,543.0,487.0,125.0,444.0,431.0,1,2,1,-0.06150741530651217,0.05745034158948269,0.034177285943674696,-0.36713411685550335,0.1786242103968556,0.23375198914864714,-0.24788952424852867,0.10185002510454895,0.1546451054228435,38.34,40.47,3,911.0,431.0,0.0,884.0,411.0,0.0,2,1,0,0.006338390919471332,-0.019593033882017233,-0.009747837688894439,0.05186508374183363,-0.054869674341508884,-0.02536992699118815,0.07134667759080124,-0.05883842510592083,-0.027250024726733307,25.32,38.93,3,367.0,899.0,0.0,319.0,849.0,0.0,1,2,0,-0.03322452027946643,0.03833448849828561,-0.01440768352269394,-0.048196098258554615,0.07839957377501289,-0.02735353712591252,-0.0754462919808169,0.12367738612317106,-0.04255977538635507
92,least_connections,1776,measured,362,343,11,medium,1,68.67,43.75,3,156.0,387.0,487.0,114.0,330.0,431.0,1,1,1,-0.05564956622970149,0.008894980258965068,0.030922306329991392,-0.3400102327105348,0.06751714274001222,0.21148989494401407,-0.22925718860581168,0.04057859414221096,0.13991700014447744,34.66,37.38,3,420.0,793.0,0.0,442.0,754.0,0.0,1,2,0,-0.037349165585330926,0.02535686957159891,-0.008819472194714016,-0.07999961811113013,0.04393424022162801,-0.02295374346821785,-0.06041848217975124,0.04374440109464306,-0.02465478427656823,25.32,38.93,3,367.0,899.0,0.0,319.0,849.0,0.0,1,2,0,-0.030060280252850582,0.034683584831782216,-0.013035523187199279,-0.043605993662501785,0.07093294770120215,-0.02474843835201609,-0.06826093083978671,0.11189858744477382,-0.03850646344479744
92,least_connections,1777,measured,378,350,13,medium,0,93.87,61.25,4,156.0,765.0,487.0,114.0,680.0,431.0,1,2,1,-0.050349607541158484,0.051131739508678144,0.027977324774754116,-0.307628305785722,0.28908693866953483,0.1913480001874413,-0.20742317064335347,0.19504729946200042,0.12659157155928913,34.66,37.38,3,851.0,362.0,0.0,853.0,343.0,0.0,2,1,0,0.009291798030505588,-0.02014197061435835,-0.00797952246188411,0.039034359123943485,-0.07166493911920732,-0.02076767266172091,0.061541016123082215,-0.07662708948579915,-0.02230670958356173,25.32,38.93,3,367.0,899.0,0.0,319.0,849.0,0.0,1,2,0,-0.027197396419245762,0.03138038627637438,-0.011794044788418395,-0.03945304188512065,0.06417742887251623,-0.022391444223252652,-0.061759889807426055,0.10124157911670012,-0.034839181211959586
92,least_connections,1778,measured,480,406,16,heavy,1,93.87,61.25,4,543.0,865.0,0.0,444.0,781.0,0.0,2,2,0,-0.0024705065961955486,0.04626205003166118,-0.017771082573408405,-0.04490180047279607,0.3218723095898966,-0.12062165062406104,-0.0383828686773198,0.2221618423703813,-0.08044095906540509,48.37,50.06,4,851.0,362.0,480.0,853.0,343.0,406.0,2,1,1,0.008406864884743154,-0.01822368769870518,0.035864332285052695,0.035316801112139334,-0.06483970682213996,0.10529183357817087,0.05567996696850297,-0.06932927143953259,0.09460940561487272,25.32,38.93,3,814.0,452.0,0.0,744.0,424.0,0.0,2,1,0,0.01847673203791597,-0.014692122167180549,-0.010670802427616644,0.04519010496108131,-0.022820421496294818,-0.020258925725800018,0.07229660763455101,-0.036575079211874445,-0.03152116395367772
92,least_connections,1779,measured,483,431,15,heavy,2,93.87,61.25,4,543.0,865.0,0.0,444.0,781.0,0.0,2,2,0,-0.002235220253700737,0.041856140504836305,-0.01607859851879808,-0.040625438523005986,0.29121780391466834,-0.10913387437415047,-0.03472735737471791,0.20100357166844024,-0.07277991534489033,48.37,50.06,4,851.0,362.0,480.0,853.0,343.0,406.0,2,1,1,0.007606211086196191,-0.01648809839406659,0.032448681591238156,0.03195329624431653,-0.05866449664860285,0.09526403990405936,0.050377112971502686,-0.06272648368338661,0.08559898603250388,34.98,53.3,4,814.0,452.0,483.0,744.0,424.0,431.0,2,1,1,0.016717043272400173,-0.013292872436972872,0.033429364697008974,0.04088628544097833,-0.020647048020457207,0.06907049577189522,0.06541121643126044,-0.03309173833455306,0.10146497864508525
92,least_connections,1780,measured,180,123,5,light,0,100.0,67.4,5,723.0,865.0,0.0,567.0,781.0,0.0,3,2,0,0.04106155809245669,0.03786984140913761,-0.014547303421769691,0.07181507943156601,0.2634827749704142,-0.0987401720528028,0.02422286713715993,0.18186037436668404,-0.06584849483585316,48.37,50.06,4,1213.0,480.0,0.0,1196.0,406.0,0.0,3,1,0,0.049965710257125345,-0.014917803308917399,-0.01372556926325618,0.12248835646594627,-0.02257400036914406,-0.037890358454150376,0.14255845935516914,-0.03894003285639744,-0.03734496501821077,27.64,42.67,3,447.0,935.0,0.0,425.0,855.0,0.0,1,2,0,-0.027958956313633404,0.03105701564092478,-0.012838284548511152,-0.029417170315305316,0.06871933750530063,-0.02490764668257099,-0.037024772435208825,0.1000439827766742,-0.03818247963857367
92,least_connections,1781,measured,152,121,8,light,2,100.0,67.4,5,723.0,865.0,0.0,567.0,781.0,0.0,3,2,0,0.03715093351222272,0.0342631898463626,-0.013161845953029721,0.06497554805713118,0.2383891773541843,-0.08933634614301206,0.021915927409811353,0.16454033871271412,-0.059577209613390955,36.37,36.25,3,793.0,480.0,0.0,754.0,406.0,0.0,2,1,0,0.0021231709582608116,-0.013497060136639552,-0.012418372190565116,0.0022513701358561344,-0.020424095572082718,-0.034281752887088436,0.004011225130867296,-0.035231458298645296,-0.03378830168314308,30.68,46.7,4,899.0,635.0,0.0,849.0,552.0,0.0,2,2,0,0.017787701657279525,0.02809920462750337,-0.01161559078198628,0.055174941143295186,0.007888924409557713,-0.02253548985565947,0.09437441224116025,-0.0008649679639614327,-0.03454605300632856
92,least_connections,1782,measured,386,347,12,medium,1,100.0,67.4,5,723.0,865.0,0.0,567.0,781.0,0.0,3,2,0,0.03361274936820151,0.03100002890861378,-0.011908336814645938,0.05878740062311871,0.21568544617759533,-0.08082812270082043,0.019828696227924547,0.1488698302638842,-0.05390318965021086,47.4,47.09,4,793.0,866.0,0.0,754.0,753.0,0.0,2,2,0,0.001920964200331221,0.03087227438884539,-0.011235670077177962,0.0020369539324412433,0.08130336931233334,-0.03101682404069906,0.0036292036898323277,0.06623403772979713,-0.030570368189510404,30.68,46.7,4,1051.0,483.0,0.0,970.0,431.0,0.0,3,1,0,0.059177535059534075,-0.017660810325682882,-0.010509344040844729,0.07742494674869566,-0.02036716362944778,-0.020389252726549043,0.12187843647216087,-0.03727465355469528,-0.031255952720011554
92,least_connections,1783,measured,446,431,17,heavy,1,95.47,61.7,4,945.0,487.0,0.0,803.0,431.0,0.0,3,1,0,0.0304115351426585,-0.015036255023725853,-0.010774209498965372,0.18709336246853597,-0.03285602488693756,-0.07313020625312325,0.12470215373002702,-0.023641582142200024,-0.04876955254066697,60.14,60.56,5,793.0,866.0,446.0,754.0,753.0,431.0,2,2,1,0.0017380152288710982,0.027932057780383934,0.0329182939664535,0.001842958319827781,0.07356019128258731,0.087229676208075,0.00328356524318163,0.05992603413648312,0.09420121449520485,30.68,46.7,4,1051.0,483.0,0.0,970.0,431.0,0.0,3,1,0,0.05354157933957844,-0.015978828389903554,-0.00950845413219285,0.07005114229643894,-0.01842743375997656,-0.018447419133544373,0.11027096633195507,-0.03372468654948621,-0.02827919531810569
92,least_connections,1784,measured,195,124,8,light,0,100.0,67.9,5,945.0,682.0,0.0,803.0,555.0,0.0,3,2,0,0.027515198462405313,0.029479669491005403,-0.009748094308587718,0.16927494699534207,0.08789216795943744,-0.06616542470520675,0.1128257581366911,0.034705235204676194,-0.04412483325107964,47.83,47.72,4,362.0,866.0,446.0,343.0,753.0,431.0,1,2,1,-0.041511410257778755,0.025271861801299755,0.029783218350600785,-0.10974752750655037,0.06655445877948377,0.07892208799778214,-0.11323451239902614,0.054218792790151404,0.08522967025756631,30.68,46.7,4,1051.0,483.0,0.0,970.0,431.0,0.0,3,1,0,0.04844238130723763,-0.014457035209912733,-0.008602887071984007,0.06337960493487332,-0.016672440068550218,-0.016690522073206815,0.09976896953843553,-0.03051281164001135,-0.025585938621143244
92,least_connections,1785,measured,164,118,8,light,1,70.67,45.25,3,1060.0,0.0,0.0,905.0,0.0,0.0,3,0,0,0.02489470337074766,-0.05949571853308128,-0.008819704374436507,0.2225186028370555,-0.3318435940684455,-0.05986395568566325,0.14822330498081576,-0.21967145386243586,-0.03992246817954825,52.51,51.41,5,362.0,1030.0,446.0,343.0,871.0,431.0,1,3,1,-0.03755794261418077,0.06594891804698096,0.02694672136482928,-0.09929538202973606,0.10261049671885264,0.07140569866466004,-0.10245027312292841,0.08241819347680365,0.07711255880446474,21.74,32.53,3,604.0,483.0,0.0,545.0,431.0,0.0,2,1,0,0.0007449209559814429,-0.013080174713730575,-0.007783564493699816,-0.02354226220178128,-0.015084588633450191,-0.015100948542425214,-0.03790744025887574,-0.027606829579057884,-0.023149182561986743
92,least_connections,1786,measured,172,106,7,light,0,82.13,50.55,4,1232.0,0.0,0.0,1011.0,0.0,0.0,4,0,0,0.06560767946695763,-0.053829459625168774,-0.007979732529252078,0.30507238669384384,-0.30023944225240307,-0.05416262657274294,0.18205918069692845,-0.19875036301839435,-0.036120328352924606,52.51,51.41,5,526.0,1312.0,0.0,461.0,1184.0,0.0,2,3,0,0.009102904528212857,0.05966806870917324,-0.018703533277626114,-0.04744412115615576,0.16573602764358775,-0.050687361072110304,-0.05933000901598284,0.16306586552663185,-0.05209161346262712,21.74,32.53,3,604.0,483.0,0.0,545.0,431.0,0.0,2,1,0,0.0006739761030308267,-0.011834443788613383,-0.007042272637156976,-0.021300141992087837,-0.013647961144550178,-0.013662762966956146,-0.03429720785326851,-0.024977607714385702,-0.020944498508464197
92,least_connections,1787,measured,163,118,5,light,2,82.13,50.55,4,1232.0,0.0,0.0,1011.0,0.0,0.0,4,0,0,0.0593593290415331,-0.04870284442277175,-0.007219758002656642,0.27601787367538255,-0.2716452096569361,-0.049004281184862664,0.16472021110674478,-0.17982175701664252,-0.0326802970812175,42.17,40.69,4,1030.0,446.0,0.0,871.0,431.0,0.0,3,1,0,0.051319861466569,-0.03218240495473894,-0.016922244394042676,0.08736008085871622,-0.07391230151974712,-0.04585999335095694,0.06224308708077744,-0.06536600261876166,-0.04713050741856739,25.0,36.47,4,1250.0,0.0,0.0,1094.0,0.0,0.0,4,0,0,0.08677758835625692,-0.05379125413074091,-0.006371580005046788,0.09762368105477767,-0.09974815532125969,-0.012361547446293655,0.13454062146609036,-0.15258291491619025,-0.01894978436480094
92,least_connections,1788,measured,392,300,10,medium,0,100.0,65.55,5,1232.0,392.0,0.0,1011.0,300.0,0.0,4,1,0,0.05370605960900615,-0.0009805780605123132,-0.006532162002403629,0.24973045713486997,-0.009329792864212094,-0.04433720678630432,0.14903257195372144,-0.026981589681724205,-0.029567887835387264,42.17,40.69,4,1030.0,446.0,0.0,871.0,431.0,0.0,3,1,0,0.04643225561261005,-0.029117414006668563,-0.015310602070800516,0.07904007315788611,-0.06687303470834263,-0.04149237493658009,0.05631517402546529,-0.05914066903602244,-0.042641887664418114,15.96,22.33,3,798.0,0.0,0.0,670.0,0.0,0.0,3,0,0,0.03542915590509413,-0.04866827754686082,-0.005764762861708998,0.006535711430513125,-0.09024833100494925,-0.011184257213313308,-0.006145786927505531,-0.13805120873369595,-0.01714504299672466
92,least_connections,1789,measured,471,433,15,heavy,2,100.0,65.55,5,1232.0,392.0,0.0,1011.0,300.0,0.0,4,1,0,0.04859119678910079,-0.0008871896737968482,-0.005910051335508045,0.22594660407440614,-0.008441241162858548,-0.04011461566379915,0.13483899367241464,-0.02441191447394095,-0.026751898517731333,42.17,40.69,4,1030.0,446.0,0.0,871.0,431.0,0.0,3,1,0,0.04201013603045671,-0.026344326958414405,-0.013852449492629038,0.07151244714284935,-0.060504174259929044,-0.03754072018071532,0.050951824118278116,-0.05350822436592506,-0.038580755505902106,22.34,32.73,3,646.0,0.0,471.0,549.0,0.0,433.0,2,0,1,-0.011028949645957908,-0.04403320349477884,0.03786816239949685,-0.02159149918191669,-0.08165325186162076,0.07510948156890701,-0.04205253737885423,-0.12490347456858204,0.11507511982836025
92,least_connections,1790,measured,484,420,15,heavy,2,83.07,48.05,4,854.0,392.0,0.0,661.0,300.0,0.0,3,1,0,0.0008795635348100295,-0.0008026954191495267,-0.005347189303554898,-0.023572120123156348,-0.007637313433062509,-0.03629417607677066,-0.03633614858210099,-0.022086970238327536,-0.02420409865889978,42.17,40.69,4,1030.0,446.0,0.0,871.0,431.0,0.0,3,1,0,0.03800917069422273,-0.023835343438565415,-0.01253316858856913,0.06470173789114941,-0.05474187194945962,-0.03396541349683767,0.04609926944034687,-0.04841220299774171,-0.03490639783867334,32.02,46.73,4,646.0,471.0,484.0,549.0,433.0,420.0,2,1,1,-0.009978573489200004,0.0032443351600526943,0.03426167074240191,-0.01953516592649604,0.011351819744247885,0.07030857856234443,-0.038047533818963364,0.01757939602525116,0.10019494968597673
92,least_connections,1791,measured,478,417,14,heavy,0,100.0,68.9,5,1246.0,478.0,0.0,961.0,417.0,0.0,4,1,0,0.0438796958058712,-0.000726248236373378,-0.004837933179406812,0.21511728814254105,0.044963065624054555,-0.03283758787898298,0.1028387227114324,0.03294512216532269,-0.021898946405671228,42.17,40.69,4,1030.0,446.0,0.0,871.0,431.0,0.0,3,1,0,0.03438924967572532,-0.021565310730130613,-0.01133953348489588,0.05853966761580187,-0.04952836033522537,-0.030730612211424556,0.0417088628269805,-0.043801516997956785,-0.031581978996894924,32.02,46.73,4,646.0,955.0,0.0,549.0,853.0,0.0,2,2,0,-0.009028233156895243,0.04601925108585266,-0.012085245745536594,-0.01767467393349642,0.0978516464352719,-0.023968428919783607,-0.034423959169538276,0.14257183449903676,-0.03601409314125917
92,least_connections,1792,measured,350,315,12,medium,1,69.47,41.15,3,564.0,478.0,0.0,406.0,417.0,0.0,2,1,0,-0.04646712329582173,-0.0006570817376711502,-0.004377177638510926,-0.2167351519980184,0.04068086889795408,-0.029710198557175077,-0.1580268699277516,0.029807491482911008,-0.01981333246227397,52.17,50.53,5,1030.0,796.0,0.0,871.0,746.0,0.0,3,2,0,0.031114083039941953,0.02357242861378206,-0.010259577914905796,0.05296446117620171,0.045664816839558,-0.02780388723890793,0.03773659017679187,0.049432556049467696,-0.02857417147338112,28.76,42.8,3,483.0,955.0,0.0,431.0,853.0,0.0,1,2,0,-0.05125230165442449,0.04163646526815241,-0.010934269960247395,-0.04548660974935388,0.08853244201286506,-0.02168572140361374,-0.06673278845497907,0.12899356454674754,-0.0325841795087583
92,least_connections,1793,measured,386,335,11,medium,0,83.73,52.6,3,392.0,864.0,0.0,300.0,752.0,0.0,1,2,0,-0.08512558320869132,0.042489397702197756,-0.003960303577700362,-0.2998397406966198,0.2696318972568791,-0.026880655837444117,-0.19092907279177532,0.17851630181787187,-0.017926348418247876,47.49,46.84,4,1312.0,350.0,0.0,1184.0,315.0,0.0,3,1,0,0.028150837036137952,-0.021756464814287876,-0.009282475256343339,0.12081818596214167,-0.0739767303424407,-0.025155897978059557,0.1226396530170974,-0.07713542547905304,-0.025852821809249586,28.76,42.8,3,483.0,955.0,0.0,431.0,853.0,0.0,1,2,0,-0.046371130068288816,0.03767108762356646,-0.00989291091641431,-0.04115455167798683,0.08010078086878268,-0.019620414603269576,-0.06037728479260013,0.11670846316134303,-0.029480924317447983
92,least_connections,1794,measured,366,314,10,medium,0,100.0,68.3,4,392.0,1230.0,0.0,300.0,1066.0,0.0,1,3,0,-0.07701838480786358,0.0815266886239839,-0.003583131808395565,-0.2712835749159893,0.46471457370860486,-0.024320593376735155,-0.17274535157351104,0.3035623683114079,-0.016219077140319508,22.74,23.31,2,446.0,350.0,0.0,431.0,315.0,0.0,1,1,0,-0.06069799551605659,-0.01968442054626046,-0.00839842999383445,-0.11455225351724596,-0.06693132745268443,-0.022760098170625312,-0.1019420996511976,-0.06978919448104799,-0.023390648303606768,19.1,28.43,2,0.0,955.0,0.0,0.0,853.0,0.0,0,2,0,-0.08503873219330439,0.03408336499275061,-0.008950728924374853,-0.12463507056579762,0.07247213507175576,-0.017751803688672473,-0.18461119417743185,0.10559337143169134,-0.026673217239595794
92,least_connections,1795,measured,368,306,11,medium,1,100.0,68.3,4,392.0,1230.0,0.0,300.0,1066.0,0.0,1,3,0,-0.069683300540448,0.07376224208836639,-0.00324188115997694,-0.24544704397160932,0.4204560428792139,-0.022004346388474663,-0.15629341332841476,0.2746516665674643,-0.014674403126955745,33.26,32.88,3,446.0,718.0,0.0,431.0,621.0,0.0,1,2,0,-0.05491723403833691,0.02527418639918838,-0.007598579518231168,-0.10364251508703207,0.03457233638634674,-0.0205924697734229,-0.09223332825584546,0.023375252612385156,-0.021162967512787074,19.1,28.43,2,0.0,955.0,0.0,0.0,853.0,0.0,0,2,0,-0.07693980531775159,0.03083733023153626,-0.008098278550624867,-0.11276506384524547,0.06557002696968378,-0.016061155718322714,-0.1670291756843431,0.09553685986676835,-0.024132910835824768
92,least_connections,1796,measured,156,114,4,light,2,100.0,68.3,4,392.0,1230.0,0.0,300.0,1066.0,0.0,1,3,0,-0.06304679572707199,0.0667372666513791,-0.0029331305733124695,-0.22207113502193226,0.38041261022405065,-0.019908694351477078,-0.14140832634475622,0.24849436498961058,-0.01327684092438853,33.26,32.88,3,446.0,718.0,0.0,431.0,621.0,0.0,1,2,0,-0.04968702127278102,0.022867121027837112,-0.006874905278399629,-0.09377179936445759,0.03127973292098038,-0.018631282175954052,-0.08344920175528875,0.021149038077872273,-0.019147446797283543,22.22,32.23,3,156.0,955.0,0.0,114.0,853.0,0.0,1,2,0,-0.02652830458454168,0.027900441638056606,-0.007327013926755832,-0.07379696252665066,0.059325262496380565,-0.014531521840387219,-0.11674068276202473,0.08643811130802853,-0.021834538375270027
92,least_connections,1797,measured,200,120,4,light,1,100.0,68.3,4,1144.0,478.0,0.0,949.0,417.0,0.0,3,1,0,0.029125461462354355,-0.025786463959409825,-0.0026537848044255676,0.25266579847222004,-0.10940446376554147,-0.018012628222764976,0.16565437140236344,-0.0687670031046381,-0.012012379883970576,38.97,36.62,4,996.0,368.0,0.0,866.0,306.0,0.0,3,1,0,0.0412128764448081,-0.022394600249190447,-0.006220152394742521,0.05733571894236153,-0.062175479738160594,-0.016856874349672715,0.047489412697595906,-0.06992765602478225,-0.01732388043563749,22.22,32.23,3,627.0,484.0,0.0,547.0,420.0,0.0,2,1,0,0.019082100840743466,-0.01784064350661091,-0.00662920307658861,0.018459891047316074,-0.03155333393184617,-0.01314756737939796,0.02496477908832681,-0.05238139135622813,-0.019755058530006215
92,least_connections,1798,measured,154,112,2,light,2,82.0,53.3,3,1230.0,0.0,0.0,1066.0,0.0,0.0,3,0,0,0.02635160798974917,-0.06641451047574722,-0.0024010433944802755,0.28047540496692913,-0.3873024513434264,-0.016297139820596884,0.2028063360307098,-0.2508606218565773,-0.010868343704544807,38.97,36.62,4,996.0,368.0,0.0,866.0,306.0,0.0,3,1,0,0.03728784059292162,-0.020261781177838972,-0.005627756928576567,0.05187517428118424,-0.05625400547738338,-0.015251457744941981,0.042966611488301054,-0.06326787926051729,-0.015673987060814874,25.3,35.97,4,1265.0,0.0,0.0,1079.0,0.0,0.0,4,0,0,0.10343255835704454,-0.059225434827976764,-0.0059978504026277895,0.13214942523328596,-0.11612920689071797,-0.011895418105169583,0.1830316255243592,-0.17405935408420642,-0.017873624384291336
92,least_connections,1799,measured,440,443,17,heavy,0,100.0,75.45,4,1230.0,0.0,440.0,1066.0,0.0,443.0,3,0,1,0.02384193103834449,-0.06008931900186653,0.040911527631751404,0.25376346163674546,-0.3504165035964334,0.2506517941305711,0.1834914468849279,-0.2269691340607128,0.1905714985530309,38.97,36.62,4,1364.0,0.0,0.0,1172.0,0.0,0.0,4,0,0,0.0768205179060674,-0.06141598795908786,-0.005091780078235941,0.14206393319318028,-0.14602573284688428,-0.013798937959709412,0.12539241039417717,-0.14376022409284897,-0.014181226388356316,25.3,35.97,4,1265.0,0.0,0.0,1079.0,0.0,0.0,4,0,0,0.0935818385135165,-0.05358491722531231,-0.0054266265547584765,0.11956376568725874,-0.10506928242493531,-0.01076252114277248,0.1656000421410869,-0.15748227274285342,-0.016171374442930257
92,least_connections,1800,measured,189,120,7,light,0,100.0,81.45,5,1419.0,0.0,440.0,1186.0,0.0,443.0,4,0,1,0.06465517116621189,-0.05436652671597448,0.0370151916668227,0.34359551290943635,-0.31704350325391595,0.22678019468956429,0.22030178527683952,-0.20535302605493064,0.1724218320241708,26.23,23.16,3,918.0,0.0,0.0,741.0,0.0,0.0,3,0,0,0.026420377878732193,-0.055566846248698544,-0.00460684864221347,0.013241517787027035,-0.13211852019480005,-0.012484753392118039,-0.008409842976696863,-0.1300687741792443,-0.012830633398989048,19.1,28.43,2,955.0,0.0,0.0,853.0,0.0,0.0,2,0,0,-0.001498517988904574,-0.04848159177528257,-0.0049098049781148125,0.05208150228847219,-0.09506268409875099,-0.009737519129175101,0.08166987939749126,-0.14248396105305786,-0.014631243543603565
92,least_connections,1801,measured,180,124,5,light,2,100.0,81.45,5,1419.0,0.0,440.0,1186.0,0.0,443.0,4,0,1,0.05849753581704886,-0.04918876226683405,0.03348993531760149,0.31087213072758524,-0.2868488838964001,0.2051820809096058,0.1993206628695215,-0.1857955950020801,0.15600070516472597,20.51,19.41,2,718.0,0.0,0.0,621.0,0.0,0.0,2,0,0,-0.019179748812666347,-0.050274765653584394,-0.004168101152478854,-0.03972025941717963,-0.11953580398577147,-0.011295729259535368,-0.041537476978916216,-0.11768127187645915,-0.011608668313371043,22.7,32.57,3,1135.0,0.0,0.0,977.0,0.0,0.0,3,0,0,0.04172809823679609,-0.04386429732049375,-0.00444220450400864,0.07969278778480818,-0.08600909513696518,-0.008810136354967949,0.11128862104217463,-0.1289140600003857,-0.013237791777546084
92,least_connections,1802,measured,382,347,13,medium,1,100.0,81.45,5,1419.0,440.0,0.0,1186.0,443.0,0.0,4,1,0,0.05292634192971088,-0.0014202180146639237,-0.012783482558451255,0.2812652611344818,0.005866882823891972,-0.0797558950500392,0.18033774259623375,0.03230398547430849,-0.05926126675572412,31.43,30.25,3,718.0,382.0,0.0,621.0,347.0,0.0,2,1,0,-0.01735310606860288,-0.002402792507438037,-0.0037711391379570583,-0.03593737756792445,-0.009403142381684396,-0.010219945520532,-0.03758152679044802,-0.0083634126501297,-0.010503080854954754,22.7,32.57,3,1135.0,0.0,0.0,977.0,0.0,0.0,3,0,0,0.03775399364281551,-0.03968674519473244,-0.00401913740838877,0.0721029984719693,-0.0778177527429685,-0.007971075749732905,0.10068970475244371,-0.11663653047653944,-0.011977049703494076
92,least_connections,1803,measured,192,119,3,light,1,100.0,81.45,5,1419.0,440.0,0.0,1186.0,443.0,0.0,4,1,0,0.047885737936405076,-0.0012849591561245044,-0.011566008029074945,0.25447809340738825,0.005308132078759409,-0.07216009552146405,0.16316271949183053,0.02922741542913626,-0.0536173365885123,36.91,33.97,4,910.0,382.0,0.0,740.0,347.0,0.0,3,1,0,0.02738347092659285,-0.002173955125777269,-0.0034119830295801954,0.017117882880721413,-0.008507605012000166,-0.00924661737571943,-0.000356500429452955,-0.0075668971596411505,-0.009502787440197159,22.7,32.57,3,1135.0,0.0,0.0,977.0,0.0,0.0,3,0,0,0.034158375200642604,-0.035907055176186496,-0.003636362417113649,0.06523604623654364,-0.07040653819601912,-0.007211925678329772,0.09110020906173477,-0.10552828947877378,-0.010836378303161306
92,least_connections,1804,measured,196,102,3,light,2,73.8,49.0,3,667.0,440.0,0.0,537.0,443.0,0.0,2,1,0,-0.04284260898724346,-0.001162582093636455,-0.01046448345487733,-0.22334521707585508,0.004802595690306166,-0.06528770547180081,-0.14597182522167712,0.026443852054932826,-0.04851092358008256,26.91,24.12,3,560.0,382.0,0.0,425.0,347.0,0.0,2,1,0,-0.01830837891222098,-0.0019669117804651526,-0.003087032264858272,-0.07498858215553778,-0.007697356915619194,-0.008365987149460437,-0.0893850480076003,-0.006846240287294372,-0.008597760064940287,17.2,21.53,3,860.0,0.0,0.0,646.0,0.0,0.0,3,0,0,0.030905196610105212,-0.0324873356355973,-0.003290042186912349,0.00926118469020612,-0.06370115360592206,-0.006525075613726936,-0.017401398150493935,-0.09547797619508104,-0.0098043422742888
92,least_connections,1805,measured,196,118,3,light,0,55.0,34.05,3,385.0,440.0,0.0,238.0,443.0,0.0,2,1,0,-0.03876236051226789,-0.0010518599894805969,-0.009467865982984252,-0.37216948211624984,0.0043452056245627535,-0.059069828760200734,-0.2673316513910412,0.023925389954463055,-0.0438908356200747,26.91,24.12,3,560.0,382.0,0.0,425.0,347.0,0.0,2,1,0,-0.01656472377772375,-0.001779586848992279,-0.002793029192014627,-0.06784681242643895,-0.006964275304607845,-0.007569226468559443,-0.08087218629259077,-0.0061942174027901364,-0.007778925773041212,7.52,7.53,2,376.0,0.0,0.0,226.0,0.0,0.0,2,0,0,-0.015122055674757412,-0.029393303670302323,-0.0029767048357778395,-0.07920178528028969,-0.05763437707202472,-0.005903639840991038,-0.14241078880282781,-0.08638483560507332,-0.0088705953910232
92,least_connections,1806,measured,389,305,9,medium,2,55.0,34.05,3,385.0,440.0,0.0,238.0,443.0,0.0,2,1,0,-0.03507070713014715,-0.0009516828476252986,-0.008566164460795276,-0.3367247695337499,0.00393137651746156,-0.05344413078303876,-0.2418714941157039,0.021646781387371333,-0.03971075603721044,10.91,10.84,1,0.0,382.0,0.0,0.0,347.0,0.0,0,1,0,-0.10115493149050289,-0.0016101023871834957,-0.0025270264118227577,-0.20614711600487334,-0.006301010989883296,-0.006848347757268068,-0.1933337637885345,-0.005604291935857736,-0.007038075699418239,11.7,13.57,2,196.0,389.0,0.0,102.0,305.0,0.0,1,1,0,-0.056765760122966455,0.01648995881076955,-0.002693209137132331,-0.10423018668216687,0.01824508741102525,-0.00534138842756332,-0.16624468193271721,0.013826418579536842,-0.008025776782354324
92,least_connections,1807,measured,186,107,5,light,1,42.4,28.05,2,196.0,440.0,0.0,118.0,443.0,0.0,1,1,0,-0.07481454001117621,-0.0008610463859466955,-0.007750339274052869,-0.418655743863869,0.0035569597062747316,-0.0483542135656065,-0.2731218280094464,0.019585183160002656,-0.03592877927176183,16.23,14.19,2,186.0,382.0,0.0,107.0,347.0,0.0,1,1,0,-0.04843722826465001,-0.0014567593026898334,-0.0022863572297444,-0.1384324246846813,-0.005700914705132495,-0.0061961241613377755,-0.14466804818962645,-0.005070549846728431,-0.006367782775664121,7.78,10.17,1,0.0,389.0,0.0,0.0,305.0,0.0,0,1,0,-0.09444339748086987,0.014919486543077218,-0.002436713028834014,-0.12977016890291287,0.016507460038546654,-0.004832684767795385,-0.181173759843887,0.012509616810057148,-0.0072614170887967695
92,least_connections,1808,measured,355,339,12,medium,2,29.33,22.15,1,0.0,440.0,0.0,0.0,443.0,0.0,0,1,0,-0.1107732459511549,-0.0007790419682374844,-0.007012211724143072,-0.49700599048000843,0.0032182016390104873,-0.04374905036888207,-0.30049117772283246,0.017719927620954784,-0.03250699076968928,16.23,14.19,2,568.0,0.0,0.0,454.0,0.0,0.0,2,0,0,-0.0007402586793545385,-0.044401920548238646,-0.002068608922149695,-0.0265000849187933,-0.10390626976722872,-0.005606017098353225,-0.0327800197906144,-0.10269775938513526,-0.005761327273219919,14.88,21.47,2,389.0,355.0,0.0,305.0,339.0,0.0,1,1,0,-0.04236488797022013,0.013498583062784147,-0.0022046451213260125,-0.04702062900739737,0.008782940034875543,-0.004372429075624396,-0.07193498906510411,0.021572192986877098,-0.006569853556530411
92,least_connections,1809,measured,454,413,18,heavy,0,59.6,42.8,2,440.0,0.0,454.0,443.0,0.0,413.0,1,0,1,-0.05713951277666848,-0.04378874772182938,0.03673951819062792,-0.18427526122794413,-0.2624851191520064,0.23425879569799557,-0.07146820841589605,-0.18437244643818376,0.1574222464464716,16.23,14.19,2,568.0,0.0,0.0,454.0,0.0,0.0,2,0,0,-0.0006697578527493364,-0.040173166210311154,-0.001871598548611629,-0.02397626730747965,-0.09401043455130217,-0.005072110708033871,-0.02965811314388922,-0.09291702039607476,-0.005212629437675165,14.88,21.47,2,389.0,355.0,0.0,305.0,339.0,0.0,1,1,0,-0.038330136734961065,0.012213003723471373,-0.0019946789192949637,-0.04254247386383572,0.007946469555363586,-0.003956007258898263,-0.06508403772557038,0.01951769841669833,-0.005944153217813229
92,least_connections,1810,measured,424,423,15,heavy,0,87.87,63.95,3,440.0,0.0,878.0,443.0,0.0,836.0,1,0,2,-0.05169765441698576,-0.039618390795940865,0.07632441668494454,-0.1667252363490923,-0.23748653637562483,0.4676944659489802,-0.0646617123762869,-0.1668131658250234,0.3337867944039505,16.23,14.19,2,568.0,0.0,0.0,454.0,0.0,0.0,2,0,0,-0.0006059713905827435,-0.03634715038075771,-0.0016933510677914739,-0.02169281327819586,-0.08505705983213054,-0.0045890525453639785,-0.026833530939709277,-0.08406778035835336,-0.004716188538848959,14.88,21.47,2,389.0,355.0,0.0,305.0,339.0,0.0,1,1,0,-0.03467964752210763,0.011049860511712195,-0.0018047094984097291,-0.038490809686327565,0.007189662931043242,-0.0035792446628127145,-0.05888555794218271,0.017658869996060395,-0.005378043387545302
92,least_connections,1811,measured,440,424,18,heavy,1,87.87,63.95,3,440.0,424.0,454.0,443.0,423.0,413.0,1,1,1,-0.04677406828203473,0.007238689506620391,0.02597152439295436,-0.15084664241108353,0.04087726073951403,0.16740610411256932,-0.05850345405473581,0.04043094520593121,0.11064043303214569,28.8,27.44,3,568.0,0.0,440.0,454.0,0.0,424.0,2,0,1,-0.0005482598295748764,-0.03288551701116174,0.04155182068923175,-0.019626831061224814,-0.07695638746716572,0.10958949667664349,-0.024277956564498854,-0.07606132508612923,0.11561392465532713,14.88,21.47,2,389.0,355.0,0.0,305.0,339.0,0.0,1,1,0,-0.031376823948573565,0.009997492843930075,-0.0016328324033230883,-0.0348250182876297,0.00650493312808674,-0.0032383642187353134,-0.05327740956673675,0.015977072853578453,-0.004865848779207654
92,least_connections,1812,measured,485,436,15,heavy,2,87.87,63.95,3,440.0,424.0,454.0,443.0,423.0,413.0,1,1,1,-0.04231939511231714,0.006549290505989874,0.02349804587933966,-0.13648029551478985,0.03698418828813174,0.15146266562565797,-0.05293169652571336,0.036580378995842544,0.10010324893384609,23.49,24.09,2,382.0,0.0,440.0,347.0,0.0,424.0,1,0,1,-0.04357994483446796,-0.029753563010098717,0.03759450443311444,-0.0658392417084551,-0.06962720770838804,0.09915240175505839,-0.052218746415498965,-0.06881738936364074,0.10460307468815314,24.58,36.0,3,389.0,355.0,485.0,305.0,339.0,436.0,1,1,1,-0.02838855500109036,0.009045350668317687,0.041606575671369814,-0.03150834987928401,0.005885415687316584,0.084831956183049,-0.04820337056038086,0.014455446867523356,0.12708962888230418
92,least_connections,1813,measured,424,442,17,heavy,1,87.87,63.95,3,440.0,878.0,0.0,443.0,836.0,0.0,1,2,0,-0.0382889765301917,0.04900944877979582,-0.02182376347878339,-0.1234821721324289,0.30730315448291284,-0.13680361998948404,-0.047890582570883494,0.21992986671052417,-0.09626372715509163,35.6,37.91,3,382.0,0.0,864.0,347.0,0.0,866.0,1,0,2,-0.039429473897851966,-0.02691989034247027,0.07709797566624187,-0.059568837736221306,-0.06299604506949394,0.199314758050495,-0.04724553247116574,-0.06226335228138924,0.2196111151940433,24.58,36.0,3,744.0,485.0,0.0,644.0,436.0,0.0,2,1,0,0.017399017130532768,0.00818388869990648,-0.00543985557170849,0.0357305405854097,0.02884870943138168,-0.011009182501050903,0.05862552187394113,0.042332705896013206,-0.016506208789026373
92,least_connections,1814,measured,189,120,5,light,0,100.0,69.95,4,629.0,878.0,0.0,563.0,836.0,0.0,2,2,0,0.008441492889917246,0.044341882229339075,-0.019745309814137354,0.00227803473732624,0.2780361873893021,-0.12377470380000936,0.010956139578724433,0.19898416511904565,-0.087095753140321,35.6,37.91,3,382.0,0.0,864.0,347.0,0.0,866.0,1,0,2,-0.035674285907580344,-0.024356091262235004,0.06975531131707598,-0.05389561509467643,-0.056996421729542134,0.18033240014092405,-0.042745957950102345,-0.056333509206971215,0.1986957708898487,24.58,36.0,3,744.0,485.0,0.0,644.0,436.0,0.0,2,1,0,0.01574196788000584,0.007404470728486809,-0.004921774088688634,0.032327631958227826,0.026101213295059614,-0.009960688929522246,0.0530421388383277,0.03830101962020244,-0.014934188904357194
92,least_connections,1815,measured,183,110,8,light,1,100.0,69.95,4,629.0,878.0,0.0,563.0,836.0,0.0,2,2,0,0.007637541186115593,0.040118845826544874,-0.017864804117552844,0.0020610790480570795,0.2515565504950828,-0.11198663677143704,0.00991269771408404,0.18003329225056514,-0.07880091950790948,29.91,30.5,3,0.0,623.0,424.0,0.0,534.0,442.0,0,2,1,-0.07536063509552053,0.06413133693054021,0.02002804810773994,-0.1475109986911018,0.10947942795898569,0.04941638924314898,-0.13678503338342593,0.10001372976512128,0.05989141175748215,16.8,25.83,2,355.0,485.0,0.0,339.0,436.0,0.0,1,1,0,-0.028841167382942554,0.006699283040059498,-0.004453033699289717,-0.04114166632350816,0.023615383457434885,-0.009012051888615365,-0.043993620416116194,0.034653303465897456,-0.01351188519918032
92,least_connections,1816,measured,382,350,9,medium,2,71.13,47.8,3,189.0,878.0,0.0,120.0,836.0,0.0,1,2,0,-0.036173743915509926,0.036298003366873936,-0.01616339420159543,-0.26353203959144045,0.22759878378126536,-0.10132124279320494,-0.1914361306396382,0.162887264417178,-0.07129607003096572,29.91,30.5,3,183.0,864.0,0.0,110.0,866.0,0.0,1,2,0,-0.02509953152633264,0.05802359055620304,-0.024963285272135514,-0.0861562097001125,0.1613521355003068,-0.06489537571878358,-0.09265669687071869,0.18435766026368117,-0.070782770314659,24.44,37.5,3,355.0,867.0,0.0,339.0,786.0,0.0,1,2,0,-0.026094389536948023,0.049145156310620726,-0.004028935251738315,-0.03722341238793596,0.09049010884244107,-0.00815376123255676,-0.039803751805057505,0.13690854440565325,-0.012225038989734574
92,least_connections,1817,measured,398,334,9,medium,0,97.67,64.5,4,189.0,1276.0,0.0,120.0,1170.0,0.0,1,3,0,-0.032728625447366114,0.07592495089202426,-0.014624023325253007,-0.2384337501065414,0.4459862011989226,-0.09167160062242352,-0.17320411819776793,0.29846942971078005,-0.0645059681232547,29.91,30.5,3,183.0,864.0,0.0,110.0,866.0,0.0,1,2,0,-0.0227090999523962,0.05249753431275513,-0.022585829531932132,-0.07795085639533987,0.14598526545265852,-0.058714863745566094,-0.08383224954969787,0.1667997878576163,-0.06404155409421529,24.44,37.5,3,355.0,867.0,0.0,339.0,786.0,0.0,1,2,0,-0.0236092095810482,0.04446466523341875,-0.0036452271325251424,-0.03367832549384682,0.08187200323839906,-0.0073772125437418295,-0.036012918299813915,0.12386963541463866,-0.011060749562140806
92,least_connections,1818,measured,358,323,14,medium,1,97.67,64.5,4,613.0,852.0,0.0,543.0,747.0,0.0,2,2,0,0.013472286726759458,0.02561010296126459,-0.013231259199038435,0.04002025784011337,0.1477652931482315,-0.08294097199171652,0.034648654963924275,0.07868662688118194,-0.05836254258770663,40.14,40.59,4,183.0,1222.0,0.0,110.0,1189.0,0.0,1,3,0,-0.020546328528358457,0.09058166936686915,-0.020434798147938596,-0.0705269653100694,0.22462612452519445,-0.05312297196027409,-0.07584822578305998,0.24223849853784335,-0.057942358466194784,24.44,37.5,3,737.0,485.0,0.0,689.0,436.0,0.0,2,1,0,0.021723186796285182,-0.0028539650155689766,-0.0032980626437132243,0.03865294360080526,0.0049508600728372515,-0.006674620872909274,0.07297243899858105,0.0065169717243556136,-0.010007344841936919
92,least_connections,1819,measured,425,404,14,heavy,2,85.07,58.5,3,822.0,454.0,0.0,757.0,413.0,0.0,2,1,0,0.012189211800401417,-0.019912854690375112,-0.011971139275320489,0.16227229677597566,-0.10637108397699685,-0.07504183180202922,0.12815830687212199,-0.07990257567893064,-0.05280420519840124,40.14,40.59,4,183.0,1222.0,0.0,110.0,1189.0,0.0,1,3,0,-0.018589535335181456,0.08195484371288161,-0.01848862689575397,-0.06381011147101516,0.20323316028469976,-0.04806364129739084,-0.06862458523229237,0.21916816534376304,-0.05242403861227147,32.94,50.97,4,737.0,910.0,0.0,689.0,840.0,0.0,2,2,0,0.01965431186330563,0.04050174140314734,-0.0029839614395500602,0.03497171087691904,0.08138411149447178,-0.006038942694536963,0.0660226829034781,0.12773757759187732,-0.00905426438080007
92,least_connections,1820,measured,472,411,16,heavy,0,100.0,79.05,4,1276.0,0.0,472.0,1170.0,0.0,411.0,3,0,1,0.05411223471283484,-0.061100292565668186,0.03225286945384835,0.4206590621623907,-0.370081774391886,0.21680342202038624,0.3027860871700151,-0.25912613989998484,0.13815333815382744,40.14,40.59,4,183.0,1222.0,0.0,110.0,1189.0,0.0,1,3,0,-0.016819103398497515,0.07414962050213099,-0.016727805286634544,-0.05773295799758514,0.18387762120996645,-0.04348615165002028,-0.06208891044826452,0.19829500673959513,-0.04743127303015038,25.84,39.67,3,867.0,425.0,0.0,786.0,404.0,0.0,2,1,0,0.017782472638228908,-0.00643946752867168,-0.002699774635783388,0.055164881269593416,-0.014128661028811246,-0.0054638052950572525,0.08898877659521037,-0.015919969480365004,-0.00819195348739054
92,least_connections,1821,measured,421,418,15,heavy,2,100.0,79.05,4,1276.0,0.0,472.0,1170.0,0.0,411.0,3,0,1,0.04895868854970771,-0.055281217083223595,0.029181167601100892,0.38059629433740105,-0.3348358911164683,0.19615547706606373,0.27394931696334696,-0.2344474599095101,0.12499587737727244,40.14,40.59,4,183.0,1222.0,0.0,110.0,1189.0,0.0,1,3,0,-0.015217284027212036,0.06708775188288042,-0.015134680973621731,-0.05223458104543417,0.16636546680901726,-0.039344613397637396,-0.05617568088176314,0.17940976800249084,-0.042914008932040816,34.26,53.6,4,867.0,425.0,421.0,786.0,404.0,418.0,2,1,1,0.01608890381554043,-0.00582618490689342,0.04064124698485811,0.04991108305344166,-0.012783074264162558,0.0712375094949482,0.08051365501471416,-0.014403781910806435,0.11865172462251967
92,least_connections,1822,measured,367,313,9,medium,0,100.0,94.7,5,1276.0,839.0,0.0,1170.0,724.0,0.0,3,2,0,0.044295956306878395,0.036151461187741006,-0.01668189144480894,0.34434902821002955,0.20311673343430653,-0.10722440963864072,0.24785890582398057,0.11540467912949084,-0.07283706332532493,40.14,40.59,4,623.0,782.0,0.0,534.0,765.0,0.0,2,2,0,0.029315881344994105,0.017614541952991586,-0.013693282785657757,0.06648163755753234,0.03677964003809042,-0.03559750735976717,0.06905533634507144,0.04244217104987266,-0.038826960462322646,34.26,53.6,4,867.0,846.0,0.0,786.0,822.0,0.0,2,2,0,0.014556627261679445,0.037812590072901414,-0.006313248192838123,0.04515764657216151,0.06461531376099577,-0.011727967599808771,0.07284568787045567,0.11303149890609579,-0.01871193169073617
92,least_connections,1823,measured,419,423,17,heavy,1,100.0,94.7,5,1276.0,839.0,0.0,1170.0,724.0,0.0,3,2,0,0.0400772938014614,0.032708464884146624,-0.01509313987863666,0.3115538826662172,0.18377228263103929,-0.09701256110162731,0.22425329574550623,0.10441375730763458,-0.06590020015148446,46.89,50.38,4,864.0,358.0,419.0,866.0,323.0,423.0,2,1,1,0.026523892645470865,-0.027146933697860212,0.030694739611162255,0.12244937275613471,-0.07632862499955084,0.07610565660646916,0.15634768526458848,-0.08657017857392472,0.0844690595817081,34.26,53.6,4,867.0,846.0,0.0,786.0,822.0,0.0,2,2,0,0.013170281808186163,0.03421139101833937,-0.005711986460186873,0.040856918327193736,0.05846147435518664,-0.010611018304588889,0.06590800331136465,0.1022665942483724,-0.016929842958285108
92,least_connections,1824,measured,448,415,14,heavy,1,100.0,94.7,5,1643.0,472.0,0.0,1483.0,411.0,0.0,4,1,0,0.07934430890427006,-0.013490527236338992,-0.013655697985433169,0.4169931954281647,-0.055094918889377176,-0.087773269568139,0.34449107710307714,-0.04712564815023537,-0.05962399061324784,59.69,63.34,5,864.0,806.0,419.0,866.0,738.0,423.0,2,2,1,0.02399780763161649,0.01852238878583623,0.02777143107676585,0.11078752773174091,0.046750291667073035,0.06885749883442448,0.14145742952510384,0.03901090986168715,0.07642438724059304,34.26,53.6,4,867.0,846.0,0.0,786.0,822.0,0.0,2,2,0,0.011915969255025582,0.030953163302307046,-0.005167987749692885,0.036965783248413375,0.05289371489278791,-0.009600445132723281,0.0596310506150442,0.09252691860567028,-0.015317476962257956
92,least_connections,1825,measured,199,107,5,light,2,100.0,73.55,4,1219.0,472.0,0.0,1060.0,411.0,0.0,3,1,0,0.028703807829486977,-0.01220571511859242,-0.01235515532015382,0.20778749427627607,-0.049847783757055564,-0.07941391056164956,0.12032526023611739,-0.04263749118354629,-0.05394551531674805,59.69,63.34,5,1222.0,448.0,419.0,1189.0,415.0,423.0,3,1,1,0.06479620236964848,-0.026325548468143625,0.025126532878978626,0.1927805523015071,-0.05024633475019924,0.062299641802574524,0.21930969814176066,-0.056028819648949735,0.06914587417006036,30.6,45.5,4,684.0,846.0,0.0,543.0,822.0,0.0,2,2,0,0.010781115040261247,0.028005242987801604,-0.004675798440198324,0.0003309467485644868,0.047856218236331904,-0.008686117024844873,-0.019333811348293373,0.08371483111941597,-0.013858669632519104
92,least_connections,1826,measured,392,311,8,medium,0,100.0,72.4,4,821.0,864.0,0.0,726.0,722.0,0.0,2,2,0,-0.01711378838103106,0.0320406341670785,-0.011178473861091552,-0.05206528295638513,0.1913440686642513,-0.0718506809843496,-0.04222952645303668,0.1021136984529819,-0.04880784719134348,59.69,63.34,5,1222.0,867.0,0.0,1189.0,838.0,0.0,3,2,0,0.058625135477301,0.01926554685081791,-0.02035037047911004,0.17442049970136356,0.06285195563417348,-0.05194658258678632,0.19842306022349773,0.06890547269856931,-0.05703766146518349,30.6,45.5,4,1109.0,421.0,0.0,947.0,418.0,0.0,3,1,0,0.05283824240604135,-0.017745823237794014,-0.004230484303036579,0.07720418991536787,-0.033606278738556844,-0.007858867784383456,0.10434877385948058,-0.04609927978084588,-0.012538796334183951
92,least_connections,1827,measured,366,309,10,medium,0,100.0,67.2,4,759.0,838.0,0.0,624.0,720.0,0.0,2,2,0,-0.015483903773313823,0.028989145198785315,-0.010113857302892356,-0.08450350997641198,0.15743828434702106,-0.06500775898584012,-0.08435052393369985,0.09148382240984076,-0.04415948079216791,59.69,63.34,5,1222.0,867.0,0.0,1189.0,838.0,0.0,3,2,0,0.05304178924136757,0.017430732865025722,-0.018412239957290036,0.15780902353932894,0.05686605509758555,-0.04699928900709238,0.17952562591649796,0.062343046727277,-0.05160550323040411,20.9,30.97,3,624.0,421.0,0.0,511.0,418.0,0.0,2,1,0,0.00472212861680385,-0.016055744834194585,-0.0038275810360807144,-0.017910494838476676,-0.03040568076345619,-0.007110404185870746,-0.037081268095390585,-0.04170887218267008,-0.01134462525473786
92,least_connections,1828,measured,168,110,9,light,2,100.0,67.2,4,759.0,838.0,0.0,624.0,720.0,0.0,2,2,0,-0.014009246271093456,0.026228274227472426,-0.00915063279785499,-0.07645555664532522,0.14244416202825716,-0.058816543844331534,-0.07631714070191892,0.08277107741842737,-0.03995381595481858,59.69,63.34,5,1222.0,867.0,0.0,1189.0,838.0,0.0,3,2,0,0.047990190265999225,0.015770663068356616,-0.016658693294690986,0.1427795927260595,0.051450240326386926,-0.042523166244512155,0.16242794725778387,0.056405613705631574,-0.04669069339893705,24.26,34.63,4,624.0,589.0,0.0,511.0,528.0,0.0,2,2,0,0.004272402081870158,0.02855727394820036,-0.0034630495088349323,-0.016204733425288415,0.0028900983568729832,-0.006433222834835437,-0.03354971875297244,-0.00456199546686023,-0.010264184754286636
92,least_connections,1829,measured,464,400,15,heavy,0,100.0,87.2,5,1231.0,366.0,464.0,1035.0,309.0,400.0,3,1,1,0.030408867886244237,-0.019353556878091843,0.03480475626679333,0.21552433763835643,-0.15582036133951332,0.22665804763290642,0.11687972984112094,-0.11104045376427998,0.14480369032659274,47.11,50.09,4,782.0,867.0,0.0,765.0,838.0,0.0,2,2,0,0.00033579572819431025,0.014268695157084565,-0.015072151076148987,0.015440039677319134,0.0465502174381596,-0.03847334088789195,0.02707766656656635,0.05103365049557143,-0.042243960694276377,24.26,34.63,4,1045.0,168.0,0.0,929.0,110.0,0.0,3,1,0,0.04694940687225893,-0.017246366654576087,-0.003133235269898272,0.061519526900929544,-0.07356610148663872,-0.005820534945803491,0.09570898462032651,-0.1301910117716037,-0.00928664334911648
92,least_connections,1830,measured,355,309,13,medium,1,100.0,87.2,5,1597.0,464.0,0.0,1344.0,400.0,0.0,4,1,0,0.07059668545716882,-0.017510360984940243,-0.011593882652039592,0.35725217849819546,-0.08186921581511519,-0.07480144896705294,0.24553404128482376,-0.059298505786729516,-0.049939518275939926,45.14,45.94,4,358.0,1222.0,0.0,323.0,1147.0,0.0,1,3,0,-0.04278008504410537,0.055993672035548156,-0.013636708116515751,-0.0956358824688201,0.1338855708794233,-0.03480921318428319,-0.10047139691596378,0.13353937425789797,-0.03822072634244053,20.28,31.07,3,1014.0,0.0,0.0,932.0,0.0,0.0,3,0,0,0.042478034789186644,-0.05868775577137383,-0.0028348319108603415,0.05005100052941244,-0.09695980610695885,-0.005266198284298396,0.08749860513267638,-0.1509664709679589,-0.0084022011253911
92,least_connections,1831,measured,389,321,11,medium,2,100.0,71.55,4,1230.0,464.0,0.0,1031.0,400.0,0.0,3,1,0,0.02078929137734775,-0.01584270755780308,-0.010489703351845346,0.16037101864122438,-0.07407214764224707,-0.06767750144638124,0.08055460878150716,-0.053651029045136245,-0.04518337367823136,45.14,45.94,4,806.0,774.0,0.0,738.0,732.0,0.0,2,2,0,0.004378108996376334,0.007577041138738583,-0.012337974010180918,0.029281820623448473,0.005325040319478225,-0.031494050023875265,0.026433617076032756,0.003485029090479097,-0.03458065716697,28.06,41.77,4,1014.0,389.0,0.0,932.0,321.0,0.0,3,1,0,0.03843250766640696,-0.010014545471152284,-0.0025648479193498327,0.04528423857423028,-0.017335062668200882,-0.004764655590555692,0.07916540464385005,-0.039779188018629494,-0.007601991494401472
92,least_connections,1832,measured,468,415,16,heavy,0,100.0,92.3,5,1230.0,464.0,468.0,1031.0,400.0,415.0,3,1,1,0.018809358865219394,-0.014333878266583736,0.03359321624175444,0.14509758829444108,-0.0670176573906045,0.22105368916755982,0.07288274127850647,-0.04854140723131373,0.14685790000540971,34.91,35.84,3,448.0,774.0,0.0,415.0,732.0,0.0,1,2,0,-0.03912275399194068,0.006855418173144445,-0.011162928866354165,-0.06605114188490718,0.00481789362238505,-0.0284946166882681,-0.06740827502644656,0.003153121558052502,-0.031287261246306194,28.06,41.77,4,1014.0,389.0,0.0,932.0,321.0,0.0,3,1,0,0.03477226884103486,-0.00906077923580445,-0.002320576688935563,0.04097145394811311,-0.015684104318848424,-0.004310878867645626,0.0716258422968167,-0.035990693921617176,-0.006877992304458474
92,least_connections,1833,measured,164,101,9,light,1,100.0,92.3,5,1230.0,464.0,468.0,1031.0,400.0,415.0,3,1,1,0.017017991354246115,-0.012968747003099565,0.0303938623139683,0.13127877036163715,-0.060635023353404094,0.20000095686588745,0.06594152782341062,-0.04391841606642671,0.13287143333822785,39.6,39.0,4,867.0,519.0,0.0,838.0,410.0,0.0,2,2,0,0.007687122805477703,0.006202521204273559,-0.010099792783844245,0.0485523682265806,-0.06155932073620943,-0.025780843670337804,0.0586097749760722,-0.0881888423998573,-0.028307522079991317,19.56,28.3,3,589.0,389.0,0.0,528.0,321.0,0.0,2,1,0,-0.011623276037249636,-0.008197847880013556,-0.002099569385227414,-0.039835351189802456,-0.014190380098005717,-0.0039003189754889,-0.05703693633462614,-0.032563008786225076,-0.006222945418319572
92,least_connections,1834,measured,385,343,14,medium,2,100.0,76.75,4,838.0,932.0,0.0,720.0,815.0,0.0,2,2,0,-0.027686669953868037,0.03135027198585777,-0.015584691466500334,-0.11766841411724882,0.22742545506120576,-0.1013324675975304,-0.08102909387405699,0.14800238546370914,-0.06752108412255575,39.6,39.0,4,867.0,519.0,0.0,838.0,410.0,0.0,2,2,0,0.006955015871622672,0.00561180489910465,-0.00913790775681146,0.043928333157382454,-0.05569652828514185,-0.023325525225543726,0.05302789164501773,-0.0797899050284423,-0.02561156759618262,27.26,39.73,4,589.0,774.0,0.0,528.0,664.0,0.0,2,2,0,-0.010516297367035382,0.03566679976388796,-0.0018996103961581366,-0.036041508219345084,0.05682775133989959,-0.0035288600254423383,-0.05160484715989985,0.0739826745902408,-0.005630283949908184
92,least_connections,1835,measured,366,311,11,medium,0,100.0,92.3,5,838.0,1298.0,0.0,720.0,1126.0,0.0,2,3,0,-0.025049844243975855,0.07144843202348583,-0.014100435136357446,-0.10646189848703469,0.4265277926744242,-0.0916817563977656,-0.07331203731462299,0.2745973963719273,-0.06109050468231235,39.6,39.0,4,1031.0,355.0,0.0,939.0,309.0,0.0,3,1,0,0.04937653363441598,-0.03800655293709125,-0.00826763082759132,0.08213924020361815,-0.09278665484301951,-0.0211040466326348,0.07653416386930176,-0.10074741407335255,-0.023172370682260465,27.26,39.73,4,978.0,385.0,0.0,849.0,343.0,0.0,3,1,0,0.033569154989915834,-0.01081393853562064,-0.0017186951203335523,0.037781492563449676,-0.018974891644852748,-0.003192778118257354,0.050119423998185836,-0.029872818227877365,-0.005094066430869309
92,least_connections,1836,measured,483,439,15,heavy,1,100.0,71.75,4,366.0,1298.0,0.0,309.0,1126.0,0.0,1,3,0,-0.06574804501892599,0.0646438194498205,-0.012757536551942452,-0.38102108275811075,0.3859060981340029,-0.08295016055035935,-0.2522585099513256,0.2484452633841247,-0.05527236137923498,53.4,52.72,5,1386.0,0.0,483.0,1248.0,0.0,439.0,4,0,1,0.08775790684837183,-0.07747078145555421,0.035603662811317605,0.1660851629053144,-0.17571853805524895,0.10576300542761614,0.15661126731032063,-0.17851849368541423,0.1031565455731929,18.84,25.8,3,557.0,385.0,0.0,431.0,343.0,0.0,2,1,0,-0.01271180761683352,-0.009784039627466296,-0.001555009870777976,-0.04199769720449792,-0.01716775910724773,-0.0028887040117566536,-0.0807173465413239,-0.02702778792046047,-0.004608917246976994
92,least_connections,1837,measured,470,445,15,heavy,2,86.53,56.3,3,464.0,834.0,0.0,400.0,726.0,0.0,1,2,0,-0.059486326445694945,0.015403364989746898,-0.011542533070805076,-0.2856222494795605,0.06928012053393917,-0.07505014525984893,-0.18706722328929454,0.043831428776112846,-0.050008326962164985,53.4,52.72,5,1386.0,483.0,0.0,1248.0,439.0,0.0,4,1,0,0.0794000109580507,-0.0270087115663631,-0.010871062445089062,0.15026752834290347,-0.03412629633570144,-0.029166804613109214,0.14169590851886152,-0.03739470857251764,-0.030789911148063554,24.88,36.97,3,389.0,385.0,470.0,321.0,343.0,445.0,1,1,1,-0.05458505949913055,-0.008852226329612356,0.041676986534148724,-0.06839791651835526,-0.015532734430366985,0.08243402970364874,-0.10620458337865814,-0.02445371288041663,0.1300363764590843
92,least_connections,1838,measured,198,113,7,light,0,99.73,61.95,4,662.0,834.0,0.0,513.0,726.0,0.0,2,2,0,-0.010737061795538072,0.01393637784786625,-0.010443244206918879,-0.1389915590529356,0.06268201381642113,-0.06790251237795857,-0.11813224964269503,0.03965700698791158,-0.04524562915624451,40.6,39.75,4,938.0,483.0,0.0,833.0,439.0,0.0,3,1,0,0.028754204925764693,-0.024436453321947563,-0.00983572316460439,0.02014681135786503,-0.030876172875158453,-0.026389013697575004,0.010864750564684222,-0.033833307756087394,-0.027857538657771786,24.88,36.97,3,389.0,855.0,0.0,321.0,788.0,0.0,1,2,0,-0.04938648240397525,0.035074743071393806,-0.005376150505384714,-0.06188382923089285,0.07099419265823942,-0.010464449315746376,-0.09608986115211927,0.11208156136216271,-0.016554389552891978
92,least_connections,1839,measured,168,107,5,light,2,99.73,61.95,4,1028.0,468.0,0.0,824.0,415.0,0.0,3,1,0,0.03336941574508007,-0.030474796459640283,-0.009448649520545652,0.09500763704734405,-0.1640496065470476,-0.061435606437200606,0.03380891698994254,-0.10481032701093715,-0.04093652161755456,40.6,39.75,4,938.0,483.0,0.0,833.0,439.0,0.0,3,1,0,0.02601570921854901,-0.022109172053190643,-0.008898987625118258,0.01822806741902072,-0.027935584982286238,-0.023875774297805956,0.009830012415666667,-0.030611087969793338,-0.025204439737983995,28.24,40.53,4,557.0,855.0,0.0,428.0,788.0,0.0,2,2,0,-0.0015991076625535838,0.03173429135030868,-0.0048641361715385505,-0.02559013120890305,0.06423284097650234,-0.009467835095199103,-0.05466860453445713,0.10140712694671863,-0.014977781024045123
92,least_connections,1840,measured,449,413,14,heavy,0,100.0,82.6,5,1028.0,917.0,0.0,824.0,828.0,0.0,3,2,0,0.030191376150310534,0.01551146533470188,-0.008548778137636543,0.08595929066188268,0.12239956233044896,-0.055584596300324356,0.030589020133757527,0.09200494222819972,-0.037037805273025554,28.63,26.53,3,519.0,483.0,0.0,410.0,439.0,0.0,2,1,0,-0.019545877600451123,-0.02000353661955344,-0.008051464994154614,-0.09182086417190644,-0.02527505307921138,-0.021601891031348245,-0.11070439352868255,-0.027695746258384446,-0.022804016905795043,28.24,40.53,4,557.0,855.0,0.0,428.0,788.0,0.0,2,2,0,-0.0014468116946913245,0.028711977888374526,-0.004400885107582498,-0.02315297585567419,0.05811542755016877,-0.00856613651470395,-0.04946207076927073,0.09174930533274542,-0.013551325688421777
92,least_connections,1841,measured,406,428,16,heavy,1,100.0,82.6,5,1496.0,449.0,0.0,1239.0,413.0,0.0,4,1,0,0.07039990721989547,-0.02904971730488423,-0.007734608791194968,0.3600584058369415,-0.17154325312959373,-0.05029082522410299,0.21541387535911405,-0.10449552846020024,-0.03351039524702312,40.23,39.91,4,519.0,483.0,406.0,410.0,439.0,428.0,2,1,1,-0.017684365448027206,-0.018098437893881686,0.03579924142252224,-0.0830760199650582,-0.02286790516690554,0.0854078128763992,-0.10016111795452232,-0.025058056138538315,0.10037969898999496,28.24,40.53,4,942.0,470.0,0.0,771.0,445.0,0.0,3,1,0,0.041774880122036645,-0.017106396422989945,-0.003981753192574641,0.0487187361305805,-0.017086041740323507,-0.00775031398949405,0.05869304708177092,-0.0204331681910081,-0.012260723241905417
92,least_connections,1842,measured,463,437,19,heavy,1,100.0,82.6,5,1496.0,449.0,0.0,1239.0,413.0,0.0,4,1,0,0.063695154151334,-0.026283077561561924,-0.006997979382509733,0.32576712909056615,-0.1552058004505848,-0.04550122282180747,0.19489826818205558,-0.0945435733687526,-0.03031892903302092,48.77,50.41,4,355.0,483.0,869.0,309.0,439.0,865.0,1,1,2,-0.05908404039402007,-0.016374777142083435,0.07547369008522987,-0.11755857588675334,-0.020690009436724055,0.19696081028953125,-0.11917851148266306,-0.022671574601534655,0.21437627527666211,20.46,29.83,3,553.0,470.0,0.0,450.0,445.0,0.0,2,1,0,-0.0052875801163432545,-0.015477215811276618,-0.003602538602805628,-0.026311619691379545,-0.015458799669816503,-0.007012188847637474,-0.04370629073554061,-0.01848715217281685,-0.011093035314104901
92,least_connections,1843,measured,400,312,7,medium,2,100.0,82.6,5,1496.0,449.0,0.0,1239.0,413.0,0.0,4,1,0,0.057628948994064094,-0.023779927317603644,-0.006331505155604044,0.29474168822479796,-0.1404242956457672,-0.04116777302925438,0.17633652835519315,-0.08553942352410951,-0.027431411982257025,38.63,40.75,3,0.0,889.0,463.0,0.0,867.0,437.0,0,2,1,-0.09654088915468029,0.028268625669634256,0.0252018193741649,-0.19813122852338907,0.08623284860486871,0.07325025692862351,-0.1951942484843142,0.10049952774146864,0.0729475823931705,28.46,40.23,4,953.0,470.0,0.0,762.0,445.0,0.0,3,1,0,0.03829989916911347,-0.014003195257821704,-0.003259439688252711,0.048575201231608967,-0.013986533034595877,-0.006344361338338667,0.0545514512392728,-0.01672647101350097,-0.010036555760380626
92,least_connections,1844,measured,395,308,9,medium,1,98.73,62.6,4,1032.0,449.0,0.0,839.0,413.0,0.0,3,1,0,0.00905657743453872,-0.021515172334974728,-0.005728504664594135,-0.013201964622008289,-0.12705055320331315,-0.037247032740753964,-0.021409807678634873,-0.07739281175990861,-0.024818896555375405,49.91,50.38,4,483.0,801.0,463.0,439.0,736.0,437.0,1,2,1,-0.044262618532239076,0.02557637560585957,0.022801646100434912,-0.05440444485449489,0.05527189703705809,0.06627404198304032,-0.052482296247712834,0.0538894536708526,0.06600019359382092,25.1,36.67,3,785.0,470.0,0.0,655.0,445.0,0.0,2,1,0,-0.008431610502321357,-0.012669557614219631,-0.002949016860800072,0.013548991590503379,-0.012654482269396264,-0.005740136448973079,0.017086233660929345,-0.015133473774119915,-0.009080693307011042
92,least_connections,1845,measured,352,327,10,medium,2,85.53,56.95,3,834.0,449.0,0.0,726.0,413.0,0.0,2,1,0,-0.03488985397646044,-0.01946610830307237,-0.005182932791775645,-0.13137320608657888,-0.11495050051728328,-0.03369969628925359,-0.0704898259949554,-0.07002206778277445,-0.02245519212153013,49.91,50.38,4,483.0,801.0,463.0,439.0,736.0,437.0,1,2,1,-0.040047131052978205,0.023140530310063412,0.02063006075753635,-0.04922306915406682,0.05000790684305256,0.05996222846084601,-0.047483982319359214,0.048757124749819025,0.05971446087059988,32.14,47.57,4,1255.0,352.0,0.0,1100.0,327.0,0.0,3,1,0,0.03545530024846662,-0.011462933079532042,-0.002668158112152446,0.09730623048664591,-0.032801674434215666,-0.0051934567871661196,0.1496653225186186,-0.04927949214483866,-0.00821586537300999
92,least_connections,1846,measured,357,311,5,medium,0,84.93,56.95,3,825.0,449.0,0.0,726.0,413.0,0.0,2,1,0,-0.031567010740607054,-0.017612193226589287,-0.004689320144939869,-0.1242900436021428,-0.1040028338013515,-0.03049020140456277,-0.06377650923353112,-0.0633532994225102,-0.020316602395670118,49.91,50.38,4,878.0,406.0,463.0,747.0,428.0,437.0,2,1,1,0.006850781655015181,-0.022147229946223798,0.01866529306634241,0.05757368573135449,-0.056863594488938865,0.054251540036003534,0.04412163504438926,-0.042969744273973265,0.054027369359114175,32.14,47.57,4,1255.0,352.0,0.0,1100.0,327.0,0.0,3,1,0,0.03207860498670789,-0.010371225167195658,-0.002414047815756975,0.08803897044029868,-0.029677705440480845,-0.00469884185505506,0.1354114822787502,-0.04458620717866356,-0.007433402004151896
92,least_connections,1847,measured,362,320,13,medium,0,100.0,72.95,4,1274.0,362.0,0.0,1139.0,320.0,0.0,3,1,0,0.014523271461446219,-0.015934841490723647,-0.004242718226374168,0.15837250023298188,-0.1465739924869371,-0.027586372699366316,0.1291307773601385,-0.09939108042989017,-0.018381687881796772,49.91,50.38,4,878.0,869.0,0.0,747.0,865.0,0.0,2,2,0,0.006198326259299447,0.02304593027541202,-0.026196254119114235,0.052090477566463594,0.06823906076851108,-0.07060234813069068,0.039919574563971216,0.08467915994259562,-0.07467464200842051,32.14,47.57,4,1255.0,352.0,0.0,1100.0,327.0,0.0,3,1,0,0.02902349974987857,-0.009383489436986553,-0.002184138499970596,0.07965430658884168,-0.0268512573032922,-0.004251333106954578,0.12251515063315493,-0.04033990173307654,-0.00672545895613743
92,least_connections,1848,measured,175,109,4,light,0,89.53,57.65,4,981.0,362.0,0.0,833.0,320.0,0.0,3,1,0,0.0131401027508323,-0.014417237539226163,-0.0038386498238623425,-0.033440753757460806,-0.13261456463103832,-0.024959099108950476,-0.021595963340827085,-0.08992526324609112,-0.01663105094067327,49.91,50.38,4,878.0,869.0,0.0,747.0,865.0,0.0,2,2,0,0.005608009472699488,0.020851079772991832,-0.02370137277443669,0.04712947970299089,0.06174010260008145,-0.0638783149753868,0.036117710319783475,0.0766144780433008,-0.0675627713409519,24.44,36.13,3,1222.0,0.0,0.0,1084.0,0.0,0.0,3,0,0,0.0262593569165568,-0.05157372400307853,-0.001976125309497206,0.06609675358038056,-0.08798923279821676,-0.0038464442396255708,0.10602164422364813,-0.13511705394897403,-0.006084939055552913
92,least_connections,1849,measured,196,120,7,light,2,89.53,57.65,4,981.0,362.0,0.0,833.0,320.0,0.0,3,1,0,0.011888664393610193,-0.013044167297395104,-0.0034730641263516432,-0.03025592006627409,-0.11998460609474898,-0.02258204205095519,-0.01953920492741501,-0.08136095246074912,-0.015047141327275816,49.91,50.38,4,878.0,869.0,0.0,747.0,865.0,0.0,2,2,0,0.005073913332442392,0.018865262651754505,-0.02144409917687129,0.042640957826515585,0.055860092828645125,-0.05779466593011187,0.032677928384565985,0.06931786108679597,-0.061128221689432674,28.36,40.13,4,1418.0,0.0,0.0,1204.0,0.0,0.0,4,0,0,0.066842366008404,-0.0466619407646901,-0.0017879228990689007,0.09526849133463003,-0.07960930586505326,-0.003480116216804088,0.13211482096425303,-0.12224876309669079,-0.00550542105026216
92,least_connections,1850,measured,496,443,17,heavy,0,100.0,79.8,5,981.0,362.0,496.0,833.0,320.0,443.0,3,1,1,0.0107564106418378,-0.01180186565002414,0.039941604112439216,-0.027374403869486086,-0.10855750075239196,0.2787432317951675,-0.017678328267661247,-0.07361229032163016,0.18679068165627427,49.91,50.38,4,1284.0,463.0,0.0,1175.0,437.0,0.0,3,1,0,0.047674583718014765,-0.026015329256122335,-0.01940180401716926,0.14353229517637128,-0.05441229696455918,-0.05229041203200598,0.15057764949079783,-0.05829574473099411,-0.055306486290439084,20.36,29.73,3,1018.0,0.0,0.0,892.0,0.0,0.0,3,0,0,0.01739252616179865,-0.04221794640614819,-0.0016176445277290054,0.013814349302760487,-0.07202746721123866,-0.0031486765771084604,0.02543721896765755,-0.11060602375414881,-0.004981095235951478
92,least_connections,1851,measured,377,314,13,medium,2,98.8,64.25,4,624.0,362.0,496.0,522.0,320.0,443.0,2,1,1,-0.03335190964604698,-0.010677878445259942,0.03613764181601643,-0.24010065112001128,-0.09821869115692605,0.25219625733848494,-0.15668515414693157,-0.06660159600528445,0.1690010929271053,36.11,36.66,3,801.0,463.0,0.0,736.0,437.0,0.0,2,1,0,5.024694668456786e-05,-0.023537678850777344,-0.017554013158391234,0.005005409921478771,-0.049230173444124975,-0.04731037279086256,0.01211489715834091,-0.052743769042328,-0.05003920188182584,27.9,40.2,4,1018.0,377.0,0.0,892.0,314.0,0.0,3,1,0,0.01573609509877022,0.004886710621194723,-0.0014635831441357668,0.012498696988211877,0.0030513391898316783,-0.002848802617383845,0.02301462668502352,-0.005373704031531465,-0.004506705213479908
92,least_connections,1852,measured,487,407,15,heavy,1,87.13,58.8,3,449.0,362.0,496.0,413.0,320.0,443.0,1,1,1,-0.07325943752556177,-0.009660937640949468,0.03269596164306249,-0.3227894779974705,-0.08886453009436168,0.22817756616339113,-0.1910722823234143,-0.060258586861924035,0.15290575074357143,50.03,49.38,4,801.0,463.0,487.0,736.0,437.0,407.0,2,1,1,4.5461523190792885e-05,-0.02129599515070331,0.027201697845355775,0.004528704214671275,-0.04454158549706547,0.08308653346132844,0.010961097428975108,-0.04772055294305866,0.06980084115453854,18.5,25.37,3,548.0,377.0,0.0,447.0,314.0,0.0,2,1,0,-0.02884648085167954,0.0044213096096523685,-0.0013241942732656938,-0.0737392741535226,0.0027607354574667453,-0.0025774880823949075,-0.11338359172942317,-0.004861922695195142,-0.004077495193148488
92,least_connections,1853,measured,442,448,15,heavy,0,100.0,81.2,4,811.0,496.0,442.0,733.0,443.0,448.0,2,1,1,-0.023198448010655653,-0.008740848341811422,0.029582060534199393,-0.07369841660088605,0.00042415531145056917,0.17387494081449673,-0.02811301734023197,0.0011231833154020654,0.1406052030537075,38.74,39.75,3,406.0,950.0,0.0,428.0,844.0,0.0,1,2,0,-0.04304276837244188,0.023816095090406747,-0.018472840271435476,-0.09801144448604572,0.08559162672714482,-0.050717626188049786,-0.07716614994521301,0.07189866638485168,-0.051921262764941335,18.5,25.37,3,548.0,377.0,0.0,447.0,314.0,0.0,2,1,0,-0.026099196961043403,0.004000232503971191,-0.0011980805329546754,-0.06671648613890141,0.0024978082710413324,-0.0023320130269287257,-0.10258515442185903,-0.004398882438509902,-0.003689162317610537
92,least_connections,1854,measured,198,100,3,light,1,86.67,60.55,3,362.0,938.0,0.0,320.0,891.0,0.0,1,2,0,-0.0640729722363982,0.03517551363178513,-0.016319178791053154,-0.3375049166071508,0.2669869341706775,-0.1092877519614871,-0.21226892045068604,0.20368288014250663,-0.07545243533235987,44.4,42.88,4,1067.0,487.0,0.0,965.0,407.0,0.0,3,1,0,0.04722434335463875,-0.0215360046687703,-0.016713522150346383,0.08219372709765935,-0.04224703160061047,-0.04588737607490219,0.08201336433528347,-0.058505373270848454,-0.046976380596851684,18.5,25.37,3,548.0,377.0,0.0,447.0,314.0,0.0,2,1,0,-0.023613559155229752,0.0036192579797834634,-0.0010839776250542302,-0.06036253507805367,0.0022599217690373874,-0.002109916548173609,-0.09281513971501532,-0.00397994125388991,-0.0033378135254571524
92,least_connections,1855,measured,374,314,5,medium,0,100.0,76.25,4,736.0,938.0,0.0,634.0,891.0,0.0,2,2,0,-0.014886884177602894,0.03182546471447226,-0.01476497128714333,-0.0797742896286921,0.24155960710680346,-0.09887939463182166,-0.0500052137410969,0.18428451060512507,-0.06826648911023037,44.4,42.88,4,1067.0,487.0,0.0,965.0,407.0,0.0,3,1,0,0.042726786844673154,-0.01948495660507789,-0.01512175813602768,0.07436575308835847,-0.038223504781504714,-0.04151714978205436,0.07420256773192313,-0.052933432959339055,-0.04250243958762771,11.46,14.47,2,196.0,377.0,0.0,120.0,314.0,0.0,1,1,0,-0.06444854898625095,0.0032745667436136078,-0.0009807416607633512,-0.11830896030871522,0.0020446911243671567,-0.0019089721150142174,-0.1825946502183472,-0.0036008992297099224,-0.003019926523032662
92,least_connections,1856,measured,175,109,6,light,2,100.0,76.25,4,736.0,938.0,0.0,634.0,891.0,0.0,2,2,0,-0.013469085684497867,0.02879446807499872,-0.013358783545510632,-0.07217673823548337,0.21855393023948888,-0.08946230942879102,-0.04524281243242101,0.16673360483320843,-0.06176491871877986,44.4,42.88,4,1067.0,487.0,0.0,965.0,407.0,0.0,3,1,0,0.03865756904994237,-0.017629246452213324,-0.013681590694501235,0.06728330041327671,-0.034583170992789986,-0.03756313551709681,0.06713565651935902,-0.04789215362987817,-0.03845458819832984,11.04,14.1,2,175.0,377.0,0.0,109.0,314.0,0.0,1,1,0,-0.05831059193994133,0.0029627032442218343,-0.0008873376930716035,-0.11084144027931375,0.0018499586363321802,-0.0017271652469176254,-0.1685221438483459,-0.003257956445928037,-0.0027323144732200274
92,least_connections,1857,measured,488,444,18,heavy,2,100.0,76.25,4,736.0,938.0,0.0,634.0,891.0,0.0,2,2,0,-0.01218631561930758,0.0260521377821417,-0.012086518445938192,-0.06530276316543732,0.19773927021668042,-0.08094208948319187,-0.040933973153142844,0.15085421389671239,-0.05588254550746749,27.14,26.38,2,463.0,487.0,0.0,437.0,407.0,0.0,1,1,0,-0.05119190464642401,-0.015950270599621577,-0.01237858205692969,-0.09526068738118507,-0.031289535660143336,-0.033985694039278064,-0.08854392981581802,-0.04333099614131833,-0.034792246465155566,20.8,28.9,3,552.0,0.0,488.0,423.0,0.0,444.0,2,0,1,-0.009673302004618106,-0.040403359196270944,0.04228107088540687,-0.03206606501461723,-0.06654527551950898,0.08674208858612216,-0.057774003164376475,-0.09764608757806188,0.13143266785756283
92,least_connections,1858,measured,401,449,16,heavy,1,100.0,76.25,4,736.0,938.0,0.0,634.0,891.0,0.0,2,2,0,-0.011025714131754488,0.023570981802890106,-0.010935421451086936,-0.059083452387776625,0.17890695876747276,-0.07323331905622121,-0.03703549951951024,0.1364871459065493,-0.05056039831628011,38.6,40.41,3,463.0,487.0,401.0,437.0,407.0,449.0,1,1,1,-0.04631648515628839,-0.014431197209181429,0.03188423074667812,-0.08618824096392935,-0.02830957988298685,0.0729109026719457,-0.0801111745952639,-0.0392042346040499,0.09547070557914497,20.8,28.9,3,552.0,0.0,488.0,423.0,0.0,444.0,2,0,1,-0.00875203514703543,-0.03655542022519752,0.038254302229653835,-0.029012154060844175,-0.0602076302319367,0.07848093729220576,-0.052271717148721586,-0.08834646018967504,0.11891527091874732
92,least_connections,1859,measured,175,115,7,light,1,100.0,76.25,4,736.0,938.0,0.0,634.0,891.0,0.0,2,2,0,-0.009975646119206455,0.02132612639309106,-0.009893952741459608,-0.05345645692227402,0.16186820078961822,-0.06625871724134301,-0.0335083090890807,0.12348837010592556,-0.0457451222861582,43.6,44.0,4,638.0,487.0,401.0,552.0,407.0,449.0,2,1,1,0.0011785088948773892,-0.01305679747497368,0.028847637342232592,-0.03274174182450751,-0.02561342941794051,0.06596700717937945,-0.03996665796714355,-0.035470497975092746,0.08637825742875022,20.8,28.9,3,552.0,0.0,488.0,423.0,0.0,444.0,2,0,1,-0.007918507990174906,-0.03307395163232157,0.03461103535063918,-0.02624909176933521,-0.054473570209847486,0.07100656231199569,-0.04729345837265286,-0.07993251160018218,0.10759000702172376
92,least_connections,1860,measured,407,416,14,heavy,2,62.53,44.55,2,496.0,442.0,0.0,443.0,448.0,0.0,1,1,0,-0.0521094848108013,-0.023788833490151165,-0.008951671527987265,-0.19312727054872414,-0.15272242150780568,-0.05994836321835796,-0.11672180346154923,-0.08867718895178164,-0.041388443973190754,43.6,44.0,4,1125.0,401.0,0.0,959.0,449.0,0.0,3,1,0,0.04415017017926548,-0.011813292953547619,-0.016983656917118357,0.09626767576422113,-0.045405347704667254,-0.04397542887852064,0.07891409517258441,-0.020217355310798185,-0.048797648040654576,28.94,42.77,4,552.0,407.0,488.0,423.0,416.0,444.0,2,1,1,-0.007164364372062998,0.013159848749894995,0.03131474626962593,-0.02374917826749376,0.024362007905376085,0.0642440325679961,-0.04278931948001927,0.053140426012533576,0.0973433396863215
92,least_connections,1861,measured,491,419,16,heavy,0,95.27,65.5,3,938.0,0.0,491.0,891.0,0.0,419.0,2,0,1,-0.004062776506824767,-0.06460713052737033,0.0349847688442927,0.09186897744004319,-0.40478060358642737,0.24191973486593008,0.0970612254395507,-0.28289840905161195,0.1521009316433036,30.37,30.34,3,662.0,401.0,0.0,522.0,449.0,0.0,2,1,0,-0.0031385081598028775,-0.010688217434162137,-0.015366165782154703,-0.03258774913849383,-0.04108102887565132,-0.03978729279485201,-0.05215808055813792,-0.018291892900245965,-0.04415025298916366,28.94,42.77,4,552.0,895.0,0.0,423.0,860.0,0.0,2,2,0,-0.006482043955676059,0.054990430048090934,-0.01475151074471486,-0.021487351765827695,0.11034657858105454,-0.030179208628955914,-0.038714146196207916,0.18198419496372087,-0.04583221647428054
92,least_connections,1862,measured,351,318,9,medium,0,100.0,81.4,4,938.0,351.0,491.0,891.0,318.0,419.0,2,1,1,-0.0036758454109366845,-0.015370170250387213,0.031652886097217205,0.08311955101718194,-0.1545157841972438,0.2188797601167939,0.08781729920721254,-0.11209856057050602,0.13761512862965564,30.37,30.34,3,662.0,401.0,0.0,522.0,449.0,0.0,2,1,0,-0.00283960262077404,-0.009670291964241934,-0.013902721421949494,-0.029484153982446804,-0.03716854993511309,-0.03599802681438992,-0.04719064431450576,-0.016549807862127286,-0.039945466990195695,25.44,39.13,3,377.0,895.0,0.0,314.0,860.0,0.0,1,2,0,-0.04894860666284523,0.04975324623398704,-0.01334660495950392,-0.051107603978606,0.0998373806209541,-0.027304998283341066,-0.06790010052672778,0.16465236687193796,-0.04146724347673001
92,least_connections,1863,measured,442,419,15,heavy,1,100.0,81.4,4,938.0,842.0,0.0,891.0,737.0,0.0,2,2,0,-0.0033257648956093733,0.02917755571450227,-0.014445574710227515,0.07520340330125985,0.1563587349326524,-0.09812466148163092,0.07945374690176371,0.08812511186478028,-0.06503869314459727,43.0,43.44,4,662.0,401.0,442.0,522.0,449.0,419.0,2,1,1,-0.0025691642759384237,-0.008749311777171268,0.030505247511660206,-0.026676139317451858,-0.03362868803653088,0.081688860093103,-0.0426962972369338,-0.014973635684781827,0.08232612510410867,25.44,39.13,3,377.0,895.0,0.0,314.0,860.0,0.0,1,2,0,-0.044286834599717106,0.04501484183075018,-0.012075499725265452,-0.04624021312350067,0.0903290586570537,-0.024704522256356203,-0.061433424286087016,0.14897118907461052,-0.037517982193231915
92,least_connections,1864,measured,439,447,17,heavy,2,100.0,81.4,4,1289.0,491.0,0.0,1209.0,419.0,0.0,3,1,0,0.040074874845015554,-0.016685159342207698,-0.013069805690205848,0.2797554601297113,-0.0702468588704574,-0.0887794556262375,0.2157438662444529,-0.06412489878900832,-0.05884453189273087,43.0,43.44,4,662.0,843.0,0.0,522.0,868.0,0.0,2,2,0,-0.002324481963944275,0.03516785623788812,-0.015483914382874324,-0.02413555462055167,0.083832547558785,-0.04034953474569593,-0.038629983214368696,0.10491968676138788,-0.04398172014390169,26.68,43.57,3,0.0,895.0,439.0,0.0,860.0,447.0,0,2,1,-0.08315294105507284,0.040727714037345396,0.03215844809437434,-0.1100554309212625,0.08172629116590574,0.05708638462520153,-0.15028103467153905,0.13478345678179046,0.10086468277755206
92,least_connections,1865,measured,181,103,2,light,2,100.0,81.4,4,1289.0,491.0,0.0,1209.0,419.0,0.0,3,1,0,0.03625822009787122,-0.015096096547711726,-0.011825062291138624,0.2531120829745007,-0.06355668183517577,-0.08032426937611964,0.19519683136402882,-0.058017765571007546,-0.053240290760089834,43.0,43.44,4,662.0,843.0,0.0,522.0,868.0,0.0,2,2,0,-0.0021031027292829074,0.0318185365961845,-0.014009255870219627,-0.02183693037097531,0.07584849541032929,-0.03650672191277251,-0.03495093719395265,0.09492733564125572,-0.03979298489210153,30.3,47.0,4,181.0,895.0,439.0,103.0,860.0,447.0,1,2,1,-0.03214971310878473,0.03684888412902679,0.02909573875205297,-0.06682158035733274,0.0739428348643909,0.051649586089468055,-0.10490506311551945,0.1219469370882866,0.0912585225130233
92,least_connections,1866,measured,382,320,7,medium,0,100.0,97.4,5,1671.0,491.0,0.0,1529.0,419.0,0.0,4,1,0,0.07588895650578371,-0.013658373066977272,-0.010698865882458755,0.3562760115801039,-0.05750366451754002,-0.07267433895934634,0.3213685617103117,-0.052492264088054436,-0.04816978687817652,38.0,39.84,3,487.0,843.0,0.0,407.0,868.0,0.0,1,2,0,-0.04498670745801332,0.02878819977750026,-0.012675041025436805,-0.06499531795469196,0.06862482918077412,-0.033029891254413225,-0.06413715746119522,0.08588663700875518,-0.03600317680713948,30.3,47.0,4,181.0,895.0,439.0,103.0,860.0,447.0,1,2,1,-0.029087835669852846,0.033339466592928996,0.02632471601376221,-0.06045762032330105,0.0669006601154013,0.046730577890471095,-0.0949141047235652,0.11033294307987837,0.08256723465464012
92,least_connections,1867,measured,491,409,16,heavy,1,100.0,75.25,4,1175.0,491.0,0.0,1086.0,419.0,0.0,3,1,0,0.02557753661180885,-0.012357575632027051,-0.009679926274605542,0.12631321682644325,-0.0520271250396791,-0.0657529733441705,0.09035727011885353,-0.04749300084157307,-0.04358218812787399,38.11,39.91,3,401.0,442.0,491.0,449.0,419.0,409.0,1,1,1,-0.04070225912867871,-0.01703743376139999,0.03161600596564788,-0.08103658019029952,-0.0415707327820207,0.09704098274260572,-0.04615385675060518,-0.04924244746826911,0.0830655781268738,26.68,43.57,3,407.0,927.0,0.0,416.0,891.0,0.0,1,2,0,-0.02631756560605733,0.03016427929836432,-0.019266300023829654,-0.013804513625843812,0.06631964486631547,-0.03715804857528806,0.008522159218361636,0.10917425008814391,-0.06010583531246846
92,least_connections,1868,measured,350,303,12,medium,1,81.6,52.85,3,733.0,491.0,0.0,638.0,419.0,0.0,2,1,0,-0.019942319482739834,-0.0111806636670721,-0.008758028534166918,-0.15231978795067835,-0.04707216075018589,-0.059490785406630456,-0.12091485084484688,-0.0429698579042804,-0.039431503544266944,48.11,49.38,4,401.0,792.0,491.0,449.0,722.0,409.0,1,2,1,-0.03682585349737598,0.02766907920453833,0.028604957778443317,-0.07331881064836623,0.05286457510198128,0.08779898438616708,-0.041758251345785646,0.041116952290613656,0.07515457068621915,26.68,43.57,3,895.0,439.0,0.0,860.0,447.0,0.0,2,1,0,0.01927276944032455,-0.01579240943299917,-0.017431414307274448,0.07581496386233177,-0.02830127369238125,-0.03361918680621301,0.14161528691185102,-0.03512805944406028,-0.05438147004461432
92,least_connections,1869,measured,447,444,17,heavy,0,100.0,75.05,4,733.0,491.0,447.0,638.0,419.0,444.0,2,1,1,-0.018043050960574125,-0.01011583855592238,0.035159969648225396,-0.13781314147918522,-0.042589097821596755,0.2157940512987629,-0.10939915076438528,-0.03887749048482511,0.1651810206028061,48.11,49.38,4,401.0,1283.0,0.0,449.0,1131.0,0.0,1,3,0,-0.033318629354768745,0.06811782903086348,-0.017203224141499128,-0.06633606677709325,0.17475502373172452,-0.047487993718637954,-0.03778127502713938,0.15284093302484095,-0.04764288842675409,26.68,43.57,3,895.0,439.0,0.0,860.0,447.0,0.0,2,1,0,0.017437267588865074,-0.014288370439380207,-0.015771279611343548,0.06859449111353827,-0.025605914293106852,-0.030417359491335578,0.12812811672976998,-0.031782529973197415,-0.04920228242131772
92,least_connections,1870,measured,372,310,12,medium,2,100.0,75.05,4,1224.0,0.0,447.0,1057.0,0.0,444.0,3,0,1,0.0267592350719522,-0.052236325586877616,0.03181140111029917,0.17147064977280058,-0.3346917234258891,0.1952422368893569,0.09056743502269898,-0.22472249139103223,0.1494494948311103,48.11,49.38,4,401.0,1283.0,0.0,449.0,1131.0,0.0,1,3,0,-0.030145426559076482,0.061630416742209815,-0.015564821842308734,-0.0600183461316558,0.15811168813822696,-0.04296532765019624,-0.03418305835788801,0.1382846536891418,-0.04310547048134894,34.12,53.9,4,895.0,811.0,0.0,860.0,757.0,0.0,2,2,0,0.0157765754375446,0.03015632697208004,-0.014269252981691781,0.06206168243605843,0.044147029925284284,-0.02752046811120838,0.11592543894598237,0.06473644113536109,-0.0445163507621446
92,least_connections,1871,measured,194,110,9,light,0,100.0,64.65,4,873.0,194.0,447.0,739.0,110.0,444.0,2,1,1,-0.01887316373308634,-0.004177537208989043,0.02878174386169925,-0.05657417401508513,-0.18580044817897903,0.17664773813798956,-0.06191517783660566,-0.1535584445918863,0.1352162096090998,48.11,49.38,4,843.0,841.0,0.0,868.0,712.0,0.0,2,2,0,0.01580946667330721,0.01267695301619437,-0.01408245785732695,0.05995619023462434,0.028794928723701957,-0.03887339168351089,0.08753973291429179,0.0066474247663664,-0.03900018757836333,34.12,53.9,4,895.0,811.0,0.0,860.0,757.0,0.0,2,2,0,0.014274044443492728,0.02728429583188194,-0.012910276507244946,0.05615104601357668,0.03994255088478102,-0.024899471148236152,0.10488492095112692,0.058571065789136206,-0.04027669830860702
92,least_connections,1872,measured,355,303,13,medium,0,100.0,79.8,5,873.0,996.0,0.0,739.0,857.0,0.0,2,3,0,-0.0170757195680305,0.08238812393109608,-0.017043274828077094,-0.05118615744221988,0.31564086434600314,-0.109794903589438,-0.05601849423311939,0.19899474060734096,-0.07851866749652876,48.11,49.38,4,843.0,841.0,0.0,868.0,712.0,0.0,2,2,0,0.01430380318061128,0.011469624157509184,-0.012741271394724384,0.05424607687894584,0.026052554559539864,-0.035171163904128895,0.07920261549388305,0.006014336693379113,-0.035285883999471586,34.12,53.9,4,895.0,811.0,0.0,860.0,757.0,0.0,2,2,0,0.012914611639350565,0.024685791466940804,-0.011680726363697809,0.05080332734561699,0.036138498419563764,-0.022528092943642233,0.0948958808605434,0.052992869047313707,-0.03644082227921588
92,least_connections,1873,measured,362,338,10,medium,1,99.13,63.8,4,685.0,802.0,0.0,529.0,747.0,0.0,2,2,0,-0.015449460561551415,0.03145773571090099,-0.015420105796831656,-0.159708110701691,0.16856395663051071,-0.09933824610472962,-0.14568339954425086,0.13028095578759422,-0.07104069916352602,58.46,59.94,5,1193.0,853.0,0.0,1171.0,747.0,0.0,3,2,0,0.056025436437786624,0.010377278999651157,-0.011527816976179205,0.13955597431904623,0.02667339970352925,-0.03182152924659281,0.15732915211351325,0.015337376055914426,-0.03192532361856953,34.12,53.9,4,895.0,811.0,0.0,860.0,757.0,0.0,2,2,0,0.01168464862607907,0.022334763708184546,-0.010568276233821826,0.04596491521746299,0.03269673666531958,-0.020382560282342973,0.08585817792144404,0.04794592913804571,-0.032970267776433415
92,least_connections,1874,measured,377,301,10,medium,0,100.0,78.85,5,685.0,1179.0,0.0,529.0,1048.0,0.0,2,3,0,-0.013978083365213195,0.07154566110804875,-0.013951524292371498,-0.14449781444438703,0.3799070718720495,-0.08987746076142204,-0.13180879006384605,0.25403991237925194,-0.06427491829080927,47.0,45.91,4,792.0,853.0,0.0,722.0,747.0,0.0,2,2,0,0.007605780359811493,0.009388966713970104,-0.010429929645114518,0.02260506520022551,0.02413307592224076,-0.02879090741358397,0.015396018578892917,0.013876673574398757,-0.02888481660727719,25.98,40.03,3,927.0,372.0,0.0,891.0,310.0,0.0,2,1,0,0.010571824947404884,-0.022876256871733253,-0.009561773735362605,0.04737778043484747,-0.04985533349328229,-0.018441364064976977,0.08703041494479855,-0.09142987363700628,-0.02983024227391595
92,least_connections,1875,measured,173,120,4,light,2,100.0,78.85,5,685.0,1179.0,0.0,529.0,1048.0,0.0,2,3,0,-0.012646837330430982,0.0647317886215679,-0.012622807693098023,-0.13073611783063588,0.34372544597947335,-0.08131770259366757,-0.1192555719625274,0.22984563500979938,-0.058153497501208386,47.0,45.91,4,792.0,853.0,0.0,722.0,747.0,0.0,2,2,0,0.00688142032554373,0.008494779407877712,-0.00943660301224647,0.020452201847823093,0.021834687739170217,-0.026048916231337878,0.01392973109518883,0.01255508561493221,-0.02613388169229841,19.68,29.23,3,984.0,0.0,0.0,877.0,0.0,0.0,3,0,0,0.05264888470298083,-0.06378146596784935,-0.008651128617709024,0.05317989658390962,-0.11242149220820778,-0.01668504367783631,0.07451958177545268,-0.17621433011602156,-0.02698926681925729
92,least_connections,1876,measured,407,429,19,heavy,2,100.0,78.85,5,685.0,1179.0,0.0,529.0,1048.0,0.0,2,3,0,-0.011442376632294693,0.058566856371894765,-0.011420635531850593,-0.11828505898962294,0.3109896892195235,-0.07357315948950875,-0.1078978984422867,0.20795557453267566,-0.052615069167759966,47.0,45.91,4,1645.0,0.0,0.0,1469.0,0.0,0.0,4,0,0,0.09239384741472097,-0.07848204765591109,-0.008537878915842043,0.23900777446095556,-0.20074820769177118,-0.023568067066448557,0.2238084471813613,-0.1998459939674423,-0.023644940578746183,27.82,43.53,4,984.0,0.0,407.0,877.0,0.0,429.0,3,0,1,0.04763470520745884,-0.057707040637577985,0.03525668862025873,0.04811514452829918,-0.1017146834264737,0.05855162714862429,0.06742247874921908,-0.15943201296211473,0.10496209192543388
92,least_connections,1877,measured,178,110,4,light,1,91.53,57.9,4,571.0,802.0,0.0,411.0,747.0,0.0,2,2,0,-0.010352626476838045,0.009905160300195032,-0.010332955957388631,-0.17578172003823028,0.05397479818274342,-0.06656619191907935,-0.15100286049540226,0.05198361505337318,-0.047604110199401875,52.09,49.34,5,1823.0,0.0,0.0,1579.0,0.0,0.0,5,0,0,0.1266783336019811,-0.0710075669267767,-0.007724747590523754,0.26225873471637484,-0.18162933076874535,-0.021323489250596312,0.23359454744980307,-0.1808130421610192,-0.02139304147600845,27.82,43.53,4,984.0,0.0,407.0,877.0,0.0,429.0,3,0,1,0.04309806661627229,-0.0522111320054277,0.03189890875166266,0.0435327498113183,-0.09202757071919049,0.052975281705898165,0.06100129029691251,-0.1442480117276276,0.0949657022182497
92,least_connections,1878,measured,364,306,11,medium,0,100.0,73.2,5,926.0,811.0,0.0,714.0,750.0,0.0,3,2,0,0.033717238176284844,0.008961811700176459,-0.009348864913827809,0.05508638028287094,0.05426291264152977,-0.06022655459345275,0.00044979288511226567,0.04838993742924241,-0.04307038541850646,39.46,36.25,4,1381.0,0.0,0.0,1160.0,0.0,0.0,4,0,0,0.07152983017503506,-0.06424494150517893,-0.006989057343807206,0.12302320896107377,-0.16433129926696008,-0.01929268075053952,0.09288018578791707,-0.16359275243139834,-0.019355608954483836,27.82,43.53,4,984.0,0.0,407.0,877.0,0.0,429.0,3,0,1,0.03899348884329397,-0.047238643243006015,0.0288609174419805,0.039386773638811795,-0.08326304017450568,0.04793001678152691,0.05519164360196846,-0.13051010584880593,0.08592134962603544
92,least_connections,1879,measured,168,108,9,light,1,100.0,73.2,5,1373.0,364.0,0.0,1158.0,306.0,0.0,4,1,0,0.07358997286244366,-0.03497559440278819,-0.008458496826796589,0.31945910597021665,-0.22052403141956825,-0.05449069225121915,0.20126409832462533,-0.1570757708973521,-0.03896844395007727,44.26,39.62,5,1381.0,168.0,0.0,1160.0,108.0,0.0,4,1,0,0.06471746539646028,-0.015042475420785476,-0.006323432834873187,0.11130671286954291,-0.10525212790820197,-0.01745528258382147,0.08403445380811542,-0.1174767760093604,-0.017512217625485375,24.36,39.53,3,811.0,0.0,407.0,757.0,0.0,429.0,2,0,1,-0.0078040769875866445,-0.042739724838910205,0.026112258637982357,0.004330890435115448,-0.07533322682455276,0.04336525327852435,0.013744820401780988,-0.11808057195844346,0.0777383639473654
92,least_connections,1880,measured,382,323,9,medium,2,100.0,67.7,4,1179.0,364.0,0.0,1048.0,306.0,0.0,3,1,0,0.023497503791644045,-0.031644585412046455,-0.007652925700435009,0.1720185561952754,-0.19952174271294268,-0.0493011025130078,0.1323341841984706,-0.14211617366903287,-0.03525716357387944,34.26,30.16,4,1031.0,168.0,0.0,857.0,108.0,0.0,3,1,0,0.015469997036706706,-0.013609858714044007,-0.005721201136313836,0.010229883072443602,-0.09522811572646843,-0.015792874718695615,-0.00963847036408605,-0.10628851162751657,-0.01584438737543915,32.0,50.3,4,811.0,382.0,407.0,757.0,323.0,429.0,2,1,1,-0.007060831560197434,0.004414625372505282,0.02362537686293642,0.003918424679390159,0.000965175730166537,0.03923522915676013,0.012435789887325632,-0.00942210478779805,0.0703347102380925
92,least_connections,1881,measured,350,309,10,medium,0,100.0,83.15,5,1179.0,714.0,0.0,1048.0,615.0,0.0,3,2,0,0.021259646287677944,0.01445308485395344,-0.006924075633726913,0.15563583655763014,0.030591439132734377,-0.04460575941653087,0.11973092856052103,0.011204414299446408,-0.031899338471605206,29.17,26.72,3,1021.0,0.0,0.0,855.0,0.0,0.0,3,0,0,0.013996663985591795,-0.05539758192041623,-0.00517632483761728,0.006670574480510172,-0.12958734280013812,-0.014288791412153177,-0.00928599699607785,-0.12670151052013404,-0.014335398101587802,23.22,35.4,3,372.0,789.0,0.0,310.0,752.0,0.0,1,2,0,-0.04947227163836457,0.04707808508759548,-0.021708559255529176,-0.07589285386150416,0.07452087327967448,-0.03814907838197893,-0.12355809486384825,0.12085619090627794,-0.06574478597505916
92,least_connections,1882,measured,180,119,5,light,1,100.0,83.15,5,1543.0,350.0,0.0,1354.0,309.0,0.0,4,1,0,0.06231881829656122,-0.030007299644609006,-0.006264639859086255,0.33443242355214153,-0.19187758681641487,-0.04035759185305174,0.24675655441190003,-0.1282912442052628,-0.028861306236214235,34.31,30.44,4,1201.0,0.0,0.0,974.0,0.0,0.0,4,0,0,0.055747548594673735,-0.050121621737519446,-0.0046833415197489675,0.05256589391774047,-0.11724569110488686,-0.012927954134805256,0.025244217003548564,-0.11463469999440698,-0.012970122091912773,15.78,25.07,2,382.0,407.0,0.0,323.0,429.0,0.0,1,1,0,-0.04476062672042508,-0.0004894422903614637,-0.019641077421669255,-0.06685543920802756,-0.0017001622707707026,-0.03451583282179046,-0.10787002233713255,0.01193337907393402,-0.05948337778695829
92,least_connections,1883,measured,191,108,2,light,2,100.0,83.15,5,1543.0,350.0,0.0,1354.0,309.0,0.0,4,1,0,0.056383692744507774,-0.02714946158321767,-0.0056680074915542306,0.3025817165471757,-0.17360353092913722,-0.03651401167657062,0.2232559301821953,-0.11607303047142828,-0.026112610404193833,9.94,7.09,2,348.0,0.0,0.0,227.0,0.0,0.0,2,0,0,-0.03572954220119087,-0.04534813395299379,-0.004237308994058589,-0.17294378305401714,-0.10607943480918335,-0.011696720407680945,-0.1883653512825037,-0.10371710951874917,-0.011734872368873462,19.6,28.67,3,573.0,407.0,0.0,431.0,429.0,0.0,2,1,0,0.0025861903368489536,-0.0004428287388984625,-0.017770498619605515,-0.025926349759643988,-0.0015382420545068248,-0.031228610648286605,-0.0650252583050247,0.010796866781178388,-0.053818294188200354
92,least_connections,1884,measured,170,108,4,light,1,100.0,68.1,4,1516.0,0.0,0.0,1362.0,0.0,0.0,4,0,0,0.051013817245030846,-0.06764769880204954,-0.005128197254263352,0.2737644102093494,-0.36818097242794956,-0.03303648675499246,0.20561250826008148,-0.24480417042653035,-0.023625695127603943,14.8,10.47,3,518.0,0.0,0.0,335.0,0.0,0.0,3,0,0,0.01075717156853706,-0.04102926405270867,-0.0038337557565292,-0.11252736834138968,-0.09597663149402302,-0.010582747035520855,-0.13989007973178902,-0.09383928956458258,-0.010617265476599799,19.6,28.67,3,573.0,407.0,0.0,431.0,429.0,0.0,2,1,0,0.0023398864952443033,-0.00040065457328908316,-0.016078070179643085,-0.02345717359205883,-0.0013917428112204672,-0.02825445725321169,-0.05883237656168902,0.00976859375439948,-0.0486927423607527
92,least_connections,1885,measured,371,331,11,medium,1,77.4,52.95,3,1161.0,0.0,0.0,1059.0,0.0,0.0,3,0,0,0.0030714582330324536,-0.06120506082090197,-0.00463979751576208,0.043215418760839897,-0.333116117911002,-0.029890154683088418,0.04895893604483553,-0.22148948752876557,-0.021375628924974997,25.4,20.81,4,518.0,371.0,0.0,335.0,331.0,0.0,3,1,0,0.009732679038200215,0.005962185131449527,-0.0034686361606692763,-0.10181047611840019,0.009068761981598214,-0.00957486636547125,-0.12656721499542817,0.00868409515585386,-0.009606097335971247,15.78,25.07,2,382.0,407.0,0.0,323.0,429.0,0.0,1,1,0,-0.04096686006439347,-0.0003624969948805984,-0.014546825400629458,-0.05578506182138657,-0.0012591958768185252,-0.025563556562429625,-0.08580072165105199,0.008838251492075705,-0.044055338326395306
92,least_connections,1886,measured,174,107,5,light,2,47.6,30.75,2,714.0,0.0,0.0,615.0,0.0,0.0,2,0,0,-0.04030496182544227,-0.055376007409387494,-0.004197912038070454,-0.2305193830259068,-0.3013907733480494,-0.027043473284699044,-0.1565609626261012,-0.2003952506212641,-0.019339854741644045,25.4,20.81,4,518.0,371.0,0.0,335.0,331.0,0.0,3,1,0,0.008805757225038291,0.005394357976073377,-0.003138289859653155,-0.09211424029760018,0.008205070364303138,-0.008662974330664465,-0.11451319451967308,0.007857038474343978,-0.008691230923021605,19.26,28.63,3,556.0,407.0,0.0,430.0,429.0,0.0,2,1,0,0.006018645882782336,-0.00032797347155863465,-0.013161413457712367,-0.018986484505064044,-0.001139272459978663,-0.02312893212791252,-0.04535938308111054,0.00799651325473516,-0.039859591819119564
92,least_connections,1887,measured,387,336,10,medium,0,73.4,47.55,3,714.0,387.0,0.0,615.0,336.0,0.0,2,1,0,-0.03646639403254301,-0.007018201715069408,-0.0037981108915875533,-0.20856515607105852,-0.0392583187434733,-0.02446790440044199,-0.14165039475694874,-0.02930998865733417,-0.017497963813868422,20.26,17.09,3,338.0,371.0,0.0,216.0,331.0,0.0,2,1,0,-0.03511678654696082,0.004880609597399721,-0.002839405111114759,-0.12987206775225052,0.007423635091512351,-0.007837929156315468,-0.13725300932732326,0.007108749095835032,-0.007863494644638595,19.26,28.63,3,556.0,407.0,0.0,430.0,429.0,0.0,2,1,0,0.005445441512993532,-0.00029673790283876733,-0.011907945509358808,-0.017178247885534126,-0.001030770320933086,-0.020926176687158946,-0.04103944183529051,0.0072349405638079956,-0.03606344021729865
92,least_connections,1888,measured,385,330,8,medium,0,99.07,64.05,4,714.0,772.0,0.0,615.0,666.0,0.0,2,2,0,-0.03299340412468177,0.0367340986750279,-0.003436386044769691,-0.18870180787381485,0.19670279097812737,-0.022137627790876087,-0.12815988097057268,0.1227671531195548,-0.01583149106969048,10.6,10.34,1,0.0,371.0,0.0,0.0,331.0,0.0,0,1,0,-0.11794013113886025,0.004415789635742601,-0.002568985576722877,-0.20487744905475727,0.0067166222256540425,-0.007091459712856852,-0.18525272272472104,0.006431725372422176,-0.0071145903927682524,19.26,28.63,3,963.0,0.0,0.0,859.0,0.0,0.0,3,0,0,0.048010728262322944,-0.04335237737694483,-0.010773855460848445,0.05810539477023102,-0.07458022076655851,-0.018933207478858093,0.09225002881568953,-0.12283505377560228,-0.03262882686327021
92,least_connections,1889,measured,498,437,16,heavy,1,74.8,48.75,3,735.0,387.0,0.0,639.0,336.0,0.0,2,1,0,-0.029851175160426374,-0.009848287139827355,-0.003109111183363054,-0.158063540457261,-0.05425303038486895,-0.020029282286983127,-0.10509703516385144,-0.038210670987069456,-0.014323730015434242,24.83,24.0,2,371.0,0.0,498.0,331.0,0.0,437.0,1,0,1,-0.06362383747030666,-0.039088661984895016,0.04075957994305572,-0.0894605491447804,-0.08982781798631301,0.12231861128020435,-0.07402329675093809,-0.08776712942495137,0.11711953726368587,11.62,17.87,2,581.0,0.0,0.0,536.0,0.0,0.0,2,0,0,0.00035437772486815455,-0.03922357953152151,-0.009747773988386688,-0.016552261874552887,-0.06747734259831485,-0.017130044861823988,-0.013948386627074538,-0.11113647722554491,-0.029521319542958762
92,least_connections,1890,measured,396,321,11,medium,1,74.8,48.75,3,1122.0,0.0,0.0,975.0,0.0,0.0,3,0,0,0.01607569412922874,-0.05199425525802974,-0.0028130053563760965,0.09041870149104958,-0.28251464653869096,-0.018121731592984733,0.056912206280324895,-0.18657155946449142,-0.012959565252059553,36.14,34.03,3,371.0,396.0,498.0,331.0,321.0,437.0,1,1,1,-0.057564424377896495,0.007717967954709498,0.03687771518657422,-0.0809404968452775,0.02109455923687327,0.1106692197297087,-0.06697345896513447,0.011350573377424955,0.10596529561952531,11.62,17.87,2,581.0,0.0,0.0,536.0,0.0,0.0,2,0,0,0.00032062746535690967,-0.03548800052851946,-0.00881941456092129,-0.014975855981738312,-0.06105092901752296,-0.015498612017840752,-0.012619968853067431,-0.10055205082311207,-0.026709765300772213
92,least_connections,1891,measured,380,318,11,medium,2,51.47,33.3,2,772.0,0.0,0.0,666.0,0.0,0.0,2,0,0,-0.02853922458602659,-0.04704242142393167,-0.002545100084340278,-0.12930371452397105,-0.2556084897254823,-0.016395852393652852,-0.08829371812732506,-0.16880283951549224,-0.011725320942339596,36.14,34.03,3,371.0,894.0,0.0,331.0,758.0,0.0,1,2,0,-0.05208209824666825,0.05006682361435168,-0.009718348391285454,-0.07323187809810823,0.14782024747281733,-0.02860539983638601,-0.06059503430178835,0.1338261140081464,-0.027683184915667576,15.74,24.9,2,407.0,380.0,0.0,429.0,318.0,0.0,1,1,0,-0.042793808710482065,0.010975709272382617,-0.007979470317024024,-0.04503529826919181,0.013525349936526841,-0.014022553730427347,-0.04368790832737848,0.004929096874327174,-0.024165978129270096
92,least_connections,1892,measured,451,442,19,heavy,0,81.53,55.4,3,772.0,0.0,451.0,666.0,0.0,442.0,2,0,1,-0.025821203196881193,-0.042562190812128656,0.04078119062663997,-0.11698907504549771,-0.2312648240373411,0.2571974033898697,-0.07988479259138931,-0.1527263786092549,0.18934375724264513,36.14,34.03,3,371.0,894.0,0.0,331.0,758.0,0.0,1,2,0,-0.04712189841365222,0.04529855469869914,-0.00879279140163922,-0.06625741351733604,0.13374212866588234,-0.025881076042444485,-0.054824078653999006,0.12108076981689436,-0.025046691114175425,15.74,24.9,2,407.0,380.0,0.0,429.0,318.0,0.0,1,1,0,-0.03871820788091235,0.009930403627393794,-0.007219520763021736,-0.040746222243554495,0.01223722137114333,-0.0126870724227676,-0.03952715515334243,0.004459659076772218,-0.021864456402672944
92,least_connections,1893,measured,185,117,7,light,2,81.53,55.4,3,772.0,0.0,451.0,666.0,0.0,442.0,2,0,1,-0.023362040987654403,-0.03850864883002116,0.03689726770981712,-0.10584725837449793,-0.20923960270045147,0.23270241259083446,-0.07227671710649508,-0.13818100921789728,0.1713110184576313,36.14,34.03,3,371.0,894.0,0.0,331.0,758.0,0.0,1,2,0,-0.04263409856473295,0.04098440663215636,-0.007955382696721199,-0.05994718365854214,0.12100478307865545,-0.02341621165744977,-0.04960273782980863,0.10954926792957109,-0.022661291960444432,19.44,28.8,3,592.0,380.0,0.0,546.0,318.0,0.0,2,1,0,0.008053140715455709,0.008984650900975333,-0.006531947357019666,-0.003389439172739775,0.011071771716748738,-0.011478779811075448,-0.0004769499006431477,0.004034929640889154,-0.019782127221466
92,least_connections,1894,measured,447,409,15,heavy,0,100.0,75.85,4,772.0,0.0,898.0,666.0,0.0,851.0,2,0,2,-0.0211370847031159,-0.03484115846525724,0.07646714244040143,-0.09576656710073628,-0.18931202149088466,0.48015932567742164,-0.06539322023920979,-0.12502091310190705,0.3400194928902378,36.14,34.03,3,767.0,498.0,0.0,652.0,437.0,0.0,2,1,0,0.004510192001522806,-0.006002770416711128,-0.0071977272017953705,0.0481294188667612,0.007113171084769887,-0.021186096261502176,0.04588026101112552,0.008357075745802411,-0.020503073678497345,19.44,28.8,3,592.0,380.0,0.0,546.0,318.0,0.0,2,1,0,0.007286174933031353,0.008128969862787203,-0.005909857132541603,-0.003066635442002655,0.010017317267534562,-0.01038556268621112,-0.00043152610058189156,0.0036506506274711498,-0.017898115105135903
92,least_connections,1895,measured,373,350,11,medium,1,100.0,75.85,4,772.0,447.0,451.0,666.0,409.0,442.0,2,1,1,-0.01912402901710486,0.011560947329619861,0.026100657219320117,-0.086645941662571,0.09833674246062815,0.16481081847004816,-0.059165294502142196,0.07190965005065553,0.122612874519739,46.8,44.97,4,767.0,871.0,0.0,652.0,787.0,0.0,2,2,0,0.004080649906139683,0.0376528222306854,-0.0065122293730529544,0.04354566468897442,0.10285749492703669,-0.019168372808025778,0.041510712343399286,0.10651949710334505,-0.01855039999483093,11.3,14.5,2,565.0,0.0,0.0,435.0,0.0,0.0,2,0,0,0.006592253510837892,-0.035729117969949896,-0.0053470135961090695,-0.007660289209430973,-0.05969861771032587,-0.009396461478000537,-0.033866618852907426,-0.09260179228943086,-0.01619353271417058
92,least_connections,1896,measured,183,113,8,light,2,85.67,59.35,3,387.0,447.0,451.0,336.0,409.0,442.0,1,1,1,-0.0603865931469951,0.010459904726798919,0.02361488034128963,-0.3106161694407389,0.0889713384167588,0.1491145500443293,-0.20281621883527154,0.06506111195059311,0.11093545789881147,36.2,34.62,3,396.0,871.0,0.0,321.0,787.0,0.0,1,2,0,-0.039391883645011935,0.03406683916109631,-0.005892017051809816,-0.056506303376642184,0.09306154302922368,-0.017342813492975704,-0.05602899835597208,0.09637478309350264,-0.016783695233418463,14.96,18.27,3,565.0,183.0,0.0,435.0,113.0,0.0,2,1,0,0.005964419843139057,0.010757555396802704,-0.004837774206003444,-0.006930737856151836,-0.020898749356961503,-0.008501560384857628,-0.03064122658120194,-0.049703208896786644,-0.014651291503297192
92,least_connections,1897,measured,416,417,17,heavy,0,87.6,63.4,3,0.0,898.0,416.0,0.0,851.0,417.0,0,2,1,-0.09771938926451484,0.05254762355100401,0.021365844118309666,-0.5144622485416209,0.35252962364690876,0.1138020532147106,-0.33550038847000757,0.2588171965267271,0.08906065238463895,36.2,34.62,3,396.0,871.0,0.0,321.0,787.0,0.0,1,2,0,-0.03564027567882032,0.030822378288610952,-0.005330872570685072,-0.05112475067410484,0.08419853893120238,-0.01569111696983516,-0.050692903274450946,0.08719623232269286,-0.01518524806833099,14.96,18.27,3,748.0,0.0,0.0,548.0,0.0,0.0,3,0,0,0.048480280084835556,-0.03335087391536445,-0.004377033805431687,0.026843618130148336,-0.05202267798963184,-0.00769188796725214,0.006356350553515716,-0.07904893503360061,-0.013255930407745078
92,least_connections,1898,measured,405,400,17,heavy,0,100.0,83.4,4,0.0,898.0,821.0,0.0,851.0,817.0,0,2,2,-0.08841278076313248,0.047543087974717915,0.06241490204808516,-0.4654658439186094,0.31895537377577465,0.3472494767180715,-0.30354797052048305,0.23416793971465785,0.26153106644324475,36.2,34.62,3,894.0,373.0,0.0,758.0,350.0,0.0,2,1,0,0.010837936517348518,-0.015196986537061738,-0.004823170421096017,0.08247896707717045,-0.05255506341598698,-0.014196724877469908,0.07769153989454439,-0.04466471837470645,-0.013739033966585181,14.96,18.27,3,748.0,0.0,0.0,548.0,0.0,0.0,3,0,0,0.04386311055294645,-0.03017460020913926,-0.003960173443009622,0.02428708307013422,-0.04706813722871452,-0.006959327208466222,0.0057509838341332775,-0.07152046503040055,-0.01199346084510269
92,least_connections,1899,measured,396,301,11,medium,1,100.0,83.4,4,0.0,898.0,821.0,0.0,851.0,817.0,0,2,2,-0.07999251592854843,0.04301517483426859,0.056470625662553245,-0.4211357635454085,0.28857867151141514,0.31417809798301705,-0.27463863999472277,0.21186623117040473,0.23662334582960237,47.51,44.03,4,1267.0,396.0,0.0,1108.0,301.0,0.0,3,1,0,0.05288965231388221,-0.013749654485913004,-0.004363820857182111,0.17104559606301814,-0.04160424104983855,-0.012844655841520393,0.16925067895220683,-0.054265102339020155,-0.012430554541196116,14.96,18.27,3,748.0,0.0,0.0,548.0,0.0,0.0,3,0,0,0.03968567145266583,-0.027300828760649806,-0.003583014067484896,0.021974027539645252,-0.04258545749264647,-0.006296534140993249,0.005203271088025346,-0.0647089921703624,-0.010851226478902434
92,least_connections,1900,measured,396,345,10,medium,2,100.0,83.4,4,0.0,1314.0,405.0,0.0,1268.0,400.0,0,3,1,-0.07237418107821049,0.08200239174347657,0.008008570610790813,-0.3810275955887029,0.512015623430963,0.03333573944495194,-0.2484825790428444,0.38033135201131857,0.025444931941068838,47.51,44.03,4,1267.0,396.0,0.0,1108.0,301.0,0.0,3,1,0,0.04785254256970295,-0.012440163582492725,-0.003948218870783815,0.15475553929511165,-0.03764193237842535,-0.011621355285185118,0.15313156667104427,-0.04909699735435158,-0.011246692203939342,19.18,25.87,3,563.0,396.0,0.0,431.0,345.0,0.0,2,1,0,-0.007177816531488274,0.018383150395693257,-0.0032417746324863344,-0.01359492746413049,0.03312744322093891,-0.005696864222803416,-0.030577992825119943,0.04550138803633878,-0.009817776338054583
92,least_connections,1901,measured,353,311,15,medium,2,100.0,83.4,4,0.0,1719.0,0.0,0.0,1668.0,0.0,0,4,0,-0.06548140192790473,0.11727654037561712,-0.03583805062651806,-0.3447392531516836,0.5754427069137283,-0.21412480716885302,-0.22481757151495446,0.525061699438812,-0.1579307758628425,36.2,34.0,3,871.0,396.0,0.0,787.0,301.0,0.0,2,1,0,0.00021125733630719679,-0.0112553860984458,-0.003572198025947261,0.037649569566325536,-0.034056986437622935,-0.010514559543738916,0.04778867936904005,-0.04442109284441331,-0.010175578660707023,26.24,36.23,4,563.0,396.0,353.0,431.0,345.0,311.0,2,1,1,-0.006494214957060818,0.016632374167531994,0.04015086603546021,-0.012300172467546638,0.02997244862846854,0.058721884750796906,-0.027665803032251385,0.04116792250906842,0.08491090077350617
92,least_connections,1902,measured,434,409,18,heavy,1,100.0,83.4,4,447.0,1272.0,0.0,409.0,1259.0,0.0,1,3,0,-0.016161177708013577,0.0630234458273724,-0.03242490294780206,-0.042287895708666146,0.3831148300648018,-0.193731968390867,-0.018382564704006427,0.2900320137779728,-0.14288974959019082,48.6,46.78,4,871.0,396.0,434.0,787.0,301.0,409.0,2,1,1,0.00019113758999222963,-0.010183444565260491,0.03985191153661461,0.03406389627429454,-0.030813463919754078,0.1026773032699505,0.04323737657198862,-0.0401905125735168,0.10643340502126507,18.64,25.63,3,183.0,749.0,0.0,113.0,656.0,0.0,1,2,0,-0.048959618521240963,0.05813223875928632,-0.006756926194674322,-0.0798906322325422,0.090994120187662,-0.010746866177850416,-0.12093572655298936,0.13104081877804602,-0.016969502474764257
92,least_connections,1903,measured,422,434,17,heavy,2,100.0,83.4,4,447.0,1272.0,0.0,409.0,1259.0,0.0,1,3,0,-0.014622017926297998,0.057021212891432166,-0.02933681695277329,-0.03826047706974556,0.34662770339196347,-0.17528130473459397,-0.016631844256005834,0.2624099172276897,-0.12928120201017265,48.6,46.78,4,1267.0,0.0,434.0,1088.0,0.0,409.0,3,0,1,0.043256834236750336,-0.05229749292865972,0.03605649139027036,0.1331870626155182,-0.13024619524712444,0.09289851248233617,0.12422369785084689,-0.121467011376039,0.09629689025733507,27.08,40.1,4,579.0,353.0,422.0,458.0,311.0,434.0,2,1,1,-0.0012128974829368477,0.009511934841168343,0.03697049081252822,-0.0006248577342048561,0.010670870645979907,0.06663854964861153,-0.005370419262228476,0.014513121751565466,0.11553552950695932
92,least_connections,1904,measured,187,105,7,light,0,100.0,88.65,5,1085.0,821.0,0.0,956.0,817.0,0.0,3,2,0,0.07293835566305465,0.00850672096072888,-0.026542834385842498,0.3502087747146747,0.041583795132411394,-0.1585878471408231,0.23240452186361377,0.037466115586957394,-0.1169687065806324,48.6,46.78,4,1267.0,0.0,434.0,1088.0,0.0,409.0,3,0,1,0.03913713573801221,-0.04731677931640641,0.03262253982929223,0.12050258046165932,-0.11784179569977926,0.08405103510306605,0.11239286948409957,-0.109898724578321,0.08712575785187458,23.42,36.33,3,396.0,353.0,422.0,345.0,311.0,434.0,1,1,1,-0.04418128366370022,0.0086060362848666,0.033449491687525534,-0.0336796331880901,0.009654597251124677,0.060292021110648526,-0.038938315840428964,0.013130919679987807,0.10453214574439176
92,least_connections,1905,measured,489,436,15,heavy,2,100.0,88.65,5,1085.0,821.0,0.0,956.0,817.0,0.0,3,2,0,0.06599184559990659,0.007696557059707093,-0.02401494539671464,0.3168555580751819,0.037623433691229335,-0.1434842426512209,0.21027075787660293,0.03389791410248527,-0.1058288297634293,34.37,33.12,3,769.0,0.0,434.0,651.0,0.0,409.0,2,0,1,-0.007674110749508217,-0.04281041938151056,0.029515631274121545,-0.019708549650335444,-0.10661876753789552,0.07604617461705977,-0.02186776094295756,-0.09943217938038568,0.07882806662788652,33.2,50.87,4,396.0,353.0,911.0,345.0,311.0,870.0,1,1,2,-0.039973542362395434,0.007786413781545973,0.07334772603928047,-0.030472049074938667,0.008735111798636612,0.14303563814772963,-0.03522990480800718,0.011880355900941358,0.2260687667846084
92,least_connections,1906,measured,500,418,16,heavy,1,100.0,88.65,5,1085.0,821.0,0.0,956.0,817.0,0.0,3,2,0,0.059706907923725,0.006963551625449288,-0.021727807739884673,0.28667883825849794,0.03404024953015994,-0.12981907668443796,0.19024497141216457,0.030669541330820005,-0.09574989359548365,38.0,35.25,3,396.0,434.0,500.0,301.0,409.0,418.0,1,1,1,-0.050027143285836226,0.004350663643485908,0.026704618771824257,-0.11425331362921508,0.015725876989523088,0.08586490628618333,-0.1187434503769616,0.02567743294155582,0.07386527456808781,33.2,50.87,4,396.0,1264.0,0.0,345.0,1181.0,0.0,1,3,0,-0.03616653832788158,0.09321265101777061,-0.019805572132260977,-0.027569949163039745,0.17275081543686172,-0.03543442262824464,-0.03187467577867319,0.27312984581513744,-0.05784254433773523
92,least_connections,1907,measured,368,324,12,medium,1,100.0,88.65,5,1501.0,405.0,0.0,1373.0,400.0,0.0,4,1,0,0.09710443596727046,-0.03678354399420801,-0.019658492717038515,0.5096935520751489,-0.22012231391715686,-0.11745535509544387,0.3607692598491013,-0.1608942245102104,-0.0866308561101995,48.51,45.38,4,396.0,802.0,500.0,301.0,733.0,418.0,1,2,1,-0.04526265344908992,0.04702021495181605,0.024161321745936232,-0.10337204566452791,0.10935742611977259,0.07768729616368968,-0.10743455034106048,0.11483910599474098,0.06683048651398421,33.2,50.87,4,396.0,1264.0,0.0,345.0,1181.0,0.0,1,3,0,-0.03272210610617857,0.08433525568274484,-0.01791932716728374,-0.02494423971894072,0.15629835682382728,-0.032059715711268956,-0.028838992371180525,0.2471174795470291,-0.05233373059128426
92,least_connections,1908,measured,386,302,10,medium,1,100.0,88.65,5,1906.0,0.0,0.0,1773.0,0.0,0.0,5,0,0,0.1309402946733354,-0.07636424955485033,-0.0177862553154158,0.4611513090203728,-0.44344399830599907,-0.1062691308006397,0.5073626636729964,-0.3265233459854285,-0.07838029838541859,59.54,54.81,5,396.0,1688.0,0.0,301.0,1453.0,0.0,1,4,0,-0.040951924549176594,0.128709899695634,-0.02122365674233887,-0.09352708893457289,0.3279764467614269,-0.058963194627410016,-0.09720268840381663,0.3074734768523847,-0.05771884553496666,33.2,50.87,4,396.0,1264.0,0.0,345.0,1181.0,0.0,1,3,0,-0.029605715048447265,0.07630332657010248,-0.016212724579923385,-0.022568597840946364,0.14141279903108184,-0.029006409453052866,-0.026092421669163354,0.22358248149493107,-0.04734956577306671
92,least_connections,1909,measured,190,113,4,light,2,97.27,68.2,4,1459.0,0.0,0.0,1364.0,0.0,0.0,4,0,0,0.07538589019197467,-0.06909146388295982,-0.01609232623775715,0.3925019780025595,-0.4012112365625706,-0.09614826120057877,0.2740186004660444,-0.2954258844630067,-0.07091550806299778,59.54,54.81,5,396.0,1688.0,0.0,301.0,1453.0,0.0,1,4,0,-0.03705174125877882,0.11645181401033554,-0.01920235610021136,-0.08461974713128022,0.29674059468891,-0.053347652281942395,-0.08794528950821506,0.27819028858072903,-0.05222181262687459,37.0,54.63,5,939.0,911.0,0.0,769.0,870.0,0.0,3,2,0,0.059381677314443396,0.02595244286047821,-0.014668655572311635,0.0778379352867628,0.06406872293288354,-0.026243894267047832,0.10426558674377284,0.10849526103509632,-0.04284008331848893
92,least_connections,1910,measured,362,332,9,medium,0,100.0,84.8,5,1459.0,362.0,0.0,1364.0,332.0,0.0,4,1,0,0.0682062816022628,-0.019427424238777705,-0.014559723738923136,0.355120837240411,-0.1446514362550242,-0.08699128394338079,0.2479215908978497,-0.11709960975224418,-0.06416165015223609,48.23,45.41,4,0.0,1688.0,0.0,0.0,1453.0,0.0,0,4,0,-0.07660690422279534,0.10536116505697025,-0.01737356028114361,-0.17892807053374332,0.26847958567091856,-0.048266923493185974,-0.1646737143169565,0.2516959753825644,-0.047248306662410346,29.08,43.13,4,543.0,911.0,0.0,424.0,870.0,0.0,2,2,0,0.010642379248215234,0.023480781635670772,-0.013271640755901003,-0.001232344264357449,0.05796693979641844,-0.02374447576542423,-0.00971208818420552,0.09816237903175382,-0.038760075383394745
92,least_connections,1911,measured,355,330,9,medium,1,78.87,57.45,3,821.0,362.0,0.0,817.0,332.0,0.0,2,1,0,-0.02445735519432457,-0.017577193358894114,-0.013173083382835219,-0.06352559170312022,-0.13087510899264093,-0.07870639975829691,-0.02314237014004078,-0.10594726596631618,-0.058051016804404075,58.37,55.72,5,386.0,1657.0,0.0,302.0,1481.0,0.0,1,4,0,-0.026227108355771744,0.09532676838487784,-0.015718935492463268,-0.062104988986312004,0.23489649587913042,-0.04367007363669207,-0.06360359866772254,0.23564159677470115,-0.04274846793265698,29.08,43.13,4,543.0,911.0,0.0,424.0,870.0,0.0,2,2,0,0.00962881931981377,0.021244516717987855,-0.012007674969624717,-0.0011149781439424578,0.052446278863426204,-0.02148309712109811,-0.008787127404757372,0.08881358102872963,-0.035068639632595246
92,least_connections,1912,measured,365,345,12,medium,0,100.0,74.7,4,1183.0,365.0,0.0,1149.0,345.0,0.0,3,1,0,0.020955816955701798,-0.01590317494376134,-0.011918504013041389,0.16087367099876415,-0.11660128908857992,-0.07121055216226863,0.1292521413018679,-0.08997609777904797,-0.05252234853731797,58.37,55.72,5,754.0,1289.0,0.0,626.0,1157.0,0.0,2,3,0,0.019354611714392456,0.043164128311941635,-0.014221894016990576,0.03893902357020751,0.11739614933281867,-0.03951101900462616,0.03406102977682246,0.12159239708187247,-0.038677185272403936,29.08,43.13,4,543.0,911.0,0.0,424.0,870.0,0.0,2,2,0,0.008711788908402934,0.01922122941151283,-0.010864086877279506,-0.001008789749281272,0.0474513951621475,-0.019437087871469718,-0.007950258128113813,0.08035514474027919,-0.0317287691913957
92,least_connections,1913,measured,472,408,15,heavy,0,100.0,95.1,5,1183.0,365.0,472.0,1149.0,345.0,408.0,3,1,1,0.01896002486468258,-0.01438858685387931,0.032300491834005636,0.1455523689988818,-0.10549640441347707,0.22026981788493155,0.11694241355883289,-0.08140694560961481,0.1370512084662361,58.37,55.72,5,1543.0,500.0,0.0,1365.0,418.0,0.0,4,1,0,0.10367911581415552,-0.04711454150461515,-0.01286742792013433,0.23918972880841902,-0.09774361999139533,-0.03574806481370939,0.23976057455998226,-0.0989312835925916,-0.034993643817889275,25.28,39.37,3,1264.0,0.0,0.0,1181.0,0.0,0.0,3,0,0,0.050965994953407645,-0.06877716431928885,-0.00982941193658622,0.1295539521316027,-0.12191540437710464,-0.01758593664561546,0.22110849661424622,-0.18967867856831883,-0.028706981649358015
92,least_connections,1914,measured,171,124,7,light,2,100.0,74.25,4,767.0,837.0,0.0,732.0,753.0,0.0,2,2,0,-0.02592959201585407,0.03006565497800942,-0.01385964571027608,-0.11923039630259902,0.189249284895743,-0.08540667270728414,-0.08283781630391313,0.11091752540082472,-0.06057271614959588,58.37,55.72,5,1543.0,500.0,0.0,1365.0,418.0,0.0,4,1,0,0.09380491430804548,-0.042627442313699415,-0.011641958594407252,0.21640975463618864,-0.08843470380173862,-0.03234348721240373,0.21692623412569825,-0.08950925658377334,-0.03166091583523315,28.7,43.5,4,1435.0,0.0,0.0,1305.0,0.0,0.0,4,0,0,0.08919599089888809,-0.06222695819364229,-0.00889327746643515,0.14815833764287858,-0.11030441348404706,-0.015911085536509228,0.23744736995257198,-0.17161404251419324,-0.025972983397038202
92,least_connections,1915,measured,176,106,4,light,0,91.67,59.55,4,538.0,837.0,0.0,438.0,753.0,0.0,2,2,0,-0.023460107061963192,0.02720225926581804,-0.012539679452154548,-0.2460021045912404,0.17122554347710078,-0.07727270387801898,-0.2079485004654452,0.10035395155312715,-0.054803886040110564,58.37,55.72,5,2043.0,0.0,0.0,1783.0,0.0,0.0,5,0,0,0.12795501317213187,-0.08165158612962826,-0.010533200633035133,0.3250510024939666,-0.209264051738988,-0.029263155096936708,0.3144511165899174,-0.19916908929008065,-0.0286455905175919,28.7,43.5,4,1435.0,0.0,0.0,1305.0,0.0,0.0,4,0,0,0.08070113462280351,-0.05630058122281922,-0.008046298660107993,0.13404801977212824,-0.09979923124747114,-0.014395744056841683,0.2148333347189937,-0.15526984798903198,-0.02349936593065361
92,least_connections,1916,measured,153,105,3,light,0,100.0,64.8,5,691.0,837.0,0.0,543.0,753.0,0.0,3,2,0,0.021858089075457332,0.024611567907168702,-0.011345424266235067,-0.13028761843969372,0.15491834886023403,-0.06991339874677907,-0.14064388137349804,0.09079643235759122,-0.0495844683220048,58.37,55.72,5,2043.0,0.0,0.0,1783.0,0.0,0.0,5,0,0,0.11576882144145263,-0.0738752445934732,-0.009530038667984167,0.2940937641612079,-0.18933414204956056,-0.026476187944847497,0.28450339120040147,-0.18020060459578727,-0.025917439039726004,21.64,33.13,3,1082.0,0.0,0.0,994.0,0.0,0.0,3,0,0,0.029931412051017237,-0.05093862110636024,-0.00727998450200247,0.057405351222401785,-0.09029454255723579,-0.013024720813332951,0.10057936633305778,-0.14048224341864798,-0.021261331080115173
92,least_connections,1917,measured,372,321,12,medium,2,100.0,64.8,5,1056.0,472.0,0.0,888.0,408.0,0.0,4,1,0,0.06286026653312354,-0.02081629116789044,-0.010264907669450775,0.10227945633234059,-0.07999450976137562,-0.0632549798185144,0.028822202566835098,-0.07392227548598887,-0.044862138005623386,58.37,55.72,5,2043.0,0.0,0.0,1783.0,0.0,0.0,5,0,0,0.10474321939940953,-0.06683950701314241,-0.00862241593769996,0.26608483424109286,-0.17130231899722145,-0.023954646235814402,0.25740783013369656,-0.16303864225333134,-0.023449111512133053,29.08,43.83,4,1082.0,372.0,0.0,994.0,321.0,0.0,3,1,0,0.027080801379491787,-0.0030034236313780938,-0.006586652644668901,0.0519381749155064,-0.014380776599403816,-0.011784271212063147,0.09100037906324274,-0.030293458331157694,-0.01923644240581849
92,least_connections,1918,measured,183,102,6,light,2,100.0,64.8,5,1056.0,472.0,0.0,888.0,408.0,0.0,4,1,0,0.056873574482349865,-0.018833787247138967,-0.009287297415217367,0.09253855572926051,-0.072375985022197,-0.05723069602627493,0.026077230893803205,-0.06688205877303752,-0.040589553433659255,47.34,46.28,4,1657.0,0.0,0.0,1481.0,0.0,0.0,4,0,0,0.0516837744679465,-0.06047383967855742,-0.007801233467442822,0.1409611085310568,-0.1549878124260575,-0.021673251356213032,0.1475058939304874,-0.14751115251491884,-0.02121586279669181,32.74,47.23,5,1265.0,372.0,0.0,1096.0,321.0,0.0,4,1,0,0.06758557766534518,-0.0027173832855325597,-0.005959352392795672,0.08010596778069626,-0.013011178828032016,-0.010661959668057133,0.11309558105721967,-0.027408367061523622,-0.017404400271931013
92,least_connections,1919,measured,441,416,16,heavy,1,55.8,37.65,2,365.0,472.0,0.0,345.0,408.0,0.0,1,1,0,-0.07779465710100317,-0.01704009322360192,-0.00840279289948238,-0.33306829084812933,-0.06548303406770206,-0.05178015354758208,-0.22204917204846375,-0.060512338889891076,-0.03672388167807266,49.43,49.16,4,1289.0,0.0,441.0,1157.0,0.0,416.0,3,0,1,0.003677610006146609,-0.05471442637583766,0.036025641375261486,0.032406989351228266,-0.1402270683854806,0.09439086782056916,0.04185057069901238,-0.1334624713230218,0.0984237431839455,32.74,47.23,5,1265.0,372.0,0.0,1096.0,321.0,0.0,4,1,0,0.06114885598293135,-0.0024585848773866076,-0.005391795022053227,0.07247682799205854,-0.011772018939648007,-0.009646534937765978,0.10232457333748446,-0.02479804638899756,-0.015746838341270917
92,least_connections,1920,measured,194,102,4,light,0,68.73,42.75,3,559.0,472.0,0.0,447.0,408.0,0.0,2,1,0,-0.027301741912245492,-0.015417227202306497,-0.007602526909055487,-0.18433162822767263,-0.05924655463268286,-0.04684871035257426,-0.15475877471051483,-0.05474925899561575,-0.033226369137303834,26.89,26.06,2,500.0,0.0,441.0,418.0,0.0,416.0,1,0,1,-0.0828404390193821,-0.04950352862575789,0.032594627910950864,-0.17463857426045337,-0.1268721094916253,0.08540126136146733,-0.17107865031994118,-0.1207517597684483,0.08905005335690308,14.52,18.23,3,354.0,372.0,0.0,226.0,321.0,0.0,2,1,0,-0.030842645040386363,-0.002224433936683118,-0.004878290734238634,-0.09927334610242322,-0.010650874278729142,-0.008727817324645408,-0.16980157650418073,-0.022436327685283516,-0.014247139451626067
92,least_connections,1921,measured,480,415,17,heavy,1,68.73,42.75,3,1031.0,0.0,0.0,855.0,0.0,0.0,3,0,0,0.018382324210916207,-0.05703282007646324,-0.006878476727240679,0.11792217763528035,-0.3383024383184591,-0.04238692841423386,0.044551584785724685,-0.23410647242460472,-0.03006195302898918,40.6,39.03,3,500.0,441.0,480.0,418.0,416.0,415.0,1,1,1,-0.07495087339848856,-0.0017050066251188128,0.02949037763371745,-0.15800632909279116,-0.0007890514448038455,0.08734944055153168,-0.1547854455275658,0.008367455447594388,0.08028635779910279,11.1,14.1,2,183.0,372.0,0.0,102.0,321.0,0.0,1,1,0,-0.07098915050139265,-0.002012583085570438,-0.0044136916166920975,-0.12076159885457341,-0.009636505299802547,-0.007896596627060132,-0.19102682318632225,-0.020299534572399372,-0.01289026902766168
92,least_connections,1922,measured,469,429,17,heavy,2,68.73,42.75,3,1031.0,0.0,0.0,855.0,0.0,0.0,3,0,0,0.016631626667019422,-0.051601122926323885,-0.0062233837055987095,0.1066914940509679,-0.30608315847860584,-0.03835007808906873,0.04030857671089377,-0.2118106179079757,-0.027198909883371165,26.31,25.97,2,0.0,441.0,480.0,0.0,416.0,415.0,0,1,1,-0.11089659520634226,-0.0015426250417741594,0.026681770240030076,-0.27220980795470223,-0.0007139036881558536,0.07903044621329057,-0.25822849833446426,0.007570554928775869,0.07264003800871205,20.48,28.4,3,555.0,0.0,469.0,423.0,0.0,429.0,2,0,1,-0.021144378798312186,-0.04490480873274967,0.03909056019260737,-0.04194620848747117,-0.07603302860458325,0.07772212686123131,-0.07602426859714873,-0.115175769375028,0.1177183280225918
92,least_connections,1923,measured,428,428,17,heavy,1,68.73,42.75,3,1031.0,0.0,0.0,855.0,0.0,0.0,3,0,0,0.015047662222541391,-0.04668673026667399,-0.00563068049554169,0.09653039937944718,-0.27693238148064336,-0.03469768969963361,0.036469664643189625,-0.19163817810721612,-0.02460853751352629,38.54,39.34,3,0.0,441.0,908.0,0.0,416.0,843.0,0,1,2,-0.10033501471050014,-0.001395708371128998,0.06722454949154649,-0.2462850643399687,-0.0006459128607124442,0.18214319283243297,-0.23363530801689625,0.006849549697463875,0.18673384391264422,20.48,28.4,3,555.0,0.0,469.0,423.0,0.0,429.0,2,0,1,-0.01913062843656818,-0.040628160282011605,0.035367649698073336,-0.03795133148866438,-0.06879178778509913,0.07032001954111404,-0.06878386206408693,-0.1042066484821682,0.10650705868710687
92,least_connections,1924,measured,432,435,14,heavy,0,60.27,42.15,2,472.0,432.0,0.0,408.0,435.0,0.0,1,1,0,-0.07255324891883443,0.0008435252235761415,-0.0050944252102520056,-0.24983757516462723,0.010013559612751244,-0.03139314782347803,-0.16921792246568554,0.023398791236328265,-0.022264867274142834,38.54,39.34,3,0.0,921.0,428.0,0.0,831.0,428.0,0,2,1,-0.09077929902378584,0.04182111646240256,0.01773831121797517,-0.22282934392663833,0.1234972353028928,0.04071458943342575,-0.21138432630100137,0.12353352115484828,0.05161335877810669,16.82,25.0,2,372.0,0.0,469.0,321.0,0.0,429.0,1,0,1,-0.06039256405031905,-0.03675881168372479,0.03199930210778064,-0.06745120468022014,-0.06224018894842302,0.0636228748229127,-0.09299492281988818,-0.09428220576958074,0.09636352928833479
92,least_connections,1925,measured,394,350,8,medium,0,86.53,59.65,3,472.0,826.0,0.0,408.0,785.0,0.0,1,2,0,-0.06564341568846924,0.04384708971475483,-0.004609241856894672,-0.22604352038704367,0.24671068091947335,-0.02840332422124203,-0.15310192984990592,0.17950366826143987,-0.02014440372422447,38.54,39.34,3,0.0,921.0,428.0,0.0,831.0,428.0,0,2,1,-0.082133651497711,0.03783815298979279,0.016048948244834674,-0.2016075016479109,0.11173559384547443,0.036837009487385206,-0.191252485700906,0.11176842390200559,0.04669780079923938,16.82,25.0,2,372.0,469.0,0.0,321.0,429.0,0.0,1,1,0,-0.054640891283622,0.009825927751006366,-0.01413215070067012,-0.06102728042496108,0.0285541147609506,-0.027303113255459935,-0.08413826350370836,0.044078004303712656,-0.04219490207245899
92,least_connections,1926,measured,198,123,3,light,2,86.53,59.65,3,866.0,432.0,0.0,758.0,435.0,0.0,2,1,0,-0.016307761586619562,-0.0034127238181696634,-0.004170266441952322,0.03313522758632559,-0.014436368056984394,-0.025698245723980884,0.01981253965960894,0.00407474747463607,-0.01822588908382214,38.54,39.34,3,0.0,1349.0,0.0,0.0,1259.0,0.0,0,3,0,-0.07431139897411948,0.07731841959847466,-0.02856342324333552,-0.18240678720525272,0.21173356449964698,-0.07731073291277393,-0.17303796325320067,0.22213571686371933,-0.07876151356259295,20.78,29.1,3,570.0,469.0,0.0,444.0,429.0,0.0,2,1,0,-0.00635309664890063,0.008890125108053384,-0.012786231586320584,-0.019386587051155243,0.02583467525990768,-0.024702816754939943,-0.039029857455736144,0.039880099131930496,-0.038176339970320036
92,least_connections,1927,measured,196,112,7,light,0,99.6,65.25,4,1062.0,432.0,0.0,870.0,435.0,0.0,3,1,0,0.028329258791244427,-0.003087702502153511,-0.003773098209385434,0.14820171384794534,-0.013061475861081084,-0.02325079375026842,0.06859229778726522,0.0036866762865754854,-0.016490090123458125,38.54,39.34,3,0.0,1349.0,0.0,0.0,1259.0,0.0,0,3,0,-0.0672341228813462,0.06995476058909612,-0.025843097220160708,-0.1650347122333239,0.19156846311872822,-0.06994780596870022,-0.15655815722908634,0.2009799343052699,-0.0712604170328222,20.78,29.1,3,570.0,469.0,0.0,444.0,429.0,0.0,2,1,0,-0.005748039825195811,0.008043446526334014,-0.011568495244766244,-0.017540245427235687,0.023374229997059334,-0.02235016754018376,-0.03531272817423747,0.03608199445269902,-0.034540498068384794
92,least_connections,1928,measured,356,310,13,medium,1,68.13,44.85,3,590.0,432.0,0.0,462.0,435.0,0.0,2,1,0,-0.01745266608229812,-0.0027936355971865112,-0.0034137555227772972,-0.15061114778836682,-0.011817525779073357,-0.021036432440719045,-0.12251173057342671,0.0033355642592825807,-0.014919605349795447,48.71,49.03,4,441.0,1264.0,0.0,416.0,1153.0,0.0,1,3,0,-0.01774697285636538,0.06329240243775364,-0.02338184986585969,-0.03531712059205497,0.15135105846796498,-0.06328611016215734,-0.02402880892155429,0.15186875008572037,-0.0644737106487439,20.78,29.1,3,570.0,469.0,0.0,444.0,429.0,0.0,2,1,0,-0.00520060746089146,0.007277404000016488,-0.010466733792883744,-0.015869745862737053,0.021148112854482246,-0.020221580155404355,-0.03194961120526249,0.03264561402863245,-0.03125092682377672
92,least_connections,1929,measured,176,112,5,light,0,79.87,50.45,4,766.0,432.0,0.0,574.0,435.0,0.0,3,1,0,0.027293392818963827,-0.002527575064121129,-0.0030886359491794596,-0.030108498792649208,-0.010692047133447291,-0.01903296268446009,-0.06017728004262418,0.0030178914726842476,-0.013498690554576833,48.71,49.03,4,441.0,1264.0,0.0,416.0,1153.0,0.0,1,3,0,-0.01605678496528297,0.05726455458653901,-0.0211550070214921,-0.031953585297573556,0.1369366719472064,-0.05725886157528521,-0.02174035092902532,0.13740505960136606,-0.05833335725362543,9.38,14.3,1,0.0,469.0,0.0,0.0,429.0,0.0,0,1,0,-0.09087311196574986,0.006584317904776829,-0.009469902003085291,-0.11750119863771448,0.019134006868341075,-0.01829571537869918,-0.16281155299523747,0.02953650793066745,-0.028274648078655127
92,least_connections,1930,measured,187,112,9,light,2,79.87,50.45,4,766.0,432.0,0.0,574.0,435.0,0.0,3,1,0,0.024694022074300603,-0.00228685362944292,-0.0027944801444957017,-0.02724102271715878,-0.009673756930261845,-0.017220299571654368,-0.05444611051475523,0.0027304732371905005,-0.012213100977950468,48.71,49.03,4,441.0,1264.0,0.0,416.0,1153.0,0.0,1,3,0,-0.014527567349541734,0.051810787483059104,-0.019140244448016663,-0.028910386697804658,0.12389508414271055,-0.051805636663353284,-0.019669841316737185,0.12431886344885501,-0.052777799419946814,13.12,18.03,2,0.0,656.0,0.0,0.0,541.0,0.0,0,2,0,-0.08221852987377369,0.04904114023584116,-0.008568006574220025,-0.10631060829126548,0.05114981573802288,-0.016553266295013545,-0.14730569080521486,0.06050128495314358,-0.025581824452116545
92,least_connections,1931,measured,435,404,19,heavy,2,79.87,50.45,4,1198.0,0.0,0.0,1009.0,0.0,0.0,4,0,0,0.06542611067493409,-0.04515295827244382,-0.0025283391783532537,0.23592478897018965,-0.26932387531785595,-0.015580271041020619,0.14752494762950713,-0.19431528611873242,-0.011049948503859947,48.71,49.03,4,921.0,784.0,0.0,831.0,738.0,0.0,2,2,0,0.029939910720029134,0.0037925265436294375,-0.01731736402439603,0.09792461611695222,-0.011986080333465987,-0.04687176650493868,0.09953978642771397,-0.004857337831988301,-0.04775134233233283,21.82,31.5,3,0.0,656.0,435.0,0.0,541.0,404.0,0,2,1,-0.07438819369531906,0.044370555451475335,0.03533189427865353,-0.09618578845400211,0.046278404715354035,0.06373752097117821,-0.13327657739519438,0.05473925781474895,0.0986958096226882
92,least_connections,1932,measured,355,301,13,medium,2,79.87,50.45,4,1198.0,0.0,0.0,1009.0,0.0,0.0,4,0,0,0.05919505251541657,-0.04085267653221107,-0.0022875449708910393,0.21345576144921918,-0.2436739824304411,-0.01409643570378056,0.13347495261717307,-0.17580906839313887,-0.009997572455873285,48.71,49.03,4,921.0,784.0,0.0,831.0,738.0,0.0,2,2,0,0.02708849065145494,0.0034313335394742517,-0.015668091260167837,0.088598462201052,-0.010844548873135906,-0.04240778874256357,0.09005980676793168,-0.0043947342289417934,-0.04320359544353923,28.92,41.53,4,656.0,355.0,435.0,541.0,301.0,404.0,2,1,1,0.018864196633940344,-0.002939111961136831,0.031966951966400814,0.03167952473209333,-0.012595729067060649,0.05766728087868505,0.042575160134506684,-0.02285495721522715,0.0892962087062417
92,least_connections,1933,measured,387,308,13,medium,0,79.4,48.35,4,804.0,387.0,0.0,659.0,308.0,0.0,3,1,0,0.0104735282395719,0.006121954792852116,-0.0020696835450918927,-0.04452415233959528,0.012961634943886607,-0.012753918017706221,-0.037570280965414815,-0.01973201426045898,-0.009045422698171067,48.71,49.03,4,1349.0,356.0,0.0,1259.0,310.0,0.0,3,1,0,0.06759253462569279,-0.03997936035770923,-0.014175892092532805,0.19079996920231238,-0.12045119047705495,-0.03836895171946227,0.20249458707574772,-0.12498809287380448,-0.039088967306059305,28.92,41.53,4,656.0,355.0,435.0,541.0,301.0,404.0,2,1,1,0.017067606478326974,-0.0026591965362666586,0.02892248035055312,0.028662427138560626,-0.011396135822578687,0.052175158890238854,0.03852038297883936,-0.020678294623300758,0.08079180787707582
92,least_connections,1934,measured,354,316,8,medium,0,78.2,52.95,3,432.0,741.0,0.0,435.0,624.0,0.0,1,2,0,-0.07669175109390206,0.04862281170600452,-0.0018725708265117124,-0.26466470925963387,0.22525100304446882,-0.011539259158877057,-0.13532549230204197,0.12509960614529902,-0.008183953869773823,48.71,49.03,4,1705.0,0.0,0.0,1569.0,0.0,0.0,4,0,0,0.10423905060238417,-0.07925570245516096,-0.012825807131339205,0.26465575444835066,-0.201006859411213,-0.03471476584141825,0.2708581978304384,-0.20073327450487072,-0.03536620851500604,28.92,41.53,4,656.0,355.0,435.0,541.0,301.0,404.0,2,1,1,0.01544212014705773,-0.002405939723288883,0.026167958412405205,0.025932672172983423,-0.010310789553761676,0.04720609613878753,0.034851775076092745,-0.01870893323060545,0.07309734998402098
92,least_connections,1935,measured,160,124,4,light,0,88.87,59.15,4,946.0,387.0,0.0,875.0,308.0,0.0,3,1,0,0.01678002565427003,0.0009081675072467182,-0.0016942307477963113,0.07057319955874408,-0.009725282959766268,-0.01044028209612686,0.07661026886958106,-0.02976702301139611,-0.007404529691700126,36.11,36.03,3,1264.0,0.0,0.0,1153.0,0.0,0.0,3,0,0,0.05122762174682831,-0.0717075403165742,-0.011604301690259281,0.12545044450088869,-0.18186334899109746,-0.031408597666045084,0.12744313137039665,-0.18161581979012112,-0.03199799818024356,28.92,41.53,4,656.0,355.0,435.0,541.0,301.0,404.0,2,1,1,0.013971442037814141,-0.002176802606785183,0.023675771896938043,0.02346289387079452,-0.009328809596260562,0.042710277458903004,0.03153255840217914,-0.016927130065785875,0.06613569760459043
92,least_connections,1936,measured,470,444,14,heavy,1,88.87,59.15,4,946.0,387.0,0.0,875.0,308.0,0.0,3,1,0,0.015181927972910986,0.0008216753636994117,-0.0015328754384823769,0.06385194245791137,-0.008799065535026629,-0.00944596951554335,0.06931405278676378,-0.026932068438882184,-0.006699336387728685,49.54,49.91,4,1264.0,470.0,0.0,1153.0,444.0,0.0,3,1,0,0.04634880062808275,-0.021794350535857376,-0.010499130100710779,0.11350278311985168,-0.04304643140010858,-0.028417302650231267,0.1153056902875017,-0.038783360762490504,-0.028950569782125127,28.92,41.53,4,656.0,790.0,0.0,541.0,705.0,0.0,2,2,0,0.012640828510403268,0.04111441215395173,-0.021662963748575327,0.021228332549766457,0.07027393417481188,-0.04007165372765918,0.028529457601971592,0.10652624740079689,-0.06200421010378326
92,least_connections,1937,measured,192,103,1,light,0,100.0,64.3,5,1138.0,387.0,0.0,978.0,308.0,0.0,4,1,0,0.05681993029748636,0.000743420567156608,-0.0013868873014840552,0.17358032889049124,-0.00796105929359553,-0.008546353371205889,0.10930795252135772,-0.024367109539941006,-0.006061304350802144,49.54,49.91,4,1264.0,470.0,0.0,1153.0,444.0,0.0,3,1,0,0.04193462913969391,-0.01971869810387096,-0.009499212948262134,0.10269299425129436,-0.03894677126676491,-0.025710892874018766,0.10432419597440629,-0.03508970735653902,-0.026193372660017974,28.92,41.53,4,656.0,790.0,0.0,541.0,705.0,0.0,2,2,0,0.011436940080841063,0.03719875385357538,-0.019599824343949107,0.019206586592645833,0.06358117853911552,-0.0362553057535964,0.02581236640178383,0.0963808905054829,-0.05609904723675628
92,least_connections,1938,measured,153,101,3,light,1,60.07,37.4,3,514.0,387.0,0.0,440.0,308.0,0.0,2,1,0,-0.03475929208912232,0.0006726186083797908,-0.001254802796580812,-0.2193320833847937,-0.007202863170395923,-0.007732414954900566,-0.14448328105210492,-0.02204643244089899,-0.005484037269773368,40.2,40.09,4,937.0,470.0,0.0,839.0,444.0,0.0,3,1,0,0.03794085493591354,-0.017840726855883254,-0.008594526000808598,0.008382096839606445,-0.03523755495564446,-0.0232622364098265,0.0056087963577962086,-0.03174783046544005,-0.023698765740016264,28.92,41.53,4,1011.0,435.0,0.0,842.0,404.0,0.0,3,1,0,0.0534316079189469,-0.009427884835427267,-0.017733174406430144,0.08161548310763192,-0.006712267036038347,-0.03280241949134913,0.1141318235698679,-0.0035760197013884887,-0.05075628083325568
92,least_connections,1939,measured,180,103,5,light,0,61.4,36.35,3,921.0,0.0,0.0,727.0,0.0,0.0,3,0,0,0.011635016908027651,-0.042475340533461366,-0.0011352977683350203,0.04704874995344066,-0.23994544763035822,-0.006995994483005274,-0.0008896352376187577,-0.15928010554176575,-0.0049617480059854285,40.2,40.09,4,937.0,470.0,0.0,839.0,444.0,0.0,3,1,0,0.034327440180112245,-0.016141610012465807,-0.007775999715017303,0.007583801902501075,-0.03188159734082119,-0.02104678532317636,0.005074625276101363,-0.028724227563969557,-0.021441740431443285,15.8,23.5,2,355.0,435.0,0.0,301.0,404.0,0.0,1,1,0,-0.03782491709827707,-0.008529991041577048,-0.0160443006534368,-0.04486218195023778,-0.0060730035087965956,-0.029678379539792066,-0.059896604071706855,-0.0032354463964943403,-0.045922349325326565
92,least_connections,1940,measured,195,118,6,light,2,61.4,36.35,3,921.0,0.0,0.0,727.0,0.0,0.0,3,0,0,0.010526920059644063,-0.03843007000646505,-0.0010271741713507327,0.04256791662454151,-0.21709350023699076,-0.006329709294147629,-0.0008049080721312385,-0.1441105716806452,-0.004489200576843959,27.97,26.72,3,509.0,470.0,0.0,411.0,444.0,0.0,2,1,0,-0.012025740063798668,-0.014604313820802392,-0.007035428313587083,-0.10377792072766912,-0.028845254736933473,-0.019042329578111944,-0.1164205771311464,-0.025988586843591482,-0.019399669914162972,19.7,27.43,3,550.0,435.0,0.0,419.0,404.0,0.0,2,1,0,0.00886135618545908,-0.00771761094237923,-0.014516272019776151,-0.005303878907357978,-0.005494622222244533,-0.02685186720266901,-0.018604864001385557,-0.002927308644447263,-0.04154879224672404
92,least_connections,1941,measured,489,408,17,heavy,0,94.0,56.75,4,921.0,0.0,489.0,727.0,0.0,408.0,3,0,1,0.009524356244439869,-0.034770063339182665,0.04215455216696385,0.03851382932696612,-0.19641792878584877,0.2892255011148188,-0.000728250160499655,-0.13038575533010757,0.18050977090666498,13.43,13.88,1,0.0,470.0,0.0,0.0,444.0,0.0,0,1,0,-0.09704823193980877,-0.013213426790249783,-0.006365387521816885,-0.2254725405223129,-0.026098087619130295,-0.017228774380196522,-0.2215382602615134,-0.02351348333467801,-0.01755208230329031,19.7,27.43,3,550.0,435.0,0.0,419.0,404.0,0.0,2,1,0,0.008017417501129637,-0.006982600376438344,-0.013133769922654612,-0.004798747582847693,-0.0049713248677450556,-0.024294546516700533,-0.0168329721917298,-0.0026485173449760924,-0.037591764413702704
92,least_connections,1942,measured,476,423,16,heavy,1,70.4,40.95,3,567.0,0.0,489.0,411.0,0.0,408.0,2,0,1,-0.03446662552940702,-0.03145862873545098,0.03813983291296729,-0.17867796394226876,-0.1777114593776727,0.2616802152943599,-0.1436112739547378,-0.1179680643462878,0.16331836415364925,27.03,27.09,2,0.0,470.0,476.0,0.0,444.0,423.0,0,1,1,-0.08780554318363651,-0.01195500519117837,0.03732474008797066,-0.20399896523447356,-0.02361255546492741,0.10745968032267934,-0.20043937833184547,-0.021274103969470576,0.10371775886845164,19.7,27.43,3,550.0,435.0,0.0,419.0,404.0,0.0,2,1,0,0.00725385392959349,-0.006317590816777546,-0.011882934691925601,-0.004341724003528863,-0.004497865356531239,-0.021980780181776672,-0.015229831982993602,-0.0023962775978355055,-0.03401159637430245
92,least_connections,1943,measured,488,409,15,heavy,1,70.4,40.95,3,567.0,0.0,489.0,411.0,0.0,408.0,2,0,1,-0.031184089764701578,-0.02846256885588422,0.03450746787363707,-0.1616610149953861,-0.160786558484561,0.23675829002823037,-0.1299340097685723,-0.1067330105990223,0.1477642342342541,40.97,39.88,3,470.0,0.0,964.0,444.0,0.0,832.0,1,0,2,-0.03635921027272328,-0.05390033349496637,0.07685390316349272,-0.06307389371554412,-0.14286033929819963,0.22337508491779828,-0.05581419944309826,-0.1447837131152353,0.2094797580238372,19.7,27.43,3,985.0,0.0,0.0,823.0,0.0,0.0,3,0,0,0.049646910924961,-0.04879981572765134,-0.010751226626027925,0.07478605923490247,-0.0827837829416235,-0.01988737254541699,0.10806189804713279,-0.12400933052502576,-0.03077239671960698
92,least_connections,1944,measured,177,125,5,light,0,70.2,42.05,3,564.0,489.0,0.0,433.0,408.0,0.0,2,1,0,-0.028214176453777606,0.01733205221429069,-0.011862857864895254,-0.14807425166249222,0.14947882803777815,-0.08074249949826777,-0.10760696121918442,0.08800346660088457,-0.05087997854996057,40.97,39.88,3,470.0,964.0,0.0,444.0,832.0,0.0,1,2,0,-0.03289642834198772,0.03740083205330707,-0.016633316638926077,-0.05706685621882562,0.11994268621319351,-0.0470960116049852,-0.05049856140089842,0.10424330718145378,-0.04570879035938541,19.7,27.43,3,985.0,0.0,0.0,823.0,0.0,0.0,3,0,0,0.04491863369401233,-0.04415221422977978,-0.009727300280691933,0.06766357740300699,-0.07489961313765936,-0.017993337064901086,0.0977702887093106,-0.11219891809407093,-0.0278416922701206
92,least_connections,1945,measured,365,342,12,medium,0,94.53,59.15,4,564.0,854.0,0.0,433.0,750.0,0.0,2,2,0,-0.025527112029608306,0.0587652808015918,-0.010733061877762372,-0.13397194198035012,0.35540147933576755,-0.07305273764128989,-0.09735867919830968,0.2343364697817527,-0.046034266307107184,40.97,39.88,3,470.0,964.0,0.0,444.0,832.0,0.0,1,2,0,-0.029763435166560312,0.03383884804823021,-0.015049191244742641,-0.05163191753131843,0.10851957324050843,-0.04261067716641518,-0.04568917460081284,0.09431537316417246,-0.04135557222992013,12.6,17.4,2,630.0,0.0,0.0,522.0,0.0,0.0,2,0,0,-0.0024432316464604864,-0.03994724144599123,-0.008800890730149844,-0.003018668063946073,-0.06776631664835847,-0.016279685915862888,-0.0023189451360205726,-0.10151330684701655,-0.025190102530109115
92,least_connections,1946,measured,387,331,12,medium,2,68.73,43.75,3,177.0,854.0,0.0,125.0,750.0,0.0,1,2,0,-0.06617985872973631,0.05316858739191639,-0.00971086550845167,-0.35464128083936436,0.32155371939902777,-0.06609533405640514,-0.22741975736989922,0.21201871075491913,-0.04165005046833507,40.97,39.88,3,470.0,964.0,0.0,444.0,832.0,0.0,1,2,0,-0.02692882229355456,0.030616100615065422,-0.013615934935719533,-0.04671459205214526,0.09818437578903144,-0.0385525174362804,-0.04133782463883065,0.0853329566723465,-0.03741694630326107,16.44,24.5,2,435.0,387.0,0.0,404.0,331.0,0.0,1,1,0,-0.045294443144983515,0.006941157966098635,-0.007962710660611763,-0.03801689015309409,0.008716189699104232,-0.01472923963816166,-0.037685394805605926,0.007980023963810423,-0.0227910451462892
92,least_connections,1947,measured,167,119,7,light,2,68.73,43.75,3,177.0,854.0,0.0,125.0,750.0,0.0,1,2,0,-0.05987701504118999,0.04810491240221007,-0.008786021174313416,-0.3208659207594249,0.29092955564673945,-0.059800540336747504,-0.20576073285848023,0.19182645258778397,-0.037683378995160305,40.97,39.88,3,470.0,964.0,0.0,444.0,832.0,0.0,1,2,0,-0.024364172551311264,0.027700281508868718,-0.012319179227555767,-0.0422655832852743,0.08883348285674275,-0.0348808491090156,-0.037400888958942,0.07720600841783731,-0.03385342760771239,19.78,28.47,3,602.0,387.0,0.0,523.0,331.0,0.0,2,1,0,0.002103213571772289,0.006280095302660674,-0.0072043572643630234,-0.00417718632898989,0.007886076394427649,-0.013326454910717694,0.0017925793028644998,0.00722002168154276,-0.02062046941807118
92,least_connections,1948,measured,467,442,17,heavy,0,99.87,65.85,4,177.0,854.0,467.0,125.0,750.0,442.0,1,2,1,-0.054174442180124266,0.04352349217342816,0.03513464297380713,-0.2903072616394796,0.26322197891847854,0.22757728890167292,-0.18616447258624402,0.17355726662704263,0.16585789519485497,40.97,39.88,3,470.0,964.0,0.0,444.0,832.0,0.0,1,2,0,-0.022043775165472096,0.025062159460405034,-0.011145924063026646,-0.038240289639057706,0.08037315115610061,-0.031558863479585544,-0.03383889953428085,0.06985305523518615,-0.030629291645073116,19.78,28.47,3,602.0,387.0,0.0,523.0,331.0,0.0,2,1,0,0.0019029075173177812,0.0056819909881215686,-0.006518228001090354,-0.0037793590595622817,0.0071350214997202566,-0.01205726872874458,0.0016218574644964734,0.0065324005690148845,-0.018656615187778686
92,least_connections,1949,measured,357,335,8,medium,1,88.07,59.6,3,0.0,854.0,467.0,0.0,750.0,442.0,0,2,1,-0.09209887172306028,0.03937839768072071,0.03178848650011122,-0.369420855769053,0.23815321902148057,0.20590326138722786,-0.2249821418637446,0.15702800313875287,0.15006190517629736,51.17,50.34,4,470.0,1321.0,0.0,444.0,1167.0,0.0,1,3,0,-0.0199443680068557,0.06575918735760002,-0.010084407485595538,-0.034598357292480786,0.1650042796174244,-0.028553257433910732,-0.030616147197682658,0.15791764521278745,-0.027712216250304247,19.78,28.47,3,602.0,387.0,0.0,523.0,331.0,0.0,2,1,0,0.001721678229954171,0.00514084898925285,-0.005897444381938892,-0.0034194201015087383,0.006455495642604045,-0.010908957421245096,0.0014673948488301558,0.0059102671814896535,-0.016879794693704524
92,least_connections,1950,measured,195,105,4,light,0,100.0,64.85,4,560.0,489.0,467.0,447.0,408.0,442.0,2,1,1,0.002840249846936399,-0.007455826134676727,0.02876101159533872,0.0035398606533965093,-0.00468677009167634,0.18629342696939666,-0.0013409854957689427,-0.012641330493509323,0.13577029515950712,37.74,36.47,3,357.0,964.0,0.0,335.0,832.0,0.0,1,2,0,-0.018044904387155156,0.016412507382499802,-0.00912398772506263,-0.06051415999931935,0.057003872034812525,-0.025833899583062092,-0.0585187760359986,0.04816060757347437,-0.025072957559799082,11.08,15.0,2,167.0,387.0,0.0,119.0,331.0,0.0,1,1,0,-0.04152619135203692,0.004651244323609721,-0.005335783012230426,-0.0818080467585079,0.0058406865337846114,-0.009870009095412231,-0.12051362688280447,0.0053473845927763525,-0.015272195199065999
92,least_connections,1951,measured,403,428,18,heavy,2,100.0,64.85,4,1049.0,467.0,0.0,855.0,442.0,0.0,3,1,0,0.045653650088271255,-0.0067457474551837066,-0.01706203259287948,0.2981551120197397,-0.01751025230516745,-0.11313134385308558,0.18335815598001856,0.003943558124920171,-0.07711259009377927,37.74,36.47,3,1321.0,0.0,0.0,1167.0,0.0,0.0,3,0,0,0.06984145838894579,-0.07131838901220539,-0.008255036513151903,0.1944463722455138,-0.19762234707054377,-0.023373528194199036,0.18229253596742984,-0.19166421219542795,-0.022685056839818217,19.14,29.27,3,554.0,0.0,403.0,450.0,0.0,428.0,2,0,1,0.005512584241581103,-0.03887563155301524,0.03825628702521555,-0.003988232781507159,-0.06474414075514726,0.06399380129462703,-0.009210741782854859,-0.09498728695574203,0.1152616646611625
92,least_connections,1952,measured,192,106,6,light,1,100.0,64.85,4,1049.0,467.0,0.0,855.0,442.0,0.0,3,1,0,0.041305683413197805,-0.006103295316594787,-0.015437077107843339,0.2697593870654788,-0.01584260922848485,-0.10235693015279172,0.16589547445811204,0.003567981160642081,-0.06976853389437172,43.23,39.78,4,1513.0,0.0,0.0,1273.0,0.0,0.0,4,0,0,0.10627379115008927,-0.06452616148723345,-0.007468842559518389,0.22556032318811792,-0.1788011711590634,-0.021147477889989604,0.19490158016100798,-0.1734104777006253,-0.020524575236026008,19.14,29.27,3,554.0,0.0,403.0,450.0,0.0,428.0,2,0,1,0.004987576218573375,-0.03517319045272807,0.03461283111805217,-0.0036084010880302886,-0.0585780321117999,0.057899153552281604,-0.008333528279725833,-0.08594087867424278,0.10428436326486132
92,least_connections,1953,measured,187,103,9,light,2,100.0,64.85,4,1049.0,467.0,0.0,855.0,442.0,0.0,3,1,0,0.037371808802417056,-0.005522029095966718,-0.013966879288048736,0.24406801686876656,-0.014333789301962496,-0.09260865109062108,0.1500959054621014,0.0032281734310571353,-0.06312391161871728,43.23,39.78,4,1513.0,0.0,0.0,1273.0,0.0,0.0,4,0,0,0.09615247770722363,-0.05838081277416359,-0.006757524220516638,0.2040783876463924,-0.16177248819153356,-0.01913343237665726,0.17633952490757865,-0.15689519411008954,-0.01856985378497591,22.88,32.7,4,554.0,187.0,403.0,450.0,103.0,428.0,2,1,1,0.0045125689596616225,0.011260537436193874,0.03131637101157101,-0.003264743841551218,-0.019161076672580858,0.05238494845206431,-0.007539858919751952,-0.046692541022727595,0.09435251914439834
92,least_connections,1954,measured,176,112,1,light,0,99.8,65.2,4,1030.0,467.0,0.0,862.0,442.0,0.0,3,1,0,0.03381258891647257,-0.004996121563017514,-0.01263670030823457,0.20936312637332843,-0.01296866651129941,-0.08378877955818098,0.1389677239895203,0.0029207283423850483,-0.05711211051217278,43.23,39.78,4,1513.0,0.0,0.0,1273.0,0.0,0.0,4,0,0,0.08699509887796424,-0.05282073536710039,-0.006113950485229339,0.18464235072768836,-0.14636558455424464,-0.01731120072173752,0.1595452844401902,-0.1419527946710334,-0.01680129628164487,19.54,28.73,3,387.0,187.0,403.0,331.0,103.0,428.0,1,1,1,-0.03900109973944446,0.01018810529941351,0.028333859486659486,-0.03317286347568919,-0.01733621222757315,0.0473959057423439,-0.04271066600675971,-0.0422456323538964,0.08536656494016992
92,least_connections,1955,measured,469,442,16,heavy,2,88.07,59.6,3,854.0,467.0,0.0,750.0,442.0,0.0,2,1,0,-0.012491557873758385,-0.004520300461777746,-0.01143320504078366,0.0832650508457099,-0.011733555414985164,-0.07580889579073517,0.07506603599051836,0.002642563738348397,-0.05167286189196585,43.23,39.78,4,1513.0,0.0,0.0,1273.0,0.0,0.0,4,0,0,0.07870985136577717,-0.04779018914166226,-0.005531669486636069,0.167057364944099,-0.13242600507288801,-0.0156625149387149,0.1443504954458864,-0.12843348089283974,-0.015201172826250121,28.92,43.47,4,574.0,403.0,469.0,434.0,428.0,442.0,2,1,1,0.007797190938688581,0.009217809556612222,0.025635396678406204,0.003824552093424055,0.023400569889338578,0.0548248671002159,-0.007579491466433386,0.05979363421949055,0.08145863812047122
92,least_connections,1956,measured,407,430,16,heavy,0,100.0,81.1,4,854.0,467.0,407.0,750.0,442.0,430.0,2,1,1,-0.011301885695305214,-0.004089795655894152,0.032739571856524534,0.07533504600326135,-0.010616073946891347,0.17690306253854118,0.06791688970570708,0.0023908910013628326,0.14777217257393566,43.23,39.78,4,1513.0,0.0,0.0,1273.0,0.0,0.0,4,0,0,0.07121367504522697,-0.043238742556742045,-0.005004843821242158,0.15114713971132765,-0.11981400458975583,-0.014170846849313481,0.13060282921294486,-0.11620172080780738,-0.013753442080892967,28.92,43.47,4,574.0,403.0,469.0,434.0,428.0,442.0,2,1,1,0.0070546013254801365,0.008339922932172963,0.023193930328081803,0.003460309036907472,0.021171944185592047,0.04960345118590962,-0.0068576351362968635,0.05409900238906287,0.07370067258518824
92,least_connections,1957,measured,415,450,20,heavy,0,100.0,86.5,4,489.0,467.0,822.0,408.0,442.0,880.0,1,1,2,-0.053309415855843034,-0.0037002913077137517,0.07270541762075575,-0.15199845044149368,-0.009605019285282623,0.41037261213804527,-0.09326567121864596,0.0021631870964711475,0.3372700609002275,33.03,29.31,3,1156.0,0.0,0.0,938.0,0.0,0.0,3,0,0,0.0213475200522575,-0.03912076707514756,-0.004528192028742905,0.04446645973882024,-0.10840314700977909,-0.012821242387474103,0.02344720262123584,-0.10513489025468287,-0.012443590454141257,28.92,43.47,4,574.0,872.0,0.0,434.0,870.0,0.0,2,2,0,0.006382734532577261,0.050629544784437666,-0.022098915644207164,0.00313075579529723,0.10402223521553566,-0.03998735368893891,-0.006204527028078111,0.18224830374883466,-0.06662002639117891
92,least_connections,1958,measured,377,336,13,medium,1,85.93,66.1,3,467.0,407.0,415.0,442.0,430.0,450.0,1,1,1,-0.04823232863147703,-0.0033478826117410154,0.02269719190630736,-0.1507922488121451,-0.04488073173430335,0.12579744272807267,-0.06900227395972727,-0.00347140215081182,0.11062529319544395,10.77,10.5,1,0.0,377.0,0.0,0.0,336.0,0.0,0,1,0,-0.10993727777584865,0.007688920492100043,-0.004096935645053105,-0.25859837316147555,-0.0006232554578273347,-0.01160017168390514,-0.24399419762840568,-0.00012204356376069314,-0.0112584866013659,21.18,32.43,3,187.0,872.0,0.0,103.0,870.0,0.0,1,2,0,-0.03730904517347318,0.045807683376395986,-0.01999425701142553,-0.06719598285187393,0.09411535567119893,-0.03617903428999235,-0.10543901651746751,0.1648913224394218,-0.060275261972971395
92,least_connections,1959,measured,459,413,15,heavy,1,85.93,66.1,3,467.0,407.0,415.0,442.0,430.0,450.0,1,1,1,-0.04363877352371731,-0.0030290366487180642,0.020535554581897136,-0.13643108225860745,-0.040606376331036365,0.11381673389682764,-0.06243062882070563,-0.0031407924221630856,0.10008955098635405,23.89,23.41,2,0.0,377.0,459.0,0.0,336.0,413.0,0,1,1,-0.09946706084481545,0.006956642349995282,0.039377148928852176,-0.23396995666990644,-0.0005638977951771124,0.10815766779619468,-0.22075665499712896,-0.0001104203672120524,0.10658458355114514,21.18,32.43,3,187.0,872.0,0.0,103.0,870.0,0.0,1,2,0,-0.033755802775999544,0.04144504686435827,-0.018090042057956432,-0.06079636543740975,0.08515198846441807,-0.03273341197665974,-0.09539720542056584,0.1491873869690007,-0.054534760832688406
92,least_connections,1960,measured,186,106,3,light,1,85.93,66.1,3,467.0,407.0,415.0,442.0,430.0,450.0,1,1,1,-0.039482699854791845,-0.002740556967887775,0.018579787478859314,-0.1234376458530258,-0.0367391023947472,0.10297704495427262,-0.0564848546473051,-0.0028416693343380484,0.09055721279717749,29.2,26.72,3,186.0,836.0,0.0,106.0,749.0,0.0,1,2,0,-0.04691010720426614,0.04937800521008643,-0.007456955957795874,-0.16360547100066364,0.1181428679812343,-0.02079612369459938,-0.169761973568831,0.11667092919157006,-0.020337162501344878,21.18,32.43,3,187.0,872.0,0.0,103.0,870.0,0.0,1,2,0,-0.03054096441638053,0.0374978995439432,-0.01636718090957963,-0.05500623539575168,0.07704227527733064,-0.029615944169358817,-0.08631175728527385,0.13497906440052443,-0.04934097408671808
92,least_connections,1961,measured,403,415,17,heavy,0,100.0,86.85,4,467.0,407.0,818.0,442.0,430.0,865.0,1,1,2,-0.03572244272576405,-0.0024795515423746556,0.05989418413620151,-0.11168167958130903,-0.03324014026191413,0.3362490724189451,-0.05110534468089509,-0.0025710341596391906,0.2696708115783987,29.2,26.72,3,186.0,836.0,0.0,106.0,749.0,0.0,1,2,0,-0.042442477946716975,0.044675338047221055,-0.006746769676101029,-0.14802399757202905,0.1068911662687358,-0.018815540485589918,-0.15359416656227565,0.10555941212570624,-0.018400289882169175,21.18,32.43,3,187.0,872.0,0.0,103.0,870.0,0.0,1,2,0,-0.027632301138629994,0.03392667101594861,-0.01480840177533395,-0.049767546310442,0.06970491572710867,-0.02679537805799131,-0.07809158992477158,0.12212391540999828,-0.044641833697506836
92,least_connections,1962,measured,456,436,18,heavy,1,100.0,86.85,4,467.0,407.0,818.0,442.0,430.0,865.0,1,1,2,-0.03232030532331033,-0.0022434037764342135,0.05418997612322994,-0.10104532914499387,-0.03007441261792232,0.30422535123618843,-0.04623816899700031,-0.002326173763483097,0.2439878771423607,42.23,40.34,4,186.0,836.0,456.0,106.0,749.0,436.0,1,2,1,-0.03840033718988678,0.04042054394748572,0.036979680043618346,-0.13392647399374058,0.09671105519552287,0.1008539667715411,-0.13896615069920182,0.0955061347804009,0.10662592820184694,17.44,29.0,2,403.0,469.0,0.0,428.0,442.0,0.0,1,1,0,-0.025000653411141424,-0.01238834073613719,-0.013398077796730717,-0.005942065709447525,-0.009857457199282632,-0.024243437290563566,0.0273615773696511,-0.018586298756033265,-0.04039023048822047
92,least_connections,1963,measured,428,426,15,heavy,2,100.0,86.85,4,467.0,822.0,403.0,442.0,880.0,415.0,1,2,1,-0.029242181006804577,0.0410541539528407,0.005945125789498296,-0.09142196446451828,0.2231072774726735,0.024934047943853038,-0.04183453385442884,0.20146679516637245,0.017179507890707296,36.91,37.03,3,0.0,836.0,456.0,0.0,749.0,436.0,0,2,1,-0.07782706244617874,0.03657096833343946,0.03345780575374993,-0.16925320436168365,0.08750047851023499,0.09124882707901337,-0.15570151729927784,0.08641031242036273,0.09647107789690915,26.0,43.2,3,403.0,469.0,428.0,428.0,442.0,426.0,1,1,1,-0.02261963880055652,-0.011208498761266977,0.030961829839239098,-0.0053761546895001455,-0.008918651751731912,0.05551308054663296,0.024755712858255757,-0.01681617506498248,0.09193264860589576
92,least_connections,1964,measured,394,316,9,medium,1,100.0,86.85,4,467.0,1225.0,0.0,442.0,1295.0,0.0,1,3,0,-0.026457211387108895,0.080228134755518,-0.03770497689340176,-0.08271511070599274,0.44493833041178393,-0.22051998836825995,-0.037850292534959445,0.37001757657909884,-0.17219473095602672,48.17,46.91,4,377.0,853.0,456.0,336.0,729.0,436.0,1,2,1,-0.027331061034071014,0.03308801896834999,0.030271348062916602,-0.05567806925240763,0.08356165742762758,0.08255846259529781,-0.04587280136601331,0.07252599695175677,0.0872833561924416,26.0,43.2,3,872.0,428.0,0.0,870.0,426.0,0.0,2,1,0,0.022618512740539554,-0.010141022688765364,-0.01507081608649342,0.08000252670949987,-0.015488303965852684,-0.027221498553046366,0.15569961322096154,-0.020040031408000036,-0.045299032213713356
92,least_connections,1965,measured,160,124,5,light,2,81.67,64.75,3,407.0,818.0,0.0,430.0,865.0,0.0,1,2,0,-0.023937476969288995,0.02950345979013988,-0.03411402671307778,-0.11102795730542203,0.15707118783288387,-0.19951808471413995,-0.03967407419829663,0.14025399785727993,-0.15579523276973847,48.17,46.91,4,377.0,853.0,456.0,336.0,729.0,436.0,1,2,1,-0.024728102840349958,0.029936779066602373,0.02738836253311502,-0.05037539599027356,0.07560340433928209,0.07469575187193611,-0.04150396314067871,0.06561875914682755,0.07897065560268526,29.2,47.33,4,1032.0,428.0,0.0,994.0,426.0,0.0,3,1,0,0.06354826889676934,-0.00917521100412104,-0.013635500268732142,0.1013356194038332,-0.014013227397676242,-0.024628974881327665,0.17826790402531442,-0.01813145698819052,-0.04098483866955018
92,least_connections,1966,measured,199,100,6,light,0,94.93,69.75,4,606.0,818.0,0.0,530.0,865.0,0.0,2,2,0,0.021426182968829227,0.026693606476793225,-0.030865071788022756,0.01957787989826898,0.1421120270868949,-0.18051636236041235,0.009342504296779242,0.1268964742518247,-0.1409575915535729,48.17,46.91,4,771.0,915.0,0.0,652.0,849.0,0.0,2,2,0,0.02071085479977408,0.027085657250735473,-0.018303953172986633,0.056272600906759285,0.08443029100084709,-0.05029568027913263,0.051794033348909724,0.09329792494236777,-0.051824168740427626,29.2,47.33,4,1032.0,428.0,0.0,994.0,426.0,0.0,3,1,0,0.05749605281136273,-0.008301381384680936,-0.012336881195519558,0.09168460803203957,-0.012678634312183273,-0.022283358225963126,0.1612900084038559,-0.016404651560743805,-0.037081520701021595
92,least_connections,1967,measured,382,314,6,medium,0,100.0,85.45,5,988.0,818.0,0.0,844.0,865.0,0.0,3,2,0,0.062469494341412385,0.024151358240908166,-0.0279255411415444,0.24812601832065595,0.12857754831671442,-0.1633243278498969,0.1505003610304193,0.11481109575165094,-0.1275330590246612,48.17,46.91,4,1230.0,456.0,0.0,1065.0,436.0,0.0,3,1,0,0.0618222926646482,-0.01857782938085384,-0.016560719537464096,0.16956636680679582,-0.042263750318961485,-0.04550561549064381,0.16363210160139455,-0.03235842505214345,-0.04688853362229166,29.2,47.33,4,1032.0,428.0,0.0,994.0,426.0,0.0,3,1,0,0.052020238257899615,-0.0075107736337589465,-0.0111619401292796,0.08295274060041674,-0.011471145330070584,-0.020161133633014257,0.1459290552225363,-0.01484230379305393,-0.0335499473009243
92,least_connections,1968,measured,393,305,10,medium,1,100.0,85.45,5,988.0,818.0,0.0,844.0,865.0,0.0,3,2,0,0.056520018689849294,0.021851228884631202,-0.025265965794730647,0.224494968956784,0.11633206752464637,-0.14776962995943052,0.1361669933132365,0.10387670568006513,-0.1153870534032649,59.4,56.44,5,1230.0,849.0,0.0,1065.0,741.0,0.0,3,2,0,0.055934455268015035,0.026275387929794364,-0.014983508152943706,0.15341718901567242,0.06335320549372875,-0.041171747348677734,0.14804809192507126,0.0569584487623464,-0.04242295899159722,29.2,47.33,4,1032.0,428.0,0.0,994.0,426.0,0.0,3,1,0,0.04706592985238536,-0.00679546185911524,-0.010098898212205352,0.07505247959085323,-0.010378655298635298,-0.01824102566796528,0.13203104996324713,-0.013428751050858306,-0.030354714224645796
92,least_connections,1969,measured,478,440,18,heavy,2,100.0,85.45,5,988.0,818.0,0.0,844.0,865.0,0.0,3,2,0,0.0511371597670065,0.01977015946704727,-0.022859683338089635,0.2031144957228046,0.10525282299848954,-0.13369633186805618,0.12319870823578544,0.0939836860914875,-0.10439781022200158,59.4,56.44,5,1230.0,849.0,0.0,1065.0,741.0,0.0,3,2,0,0.05060736429010884,0.023772970031718715,-0.013556507376472876,0.13880602815703696,0.057319566875278394,-0.03725062855356557,0.13394827364649306,0.05153383459450389,-0.03838267718287367,30.7,47.73,4,629.0,428.0,478.0,566.0,426.0,440.0,2,1,1,-0.0005004398841229885,-0.006148275015389976,0.03394680184428586,-0.0050191851320851855,-0.009390211936860515,0.06999145296707904,-0.009622700826903363,-0.012149822379348002,0.10523462363801889
92,least_connections,1970,measured,185,123,6,light,2,100.0,85.45,5,1403.0,403.0,0.0,1294.0,415.0,0.0,4,1,0,0.08935085430166802,-0.025196613089905076,-0.020682570639223956,0.4340877183523788,-0.15508871569977933,-0.12096334788062227,0.31503692649904397,-0.1185385697267494,-0.09445516162943,59.4,56.44,5,1230.0,849.0,0.0,1065.0,741.0,0.0,3,2,0,0.04578761531009848,0.021508877647745506,-0.012265411435856412,0.12558640642779534,0.05186056050620427,-0.033702949643702185,0.1211912952039699,0.04662585034740829,-0.03472718411783808,31.2,47.7,4,654.0,428.0,478.0,565.0,426.0,440.0,2,1,1,-0.00045277894277795383,-0.005562725013924269,0.030713773097211017,-1.735797664850769e-05,-0.0084959060381119,0.0633256003035477,-0.009007840430690361,-0.01099269643845771,0.09521227852963612
92,least_connections,1971,measured,462,445,14,heavy,2,100.0,85.45,5,1806.0,0.0,0.0,1709.0,0.0,0.0,5,0,0,0.12392514935683796,-0.06588083587952863,-0.018712802006916912,0.4512539673981839,-0.38339772690297497,-0.10944302903484872,0.4727715049277065,-0.2949872773718209,-0.08545943195043668,48.63,45.94,4,1246.0,456.0,0.0,1034.0,436.0,0.0,3,1,0,0.04142689004247005,-0.023623487116892383,-0.011097277013393896,0.11776185071358353,-0.0546703772290805,-0.030493144915730547,0.10088438613692513,-0.044049825876154386,-0.03141983324947255,31.06,47.8,4,613.0,462.0,478.0,549.0,445.0,440.0,2,1,1,-0.00040965713870386167,-0.00503294167926481,0.027788651849857585,-0.007434752455062935,-0.0015343911773393476,0.05729459075082888,-0.012975347691259548,-0.00421561423796965,0.08614444247919459
92,least_connections,1972,measured,179,107,8,light,1,80.0,58.95,3,1200.0,0.0,0.0,1179.0,0.0,0.0,3,0,0,0.025954953726481517,-0.05960647055766876,-0.01693063038721054,0.22732501812216643,-0.3468836576741202,-0.09901988341248218,0.18798374255363914,-0.266893250955457,-0.07732043843134746,53.74,49.28,5,1246.0,635.0,0.0,1034.0,543.0,0.0,3,2,0,0.03748147194318718,0.02171026902575951,-0.010040393488308763,0.1065464363599089,-0.0031915657922973184,-0.02758903587613716,0.09127634936197987,-0.009601628173663501,-0.02842746817809421,31.06,47.8,4,613.0,462.0,478.0,549.0,445.0,440.0,2,1,1,-0.00037064217311302827,-0.004553613900287204,0.025142113578442576,-0.006726680792675979,-0.0013882586842594163,0.051837963060273745,-0.011739600292091978,-0.003814127167686837,0.07794020986212845
92,least_connections,1973,measured,165,124,6,light,0,65.53,49.45,3,983.0,0.0,0.0,989.0,0.0,0.0,3,0,0,0.023483053371578508,-0.05392966383789078,-0.015318189397952393,0.07478612750735691,-0.31384711884801353,-0.08958941832557911,0.08412814802472113,-0.24147484610255635,-0.06995658715217151,42.49,39.41,4,1487.0,0.0,0.0,1261.0,0.0,0.0,4,0,0,0.0769957081753553,-0.06652517609687518,-0.009084165537041262,0.15869847643447543,-0.16703726700935745,-0.024961508649838385,0.14676491132750558,-0.16221397310950506,-0.025720090256370953,31.06,47.8,4,613.0,940.0,0.0,549.0,885.0,0.0,2,2,0,-0.0003353429185308232,0.03896396384078323,-0.020336273655785515,-0.006086044526706844,0.0852391945237653,-0.039594223897847565,-0.010621543121416555,0.1292475357371722,-0.06218107996601077
92,least_connections,1974,measured,438,403,17,heavy,0,94.73,69.6,4,983.0,0.0,438.0,989.0,0.0,403.0,3,0,1,0.021246572098094843,-0.04879350537713928,0.029224586009562348,0.06766363917332296,-0.2839569170529646,0.18313338341971414,0.0761159434509382,-0.2184772417118367,0.11901546876708294,29.37,26.5,3,1028.0,0.0,0.0,848.0,0.0,0.0,3,0,0,0.026578883360468847,-0.060189445040029925,-0.008219006914465903,0.02493127459717842,-0.15112895586560912,-0.022584222111758537,0.016016467391552713,-0.14676502328955218,-0.02327055785100229,31.06,47.8,4,613.0,940.0,0.0,549.0,885.0,0.0,2,2,0,-0.0003034054977183731,0.03525311014166102,-0.018399485688567845,-0.005506421238449036,0.07712117599769241,-0.03582334543138589,-0.009609967586043544,0.11693824661934629,-0.05625907235020022
92,least_connections,1975,measured,454,406,14,heavy,1,94.73,69.6,4,983.0,0.0,438.0,989.0,0.0,403.0,3,0,1,0.01922308904113343,-0.04414650486503078,0.026441292103889742,0.061219483061577984,-0.25691340114315847,0.16569210880831278,0.0688668059794203,-0.19766988535832844,0.10768066221783695,42.34,39.19,4,1028.0,454.0,0.0,848.0,406.0,0.0,3,1,0,0.024047561135662282,-0.01137321671422209,-0.007436244351183436,0.022556867492685262,-0.01937517775595929,-0.02043334381540058,0.014491089544738156,-0.017995735357213882,-0.02105431424614493,31.06,47.8,4,613.0,940.0,0.0,549.0,885.0,0.0,2,2,0,-0.000274509736030909,0.03189567108055044,-0.01664715371822805,-0.004982000168120546,0.06977630209315028,-0.03241159824744438,-0.008694732577848918,0.10580127075083712,-0.050901065459704964
92,least_connections,1976,measured,176,122,7,light,0,100.0,75.7,5,1159.0,0.0,438.0,1111.0,0.0,403.0,4,0,1,0.06047621888302096,-0.03994207583026595,0.023923073808281195,0.16154778626206268,-0.23244545817714338,0.14991190796942586,0.11749853874328503,-0.1788441819908686,0.09742536105423344,42.34,39.19,4,1028.0,454.0,0.0,848.0,406.0,0.0,3,1,0,0.02175731721798016,-0.010290053217629505,-0.00672803060345168,0.020408594398143798,-0.017529922731582215,-0.018487311071076717,0.013110985778572615,-0.016281855799383987,-0.01904914146079779,27.36,43.7,3,428.0,940.0,0.0,426.0,885.0,0.0,1,2,0,-0.04333226617840438,0.02885798812049803,-0.015061710506968237,-0.03798371443782336,0.06313093998904074,-0.02932477936673539,-0.04496190090376809,0.09572495925075739,-0.046053344939733065
92,least_connections,1977,measured,184,120,8,light,2,78.8,53.2,4,744.0,438.0,0.0,661.0,403.0,0.0,3,1,0,0.01163267876264254,0.006945831618421508,-0.02143921440021724,-0.10415517750892733,0.053882680696870244,-0.12855589278956706,-0.09726322685131356,0.02049812105588078,-0.09416276856997928,42.34,39.19,4,1028.0,454.0,0.0,848.0,406.0,0.0,3,1,0,0.01968519176864872,-0.009310048149283837,-0.0060872657840753295,0.018464918741177727,-0.015860406280955364,-0.01672661477859322,0.011862320466327625,-0.014731202866109322,-0.017234937512150383,31.04,47.7,4,428.0,1124.0,0.0,426.0,1005.0,0.0,1,3,0,-0.039205383685223014,0.06919350852625558,-0.013627261887256976,-0.03436621782469733,0.09041370760913209,-0.026531943236570116,-0.040679815103409234,0.1227987726554472,-0.04166731208832992
92,least_connections,1978,measured,453,404,15,heavy,0,82.13,52.65,4,341.0,438.0,453.0,246.0,403.0,404.0,2,1,1,-0.03255909563198556,0.0062843238452385125,0.02368651576941796,-0.3373150018731565,0.04875099682097783,0.15692562080943934,-0.27573815762737897,0.0185459190505588,0.0975670189128759,31.11,29.66,3,635.0,454.0,0.0,543.0,406.0,0.0,2,1,0,-0.025273488626551377,-0.008423376896971091,-0.005507526185591965,-0.08488548168315208,-0.014349891397054865,-0.015133603847298626,-0.07550254338760837,-0.0133282311645751,-0.015593514891945584,22.48,33.5,3,646.0,478.0,0.0,565.0,440.0,0.0,2,1,0,0.007612362606793682,-0.02356414988214063,-0.01232942742180393,0.008354374349083385,-0.035092359782213825,-0.024005091499753915,0.0051150879223122725,-0.059293173946658895,-0.037698996651346114
92,least_connections,1979,measured,372,336,11,medium,1,71.13,46.45,3,176.0,891.0,0.0,122.0,807.0,0.0,1,2,0,-0.07254212960807763,0.04876971703911602,-0.021653243102045878,-0.40471357312333206,0.3173461399808847,-0.1312577716486025,-0.30557261880572384,0.19954154580764846,-0.09448698288835039,41.74,40.16,4,635.0,826.0,0.0,543.0,742.0,0.0,2,2,0,-0.022866489709736953,0.03546274970092638,-0.004982999882202254,-0.07680115009428046,0.0831800302325966,-0.013692308242793995,-0.06831182496974089,0.08294112418443206,-0.014108418235569815,22.48,33.5,3,646.0,478.0,0.0,565.0,440.0,0.0,2,1,0,0.0068873756918609585,-0.02131994513146057,-0.011155196238774985,0.007558719649170681,-0.03175023027914585,-0.02171889230930116,0.004627936691615847,-0.053646204999358044,-0.03410861601788458
92,least_connections,1980,measured,167,125,4,light,0,82.27,52.7,4,343.0,891.0,0.0,247.0,807.0,0.0,2,2,0,-0.02254945513293191,0.04412498208300973,-0.019591029473279602,-0.2654392645719036,0.2871226980779433,-0.11875703149159274,-0.21992284558613107,0.1805375890640629,-0.0854882226132694,23.6,23.19,2,0.0,826.0,0.0,0.0,742.0,0.0,0,2,0,-0.10685652923851484,0.032085344967504814,-0.004508428464849659,-0.2336364147111517,0.07525812259139691,-0.012388278886337424,-0.21533272259167033,0.07504196950020042,-0.012764759355991737,22.48,33.5,3,1124.0,0.0,0.0,1005.0,0.0,0.0,3,0,0,0.04931533537653633,-0.06237337439331693,-0.010092796596986892,0.093334079682583,-0.1152216369192272,-0.019650426375082002,0.13688559351463658,-0.1812354553168795,-0.030860176397133666
92,least_connections,1981,measured,453,445,18,heavy,1,82.27,52.7,4,343.0,891.0,0.0,247.0,807.0,0.0,2,2,0,-0.020401887977414573,0.039922602837008804,-0.01772521714249107,-0.24015933461267472,0.25977767921337724,-0.10744683801620296,-0.19897781267316622,0.16334353296272358,-0.07734648712629136,36.54,37.09,3,0.0,826.0,453.0,0.0,742.0,445.0,0,2,1,-0.09667971693008486,0.029029597827742448,0.0390048459014172,-0.21138532759580392,0.0680906823445972,0.10589359801440218,-0.1948248442496065,0.06789511526208608,0.11426938439219796,22.48,33.5,3,1124.0,0.0,0.0,1005.0,0.0,0.0,3,0,0,0.044618636769247155,-0.05643305302252484,-0.00913157787346433,0.08444511971281321,-0.10424814768882461,-0.017778957196502763,0.12384887032276642,-0.163974935762891,-0.02792111197835903
92,least_connections,1982,measured,187,120,5,light,1,82.27,52.7,4,343.0,891.0,0.0,247.0,807.0,0.0,2,2,0,-0.018458851027184614,0.036120450185865106,-0.016037101224158586,-0.21728701703051526,0.2350369478597223,-0.09721380582418362,-0.1800275447995313,0.14778700601389277,-0.06998015501902552,41.89,40.84,4,641.0,372.0,453.0,526.0,336.0,445.0,2,1,1,-0.0013043243879906075,-0.01681902600165705,0.0352900986727108,-0.025552711362189923,-0.05575468876305151,0.09580849344160197,-0.0275498590829773,-0.05336275285811261,0.10338658587865529,22.48,33.5,3,1124.0,0.0,0.0,1005.0,0.0,0.0,3,0,0,0.040369242791223614,-0.051058476544189144,-0.008261903790277251,0.07640272735921194,-0.0943197526708413,-0.016085723177788214,0.11205373981583627,-0.14835827521404424,-0.025261958456610552
92,least_connections,1983,measured,404,431,17,heavy,2,70.53,46.6,3,167.0,891.0,0.0,125.0,807.0,0.0,1,2,0,-0.05978476544182916,0.032680407311020815,-0.014509758250429196,-0.30275174556729156,0.21265247663498688,-0.08795534812664232,-0.21807254053290925,0.13371205306018868,-0.0633153783505469,41.89,40.84,4,1013.0,0.0,453.0,862.0,0.0,445.0,3,0,1,0.041903797209051574,-0.0583011142282566,0.03192913689435739,0.07304414550223631,-0.1466079837107881,0.08668387501859226,0.07007393702016337,-0.14328058591924475,0.0935402443664024,30.56,47.87,4,1124.0,0.0,404.0,1005.0,0.0,431.0,3,0,1,0.03652455300158326,-0.0461957644923616,0.035608844416506524,0.06912627713452507,-0.08533691908314213,0.058551012362953514,0.10138195507147091,-0.13422891566984954,0.10712806933290792
92,least_connections,1984,measured,395,334,14,medium,0,85.73,57.05,3,438.0,848.0,0.0,403.0,738.0,0.0,1,2,0,-0.054090978256893046,0.029567987567114068,-0.013127876512293081,-0.11045792852913683,0.16646335187609929,-0.07957864830505734,-0.07154182238691792,0.08976328610207546,-0.05728534231716148,41.89,40.84,4,1013.0,0.0,453.0,862.0,0.0,445.0,3,0,1,0.03791295937961808,-0.05274862715889883,0.028888266713942404,0.06608756021630904,-0.13264531859547493,0.07842826787396442,0.06340022873252876,-0.12963481583169764,0.08463164966484027,30.56,47.87,4,1124.0,0.0,404.0,1005.0,0.0,431.0,3,0,1,0.033046024144289615,-0.04179616787404145,0.03221752590064876,0.06254282216933221,-0.07720959345617621,0.052974725471243655,0.09172653077894988,-0.12144520941557815,0.09692539606310717
92,least_connections,1985,measured,407,419,16,heavy,0,100.0,78.0,4,438.0,848.0,407.0,403.0,738.0,419.0,1,2,1,-0.04893945651814133,0.02675198875119844,0.031206297668016008,-0.09993812581207617,0.15060969931647078,0.17349233407320208,-0.06472831549292574,0.0812144017114016,0.13771802361780627,41.89,40.84,4,1013.0,453.0,0.0,862.0,445.0,0.0,3,1,0,0.034302201343463984,-0.0046410481551034805,-0.016946897009380905,0.059793506862374834,-0.002910390293865084,-0.04614313178750156,0.05736211171038316,0.008529809485606887,-0.049246959827049276,17.64,29.03,2,478.0,0.0,404.0,440.0,0.0,431.0,1,0,1,-0.05626901670391936,-0.03781558045746607,0.02914919010058697,-0.060308875180127994,-0.06985629884130229,0.04792951352160141,-0.08740615469206123,-0.1098789989950469,0.08769440596185887
92,least_connections,1986,measured,384,324,15,medium,2,100.0,78.0,4,891.0,395.0,407.0,807.0,334.0,419.0,2,1,1,-0.0011946556706085854,-0.018879719928054012,0.02823426931868115,0.1828178861700263,-0.13697217680890744,0.15696925463765904,0.12419819074449578,-0.10928220797539859,0.12460202136849138,41.89,40.84,4,1013.0,453.0,0.0,862.0,445.0,0.0,3,1,0,0.031035325025038835,-0.004199043568903146,-0.015332906818011294,0.05409888716119626,-0.0026332102658779277,-0.04174854780773951,0.05189905345225143,0.00771744667745386,-0.04455677317685411,25.32,39.83,3,478.0,404.0,384.0,440.0,431.0,324.0,1,1,1,-0.05091006273211751,0.008869803622383307,0.026373076757673926,-0.05456517278202057,0.009901443905488402,0.039745750329067936,-0.07908175900710301,0.03056979456003693,0.0470727165051739
92,least_connections,1987,measured,457,435,15,heavy,2,100.0,78.0,4,891.0,802.0,0.0,807.0,753.0,0.0,2,2,0,-0.0010808789400744423,0.026002248863279925,-0.017538608938426802,0.16540665891573808,0.121564855903052,-0.10347226167703863,0.11236979162597238,0.09067324040321079,-0.07681245685707921,36.54,37.09,3,826.0,453.0,0.0,742.0,445.0,0.0,2,1,0,-0.015004320442198432,-0.0037991346575790425,-0.013872629978200695,0.0006064761390414952,-0.002382428335794301,-0.03777249563557385,0.013027715028227499,0.006982451755791597,-0.04031327096953467,24.9,39.67,3,0.0,788.0,457.0,0.0,755.0,435.0,0,2,1,-0.08914538555581607,0.051108960647008934,0.02386135516170498,-0.13586372775516148,0.07844416353353713,0.04916996458344242,-0.20424857560960114,0.12537267126860482,0.07606579112372876
92,least_connections,1988,measured,451,405,14,heavy,1,100.0,78.0,4,891.0,802.0,0.0,807.0,753.0,0.0,2,2,0,-0.0009779380886387745,0.023525844209634217,-0.015868265230005202,0.1496536437809059,0.10998725057895181,-0.09361776056493971,0.10166790670921311,0.08203769369814307,-0.06949698477545262,49.43,49.75,4,826.0,904.0,0.0,742.0,850.0,0.0,2,2,0,-0.013575337542941435,0.03964658791751919,-0.012551427123133962,0.0005487165067518118,0.11442950361455345,-0.03417511509885253,0.011786980263634395,0.12082638492190667,-0.036473911829578994,24.9,39.67,3,0.0,1245.0,0.0,0.0,1190.0,0.0,0,3,0,-0.08065534883621454,0.08932534081214641,-0.021495055080452862,-0.12292432511181277,0.1536685289112955,-0.038208127281647325,-0.18479633031344864,0.24462289305254722,-0.062369046126150164
92,least_connections,1989,measured,154,102,8,light,2,100.0,78.0,4,891.0,802.0,0.0,807.0,753.0,0.0,2,2,0,-0.0008848011278160262,0.021285287618240473,-0.014357001874766611,0.135400915801772,0.09951227433333737,-0.08470178336827879,0.0919852489273833,0.07422458001260562,-0.0628782243206476,36.46,37.06,3,372.0,904.0,0.0,336.0,850.0,0.0,1,2,0,-0.055366348479894856,0.03587072240156498,-0.011356053111406918,-0.11686408642586399,0.10353145565126265,-0.030920342232295145,-0.10412725595194984,0.10931911016743937,-0.03300020594104766,27.98,43.07,4,0.0,1399.0,0.0,0.0,1292.0,0.0,0,4,0,-0.07297388704228935,0.12390206572346127,-0.01944790697755259,-0.11121724652973536,0.16690009758641022,-0.034569258016728534,-0.1671966798074059,0.25208737942849513,-0.05642913697127872
92,least_connections,1990,measured,352,338,10,medium,1,100.0,78.0,4,891.0,802.0,0.0,807.0,753.0,0.0,2,2,0,-0.0008005343537383081,0.019258117368884248,-0.012989668362884076,0.12250559048731752,0.09003491487301951,-0.07663494685701414,0.0832247490295373,0.06715557239235748,-0.05688982200439545,35.89,37.12,3,0.0,1256.0,0.0,0.0,1188.0,0.0,0,3,0,-0.09317726313713842,0.07553836335198283,-0.010274524243653878,-0.201897438739047,0.18466451429672065,-0.02797554773398132,-0.18921037443271652,0.19447324253244516,-0.02985732918475741,27.98,43.07,4,154.0,1245.0,0.0,102.0,1190.0,0.0,1,3,0,-0.02294009281150443,0.06901796876113617,-0.017595725360642817,-0.07275846114595103,0.12313818353056163,-0.03127694772942106,-0.1205112817305101,0.1973171528162575,-0.05105493345020456
92,least_connections,1991,measured,395,343,11,medium,1,83.67,57.85,3,848.0,407.0,0.0,738.0,419.0,0.0,2,1,0,-0.0007242929867156134,-0.025659889273957334,-0.01175255709022845,0.08490188345677935,-0.15679380717837915,-0.06933638048967945,0.04408429674100989,-0.09033543450215278,-0.05147174371826255,47.17,47.84,4,0.0,1651.0,0.0,0.0,1531.0,0.0,0,4,0,-0.08430323807645858,0.11142813373569421,-0.009295998125210652,-0.18266911124009014,0.2691862612344479,-0.02531120985455453,-0.1711903387724578,0.27293114800554563,-0.027013774024304323,27.98,43.07,4,154.0,1245.0,0.0,102.0,1190.0,0.0,1,3,0,-0.020755322067551624,0.0624448288791232,-0.01591994199296255,-0.0658290838939557,0.11141073748003197,-0.028298190802809528,-0.10903401680379485,0.17852504302423297,-0.046192558835899365
92,least_connections,1992,measured,480,403,15,heavy,0,100.0,78.0,4,848.0,407.0,480.0,738.0,419.0,403.0,2,1,1,-0.000655312702266514,-0.0232160902954852,0.032450634287979244,0.07681598979422893,-0.1418610636375811,0.22679089384267098,0.039885792289485134,-0.08173205978766204,0.13573985092157198,47.17,47.84,4,453.0,1198.0,0.0,445.0,1086.0,0.0,1,3,0,-0.03319045803289562,0.05773203029601358,-0.008410664970428685,-0.04817001221042169,0.12644743363388827,-0.02290061843983505,-0.029068044603652282,0.1211192529573984,-0.024441033641037245,27.98,43.07,4,154.0,1245.0,0.0,102.0,1190.0,0.0,1,3,0,-0.0187786247277848,0.0564977023192067,-0.01440375704125183,-0.05955964733262658,0.10080019105336227,-0.025603125012065762,-0.09864982472724296,0.16152265797430604,-0.04179326751819466
92,least_connections,1993,measured,169,115,6,light,0,96.73,63.55,4,564.0,887.0,0.0,449.0,822.0,0.0,2,2,0,-0.0005929019687173354,0.022078866149889798,-0.013723802537633289,-0.10180140605918969,0.16117332337552193,-0.0843320484280596,-0.09465094983332298,0.10836146971592481,-0.05949727773762535,47.17,47.84,4,805.0,846.0,0.0,783.0,748.0,0.0,2,2,0,0.013054438196994672,0.009149841469635878,-0.007609649258959287,0.047410805279006235,0.02341162362793972,-0.020719607159850762,0.06926581678717175,0.014018609818598565,-0.02211331615141465,27.98,43.07,4,558.0,841.0,0.0,533.0,759.0,0.0,2,2,0,0.02609371594923779,0.00803306853823918,-0.013031970656370703,0.01921746193714738,0.01809541095304204,-0.023164732153773786,0.0407295236594786,0.01615542070691181,-0.03781295632598565
92,least_connections,1994,measured,156,116,3,light,0,100.0,69.35,5,1127.0,480.0,0.0,984.0,403.0,0.0,4,1,0,0.08563136533896096,-0.023107783233999923,-0.012416773724525357,0.247481267533749,-0.0996685804380199,-0.07630042476824439,0.15638723586508868,-0.09150628930463944,-0.053830870334041984,47.17,47.84,4,805.0,846.0,0.0,783.0,748.0,0.0,2,2,0,0.011811158368709468,0.008278427996337212,-0.006884920758106022,0.04289549049052946,0.021181945187183554,-0.018746311239864977,0.06266907233125063,0.012683504121589168,-0.02000728604175611,27.98,43.07,4,942.0,457.0,0.0,857.0,435.0,0.0,3,1,0,0.06669250037130584,-0.03581588583501716,-0.011790830593859207,0.08687294175265717,-0.05311367580439054,-0.020958567186747712,0.13456480712048063,-0.08309747650327026,-0.034211722390177494
92,least_connections,1995,measured,370,303,8,medium,1,100.0,69.35,5,1127.0,480.0,0.0,984.0,403.0,0.0,4,1,0,0.07747599721144087,-0.02090704197361898,-0.011234223845999133,0.2239116230067253,-0.09017633468201802,-0.0690337176474592,0.14149321340174686,-0.0827914046089595,-0.04870412077841894,57.74,57.31,5,1651.0,370.0,0.0,1531.0,303.0,0.0,4,1,0,0.09685408659663283,-0.035593893944357025,-0.006229214019238782,0.25750408323292795,-0.10388300197350057,-0.01696094826463974,0.2681886844901792,-0.1143429010328479,-0.01810183022825553,27.98,43.07,4,1399.0,0.0,0.0,1292.0,0.0,0.0,4,0,0,0.10342473389603407,-0.07548874931558242,-0.010667894346824996,0.16129456634764217,-0.13075046858492478,-0.018962513168962216,0.25293958739472056,-0.20637390731248262,-0.030953463114922496
92,least_connections,1996,measured,162,101,5,light,2,100.0,69.35,5,1127.0,480.0,0.0,984.0,403.0,0.0,4,1,0,0.07009733081035126,-0.0189158951189886,-0.010164297765427788,0.2025867065298943,-0.08158811233134966,-0.06245907787151071,0.12801766926824715,-0.07490650893191575,-0.04406563308523618,57.74,57.31,5,2021.0,0.0,0.0,1834.0,0.0,0.0,5,0,0,0.13071378809990136,-0.07528789950974706,-0.0056359555412160405,0.32862614333319334,-0.18963564124133045,-0.015345619858483575,0.3283165478720668,-0.18912274379162428,-0.016377846396993096,31.22,46.43,5,1561.0,0.0,0.0,1393.0,0.0,0.0,5,0,0,0.1366586594660263,-0.06829934461886028,-0.009651904409032139,0.17524746479072387,-0.11829804300540814,-0.017156559533822956,0.2593104203412551,-0.18671924947319857,-0.028005514246834638
92,least_connections,1997,measured,456,421,14,heavy,0,100.0,84.6,5,971.0,936.0,0.0,868.0,824.0,0.0,3,2,0,0.020337494315941382,0.025969518928624827,-0.009196269406815618,0.08919749638419006,0.20122980312877886,-0.05651059426470017,0.06334931981412839,0.12267982525207621,-0.039868906124737494,57.74,57.31,5,2021.0,0.0,0.0,1834.0,0.0,0.0,5,0,0,0.11826485589991076,-0.06811762336596162,-0.005099197870624037,0.29732841539669874,-0.17157510398025136,-0.013884132252913711,0.29704830521758424,-0.17111105390670767,-0.014818051502041373,28.14,43.03,4,1407.0,0.0,0.0,1291.0,0.0,0.0,4,0,0,0.08055964881393309,-0.06179464513134978,-0.008732675417695745,0.1306905633820835,-0.1070315627191788,-0.015522601482982675,0.20385228507065942,-0.16893646380908442,-0.02533832241380277
92,least_connections,1998,measured,463,405,21,heavy,2,100.0,67.9,4,576.0,936.0,0.0,534.0,824.0,0.0,2,2,0,-0.024683310131381836,0.023496231411612944,-0.00832043422521413,-0.15755147152541538,0.18206505997365707,-0.051128632906157295,-0.09377918683483616,0.11099603237092609,-0.036071867446191064,57.74,57.31,5,2021.0,0.0,0.0,1834.0,0.0,0.0,5,0,0,0.10700153629039544,-0.06163023066444147,-0.004613559978183653,0.269011423454156,-0.15523461788689408,-0.012561833943112406,0.2687579904349572,-0.1548147630584498,-0.013406808501846956,37.4,56.53,5,1407.0,0.0,463.0,1291.0,0.0,405.0,4,0,1,0.07288730130784422,-0.05590944083312599,0.0351829081821755,0.11824384305998034,-0.09683808055544749,0.06973669389634901,0.1844377817305966,-0.15284727677964782,0.09921770829227369
92,least_connections,1999,measured,416,429,20,heavy,0,100.0,83.6,4,407.0,936.0,416.0,419.0,824.0,429.0,1,2,1,-0.06541641891705521,0.021258495086697415,0.035555888308706485,-0.2444830774118838,0.16472553045235638,0.20466139562458785,-0.13687164523151843,0.1004249816689331,0.1614349770724938,44.8,43.41,4,1568.0,0.0,0.0,1389.0,0.0,0.0,4,0,0,0.05372701355979087,-0.05576068488687561,-0.004174173313594733,0.126289247070767,-0.14045036856433274,-0.011365468805673129,0.1173435389649613,-0.14007049991002601,-0.01212996959690915,37.4,56.53,5,1407.0,0.0,463.0,1291.0,0.0,405.0,4,0,1,0.06594565356424001,-0.050584732182352085,0.03183215502196831,0.10698252467331557,-0.08761540621683345,0.06309510400145862,0.16687227870863502,-0.13829039327682421,0.08976840274062858
92,least_connections,2000,measured,482,412,15,heavy,0,100.0,100.0,5,887.0,456.0,898.0,822.0,421.0,841.0,2,1,2,-0.016102383555340216,-0.023850023719745414,0.0752535134584442,0.06832483472258144,-0.1404864248288204,0.4758999928666906,0.05847327336195951,-0.0914488261090605,0.3324411697322563,34.74,32.84,3,1216.0,0.0,0.0,1051.0,0.0,0.0,3,0,0,0.005526254898767707,-0.05045014346907793,-0.0037766329980142826,0.023268502451782358,-0.12707414298677724,-0.010283043205132831,0.010602487634964963,-0.12673045229954735,-0.010974734397203516,29.32,42.17,4,1003.0,0.0,463.0,860.0,0.0,405.0,3,0,1,0.01658121490279313,-0.045767138641175695,0.02880052121035228,0.02368895089490458,-0.07927108181523027,0.057086046477510186,0.02099555375225709,-0.12511987963141238,0.0812190310510449
92,least_connections,2001,measured,429,437,15,heavy,1,100.0,83.25,4,480.0,938.0,416.0,403.0,833.0,429.0,1,2,1,-0.057652723443493745,0.02150530733746389,0.025002611949930236,-0.18367435588591835,0.16362339340884502,0.13984602529208512,-0.13664322886298902,0.10364153828227857,0.1143991535672795,47.0,46.5,4,1216.0,0.0,429.0,1051.0,0.0,437.0,3,0,1,0.004999944908408882,-0.04564536790059432,0.0396669465618873,0.021052454599231663,-0.11497184365470323,0.10159425342664852,0.009592726907825477,-0.11466088541387617,0.11362702602157777,18.4,28.0,2,457.0,0.0,463.0,435.0,0.0,405.0,1,0,1,-0.07116574887479714,-0.0414083635324923,0.026057614428413967,-0.07736713966651491,-0.07172145497568452,0.05164928014631874,-0.1091786259701801,-0.11320370061889692,0.07348388523665966
92,least_connections,2002,measured,477,422,18,heavy,2,100.0,83.25,4,480.0,938.0,416.0,403.0,833.0,429.0,1,2,1,-0.05216198787744672,0.019457182829134,0.022621410811841644,-0.16618156008725948,0.14804021308419313,0.12652735621664846,-0.12362958801889484,0.09377091558872819,0.10350399608468144,22.83,23.12,2,370.0,429.0,0.0,303.0,437.0,0.0,1,1,0,-0.08164404077447812,0.0017857102214577508,-0.007194758099335522,-0.19964641862790605,0.006875814924656262,-0.018979348940515277,-0.2028089613691103,0.019815746530302505,-0.020751143123334398,18.8,27.57,2,0.0,0.0,940.0,0.0,0.0,827.0,0,0,2,-0.10747195873252621,-0.03746470986273113,0.06665983709056048,-0.15269407874589444,-0.06489084021609552,0.1330445867990503,-0.22997113778254388,-0.1024223957980496,0.19375526124586667
92,least_connections,2003,measured,360,302,12,medium,1,100.0,83.25,4,480.0,938.0,416.0,403.0,833.0,429.0,1,2,1,-0.04719417950816608,0.017604117797787894,0.02046699073452339,-0.15035474484085382,0.13394114517141287,0.11447713181506289,-0.11185534154090487,0.08484035219932551,0.09364647264804513,22.54,23.09,2,0.0,789.0,0.0,0.0,739.0,0.0,0,2,0,-0.11695231807033281,0.04469954280807629,-0.006509543042255949,-0.2762787325000783,0.09928219989781825,-0.017171791898561443,-0.2691634650482426,0.10331543733694035,-0.018774843778254932,18.8,27.57,2,0.0,0.0,940.0,0.0,0.0,827.0,0,0,2,-0.09723653409133325,-0.03389664225675674,0.06031128117717377,-0.13815178553199972,-0.058710760195514994,0.12037367377056932,-0.20806912466039684,-0.09266788191252107,0.17530237922245082
92,least_connections,2004,measured,397,347,16,medium,1,100.0,83.25,4,936.0,482.0,416.0,824.0,412.0,429.0,2,1,1,0.0003844044812737757,-0.027156365076377836,0.01851775352171164,0.13901237371541797,-0.1538627734163407,0.10357454783267595,0.08924992908203844,-0.1136920622958483,0.08472776096727894,33.89,33.94,3,0.0,789.0,397.0,0.0,739.0,347.0,0,2,1,-0.10581400206363445,0.0404424434930214,0.037194313664716275,-0.2499664722619756,0.08982675228850223,0.08708946719381856,-0.24352884932936236,0.09347587187627937,0.08112335562919792,18.8,27.57,2,0.0,0.0,940.0,0.0,0.0,827.0,0,0,2,-0.08797591179692056,-0.030668390613256095,0.054567349636490556,-0.12499447262419022,-0.05311925922451357,0.10890951436384844,-0.18825301754988286,-0.08384236934942382,0.15860691453459835
92,least_connections,2005,measured,151,118,1,light,2,100.0,83.25,4,936.0,898.0,0.0,824.0,841.0,0.0,2,2,0,0.0003477945306762653,0.018513855633844084,-0.026329742278542075,0.12577310002823527,0.11171145897251711,-0.15721032973869,0.08074993583613,0.09120718173232772,-0.11741297817246191,33.89,33.94,3,0.0,789.0,397.0,0.0,739.0,347.0,0,2,1,-0.09573647805757403,0.036590782207971746,0.033651998077600435,-0.22616014157035888,0.08127182349912107,0.0787952322229787,-0.2203356255837088,0.08457340788806228,0.0733973217597505,21.82,31.5,3,151.0,463.0,477.0,118.0,405.0,422.0,1,1,1,-0.0365133533037898,0.015336308719525661,0.006286558968162659,-0.08576642761236258,0.03572067022544011,0.014756227281577161,-0.13473685714830672,0.04628547535052131,0.021358636959874694
92,least_connections,2006,measured,402,441,17,heavy,1,100.0,83.25,4,936.0,898.0,0.0,824.0,841.0,0.0,2,2,0,0.00031467124204043184,0.01675063128776369,-0.023822147775823782,0.11379470954935578,0.10107227240370598,-0.14223791738262428,0.07305946575649858,0.08252078347210601,-0.10623078977508459,45.37,47.72,4,0.0,1186.0,402.0,0.0,1086.0,441.0,0,3,1,-0.08661871824256698,0.0761898460339699,0.03044704587973373,-0.20462108046841995,0.17615750017267418,0.07258344139902154,-0.19935128029002225,0.17462891666062774,0.09298448159215522,18.8,27.57,2,0.0,940.0,0.0,0.0,827.0,0.0,0,2,0,-0.07611979131113861,0.05695960811585202,-0.037396061160324484,-0.10492200593499472,0.11863298734682676,-0.07296341341190637,-0.15749207710243623,0.1691471761107891,-0.10794536021090702
92,least_connections,2007,measured,157,121,7,light,2,90.27,63.1,3,456.0,898.0,0.0,421.0,841.0,0.0,1,2,0,-0.042799197674435074,0.015155333069881427,-0.021553371797173898,-0.18656669136010667,0.09144634169859112,-0.1286914490604696,-0.11620810241078697,0.07466166123666734,-0.09611357170126701,45.37,47.72,4,0.0,1186.0,402.0,0.0,1086.0,441.0,0,3,1,-0.07836931650517964,0.06893367022121087,0.027547327224520995,-0.18513335851904664,0.15938059539432425,0.06567073269435282,-0.1803654440719249,0.15799759126437746,0.08412881667861663,21.94,31.6,3,157.0,940.0,0.0,121.0,827.0,0.0,1,2,0,-0.025786387149987086,0.05153488353338992,-0.03383453152600787,-0.06651991013166189,0.10733460759950991,-0.06601451689648673,-0.10600076817204548,0.15303792124309493,-0.09766484971463016
92,least_connections,2008,measured,169,116,3,light,0,100.0,68.9,4,1107.0,416.0,0.0,949.0,429.0,0.0,3,1,0,0.04744471684331157,-0.029371932211150364,-0.019500669721252573,0.2238682316265701,-0.20799299243143343,-0.11643512057852011,0.13371647877119275,-0.11882992554777713,-0.08695989820590824,45.37,47.72,4,360.0,826.0,402.0,302.0,784.0,441.0,1,2,1,-0.02782167184935755,0.01928465854481437,0.024923772250757092,-0.07444038559886533,0.051140266581259336,0.05941637719965256,-0.07780087796983683,0.05756329685824629,0.07611654842351029,21.94,31.6,3,157.0,940.0,0.0,121.0,827.0,0.0,1,2,0,-0.023330540754750217,0.046626799387352785,-0.030612195190197596,-0.06018468059531315,0.0971122640186042,-0.05972742004920228,-0.09590545691756497,0.13846288112470495,-0.08836343545609396
92,least_connections,2009,measured,438,431,15,heavy,2,100.0,68.9,4,1107.0,416.0,0.0,949.0,429.0,0.0,3,1,0,0.0429261723820438,-0.026574605333897952,-0.017643463081133282,0.20254744766213484,-0.18818413600939216,-0.10534606147580391,0.12098157603107917,-0.10751278978132214,-0.07867800313867888,45.37,47.72,4,789.0,799.0,0.0,739.0,788.0,0.0,2,2,0,0.01791191141067197,0.017448024397689194,-0.020533820571310476,0.043547134118033404,0.0392901731653571,-0.050160692737729315,0.053165277074909534,0.05321203049079426,-0.055820146664443085,30.7,45.97,4,157.0,940.0,438.0,121.0,827.0,431.0,1,2,1,-0.021108584492393057,0.04218615182665252,0.015387152197530972,-0.054452806252902386,0.08786347696921332,0.02521804852691223,-0.0867716038777969,0.12527594006520926,0.05003625680956578
92,least_connections,2010,measured,351,300,10,medium,0,100.0,83.9,5,1107.0,767.0,0.0,949.0,729.0,0.0,3,2,0,0.03883796548851581,0.019040209686563975,-0.015963133263882493,0.18325721455145527,0.04145244837245471,-0.09531310324001306,0.1094595211709764,0.03844080924547044,-0.07118485998261423,45.37,47.72,4,789.0,799.0,0.0,739.0,788.0,0.0,2,2,0,0.01620601508584607,0.015786307788385467,-0.01857821861213805,0.03939978801155403,0.03554825191151359,-0.04538348390556462,0.04810191735348959,0.04814421806309957,-0.05050394222021041,30.7,45.97,4,157.0,1378.0,0.0,121.0,1258.0,0.0,1,3,0,-0.019098243112165153,0.08125232330801441,-0.029162191095657916,-0.04926682470500693,0.15875266963881207,-0.0564408132375556,-0.07850764160372099,0.24332902513836394,-0.08471322796594842
92,least_connections,2011,measured,167,106,5,light,1,83.27,57.05,3,482.0,767.0,0.0,412.0,729.0,0.0,1,2,0,-0.05102868882104804,0.01722685638308169,-0.014442834857798447,-0.21117998048519127,0.03750459614650664,-0.08623566483620229,-0.14389376655959277,0.03477977979352087,-0.06440534950807954,50.14,51.03,5,956.0,799.0,0.0,845.0,788.0,0.0,3,2,0,0.05774648530442762,0.014282849903777317,-0.01680886445860109,0.07881749527575976,0.03216270411041708,-0.041061247343129895,0.07349102046268105,0.04355905443804248,-0.04569404296114275,30.7,45.97,4,157.0,1378.0,0.0,121.0,1258.0,0.0,1,3,0,-0.017279362815768473,0.07351400680248922,-0.026384839562738113,-0.04457474616167294,0.143633367768449,-0.05106549769112173,-0.07103072335574756,0.22015483226804355,-0.07664530149300096
92,least_connections,2012,measured,357,344,11,medium,0,100.0,74.25,4,898.0,708.0,0.0,841.0,644.0,0.0,2,2,0,-0.003084913468476558,0.015586203394216763,-0.013067326776103356,0.059853033529271404,-0.0016545717404622406,-0.0780227443756116,0.06388183025560651,-0.006984961139195389,-0.058271506697786246,50.14,51.03,5,956.0,799.0,0.0,845.0,788.0,0.0,3,2,0,0.05224682003733927,0.012922578484369951,-0.015208020224448606,0.07131106715425883,0.029099589433234513,-0.037150652358069906,0.06649187565671144,0.03941057306299081,-0.041342229345795824,30.7,45.97,4,620.0,915.0,0.0,526.0,853.0,0.0,2,2,0,0.02745019101249066,0.023428772594542402,-0.023871997699620198,0.04345142013943877,0.0461730470285967,-0.046202116958633944,0.05787696458289507,0.07704484824251556,-0.06934574896985801
92,least_connections,2013,measured,439,415,18,heavy,0,100.0,95.0,5,1249.0,357.0,439.0,1141.0,344.0,415.0,3,1,1,0.04029278804099286,-0.028982097155799344,0.03126108076266386,0.26586703033600745,-0.21321127919375155,0.19420164397762127,0.19351213213602492,-0.14203401245927205,0.13501625584486004,50.14,51.03,5,1353.0,402.0,0.0,1192.0,441.0,0.0,4,1,0,0.0903548326414929,-0.0313920435028036,-0.013759637345929691,0.1671453872892274,-0.07629765037673342,-0.03361249499063468,0.15826943511797703,-0.06245293389538925,-0.03740487417000574,30.7,45.97,4,1097.0,438.0,0.0,948.0,431.0,0.0,3,1,0,0.06791978733329654,-0.02188643930788567,-0.021598474109180178,0.12562747536425414,-0.04453867173603156,-0.04180191534352595,0.1796347139876987,-0.05756259762185101,-0.06274139192510964
92,least_connections,2014,measured,373,317,8,medium,2,100.0,95.0,5,1249.0,357.0,439.0,1141.0,344.0,415.0,3,1,1,0.03645537965613639,-0.02622189742667559,0.028283834975743487,0.2405463607801972,-0.1929054430800609,0.17570624931308593,0.17508240526592728,-0.12850696365362713,0.12215756481201624,50.14,51.03,5,1353.0,402.0,0.0,1192.0,441.0,0.0,4,1,0,0.08174961048516025,-0.02840232507396516,-0.012449195693936387,0.15122677897596765,-0.0690312074837112,-0.030411304991526614,0.1431961555829316,-0.056505035429161715,-0.03384250520143377,35.02,52.5,4,940.0,811.0,0.0,827.0,748.0,0.0,2,2,0,0.01836733593193951,0.0232818837100989,-0.019541476574972544,0.08525343009146802,0.02719834461978099,-0.037820780548904434,0.12603458249680677,0.04352272913578559,-0.05676602126557539
92,least_connections,2015,measured,351,339,14,medium,2,100.0,74.4,4,767.0,357.0,439.0,729.0,344.0,415.0,2,1,1,-0.01010046149025301,-0.0237245738622303,0.02559013640662506,-0.07309297516712321,-0.17453349612005514,0.15897232080707774,-0.02797306190225629,-0.11626820521042452,0.11052351102039565,39.86,41.59,4,993.0,402.0,0.0,890.0,441.0,0.0,3,1,0,0.030880033069339993,-0.025697341733587523,-0.011263558008799588,0.04376300410750811,-0.062456806770976786,-0.027514990230428842,0.044171521717890516,-0.05112360348352726,-0.030619409467963887,42.04,63.8,5,1313.0,789.0,0.0,1144.0,770.0,0.0,3,2,0,0.05970196606994073,0.02106456145199423,-0.017680383567832303,0.1446292938922806,0.02062707370361136,-0.034218801449008775,0.20963446352885695,0.04601262794825045,-0.05135973352599678
92,least_connections,2016,measured,384,310,12,medium,0,100.0,89.9,5,1124.0,384.0,439.0,1073.0,310.0,415.0,3,1,1,0.03394538744986178,-0.021465090637255976,0.023152980558375055,0.1492015938964123,-0.14162554410862133,0.14383209977783223,0.13031008685033957,-0.12057599519038406,0.09999746235178654,22.83,24.62,2,799.0,0.0,0.0,788.0,0.0,0.0,2,0,0,-0.015144822687830711,-0.0663338760809556,-0.010190838198437722,-0.01055456090953344,-0.16042690680639396,-0.024894514970388,0.01112542441142475,-0.17094218886604848,-0.027703275232919707,42.04,63.8,5,1313.0,789.0,0.0,1144.0,770.0,0.0,3,2,0,0.05401606453947018,0.019058412742280484,-0.015996537513753035,0.1308550754263491,0.018662590493743608,-0.030959867977674606,0.18966927652610865,0.041630472905559934,-0.046468330333044705
92,least_connections,2017,measured,193,120,4,light,1,100.0,89.9,5,1124.0,823.0,0.0,1073.0,725.0,0.0,3,2,0,0.030712493407017802,0.023663103935906732,-0.022135965435846602,0.13499191828723023,0.1366562537429934,-0.13465984623275498,0.11789960238840247,0.07864552816108106,-0.09726420072933598,28.34,28.38,3,992.0,0.0,0.0,908.0,0.0,0.0,3,0,0,0.029381441604434344,-0.060016364073245544,-0.00922028217953889,0.04034179183015002,-0.14514815377721357,-0.022523608782731998,0.04399443161033667,-0.15466198040261528,-0.025064868067879734,42.04,63.8,5,1751.0,351.0,0.0,1575.0,339.0,0.0,4,1,0,0.09195557766723039,-0.02584057441231312,-0.01447305775053846,0.1976498301476492,-0.06237194193423197,-0.02801130912265798,0.3015896628887015,-0.0923184610219537,-0.042042775063230925
92,least_connections,2018,measured,165,118,5,light,1,100.0,89.9,5,1124.0,823.0,0.0,1073.0,725.0,0.0,3,2,0,0.027787494034920868,0.02140947498962989,-0.02002777825148026,0.12213554511701774,0.12364137243413686,-0.1218350989724926,0.10667106882760224,0.07115547786002574,-0.08800094351701826,33.06,32.06,4,1157.0,0.0,0.0,1026.0,0.0,0.0,4,0,0,0.06966710929743607,-0.05430051987579359,-0.008342160067201853,0.0791527776422446,-0.1313245200841456,-0.02037850318437657,0.0731675809807808,-0.1399322679833186,-0.022677737775700712,42.04,63.8,5,1751.0,351.0,0.0,1575.0,339.0,0.0,4,1,0,0.08319790360368465,-0.023379567325426148,-0.013094671298106226,0.17882603680025405,-0.05643175698811463,-0.025343565396690554,0.2728668378516823,-0.08352622663891048,-0.038038701247685124
92,least_connections,2019,measured,171,117,4,light,1,100.0,68.45,4,708.0,823.0,0.0,644.0,725.0,0.0,2,2,0,-0.017942834195162294,0.01937047737156991,-0.01812037079895833,-0.1404170464814284,0.11186600363088572,-0.11023175621320759,-0.09755950915597889,0.06437876568288042,-0.07961990127730223,37.94,35.72,5,1328.0,0.0,0.0,1143.0,0.0,0.0,5,0,0,0.10611604673396144,-0.04912904179238468,-0.007547668632230248,0.11581849949944578,-0.1188174229332746,-0.018437693357293086,0.09927959707784928,-0.12660538531824064,-0.02051795322563398,32.78,50.3,4,1288.0,351.0,0.0,1170.0,339.0,0.0,3,1,0,0.032190393509909696,-0.021152941865861752,-0.011847559745905633,0.07801403329546794,-0.051057303941627524,-0.022929892501767645,0.12473666281818874,-0.07557134791139518,-0.03441596779552464
92,least_connections,2020,measured,162,111,4,light,0,89.47,59.0,4,519.0,823.0,0.0,455.0,725.0,0.0,2,2,0,-0.016233992843242062,0.017525670002848964,-0.016394621199057536,-0.2410439944355781,0.10121209852318236,-0.09973349371671163,-0.17376812733159994,0.05824745466546327,-0.07203705353660678,26.6,24.88,4,931.0,0.0,0.0,796.0,0.0,0.0,4,0,0,0.05292585634206487,-0.04445008543120518,-0.0068288430482083195,0.002162315873648235,-0.10750147789201035,-0.016681722561360413,-0.00828572169146971,-0.1145477295736463,-0.018563862442240266,23.24,36.23,3,811.0,351.0,0.0,748.0,339.0,0.0,2,1,0,-0.013959258479696202,-0.019138375973874924,-0.010719220722486048,-0.01573016035171948,-0.046194703566234424,-0.02074609321588501,-0.014412860624813367,-0.06837407668173849,-0.031138256576903243
92,least_connections,2021,measured,357,340,9,medium,2,89.47,59.0,4,903.0,439.0,0.0,765.0,415.0,0.0,3,1,0,0.028396001940014542,-0.02722734165275116,-0.014833228703909199,0.013531624082095961,-0.14004619657426354,-0.09023506574369147,-0.016980686633352338,-0.08753801720743801,-0.06517638177121565,21.09,21.12,3,738.0,0.0,0.0,676.0,0.0,0.0,3,0,0,0.004801398368444176,-0.040216743961566596,-0.006178477043617051,-0.04793477543404617,-0.09726324190229509,-0.015092987079326088,-0.04142517676847257,-0.10363842199520379,-0.01679587554297929,30.38,47.57,4,811.0,708.0,0.0,748.0,679.0,0.0,2,2,0,-0.012629805291153706,0.025768226726584825,-0.009698342558439758,-0.014232049842031913,0.022804792011502192,-0.018770274814372153,-0.013040207231973994,0.04067742268477628,-0.028172708331483887
92,least_connections,2022,measured,373,323,8,medium,1,89.47,59.0,4,903.0,439.0,0.0,765.0,415.0,0.0,3,1,0,0.025691620802870296,-0.024634261495346282,-0.013420540255917846,0.012242897979039213,-0.12670846356719084,-0.081641249958578,-0.015363478382556861,-0.07920106318768202,-0.058969107316814165,31.74,31.22,4,738.0,373.0,0.0,676.0,323.0,0.0,3,1,0,0.004344122333354267,0.006697322356768537,-0.005590050658510665,-0.04336955872604176,0.008421692700644579,-0.013655559738437888,-0.03747992183814186,-0.0024436913289939133,-0.015196268348409833,22.92,37.0,3,789.0,357.0,0.0,770.0,340.0,0.0,2,1,0,-0.011426966691996221,-0.01976979033127585,-0.0087746908862074,-0.016857568904695558,-0.04288137865625992,-0.01698262959395576,-0.005163362098770108,-0.06543471280901193,-0.025489593252294947
92,least_connections,2023,measured,361,350,7,medium,2,65.67,41.8,3,546.0,439.0,0.0,421.0,415.0,0.0,2,1,0,-0.01983910045273185,-0.022288141352932347,-0.012142393564878052,-0.20425642563801205,-0.11464099084650603,-0.07386589281966581,-0.16951933758421814,-0.07165810478885518,-0.05335300185806996,10.66,10.09,1,373.0,0.0,0.0,323.0,0.0,0.0,1,0,0,-0.0822374040566704,-0.03702441809444298,-0.00505766488150965,-0.1335928660582555,-0.08880214197832838,-0.012355030239539043,-0.13371695309165216,-0.09353536358337544,-0.013749004696180326,30.14,48.67,4,1507.0,0.0,0.0,1460.0,0.0,0.0,4,0,0,0.07582911630361339,-0.06097085338362599,-0.007939006039901934,0.11467172337194212,-0.10339743783185422,-0.015365236299293306,0.20342362476777948,-0.16174251793831237,-0.02306201294255257
92,least_connections,2024,measured,172,108,7,light,1,54.87,36.25,2,823.0,0.0,0.0,725.0,0.0,0.0,2,0,0,-0.017949662314376447,-0.06324936145083901,-0.010985975130127761,-0.01772406764074108,-0.3685164520357277,-0.06683104588445954,-0.015850829242864017,-0.25257161861848804,-0.04827176358587282,15.57,13.47,2,545.0,0.0,0.0,431.0,0.0,0.0,2,0,0,-0.031321370110230146,-0.03349828303782936,-0.0045759825118420645,-0.07640715092345562,-0.08034479512324949,-0.011178360692916276,-0.09044629089244718,-0.08462723371829206,-0.012439575677496486,21.38,34.3,3,1069.0,0.0,0.0,1029.0,0.0,0.0,3,0,0,0.02552339547651189,-0.055164105442328276,-0.00718291022657794,0.024493464003185722,-0.09355006280024905,-0.013901880461265373,0.05406581923434017,-0.14633846861085406,-0.020865630757547562
92,least_connections,2025,measured,377,310,13,medium,0,80.0,51.75,3,823.0,377.0,0.0,725.0,310.0,0.0,2,1,0,-0.016240170665388215,-0.014141712514477933,-0.009939691784401308,-0.01603606119876566,-0.10602282168311866,-0.06046618437165387,-0.014341226457829315,-0.08827908351196537,-0.04367445276817065,15.57,13.47,2,545.0,0.0,0.0,431.0,0.0,0.0,2,0,0,-0.028338382480684404,-0.0303079703675599,-0.004140174653571391,-0.06913027940693606,-0.0726929098734162,-0.010113754912638537,-0.08183235842649983,-0.07656749717369282,-0.011254854184401582,21.38,34.3,3,1069.0,0.0,0.0,1029.0,0.0,0.0,3,0,0,0.023092595907320282,-0.049910381114487486,-0.006498823538332422,0.02216075314573948,-0.08464053300974914,-0.012577891845906766,0.04891669359297446,-0.13240147160029653,-0.01887842782825732
92,least_connections,2026,measured,180,125,2,light,1,80.0,51.75,3,823.0,377.0,0.0,725.0,310.0,0.0,2,1,0,-0.014693487744875056,-0.012794882751194323,-0.008993054471601184,-0.014508817275073693,-0.09592541009425021,-0.05470750014578207,-0.012975395366607467,-0.07987155174892105,-0.03951498107596392,20.71,17.38,3,725.0,0.0,0.0,556.0,0.0,0.0,3,0,0,0.017444411315661962,-0.027421496999220862,-0.0037458723056122112,-0.016015831028044186,-0.06576977559975751,-0.009150540159053915,-0.03869653857635699,-0.06927535458572208,-0.010182963309696669,21.38,34.3,3,1069.0,0.0,0.0,1029.0,0.0,0.0,3,0,0,0.02089330105900407,-0.0451570114845363,-0.005879887963253143,0.020050205227097634,-0.0765795298659635,-0.011379997384391835,0.04425796086983402,-0.11979180763836353,-0.017080482320804242
92,least_connections,2027,measured,455,446,21,heavy,0,100.0,74.05,4,823.0,377.0,455.0,725.0,310.0,446.0,2,1,1,-0.01329410795964886,-0.011576322489175811,0.03494732713340391,-0.013127025153638061,-0.08678965675194067,0.2249471824077845,-0.011739643426930568,-0.07226473729664284,0.16601025521698504,20.71,17.38,3,725.0,0.0,0.0,556.0,0.0,0.0,3,0,0,0.015783038809408456,-0.024809925856437924,-0.0033891225622205722,-0.014490513787278086,-0.059505987447399655,-0.008279060143905923,-0.03501115395003726,-0.06267770176803426,-0.009213157280201749,21.38,34.3,3,1069.0,0.0,0.0,1029.0,0.0,0.0,3,0,0,0.018903462862908435,-0.040856343724104266,-0.00531989863341951,0.018140661872135977,-0.06928624130730031,-0.01029618810968785,0.04004291697746887,-0.10838306405375749,-0.015453769718822886
92,least_connections,2028,measured,181,119,6,light,1,84.73,58.55,3,439.0,377.0,455.0,415.0,310.0,446.0,1,1,1,-0.05511190266643967,-0.010473815585444787,0.03161901026355592,-0.24349587990091054,-0.07852397515651771,0.20352364122609073,-0.1508596773862705,-0.06538238136362923,0.1501997547201293,20.74,17.19,3,726.0,0.0,0.0,550.0,0.0,0.0,3,0,0,0.014279892256131466,-0.022447075774872406,-0.003066348984866232,-0.01285196145379583,-0.05383875054764731,-0.007490578225438692,-0.033373186907176555,-0.056708396837745284,-0.008335713729706344,21.38,34.3,3,1069.0,0.0,0.0,1029.0,0.0,0.0,3,0,0,0.017103133066440956,-0.03696526336942767,-0.00481324162071289,0.01641297978907541,-0.062687551658986,-0.009315598765908055,0.03622930583675754,-0.09806086747720916,-0.01398198212655404
92,least_connections,2029,measured,356,336,12,medium,0,100.0,75.35,4,439.0,733.0,455.0,415.0,646.0,446.0,1,2,1,-0.049863150031540654,0.03360759088754542,0.028607675952741073,-0.22030579610082385,0.1436846573980713,0.18414043729979637,-0.13649208906376856,0.09284451209957356,0.1358950161753551,20.74,17.19,3,726.0,0.0,0.0,550.0,0.0,0.0,3,0,0,0.012919902517452286,-0.020309259034408368,-0.0027743157482123053,-0.011627965124862888,-0.048711250495490424,-0.0067771898230159595,-0.030194788154112112,-0.0513075971389124,-0.007541836231639073,14.36,23.0,2,718.0,0.0,0.0,690.0,0.0,0.0,2,0,0,-0.027609636976167917,-0.03344476209614884,-0.004354837656835472,-0.04866444685750318,-0.05671730864384448,-0.008428398883440621,-0.06945919948102894,-0.08872173724128447,-0.012650364781167942
92,least_connections,2030,measured,495,404,21,heavy,2,100.0,75.35,4,439.0,733.0,455.0,415.0,646.0,446.0,1,2,1,-0.04511427859996535,0.030406867945874425,0.02588313538581335,-0.19932429171026922,0.13000040431254067,0.16660325279505386,-0.12349284248626677,0.08400217761389989,0.12295263368246413,10.09,7.09,2,353.0,0.0,0.0,227.0,0.0,0.0,2,0,0,-0.03139446461572912,-0.01837504388827424,-0.0025100952007635143,-0.10694230858235897,-0.04407208378163419,-0.006131743173204916,-0.11864349880610144,-0.04642115931615884,-0.006823566114340113,9.9,13.47,1,0.0,0.0,495.0,0.0,0.0,404.0,0,0,1,-0.11114794819385714,-0.030259546658420382,0.039143809013430036,-0.1739535471567886,-0.051315660201573576,0.08194573434355373,-0.27093927572093096,-0.08027204798020976,0.11039570170592741
92,least_connections,2031,measured,171,122,5,light,2,79.2,54.6,3,377.0,356.0,455.0,310.0,336.0,446.0,1,1,1,-0.04081768063806389,-0.015572924466204313,0.023418074872878746,-0.21773785122992612,-0.1097774119711934,0.15073627633838207,-0.15923161939233657,-0.06423612501599532,0.11124285904603898,5.17,3.72,1,181.0,0.0,0.0,119.0,0.0,0.0,1,0,0,-0.07148841583146466,-0.016625039708438597,-0.002271038514976513,-0.14121991184662408,-0.039874742469097606,-0.005547767632899686,-0.13787983225313938,-0.04200009652414371,-0.0061737026748791505,13.32,17.53,2,171.0,0.0,495.0,122.0,0.0,404.0,1,0,1,-0.057478529091494326,-0.027377685071904155,0.035415827202627176,-0.1264436855228087,-0.04642845446809038,0.0741413786917867,-0.2083418843824296,-0.0726270910297136,0.09988182535298194
92,least_connections,2032,measured,418,419,17,heavy,1,79.2,54.6,3,377.0,356.0,455.0,310.0,336.0,446.0,1,1,1,-0.036930282482057805,-0.014089788802756284,0.021187782027842675,-0.19700091301755218,-0.09932242035488931,0.13638044049663142,-0.14406670325973306,-0.05811839882399575,0.10064830104165431,17.11,16.81,2,181.0,0.0,418.0,119.0,0.0,419.0,1,0,1,-0.06467999527608707,-0.015041702593349207,0.04102915109415957,-0.12777039643265986,-0.036077147948231164,0.10303501295798873,-0.12474841965760232,-0.038000087331368115,0.11288153091320459,13.32,17.53,2,171.0,0.0,495.0,122.0,0.0,404.0,1,0,1,-0.052004383463732956,-0.02477028649362757,0.032042891278567444,-0.11440142975873169,-0.04200669689970082,0.06708029500685464,-0.18849980015553153,-0.06571022521735992,0.09036927055745986
92,least_connections,2033,measured,400,349,12,medium,1,79.2,54.6,3,377.0,356.0,455.0,310.0,336.0,446.0,1,1,1,-0.033413112721861815,-0.012747904154874728,0.019169898025190993,-0.1782389213015948,-0.08986314222585223,0.12339182711599986,-0.13034606485404418,-0.05258331322171042,0.09106274856149676,28.54,27.72,3,181.0,400.0,418.0,119.0,349.0,419.0,1,1,1,-0.05851999572598354,0.029474740737536656,0.0371216128947158,-0.11560178724859702,0.07076013144819901,0.09322215458103741,-0.11286761778544972,0.06429456384304791,0.10213090892147082,13.32,17.53,2,171.0,0.0,495.0,122.0,0.0,404.0,1,0,1,-0.047051585038615534,-0.02241121158947256,0.028991187347275307,-0.10350605549599531,-0.03800605909972931,0.0606916954823923,-0.17054743823595708,-0.05945210852999231,0.0817626733615113
92,least_connections,2034,measured,165,115,3,light,2,79.2,54.6,3,733.0,455.0,0.0,646.0,446.0,0.0,2,1,0,0.012852988716501451,-0.011533818044886665,-0.025739706775394087,0.05346637279062055,-0.02159046201386633,-0.16280421991092078,0.03406784608443619,0.0021865261327382035,-0.11937179892055055,23.37,24.0,2,0.0,400.0,418.0,0.0,349.0,419.0,0,1,1,-0.09603056302645677,0.026667622572056973,0.033586221190457156,-0.15138120887117962,0.06402107131027529,0.08434385414474814,-0.13576415418683546,0.05817127204847191,0.09240415569085456,16.62,21.37,3,336.0,0.0,495.0,237.0,0.0,404.0,2,0,1,0.0005134185251528256,-0.02027681048571327,0.02623012188563004,-0.0637911930678053,-0.034386434423564614,0.05491153400787875,-0.11962228538808813,-0.05379000295570733,0.07397575208898641
92,least_connections,2035,measured,191,120,4,light,1,79.2,54.6,3,733.0,455.0,0.0,646.0,446.0,0.0,2,1,0,0.011628894553025126,-0.010435359183468884,-0.02328830613011846,0.048374337286751945,-0.019534227536355253,-0.1472990561098807,0.030823289314489855,0.001978285548667885,-0.1080030561662124,28.83,27.75,3,191.0,818.0,0.0,120.0,768.0,0.0,1,2,0,-0.0438008948924178,0.0672117492205232,-0.012696366768724703,-0.08758980122358428,0.1659782481922899,-0.03174331563774488,-0.08890566331189875,0.1710984128057603,-0.034863501993988744,16.62,21.37,3,336.0,0.0,495.0,237.0,0.0,404.0,2,0,1,0.0004645215227573052,-0.018345685677550103,0.02373201503937956,-0.05771584134706194,-0.03111153590703465,0.04968186410236648,-0.10822968677969878,-0.04866714553135425,0.0669304423662258
92,least_connections,2036,measured,186,107,2,light,0,91.6,59.95,4,919.0,455.0,0.0,753.0,446.0,0.0,3,1,0,0.053605281012827716,-0.009441515451709945,-0.02107037221296432,0.1559577337356327,-0.017673824913845226,-0.13327057457560634,0.07629249985596698,0.0017898774011757268,-0.09771705081704932,28.83,27.75,3,191.0,818.0,0.0,120.0,768.0,0.0,1,2,0,-0.039629381093139904,0.06081063024714004,-0.011487188981227112,-0.07924791539276674,0.15017079598350036,-0.028720142719864415,-0.08043845728219412,0.15480332587187837,-0.03154316847075172,13.2,17.3,2,165.0,0.0,495.0,115.0,0.0,404.0,1,0,1,-0.04266361884902456,-0.016598477517783428,0.02147182313086722,-0.0831619516949608,-0.028148532487317066,0.0449502579973792,-0.13471574835623543,-0.044032179290272894,0.060556114521823357
92,least_connections,2037,measured,162,124,4,light,2,91.6,59.95,4,919.0,455.0,0.0,753.0,446.0,0.0,3,1,0,0.04850001615446317,-0.008542323503928043,-0.01906367009744391,0.141104616237001,-0.015990603493479028,-0.12057813890173907,0.06902654748873199,0.0016194128867780544,-0.08841066502494939,28.83,27.75,3,191.0,818.0,0.0,120.0,768.0,0.0,1,2,0,-0.03585515432236468,0.05501914165217432,-0.010393170983015006,-0.07170049487916991,0.1358688154136432,-0.02598489103225828,-0.07277765182674706,0.14006015197931854,-0.028539057187822982,13.14,17.6,2,162.0,495.0,0.0,124.0,404.0,0.0,1,1,0,-0.03860041705387936,0.02806623009161998,-0.023657012632163216,-0.07578462296210739,0.06410370870195123,-0.04890214752618073,-0.1191713913699273,0.08200263143578483,-0.06705240432152489
92,least_connections,2038,measured,184,105,3,light,2,54.07,39.1,2,356.0,455.0,0.0,336.0,446.0,0.0,1,1,0,-0.042286833456619474,-0.007728768884506326,-0.017248082469115918,-0.21192122023001503,-0.014467688875052453,-0.10909450662538298,-0.12619026655781393,0.0014651830880373085,-0.07999060168923992,28.83,27.75,3,591.0,418.0,0.0,469.0,419.0,0.0,2,1,0,0.010643522506522674,0.006695323172828921,-0.009403345175108815,0.03852948422496871,0.019527567687173786,-0.02351013950537654,0.03282914834722887,0.028045494647954874,-0.025821051741363652,16.82,21.1,3,346.0,495.0,0.0,229.0,404.0,0.0,2,1,0,0.00815971336848556,0.025393255797179982,-0.021403963810052433,-0.03527180172762097,0.05799859358747968,-0.04424480014273495,-0.07615506838231517,0.07419285701332914,-0.06066646105280823
92,least_connections,2039,measured,398,320,13,medium,0,80.6,55.1,3,356.0,853.0,0.0,336.0,766.0,0.0,1,2,0,-0.03825951598456047,0.036091204569346884,-0.015605407948247736,-0.19173824687477553,0.22697367831939697,-0.09870455361344174,-0.11417214593326022,0.14608754660346235,-0.07237244914740755,23.37,24.0,2,400.0,418.0,0.0,349.0,419.0,0.0,1,1,0,-0.033454046530379714,0.006057673346845219,-0.008507788491765119,-0.014514140122987476,0.01766779933601438,-0.02127107860010258,-0.004226008638221507,0.02537449515767347,-0.023361903956471877,16.82,21.1,3,346.0,495.0,0.0,229.0,404.0,0.0,2,1,0,0.00738259780958217,0.02297485048316284,-0.019365491066237916,-0.031912582515466595,0.05247491800771971,-0.04003100965295067,-0.06890220472685657,0.06712687063110731,-0.054888702857302685
92,least_connections,2040,measured,371,348,7,medium,1,80.6,55.1,3,356.0,853.0,0.0,336.0,766.0,0.0,1,2,0,-0.03461575255745947,0.032653946991313854,-0.014119178619843189,-0.17347746145813026,0.2053571375270734,-0.08930411993597111,-0.10329860822533068,0.13217444692694214,-0.06547983494289254,33.97,34.88,3,771.0,418.0,0.0,697.0,419.0,0.0,2,1,0,0.012815953365937632,0.005480752075717105,-0.007697522921120822,0.08277292084110657,0.015985151780203488,-0.019245261590569003,0.09456932551779958,0.022957876571228386,-0.021136960722522174,16.82,21.1,3,346.0,495.0,0.0,229.0,404.0,0.0,2,1,0,0.006679493256288638,0.02078676948476638,-0.017521158583739066,-0.02887328894256501,0.047477306768889255,-0.036218532543145845,-0.062340089990965464,0.060733835332906605,-0.04966120734708338
92,least_connections,2041,measured,451,416,12,heavy,0,86.93,59.1,3,455.0,849.0,0.0,446.0,736.0,0.0,1,2,0,-0.031319014218653796,0.029544047277855395,-0.012774494941762886,-0.09724151274783216,0.1833866164927489,-0.08079896565635482,-0.0436987407752992,0.10601497579104291,-0.059243660186426586,33.97,34.88,3,771.0,418.0,0.0,697.0,419.0,0.0,2,1,0,0.011595386378705469,0.004958775687553568,-0.006964425500061696,0.07488978552290596,0.01446275637256507,-0.017412379534324337,0.08556272308753296,0.0207714121358733,-0.01912391684418673,9.9,13.47,1,0.0,495.0,0.0,0.0,404.0,0.0,0,1,0,-0.08012444941211073,0.018807077152883867,-0.015852476813859154,-0.08873297570993977,0.04295565850518551,-0.03276914849141767,-0.12546643062674653,0.05494966053929645,-0.04493156855212306
92,least_connections,2042,measured,363,337,11,medium,2,86.93,59.1,3,455.0,849.0,0.0,446.0,736.0,0.0,1,2,0,-0.028336250959734383,0.026730328489488225,-0.011557876375880707,-0.08798041629565767,0.16592122444582041,-0.07310382607003531,-0.039536955939556445,0.09591831142999119,-0.05360140683533834,33.97,34.88,3,1189.0,0.0,0.0,1116.0,0.0,0.0,3,0,0,0.05357496409320517,-0.038597388890399376,-0.006301146881008201,0.17581184676562236,-0.09496907076495813,-0.015754057673912497,0.19588115422205366,-0.09967407949611465,-0.01730259143045466,17.16,24.7,2,0.0,858.0,0.0,0.0,741.0,0.0,0,2,0,-0.07249354946810019,0.06009982717460467,-0.01434271711730114,-0.08028221611851694,0.10455035769516785,-0.02964827720652075,-0.11351724675753258,0.15135128017047458,-0.04065237154715896
92,least_connections,2043,measured,488,446,20,heavy,2,86.93,59.1,3,455.0,849.0,0.0,446.0,736.0,0.0,1,2,0,-0.02563756039214063,0.024184582919060782,-0.01045712624484445,-0.07960132902940459,0.15011920307002802,-0.06614155692050813,-0.03577153156436061,0.08678323415094441,-0.048496510946258495,33.97,34.88,3,1189.0,0.0,0.0,1116.0,0.0,0.0,3,0,0,0.04847258656051896,-0.03492144709131372,-0.005701037654245515,0.15906786135937262,-0.08592439735877164,-0.014253671228777973,0.17722580620090567,-0.09018131002029421,-0.01565472557993517,26.92,39.57,3,0.0,858.0,488.0,0.0,741.0,446.0,0,2,1,-0.0655894018997097,0.05437603411035661,0.030107156168246812,-0.07263629077389627,0.09459318077181854,0.06148013014648123,-0.10270608039967234,0.1369368725351913,0.09772721939384031
92,least_connections,2044,measured,454,435,16,heavy,0,100.0,80.85,4,455.0,849.0,454.0,446.0,736.0,435.0,1,2,1,-0.02319588797384152,0.021881289307721652,0.0336226907671362,-0.07202025007422325,0.1358221361109777,0.21399890881795294,-0.03236471903442148,0.07851816423180685,0.1529079186676709,33.97,34.88,3,1189.0,0.0,0.0,1116.0,0.0,0.0,3,0,0,0.04385614974523144,-0.03159559498737908,-0.005158081687174514,0.14391854122990855,-0.077741121419841,-0.012896178730799119,0.16034715799129562,-0.08159261382788524,-0.014163799334227059,26.92,39.57,3,495.0,363.0,488.0,404.0,337.0,446.0,1,1,1,-0.016258891968218073,0.006113463968327182,0.027239807961747117,0.02385287977599862,-0.003987122158830861,0.055624879656340165,0.028916720908232954,0.002053995785807991,0.08841986516585552
92,least_connections,2045,measured,370,320,12,medium,1,100.0,80.85,4,853.0,451.0,454.0,766.0,416.0,435.0,2,1,1,0.022097144440900746,-0.023286543234056822,0.03042052974169466,0.17490231342490914,-0.11717679748689308,0.19361806035910029,0.11547953992123772,-0.07372166093312718,0.13834525974694034,33.11,33.97,3,789.0,370.0,0.0,767.0,320.0,0.0,2,1,0,-0.0034045266477384373,0.014497409523890586,-0.004666835812205512,0.0268106529495091,0.0253090534092595,-0.011667971232627774,0.04640040484926744,0.016654301774770508,-0.012814866064300672,26.92,39.57,3,495.0,363.0,488.0,404.0,337.0,446.0,1,1,1,-0.014710426066483012,0.005531229304676977,0.02464554053681882,0.021581176940189226,-0.003607396238942212,0.05032727207002205,0.02616274748840125,0.001858377139540568,0.07999892562625023
92,least_connections,2046,measured,407,403,14,heavy,1,100.0,80.85,4,1304.0,454.0,0.0,1182.0,435.0,0.0,3,1,0,0.06307655472090566,-0.0210687772117657,-0.015560563793795534,0.43027669627333043,-0.10420757867861757,-0.0986630247544648,0.2926719646906436,-0.05810531227282936,-0.07161619356229207,44.74,46.56,4,789.0,777.0,0.0,767.0,723.0,0.0,2,2,0,-0.003080286014620487,0.05620060408170599,-0.00422237525866213,0.024257257430508217,0.12810955172402388,-0.010556735877139414,0.04198131867314672,0.12901163017717332,-0.01159440262960537,26.92,39.57,3,858.0,0.0,488.0,741.0,0.0,446.0,2,0,1,0.029774467118987014,-0.03807945466538296,0.022298346199978933,0.08521154104112358,-0.06894954897809057,0.045534198539543755,0.1253059778863313,-0.09995353179438393,0.07237998032851212
92,least_connections,2047,measured,435,435,14,heavy,2,100.0,80.85,4,1304.0,454.0,0.0,1182.0,435.0,0.0,3,1,0,0.057069263795105116,-0.01906222700112134,-0.014078605337243578,0.38929796329491806,-0.0942830473758921,-0.08926654620642054,0.26479844424391563,-0.05257147300875034,-0.06479560369921664,34.14,35.69,3,418.0,777.0,0.0,419.0,723.0,0.0,1,2,0,-0.04587082566855685,0.050848165597733995,-0.0038202442816466895,-0.07395771946763542,0.11590864203602162,-0.009551332460268994,-0.06040975929572437,0.11672480825553777,-0.010490173807738193,35.62,54.07,4,858.0,435.0,488.0,741.0,435.0,446.0,2,1,1,0.0269388035838454,0.008631060291410877,0.02017469418093332,0.07709615618006418,0.01633136044839424,0.04119760820244435,0.11337207523049023,0.04075632837650976,0.06548664886865381
92,least_connections,2048,measured,469,422,19,heavy,1,86.87,58.55,3,849.0,454.0,0.0,736.0,435.0,0.0,2,1,0,0.008550195587861548,-0.01724677681053835,-0.012737785781315618,0.07777752234619567,-0.08530370953056904,-0.08076497037723762,0.037817640030209376,-0.047564666055536026,-0.058624593823100764,47.54,48.88,4,418.0,777.0,469.0,419.0,723.0,422.0,1,2,1,-0.04150217560488477,0.04600548315985457,0.039627488733838936,-0.06691412713738441,0.10486972374687671,0.11259641348832805,-0.054656448886607756,0.10560815985024846,0.10982436655490353,35.62,54.07,4,858.0,435.0,488.0,741.0,435.0,446.0,2,1,1,0.024373203242526786,0.007809054549371752,0.018253294735130147,0.06975366511529617,0.014775992786642406,0.037274026468878216,0.1025747347323483,0.03687477329303264,0.059249825166877254
92,least_connections,2049,measured,439,422,12,heavy,0,100.0,79.65,4,849.0,893.0,0.0,736.0,857.0,0.0,2,2,0,0.007735891246160448,0.02747967358865125,-0.011524663325952226,0.07037013926560559,0.18761410407551699,-0.07307306843654833,0.03421596002733229,0.1478700640449912,-0.053041299173281646,35.6,35.78,3,0.0,777.0,469.0,0.0,723.0,422.0,0,2,1,-0.08063348767879597,0.041624008573201754,0.03585344218775904,-0.16859577489300767,0.09488213100907894,0.10187294553705872,-0.16791833470693085,0.0955502398645105,0.09936490307348414,35.62,54.07,4,858.0,923.0,0.0,741.0,881.0,0.0,2,2,0,0.022051945790857563,0.05014923529523657,-0.026569014514020568,0.06311045891383939,0.10167351728315265,-0.054580642718634,0.09280571237688653,0.16787082663020417,-0.0809009518331428
92,least_connections,2050,measured,477,410,14,heavy,1,100.0,79.65,4,849.0,893.0,0.0,736.0,857.0,0.0,2,2,0,0.006999139698907059,0.024862561818303514,-0.010427076342528204,0.0636682212403098,0.169746094163563,-0.06611372858544849,0.03095729716758633,0.13378720080261108,-0.047989746871064345,49.23,48.59,4,370.0,884.0,469.0,320.0,813.0,422.0,1,2,1,-0.02987020767310565,0.03765981728051587,0.0324388286460677,-0.056892775923605574,0.11350560152522107,0.09217076024781504,-0.06144992187769932,0.11189664559169998,0.08990157897124756,35.62,54.07,4,858.0,923.0,0.0,741.0,881.0,0.0,2,2,0,0.01995176047744257,0.045373117648071185,-0.024038632179351944,0.05709993901728325,0.09199032516094763,-0.049382486269240286,0.08396707310289733,0.151883128855899,-0.0731960992776054
92,least_connections,2051,measured,400,446,18,heavy,0,100.0,100.0,5,849.0,893.0,400.0,736.0,857.0,446.0,2,2,1,0.006332554965677806,0.022494698787988904,0.03364987877399375,0.05760458112218503,0.15357979948131895,0.1814526582639593,0.0280089831516257,0.12104556263093386,0.15834260997379893,49.23,48.59,4,370.0,884.0,469.0,320.0,813.0,422.0,1,2,1,-0.027025425989952723,0.03407316801570484,0.029349416394061252,-0.051474416311833596,0.10269554423710478,0.08339259260516599,-0.055597548365537486,0.10123982220201427,0.08133952383112875,25.72,40.6,3,363.0,923.0,0.0,337.0,881.0,0.0,1,2,0,-0.025032307413833138,0.04105186834825488,-0.02174923863846128,-0.037909578984362785,0.08322934181228595,-0.04467939233883645,-0.045871060843410374,0.137418068964861,-0.06622504220354775
92,least_connections,2052,measured,368,329,5,medium,2,100.0,85.95,4,451.0,893.0,400.0,416.0,857.0,446.0,1,2,1,-0.03735444573400125,0.020352346522466147,0.03044512841456578,-0.18794506152437218,0.13895315191166951,0.1641714527150108,-0.11942044381519581,0.10951741380894014,0.1432623614048657,49.23,48.59,4,370.0,884.0,469.0,320.0,813.0,422.0,1,2,1,-0.024451575895671512,0.030828104395161524,0.026554233880341133,-0.04657209094880181,0.09291501621452336,0.07545044092848352,-0.050302543759295826,0.091597934373251,0.07359290251387839,33.08,51.57,4,731.0,923.0,0.0,666.0,881.0,0.0,2,2,0,0.02043562209043215,0.03714216660080204,-0.019677882577655445,0.03229133329986225,0.07530273783016347,-0.040424212116090125,0.05771983384008905,0.12433063382535042,-0.05991789532701939
92,least_connections,2053,measured,465,408,17,heavy,0,100.0,85.55,4,454.0,439.0,865.0,435.0,422.0,854.0,1,1,2,-0.03379687947362017,-0.024669872420716568,0.07062949260184069,-0.16823600804586059,-0.14812175144499745,0.42901226674215265,-0.09945183011851047,-0.09769853036333989,0.31418975555678325,49.23,48.59,4,777.0,946.0,0.0,723.0,832.0,0.0,2,2,0,0.020961045844959336,0.027892094452765193,-0.01905864100168682,0.06307423063815892,0.1000931779355892,-0.052973410588514916,0.06843162707492284,0.08824634538532233,-0.052731421535062405,25.82,40.33,3,368.0,923.0,0.0,329.0,881.0,0.0,1,2,0,-0.024594527859223517,0.033604817400725656,-0.01780379852264064,-0.03646974606202939,0.06813104851300505,-0.03657428715265297,-0.049412213827221024,0.11248962108007896,-0.054211429105398494
92,least_connections,2054,measured,166,125,6,light,2,100.0,85.55,4,893.0,0.0,865.0,857.0,0.0,854.0,2,0,2,0.012505771179196268,-0.06540426098835807,0.06390287425880825,0.1125801197045389,-0.3988085687676961,0.38815395562385235,0.10092453465468099,-0.27929867032873607,0.28426692169423246,49.23,48.59,4,777.0,946.0,0.0,723.0,832.0,0.0,2,2,0,0.01896475576448703,0.0252357045048828,-0.017243532334859504,0.057067161053572374,0.09056049432267596,-0.04792832386579921,0.06191432925826351,0.07984193153910116,-0.04770938138886598,29.14,44.5,4,969.0,488.0,0.0,889.0,446.0,0.0,3,1,0,0.06391560858088394,-0.012679541626100826,-0.01610819866334153,0.07575594403911627,-0.017071908488233506,-0.033091021709543166,0.12418260018806987,-0.02941415235611905,-0.0490484358572653
92,least_connections,2055,measured,159,107,1,light,0,100.0,90.9,5,1052.0,400.0,465.0,964.0,446.0,408.0,3,1,1,0.05439864557936351,-0.016091383524614214,0.014732986007402471,0.1977629654469637,-0.11955695904378855,0.10991707096126324,0.13971743611613996,-0.05093689220218975,0.0554319767709722,49.23,48.59,4,777.0,946.0,0.0,723.0,832.0,0.0,2,2,0,0.0171585885488216,0.022832304075846355,-0.01560129116011098,0.051632193334184534,0.08193568533956397,-0.04336372159286595,0.05601772647176223,0.07223793805918677,-0.04316563078040256,29.14,44.5,4,969.0,488.0,0.0,889.0,446.0,0.0,3,1,0,0.057828407763656886,-0.011471966233138842,-0.014574084504928052,0.0685410922258671,-0.015446012441735074,-0.029939495832443815,0.11235568588444417,-0.02661280451267914,-0.04437715625181146
92,least_connections,2056,measured,482,403,16,heavy,1,100.0,85.55,4,893.0,865.0,0.0,857.0,854.0,0.0,2,2,0,0.006133921964095346,0.02852502941877308,-0.02975405574386942,0.08302363540439572,0.1723056084841913,-0.1810274119874285,0.07800625172412667,0.13848566895992354,-0.1344186876834061,63.0,61.19,5,777.0,946.0,482.0,723.0,832.0,403.0,2,2,1,0.015524437258457646,0.020657798925765747,0.028968446319990293,0.04671484158807174,0.07413228673579597,0.08536479610985596,0.05068270490302296,0.06535813443450231,0.07488883405582626,29.14,44.5,4,1457.0,0.0,0.0,1335.0,0.0,0.0,4,0,0,0.0954048405843517,-0.053463298247216316,-0.013186076456839666,0.1503181310614988,-0.10227972554252221,-0.027088115276972975,0.23616308087957646,-0.1585861882098843,-0.040150760418305606
92,least_connections,2057,measured,374,316,9,medium,0,100.0,100.0,5,893.0,1239.0,0.0,857.0,1170.0,0.0,2,3,0,0.005549738919895797,0.06889226017707586,-0.02692033614921519,0.07511662250873896,0.3814828521206175,-0.1637867060838639,0.07057708489325748,0.2682489385827879,-0.12161690790403408,52.43,51.19,4,884.0,469.0,482.0,813.0,422.0,403.0,2,1,1,0.01404591942431882,-0.024393510722493114,0.026209546670467408,0.06992567300145264,-0.05623405349754512,0.07723481552796492,0.07130220919797317,-0.05678906884497412,0.06775656414574757,21.78,33.53,3,1089.0,0.0,0.0,1006.0,0.0,0.0,3,0,0,0.04323476506384655,-0.04837155555700524,-0.011930259651426365,0.0694116423889751,-0.09253879930037724,-0.02450829477440412,0.11444913666882314,-0.14348274171370484,-0.036326878473705075
92,least_connections,2058,measured,352,344,13,medium,2,100.0,100.0,5,893.0,1239.0,0.0,857.0,1170.0,0.0,2,3,0,0.005021192356096188,0.06233109254116387,-0.024356494611194695,0.0679626584602876,0.3451511519186539,-0.14818797217111496,0.06385545776056628,0.24270142062252242,-0.11003434524650703,52.43,51.19,4,884.0,951.0,0.0,813.0,825.0,0.0,2,2,0,0.012708212812478942,0.02101358100164455,-0.019370500858239235,0.06326608509655238,0.07372021010086055,-0.05471952064476643,0.06451152260769002,0.06256286628311866,-0.05263989434432363,28.82,45.0,4,1089.0,352.0,0.0,1006.0,344.0,0.0,3,1,0,0.03911716839109926,-0.0006808405152949892,-0.010794044446528615,0.06280100978050127,-0.020030342224150843,-0.02217417146255611,0.10354921889083998,-0.02607168694732026,-0.03286717576192364
92,least_connections,2059,measured,185,121,9,light,1,100.0,100.0,5,1267.0,865.0,0.0,1173.0,854.0,0.0,3,2,0,0.04762688378703486,0.013310897786676601,-0.02203682845774758,0.2870773259085141,0.08669231205338535,-0.1340748319643421,0.20072636654527432,0.07663461865847265,-0.09955488379445875,57.71,54.97,5,884.0,1136.0,0.0,813.0,946.0,0.0,2,3,0,0.011497906830338078,0.062096187799673866,-0.01752569125269264,0.05724074365878548,0.11452236696200305,-0.04950813772621725,0.05836756807362431,0.09081580758948835,-0.04762657107343567,28.82,45.0,4,1089.0,352.0,0.0,1006.0,344.0,0.0,3,1,0,0.03539172378242314,-0.0006159985614573732,-0.00976604021352589,0.05681996122997732,-0.018122690583755527,-0.020062345608979338,0.0936873885202838,-0.023588669142813573,-0.029736968546502342
92,least_connections,2060,measured,379,340,6,medium,2,100.0,79.6,4,813.0,865.0,0.0,738.0,854.0,0.0,2,2,0,7.08986627417918e-06,0.012043193235564548,-0.01993808289034305,-0.014104641638328586,0.07843590138163437,-0.12130580034869048,-0.015176144554275628,0.06933608354814191,-0.09007346629022459,46.09,42.38,4,946.0,667.0,0.0,832.0,524.0,0.0,2,2,0,0.010402868084591593,0.01309836492532851,-0.015856577800055248,0.06781645514706444,-0.017622620367711533,-0.04479307699038703,0.058180775876136265,-0.03714879313332009,-0.04309070716167989,33.08,52.17,4,1302.0,352.0,0.0,1221.0,344.0,0.0,3,1,0,0.032021083422192356,-0.0005573320317947689,-0.008835941145571043,0.08995139349378903,-0.016396720051969293,-0.018151646027171783,0.14960604993105042,-0.021342129224450362,-0.02690487630397831
92,least_connections,2061,measured,163,119,8,light,0,93.47,64.45,4,374.0,1028.0,0.0,316.0,973.0,0.0,1,3,0,-0.04307748558584264,0.053980122677982426,-0.01803921785316752,-0.2775549932283291,0.16928327585322478,-0.10975286698214853,-0.2046355593586303,0.11656598035308074,-0.08149504092925082,46.09,42.38,4,1131.0,482.0,0.0,953.0,403.0,0.0,3,1,0,0.052496018969959285,-0.031232998627650624,-0.01434642753338332,0.10918087438475896,-0.0637674048224873,-0.04052706965796922,0.086851059126028,-0.06782212235871818,-0.03898683028913895,24.38,37.67,3,867.0,352.0,0.0,786.0,344.0,0.0,2,1,0,-0.014112443797154761,-0.0005042527906714556,-0.007994422941230943,0.0026703083991424514,-0.014835127666067455,-0.016422917834107802,0.004167378509045638,-0.019309545488788438,-0.02434250713217085
92,least_connections,2062,measured,160,114,7,light,2,93.47,64.45,4,937.0,465.0,0.0,881.0,408.0,0.0,3,1,0,0.04719293254251425,-0.03732864184010207,-0.016321197105246803,0.08846611723786102,-0.18642624248200296,-0.09930021298384867,0.07044877962790591,-0.15013077968054597,-0.07373360845979836,46.09,42.38,4,1131.0,482.0,0.0,953.0,403.0,0.0,3,1,0,0.04749639811567745,-0.028258427329779137,-0.012980101101632528,0.09878269587192479,-0.05769431864891708,-0.03666734873816263,0.0785795296854539,-0.06136287261026885,-0.03527379883303048,27.58,41.47,4,1027.0,352.0,0.0,900.0,344.0,0.0,3,1,0,0.030315498695998297,-0.00045622871536940557,-0.007233049327780378,0.031368374265890786,-0.013422258364537226,-0.014858830421335631,0.03815143769866031,-0.017470541156522884,-0.02202417311958315
92,least_connections,2063,measured,372,302,12,medium,0,100.0,79.55,5,1402.0,372.0,0.0,1289.0,302.0,0.0,4,1,0,0.08578226776522264,-0.03377353309342568,-0.014766797380937583,0.36051696321520754,-0.22476660034085982,-0.08984304984252975,0.24831080061572436,-0.18378499113954158,-0.06671136003505566,46.09,42.38,4,1131.0,482.0,0.0,953.0,403.0,0.0,3,1,0,0.042972931628470074,-0.02556714853646684,-0.011743900996715144,0.08937482007459863,-0.05219962163473449,-0.03317522028690905,0.07109576495350589,-0.05551878950452896,-0.031914389420360914,17.82,26.6,3,539.0,352.0,0.0,454.0,344.0,0.0,2,1,0,-0.015655591882758918,-0.0004127783615247016,-0.00654418748703939,-0.05992385185467025,-0.01214394804410511,-0.013443703714541762,-0.09998996906629148,-0.015806680093996883,-0.019926632822479994
92,least_connections,2064,measured,372,316,11,medium,2,100.0,79.55,5,1402.0,372.0,0.0,1289.0,302.0,0.0,4,1,0,0.07761252797805858,-0.03055700613214704,-0.013360435725610194,0.32618201433756877,-0.20336025745125408,-0.08128656890514596,0.22466215293803632,-0.16628165865006142,-0.060357897174574175,32.46,29.56,3,654.0,482.0,0.0,543.0,403.0,0.0,2,1,0,-0.004203628753379679,-0.02313218200918428,-0.010625434235123226,-0.042443190000533176,-0.0472282290980931,-0.03001567549767962,-0.05159787932778037,-0.05023128574219288,-0.028874923761278922,25.26,37.13,4,891.0,372.0,0.0,798.0,316.0,0.0,3,1,0,0.028919317094737385,-0.0003734661366175812,-0.0059209315358927815,0.009478419750536426,-0.00736833394466653,-0.0121633509798235,0.013278916876529934,-0.022745726434251157,-0.018028858267958088
92,least_connections,2065,measured,444,431,16,heavy,1,100.0,79.55,5,1402.0,372.0,0.0,1289.0,302.0,0.0,4,1,0,0.0702208586468149,-0.027646815071942554,-0.012088013275552081,0.29511706059113363,-0.18399261388446797,-0.07354499091417968,0.2032657574201281,-0.15044531020719845,-0.05460952601509092,45.14,43.03,4,1136.0,0.0,444.0,946.0,0.0,431.0,3,0,1,0.03928061706893765,-0.064013017282686,0.03347041210926492,0.08619765802672846,-0.16732894197310463,0.0876184704680858,0.06725965679867493,-0.15939080614769832,0.09573518802550954,25.26,37.13,4,891.0,372.0,0.0,798.0,316.0,0.0,3,1,0,0.0261650964190481,-0.0003378979331301879,-0.005357033294379183,0.008575713107628197,-0.006666587854698286,-0.01100493660079269,0.012014258126384236,-0.020579466773846283,-0.016311824147200175
92,least_connections,2066,measured,189,120,7,light,1,93.33,63.75,4,1028.0,372.0,0.0,973.0,302.0,0.0,3,1,0,0.02044925759655135,-0.025013785065090874,-0.010936773915975693,0.04142337228086701,-0.1664695078002329,-0.06654070606521019,0.04095473290392543,-0.13611718542556053,-0.04940861877555845,50.54,46.78,5,1325.0,0.0,444.0,1066.0,0.0,431.0,4,0,1,0.07862350614627239,-0.05791653944623972,0.030282753813144457,0.12684550011942097,-0.15139285226138038,0.07927385423303,0.09478254662737251,-0.14421072937172705,0.0866175510706991,17.68,25.8,3,512.0,372.0,0.0,458.0,316.0,0.0,2,1,0,-0.019410717752380513,-0.0003057171775939782,-0.004846839647295451,-0.060821973855003056,-0.006031674725679392,-0.009956847400717195,-0.09166963947295395,-0.018619517557289494,-0.014758317085562063
92,least_connections,2067,measured,389,322,11,medium,2,93.33,63.75,4,1028.0,372.0,0.0,973.0,302.0,0.0,3,1,0,0.01850170925402264,-0.022631519820796503,-0.009895176400168484,0.03747828920649876,-0.15061526896211547,-0.0602034959637616,0.037054282151170626,-0.12315364395645953,-0.04470303603502908,37.14,33.59,4,856.0,444.0,0.0,644.0,431.0,0.0,3,1,0,0.02805165295320336,-0.009316778319840471,-0.015685218205340953,-0.006473118939571504,-0.02219897517526251,-0.043051546850387826,-0.03355983876571059,-0.008616255145848295,-0.04349185855508175,25.46,36.53,4,512.0,761.0,0.0,458.0,638.0,0.0,2,2,0,-0.01756207796643952,0.04280729897083901,-0.004385235871362551,-0.05502940491643134,0.06493324667676628,-0.00900857621969651,-0.08293919761838692,0.08026488094023015,-0.013352763077413295
92,least_connections,2068,measured,374,315,11,medium,0,100.0,79.5,5,1400.0,374.0,0.0,1275.0,315.0,0.0,4,1,0,0.059823541932777835,-0.020476136980720636,-0.008952778647771486,0.25828988071064174,-0.13506460842604098,-0.05446982968149859,0.17014435051772575,-0.10554377310346338,-0.04044560403169298,31.86,29.81,3,671.0,444.0,0.0,523.0,431.0,0.0,2,1,0,-0.01770383326909719,-0.008429466098903285,-0.014191387900070386,-0.05367976067321775,-0.02008478706333275,-0.03895139953130327,-0.06457497316897623,-0.007795659417672268,-0.03934977678793111,25.46,36.53,4,884.0,389.0,0.0,774.0,322.0,0.0,3,1,0,0.027194401114264466,-0.0043534868721887415,-0.003967594359804213,0.01752577650418119,-0.008565157768640044,-0.008150616579725415,0.020261360884951507,-0.022680980736617173,-0.012081071355754886
92,least_connections,2069,measured,351,310,9,medium,1,80.73,51.25,3,837.0,374.0,0.0,710.0,315.0,0.0,2,1,0,-0.032041738704810974,-0.018526028696842486,-0.008100133062269439,-0.10589645713481621,-0.12220131238546564,-0.0492822268546892,-0.10165511143634332,-0.0954919851888478,-0.036593641742960314,41.89,39.5,4,671.0,795.0,0.0,523.0,741.0,0.0,2,2,0,-0.016017753910135546,0.03545724042298773,-0.01283982714768273,-0.04856740251386368,0.0725627436773928,-0.03524174243308391,-0.05842497572431182,0.08059559386020129,-0.03560217899860434,22.26,32.73,3,724.0,389.0,0.0,660.0,322.0,0.0,2,1,0,-0.01847944207575619,-0.003938869074837439,-0.0035897282302990497,-0.013095726020026538,-0.007749428457341001,-0.007374367381656328,-0.016049244913615313,-0.020520887333129817,-0.010930493131397278
92,least_connections,2070,measured,453,424,16,heavy,0,79.93,52.05,3,372.0,374.0,453.0,302.0,315.0,424.0,1,1,1,-0.07207404476920538,-0.01676164501142892,0.035755208408513595,-0.3762872707410243,-0.11056309215827845,0.22864941379813833,-0.27654510082335826,-0.08639751040895752,0.15870099080398828,41.89,39.5,4,671.0,795.0,0.0,523.0,741.0,0.0,2,2,0,-0.014492253537741695,0.03208036038270318,-0.011616986466951041,-0.043941935607781424,0.06565200618430775,-0.03188538601088544,-0.052860692321996416,0.07291982301637259,-0.03221149528445155,22.26,32.73,3,724.0,389.0,0.0,660.0,322.0,0.0,2,1,0,-0.016719495211398455,-0.0035637386867576892,-0.0032478493512229497,-0.011848514018119233,-0.007011387651879961,-0.006672046678641439,-0.014520745398032886,-0.018566517110926967,-0.009889493785549918
92,least_connections,2071,measured,386,326,11,medium,0,100.0,68.35,4,372.0,760.0,453.0,302.0,641.0,424.0,1,2,1,-0.06520985002928106,0.02791860235927407,0.03234995046484563,-0.3404503878133077,0.13279212296790682,0.2068732791506966,-0.2502074721735146,0.06930701439189557,0.14358661072741796,41.89,39.5,4,1022.0,444.0,0.0,833.0,431.0,0.0,3,1,0,0.02997186131165773,-0.014058812261454487,-0.010510606803431894,0.05097770451812969,-0.0313352597107964,-0.028848682581277305,0.03982246885152704,-0.021673731556615283,-0.0291437338287895,15.22,21.27,2,761.0,0.0,0.0,638.0,0.0,0.0,2,0,0,-0.015127162334122424,-0.046308235229061946,-0.0029385303653921926,-0.004024846016393607,-0.0767341126374152,-0.006036613661627969,-0.01977273789980752,-0.11390938849718789,-0.008947637234545164
92,least_connections,2072,measured,398,350,8,medium,2,100.0,68.35,4,746.0,839.0,0.0,617.0,750.0,0.0,2,2,0,-0.01591548789497313,0.025259687848867007,-0.013814897425230368,-0.08243923976759587,0.1677960477646141,-0.08606703314936974,-0.0838781891093704,0.11201587016409598,-0.06189782838947898,28.11,26.91,3,540.0,444.0,0.0,430.0,431.0,0.0,2,1,0,-0.015966501897162283,-0.012719877760363582,-0.009509596631676475,-0.07847595441556973,-0.028350949262149122,-0.026101189002108036,-0.07791359961052316,-0.019609566646461435,-0.02636814013080955,23.18,32.93,3,761.0,398.0,0.0,638.0,350.0,0.0,2,1,0,-0.013686480207063145,0.0011859731147489394,-0.002658670330592936,-0.0036415273481656407,0.002592945709005298,-0.005461698074806258,-0.017889620004587742,0.002494680248576034,-0.008095481307445624
92,least_connections,2073,measured,460,420,16,heavy,1,100.0,68.35,4,746.0,839.0,0.0,617.0,750.0,0.0,2,2,0,-0.014399727143070917,0.022854003291832042,-0.012499192908541762,-0.07458788359925345,0.1518154717870318,-0.07787017284942976,-0.07588979014657321,0.10134769205322969,-0.05600279711429051,35.86,36.28,3,351.0,444.0,460.0,310.0,431.0,420.0,1,1,1,-0.057529782895618484,-0.011508460830805145,0.03447997946476437,-0.11985919685218213,-0.02565085885623017,0.09529620314775258,-0.10442182821904476,-0.01774198887060796,0.09489311131021994,23.18,32.93,3,1159.0,0.0,0.0,988.0,0.0,0.0,3,0,0,0.030700894325128805,-0.04201087693246071,-0.002405463632441228,0.06872433239927872,-0.06967304912042378,-0.004941536353396138,0.08936970888473805,-0.103298463902082,-0.007324483087688898
92,least_connections,2074,measured,377,332,9,medium,1,100.0,68.35,4,746.0,839.0,0.0,617.0,750.0,0.0,2,2,0,-0.013028324558016557,0.020677431549752795,-0.011308793583918737,-0.06748427563741982,0.1373568554263621,-0.07045396591138883,-0.06866219108499483,0.09169553090530302,-0.050669197389119985,46.63,46.66,4,795.0,377.0,460.0,741.0,332.0,420.0,2,1,1,-0.008966855726421252,-0.01041241694215704,0.03119617189669157,0.006331474956869226,-0.04052764780869804,0.08622037427653806,0.0273832268494357,-0.044043347073407194,0.08585567213781804,23.18,32.93,3,1159.0,0.0,0.0,988.0,0.0,0.0,3,0,0,0.02777699962749748,-0.03800984103413112,-0.002176371857923016,0.0621791578850617,-0.06303752063276438,-0.004470913843548887,0.08085830803857252,-0.09346051495902657,-0.006626913269813765
92,least_connections,2075,measured,198,116,6,light,2,80.87,53.25,3,760.0,453.0,0.0,641.0,424.0,0.0,2,1,0,-0.011787531742967372,-0.02437574787221912,-0.010231765623545525,-0.05261275732274484,-0.10855014667773588,-0.06374406439601847,-0.051265791934042904,-0.06451356727615445,-0.04584355954253713,46.63,46.66,4,795.0,837.0,0.0,741.0,752.0,0.0,2,2,0,-0.008112869466762096,0.033663142040996234,-0.0148587923202269,0.0057284773419293,0.08224369279893304,-0.04090265456612543,0.024775300482822782,0.07890125740977441,-0.04107105854197416,19.7,26.27,3,985.0,0.0,0.0,788.0,0.0,0.0,3,0,0,0.025131571091545332,-0.03438985617373768,-0.0019690983476446334,0.02477161903886535,-0.05703394723916778,-0.004045112525115659,0.012840056479343415,-0.08455951353435738,-0.005995778672688645
92,least_connections,2076,measured,199,102,7,light,0,94.13,58.35,4,959.0,453.0,0.0,743.0,424.0,0.0,3,1,0,0.03241899055454879,-0.02205424807486492,-0.009257311754636427,0.07242972750164345,-0.09821203747033247,-0.05767320112020719,-0.0002404784165150331,-0.058369418011758795,-0.04147750625277169,46.63,46.66,4,1172.0,460.0,0.0,1073.0,420.0,0.0,3,1,0,0.03574368499492499,-0.012626771713475066,-0.013443669242110053,0.10263869038419454,-0.02304482216150955,-0.037007163655065865,0.11628479567493491,-0.022482195676870764,-0.03715952915702424,19.7,26.27,3,985.0,0.0,0.0,788.0,0.0,0.0,3,0,0,0.02273808813044577,-0.031114631776238855,-0.0017815651716784778,0.02241241722564008,-0.05160214274019942,-0.003659863713199882,0.011617193957501215,-0.07650622653108526,-0.005424752132432583
92,least_connections,2077,measured,413,416,14,heavy,2,94.13,58.35,4,959.0,453.0,0.0,743.0,424.0,0.0,3,1,0,0.029331467644591755,-0.019953843496306356,-0.008375663016099625,0.06553165821577267,-0.08885851009220558,-0.05218051529923508,-0.00021757571018027333,-0.05281042582016274,-0.03752726756203153,46.63,46.66,4,1172.0,460.0,0.0,1073.0,420.0,0.0,3,1,0,0.032339524519217844,-0.011424222026477443,-0.012163319790480524,0.09286357701427125,-0.020850077193746736,-0.033482671878392926,0.10521005322970303,-0.020341034183835455,-0.033620526380164786,27.96,40.13,4,985.0,413.0,0.0,788.0,416.0,0.0,3,1,0,0.02057255592754617,0.014932566714922213,-0.0016118922981852894,0.02027790129938864,0.028045680377914814,-0.0033113052643237027,0.010510794532977319,0.05624039821790698,-0.004908109072200908
92,least_connections,2078,measured,470,448,18,heavy,0,100.0,80.75,5,959.0,453.0,470.0,743.0,424.0,448.0,3,1,1,0.026537994535583018,-0.018053477449039082,0.03550591940266723,0.059290547909508606,-0.08039579484532888,0.23628112107846988,-0.00019685421397264147,-0.047780861456337725,0.16871342458673338,36.6,36.97,3,821.0,460.0,0.0,763.0,420.0,0.0,2,1,0,-0.013824330423655495,-0.010336200881098642,-0.011004908381863332,-0.006715267055115104,-0.018864355556247048,-0.030293845985212647,0.007541238636397968,-0.01840379283299398,-0.03041857148681576,20.18,29.4,3,596.0,413.0,0.0,466.0,416.0,0.0,2,1,0,-0.02447063533992988,0.013510417503977246,-0.0014583787459771665,-0.05204380358626742,0.025374663199065783,-0.002995942858197636,-0.08760134462889355,0.05088416981620156,-0.0044406701129436794
92,least_connections,2079,measured,158,125,4,light,1,100.0,65.0,4,1038.0,0.0,470.0,852.0,0.0,448.0,3,0,1,0.024010566484575113,-0.05941799887112606,0.03212440326907988,0.10129462271177758,-0.34597714771720234,0.21377815716623463,0.049131417615929485,-0.2350398270319246,0.15264547938799689,41.11,40.88,4,979.0,460.0,0.0,888.0,420.0,0.0,3,1,0,0.030576172700592874,-0.009351800797184492,-0.009956821869304919,0.034767819603195166,-0.0170677502651759,-0.027408717796144778,0.042165287337693425,-0.01665105065842315,-0.02752156467854759,20.18,29.4,3,596.0,413.0,0.0,466.0,416.0,0.0,2,1,0,-0.02214009864088895,0.012223711075027031,-0.0013194855320745793,-0.04708725086376575,0.022958028608678564,-0.002710614966940718,-0.07925835942614179,0.04603805840513474,-0.004017749149806186
92,least_connections,2080,measured,160,117,3,light,2,100.0,65.0,4,1038.0,0.0,470.0,852.0,0.0,448.0,3,0,1,0.021723845866996522,-0.05375914183578072,0.02906493629107227,0.09164751578684638,-0.3130269431727069,0.1934183326742123,0.044452234985840944,-0.21265508160031274,0.1381078146843781,41.11,40.88,4,979.0,460.0,0.0,888.0,420.0,0.0,3,1,0,0.027664156252917363,-0.008461153102214541,-0.009008553119847308,0.03145659868860515,-0.015442250239921046,-0.024798363720321466,0.038149545686484515,-0.015065236310001923,-0.024900463280590677,15.42,21.63,3,358.0,413.0,0.0,233.0,416.0,0.0,2,1,0,-0.020031517817947153,0.011059548115500653,-0.0011938202433055718,-0.085669417448169,0.020771549693566323,-0.0024524611605654116,-0.14197978551254098,0.041653481414169524,-0.0036351063736341682
92,least_connections,2081,measured,453,431,15,heavy,2,100.0,65.0,4,1038.0,0.0,470.0,852.0,0.0,448.0,3,0,1,0.019654908165377807,-0.048639223565706366,0.02629684712049396,0.08291918095000383,-0.2832148533467348,0.1749975390861921,0.0402186887967132,-0.19240221668599725,0.12495468947634211,28.43,27.41,3,535.0,460.0,0.0,457.0,420.0,0.0,2,1,0,-0.01805442552173689,-0.007655328997241723,-0.008150595679861851,-0.08631477805724838,-0.013971559740880934,-0.022436614794576565,-0.08734386342651404,-0.013630451899525553,-0.02252899058720109,20.52,32.13,3,160.0,413.0,453.0,117.0,416.0,431.0,1,1,1,-0.061207654442995266,0.010006257818786307,0.0420037771494809,-0.11333899673881956,0.018793306865607623,0.07975253514044081,-0.16344202816214026,0.03768648318424861,0.1266952212175056
92,least_connections,2082,measured,458,425,15,heavy,1,74.8,48.7,3,652.0,470.0,0.0,526.0,448.0,0.0,2,1,0,-0.025300888077129824,-0.0009230163326912483,-0.01929151473678664,-0.15780328072777428,0.027250053321208223,-0.1251609566997945,-0.11108785299344992,0.028588470617431055,-0.08961242380711905,41.51,40.69,4,995.0,0.0,458.0,877.0,0.0,425.0,3,0,1,0.026748943802328756,-0.050010150271880834,0.03570955175450141,0.040817241621673245,-0.13155249962950452,0.09809476348517904,0.03972459975696346,-0.13108231362338027,0.09978031804015139,20.52,32.13,3,160.0,866.0,0.0,117.0,847.0,0.0,1,2,0,-0.05537835401985286,0.05213718111042117,-0.005080482805798459,-0.10254480657321771,0.09897489668793069,-0.009814372968172592,-0.14787612071812692,0.16408142129368525,-0.01535511731114573
92,least_connections,2083,measured,391,334,10,medium,0,87.6,60.3,3,453.0,861.0,0.0,424.0,782.0,0.0,1,2,0,-0.06597517991558911,0.042248790211465284,-0.017454227618997436,-0.26280614288068466,0.2604960799890296,-0.11324086558552834,-0.14665091461312138,0.17696099722529476,-0.0810779072540601,26.23,26.41,2,460.0,458.0,0.0,420.0,425.0,0.0,1,1,0,-0.06196637510855062,-0.0021633785906586267,-0.010775258163160856,-0.10136943445113919,-0.0006291323178510277,-0.02964215276511013,-0.09327000498179497,0.0015654067217035494,-0.02988625986843445,17.32,28.23,2,0.0,866.0,0.0,0.0,847.0,0.0,0,2,0,-0.09318812529233853,0.04717173529038106,-0.00459662730048432,-0.1217310154710065,0.08954871605098491,-0.008879670780727584,-0.16907839493544818,0.14845461926571524,-0.013892725186274709
92,least_connections,2084,measured,397,308,11,medium,1,87.6,60.3,3,453.0,861.0,0.0,424.0,782.0,0.0,1,2,0,-0.05969182944743777,0.03822509590561145,-0.015791920226711966,-0.2377769864158576,0.23568692951388398,-0.10245602124404946,-0.13268416084044318,0.16010756891812383,-0.07335620180129247,37.57,36.03,3,460.0,855.0,0.0,420.0,733.0,0.0,1,2,0,-0.05606481557440293,0.04112655769235194,-0.009749043100002679,-0.09171520259864974,0.10205663538588988,-0.026819090597004405,-0.08438714736448116,0.08849965370058893,-0.027039949404774027,17.32,28.23,2,413.0,453.0,0.0,416.0,431.0,0.0,1,1,0,-0.04122916551392987,-0.0004047111545078391,-0.004158853271866766,-0.03540425209281539,0.00628693356993873,-0.008033987849229719,-0.027515373195564213,0.008855766637234419,-0.012569608501867594
92,least_connections,2085,measured,489,419,16,heavy,2,87.6,60.3,3,453.0,861.0,0.0,424.0,782.0,0.0,1,2,0,-0.05400689330958655,0.0345846105812675,-0.014287927824167969,-0.2151315591381569,0.2132405552744665,-0.09269830493509236,-0.12004757409373432,0.14485922902115966,-0.06636989686783605,37.57,36.03,3,460.0,855.0,0.0,420.0,733.0,0.0,1,2,0,-0.0507253093292217,0.03720974267403271,-0.008820562804764329,-0.08298042139877831,0.09233695582532894,-0.024264891492527793,-0.07635027618691154,0.0800711152529138,-0.024464716128128883,27.1,42.2,3,413.0,453.0,489.0,416.0,431.0,419.0,1,1,1,-0.03730257832212702,-0.0003661672350308981,0.03932112821887791,-0.03203241856016631,0.0056881779918493275,0.08121686813641121,-0.024894861462653323,0.008012360290831133,0.11499257643481821
92,least_connections,2086,measured,407,421,17,heavy,0,84.53,60.15,3,391.0,470.0,407.0,334.0,448.0,421.0,1,1,1,-0.0488633796610545,-0.011793062081801059,0.030156727433462538,-0.2320396646170626,-0.04290933887865722,0.16162216855078942,-0.14932875751337868,-0.020032126123712718,0.13040342664338644,37.57,36.03,3,460.0,855.0,0.0,420.0,733.0,0.0,1,2,0,-0.04589432748834345,0.03366595765745817,-0.007980509204310583,-0.07507752412270419,0.08354296003244047,-0.021953949445620385,-0.0690788213119676,0.07244529475263628,-0.02213474316354518,27.1,42.2,3,413.0,453.0,489.0,416.0,431.0,419.0,1,1,1,-0.03374995181525778,-0.0003312941650279594,0.03557625886469906,-0.02898171203062666,0.00514644675453034,0.07348192831389586,-0.022523922275733937,0.007249278358371025,0.10404090248864505
92,least_connections,2087,measured,412,408,13,heavy,0,100.0,80.55,4,391.0,882.0,407.0,334.0,856.0,421.0,1,2,1,-0.04420972445523978,0.03241398691465164,0.027284658154085154,-0.20994064893924708,0.20968520133200852,0.14622958106976186,-0.13510697108353312,0.16644712398330752,0.11798405267734963,37.57,36.03,3,460.0,855.0,0.0,420.0,733.0,0.0,1,2,0,-0.041523439156120265,0.03045967597579549,-0.007220460708661956,-0.06792728373006568,0.07558648764839851,-0.01986309711746606,-0.062499885948923084,0.06554574287143283,-0.020026672386064686,27.1,42.2,3,413.0,942.0,0.0,416.0,850.0,0.0,1,2,0,-0.03053567068999513,0.04278415788697017,-0.010895856492029642,-0.026221548980090797,0.0931420232540989,-0.02200206485885613,-0.020378786820902134,0.13292395026074838,-0.03223283425630527
92,least_connections,2088,measured,174,122,8,light,1,100.0,80.55,4,391.0,882.0,407.0,334.0,856.0,421.0,1,2,1,-0.03999927450712171,0.029326940541827676,0.02468611928226752,-0.18994630142122354,0.18971518215753153,0.1323029543012131,-0.12223964050414901,0.15059501693727823,0.10674747623188775,42.54,39.84,4,857.0,632.0,0.0,728.0,547.0,0.0,2,2,0,0.0055150743236009325,0.02755875445429115,-0.006532797784027484,0.041167831727219495,0.01074151603562587,-0.017971373582469294,0.030535817474783872,0.0067140054551058925,-0.018119370254058527,27.1,42.2,3,413.0,942.0,0.0,416.0,850.0,0.0,1,2,0,-0.027627511576662253,0.0387094761834492,-0.009858155873741104,-0.023724258601034526,0.08427135437275615,-0.01990663011039364,-0.018437949980816215,0.1202645264263914,-0.02916304051760953
92,least_connections,2089,measured,178,113,3,light,2,100.0,80.55,4,861.0,819.0,0.0,782.0,829.0,0.0,2,2,0,0.006894080434599631,0.026533898585463137,-0.02074883992375342,0.11163588601571839,0.1336470695711,-0.12578939055287067,0.0920688966867223,0.12403834865753738,-0.09387133102829202,29.4,26.72,3,571.0,458.0,0.0,430.0,425.0,0.0,2,1,0,0.004989829149924657,-0.018149789053827275,-0.005910626566501057,-0.03668488694067898,-0.03526107732831127,-0.016259814193662694,-0.05662830799900509,-0.02841947125490421,-0.01639371594414819,30.66,45.97,4,1044.0,489.0,0.0,960.0,419.0,0.0,3,1,0,0.06117148045558221,-0.008061040822684287,-0.008919283885765761,0.09271614698001639,-0.005725917472268263,-0.018010760576070435,0.14738153731894404,-0.02117336497929667,-0.026385608087361002
92,least_connections,2090,measured,196,103,4,light,1,100.0,80.55,4,861.0,819.0,0.0,782.0,829.0,0.0,2,2,0,0.006237501345590146,0.02400686062494284,-0.018772759931014998,0.1010038968713643,0.12091877723099526,-0.11380944859545442,0.08330043033560591,0.11222517259491482,-0.08493120426369279,35.0,29.94,4,1225.0,0.0,0.0,958.0,0.0,0.0,4,0,0,0.09068240777963704,-0.059505137942124905,-0.005347709750643814,0.13587013630537206,-0.15029743731064898,-0.014711260460932914,0.09805057847709064,-0.14587654542110381,-0.014832409663753125,30.66,45.97,4,1044.0,489.0,0.0,960.0,419.0,0.0,3,1,0,0.05534562517409819,-0.00729332264909531,-0.008069828277597594,0.08388603774382435,-0.005180591998718911,-0.01629545004501611,0.13334520043142556,-0.01915685402888745,-0.02387269303142186
92,least_connections,2091,measured,194,123,3,light,0,100.0,86.7,5,1055.0,819.0,0.0,905.0,829.0,0.0,3,2,0,0.04872735382514845,0.021720492946376846,-0.016984878032823093,0.20840035113758365,0.1094027032089957,-0.10297045349112542,0.1310099131607863,0.10153706091920867,-0.07684251814334109,35.0,29.94,4,1225.0,0.0,0.0,958.0,0.0,0.0,4,0,0,0.08204598799110019,-0.053837981947636816,-0.004838404060106307,0.12293012332390807,-0.13598339566201575,-0.01331018803608216,0.08871242814593916,-0.1319835410952844,-0.013419799219586161,22.4,32.1,3,631.0,489.0,0.0,544.0,419.0,0.0,2,1,0,0.00699071302599813,-0.0065987204920386205,-0.00730127320354068,0.0011635579586982137,-0.004687202284555214,-0.01474350242168124,-0.004814659927122905,-0.017332391740422004,-0.021599103218905492
92,least_connections,2092,measured,173,119,5,light,2,100.0,86.7,5,1055.0,819.0,0.0,905.0,829.0,0.0,3,2,0,0.0440866534608486,0.01965187457053144,-0.015367270601125657,0.18855269864828994,0.09898339814147233,-0.09316374363482777,0.11853277857404476,0.09186686464118876,-0.0695241830820705,35.0,29.94,4,1225.0,0.0,0.0,958.0,0.0,0.0,4,0,0,0.07423208437290017,-0.04871055509548093,-0.004377603673429516,0.11122249253115493,-0.12303259607515711,-0.012042551080264812,0.08026362546537352,-0.11941368003859065,-0.012141723103435099,22.3,32.3,3,626.0,489.0,0.0,550.0,419.0,0.0,2,1,0,0.006324930833045916,-0.005970270921368273,-0.00660591385082252,0.00014798101025076393,-0.004240802066978536,-0.013339359333902075,-0.0025465970769207313,-0.015681687765143726,-0.01954204576948592
92,least_connections,2093,measured,171,120,7,light,2,98.87,70.0,4,1076.0,407.0,0.0,979.0,421.0,0.0,3,1,0,0.039887924559815394,-0.025303632758181302,-0.013903721020066071,0.1832619654436909,-0.15895152866565204,-0.08429100614579656,0.1407201329955643,-0.1014537891341625,-0.06290283231234951,35.0,29.94,4,1225.0,0.0,0.0,958.0,0.0,0.0,4,0,0,0.06716236205167159,-0.044071454610197035,-0.003960689037864801,0.10062987419485447,-0.11131520597276119,-0.010895641453572925,0.07261947065914748,-0.10804094860634393,-0.010985368522155566,25.72,36.3,4,797.0,489.0,0.0,670.0,419.0,0.0,3,1,0,0.04880645669475128,-0.005401673690761777,-0.005976779198363232,0.0310767447235602,-0.0038369161558377274,-0.012068944159244734,0.0338864121685003,-0.014188193692272921,-0.017680898553344405
92,least_connections,2094,measured,373,348,11,medium,0,100.0,81.25,4,882.0,780.0,0.0,856.0,769.0,0.0,2,2,0,-0.0069948256250196295,0.020190137255069518,-0.012579557113393112,0.04879257190937103,0.08117083914377515,-0.07626329127476832,0.07167535842455813,0.06563704792623393,-0.05691208637784004,29.4,26.72,3,1029.0,0.0,0.0,855.0,0.0,0.0,3,0,0,0.01768204639142168,-0.0398741732187497,-0.003583480558068153,0.040379409985820736,-0.10071375778487918,-0.009857961315137408,0.036581306786847734,-0.09775133445335879,-0.00993914294861694,25.72,36.3,4,1286.0,0.0,0.0,1089.0,0.0,0.0,4,0,0,0.08724212295057995,-0.047971128804113264,-0.005407562131852448,0.1166027690356021,-0.09195720985528175,-0.01091952090598333,0.15702421418419868,-0.13920201651523106,-0.01599700345302589
92,least_connections,2095,measured,487,445,13,heavy,1,100.0,81.25,4,882.0,780.0,0.0,856.0,769.0,0.0,2,2,0,-0.006328651755970138,0.01826726704030099,-0.011381504054974722,0.044145660298954725,0.07344028303484418,-0.06900012067717133,0.06484913381269541,0.05938590050468784,-0.051491887675188606,31.97,31.0,3,632.0,487.0,0.0,547.0,445.0,0.0,2,1,0,-0.027085858253566325,0.007007267314555254,-0.0032421966953949956,-0.06609209844820299,0.03476918513340864,-0.008919107856552892,-0.05398596052618543,0.03737676882791349,-0.008992557905891518,25.72,36.3,4,1286.0,0.0,0.0,1089.0,0.0,0.0,4,0,0,0.07893334933623901,-0.043402449870388195,-0.004892556214533167,0.10549774341316379,-0.08319938034525491,-0.009879566533984918,0.14206952711903692,-0.1259446816090186,-0.014473479314642473
92,least_connections,2096,measured,193,121,4,light,1,79.47,58.85,3,819.0,373.0,0.0,829.0,348.0,0.0,2,1,0,-0.005725923017306317,-0.02655637290458028,-0.010297551287834272,0.0019413116990543156,-0.17904609312720451,-0.062428680612678825,0.046458740116248176,-0.13672228049575863,-0.04658789837278969,32.51,30.97,3,651.0,487.0,0.0,546.0,445.0,0.0,2,1,0,-0.024506252705607634,0.0063399085226928525,-0.002933416057738329,-0.054886048255857134,0.03145783416832211,-0.008069669013071663,-0.04912717857131063,0.0338170765585884,-0.008136123819616136,16.66,21.93,3,833.0,0.0,0.0,658.0,0.0,0.0,3,0,0,0.028331987267935066,-0.03926888321606551,-0.004426598479815722,0.013478910707148184,-0.07527562983618302,-0.008938655435510165,-0.0014450310192840599,-0.1139499500272073,-0.013095052713247951
92,least_connections,2097,measured,434,401,17,heavy,0,100.0,78.9,4,819.0,373.0,434.0,829.0,348.0,401.0,2,1,1,-0.005180597015658095,-0.024027194532715485,0.03376706810919303,0.0017564248705729257,-0.16199408425794695,0.2052946857948779,0.04203409820041504,-0.12370111092473401,0.13925380623414269,19.43,17.69,2,193.0,487.0,0.0,121.0,445.0,0.0,1,1,0,-0.06525622410325951,0.005736107711007812,-0.0026540430998584883,-0.16805336338795235,0.02846184996181525,-0.007301129107064839,-0.16461209013594771,0.030596402600627598,-0.007361254884414599,13.2,17.97,2,660.0,0.0,0.0,539.0,0.0,0.0,2,0,0,-0.017450197460530392,-0.035528989576440226,-0.004005017672214225,-0.019109556979246878,-0.06810652223273703,-0.00808735491784253,-0.037196297906336356,-0.10309757383413994,-0.011847904835795765
92,least_connections,2098,measured,431,400,18,heavy,1,100.0,78.9,4,1192.0,0.0,434.0,1177.0,0.0,401.0,3,0,1,0.0383966934030667,-0.06482279051826186,0.030551156860698453,0.22657327329559773,-0.3715502032175076,0.18574281095727047,0.1954594221813279,-0.26934862416999744,0.12599153897374812,31.74,30.19,3,193.0,487.0,431.0,121.0,445.0,400.0,1,1,1,-0.0590413456172348,0.005189811738530878,0.04068262313640921,-0.15204828116052832,0.025751197584499508,0.10480918250857399,-0.1489347482182384,0.02768245949580593,0.10643505510457726,13.2,17.97,2,660.0,0.0,0.0,539.0,0.0,0.0,2,0,0,-0.015788273892860832,-0.03214527628344592,-0.003623587417717632,-0.01728959917169956,-0.061620186782000166,-0.007317130639952764,-0.03365379334382812,-0.09327875727850757,-0.010719532946672359
92,least_connections,2099,measured,474,441,15,heavy,2,100.0,78.9,4,1192.0,0.0,434.0,1177.0,0.0,401.0,3,0,1,0.03473986545991749,-0.05864919142128454,0.02764152287396527,0.20499486631506458,-0.336164469577745,0.16805301943753043,0.17684423911643948,-0.2436963742490453,0.11399234478577211,31.74,30.19,3,193.0,487.0,431.0,121.0,445.0,400.0,1,1,1,-0.053418360320355296,0.004695543953908893,0.03680808759960834,-0.13756749247857325,0.023298702576451932,0.09482735560299552,-0.1347504864831681,0.025046034781919663,0.09629838318985562,22.68,32.67,3,660.0,0.0,474.0,539.0,0.0,441.0,2,0,1,-0.014284628760207418,-0.029083821399308214,0.039805416372631894,-0.015642970679156737,-0.05575159756466682,0.07915116751623322,-0.030448670168225445,-0.0843950661091259,0.12330137495301072
92,least_connections,2100,measured,381,335,11,medium,1,80.93,58.5,3,780.0,434.0,0.0,769.0,401.0,0.0,2,1,0,-0.011652593382070114,-0.009979653916309603,-0.01807490334078879,-0.06303639079430656,-0.042371028030658175,-0.10972980781048834,-0.024569497942269036,-0.03908243384437432,-0.07826883090811096,37.11,36.88,3,0.0,868.0,431.0,0.0,780.0,400.0,0,2,1,-0.09141479765945978,0.04733224951838922,0.03330255544726468,-0.174356982990818,0.11956957443991909,0.0857961788789007,-0.156128416341914,0.11737796004078446,0.08712710860034556,19.26,28.67,2,489.0,474.0,0.0,419.0,441.0,0.0,1,1,0,-0.05600808815265931,0.01676996657976422,-0.007069475889614228,-0.04509602109066563,0.035329506965301447,-0.014158467485312805,-0.06373927300934684,0.056642559234600376,-0.0214416131377522
92,least_connections,2101,measured,452,410,18,heavy,2,80.93,58.5,3,780.0,434.0,0.0,769.0,401.0,0.0,2,1,0,-0.010542822583777728,-0.009029210686184883,-0.016353483974999382,-0.057032925004372625,-0.038335692027738344,-0.09927934992377517,-0.022229545757291025,-0.03536029728776724,-0.07081465653590992,37.11,36.88,3,487.0,381.0,431.0,445.0,335.0,400.0,1,1,1,-0.03962472622703958,-0.00025948399583378134,0.03013088349990614,-0.03186039957672651,-0.017709160540753485,0.0776251142237673,-0.01544059097601741,-0.019619345677385477,0.07882928873364597,18.52,28.37,2,0.0,474.0,452.0,0.0,441.0,410.0,0,1,1,-0.09375788474583008,0.015172826905500966,0.03668770775520164,-0.12928687622488794,0.031964792016225124,0.06898043417995509,-0.1840339454211551,0.05124802978368606,0.10425123890711308
92,least_connections,2102,measured,364,315,12,medium,2,80.93,58.5,3,780.0,434.0,0.0,769.0,401.0,0.0,2,1,0,-0.009538744242465563,-0.008169285858929176,-0.014796009310713726,-0.05160121786109906,-0.03468467373938233,-0.08982417374055848,-0.020112446161358544,-0.031992649927027494,-0.06407040353248993,37.11,36.88,3,487.0,812.0,0.0,445.0,735.0,0.0,1,2,0,-0.035850942776845335,0.04284912899243157,-0.01582262467922324,-0.02882607580751448,0.09539239216380807,-0.04118271978393842,-0.013970058502110999,0.09534440152998455,-0.0417735006695584,25.8,38.87,3,0.0,838.0,452.0,0.0,756.0,410.0,0,2,1,-0.08482856238908436,0.0568116959984011,0.03319364034994434,-0.11697384039394623,0.09478719277658465,0.062410869019959354,-0.1665069030000927,0.14136726504238264,0.09432254948738802
92,least_connections,2103,measured,385,347,10,medium,0,79.47,54.8,3,373.0,819.0,0.0,348.0,748.0,0.0,1,2,0,-0.05171419263660716,0.03569264159248811,-0.013386865566836229,-0.2921788796521054,0.20084085074373348,-0.08126949052717196,-0.20864935605075297,0.12803045958983228,-0.057968460338919454,37.11,36.88,3,487.0,812.0,0.0,445.0,735.0,0.0,1,2,0,-0.03243656727428863,0.038768259564580944,-0.014315708043106742,-0.02608073525441787,0.0863074024339216,-0.0372605559949919,-0.01263957674000521,0.0862639823366527,-0.03779507203436236,25.8,38.87,3,0.0,838.0,452.0,0.0,756.0,410.0,0,2,1,-0.07674965168536203,0.051401058284267664,0.03003234126899726,-0.10583347464214184,0.0857598410835766,0.05646697673234418,-0.15064910271436957,0.12790371599072714,0.08533944953620823
92,least_connections,2104,measured,438,437,17,heavy,0,100.0,76.65,4,373.0,819.0,438.0,348.0,748.0,437.0,1,2,1,-0.046789031433120756,0.03229334239320353,0.030971974237715066,-0.2643523196852382,0.18171315067290172,0.1906609371420825,-0.1887779888078241,0.11583708248603874,0.1452428215981205,37.11,36.88,3,868.0,431.0,0.0,780.0,400.0,0.0,2,1,0,0.013736529835734312,-0.008007855858803176,-0.012952307277096576,0.07489294021198925,-0.020402146097200202,-0.03371193161451648,0.08328145437809051,-0.016668896933504707,-0.034195541364423085,25.8,38.87,3,0.0,838.0,452.0,0.0,756.0,410.0,0,2,1,-0.06944016104866088,0.046505719400051694,0.02717211829099752,-0.09575409610479499,0.07759223717085502,0.051089169424501875,-0.13630156912252486,0.11572240970589598,0.0772118829137122
92,least_connections,2105,measured,438,445,17,heavy,1,83.8,59.25,3,0.0,819.0,438.0,0.0,748.0,437.0,0,2,1,-0.08541683342815234,0.029217785974803193,0.028022262405551727,-0.4641600352707711,0.16440713632310155,0.17250275265236034,-0.3282277041594599,0.10480497939213029,0.13141017192210902,49.63,50.78,4,868.0,431.0,438.0,780.0,400.0,445.0,2,1,1,0.01242828889899772,-0.007245202919869534,0.03136514602366999,0.06776027923941885,-0.018459084564133504,0.08272321833516535,0.07534988729446285,-0.015081382939837573,0.09487962924171245,25.8,38.87,3,0.0,1290.0,0.0,0.0,1166.0,0.0,0,3,0,-0.06282681237735985,0.0851605034934708,-0.01849960272537866,-0.0866346583805288,0.15199297648791646,-0.0355669419492602,-0.12332046730133202,0.2283520214799376,-0.053792423395530226
92,least_connections,2106,measured,352,300,9,medium,0,100.0,74.25,4,385.0,786.0,438.0,347.0,701.0,437.0,1,2,1,-0.03419799668442808,0.026435139691488613,0.025353475509784895,-0.18773209540371355,0.1288445519113776,0.15607391906642126,-0.13999173233474943,0.07356164802145121,0.11889491745333673,49.63,50.78,4,868.0,431.0,438.0,780.0,400.0,445.0,2,1,1,0.011244642337188415,-0.0065551835941676795,0.028377989259510943,0.06130691931185514,-0.016701076510406504,0.07484481658895914,0.06817370755213306,-0.013645060755091143,0.08584347407583508,25.8,38.87,3,0.0,1290.0,0.0,0.0,1166.0,0.0,0,3,0,-0.05684330643665891,0.07704997935123549,-0.016737735799152123,-0.07838373853476416,0.1375174549176387,-0.032179614144568755,-0.11157566089168135,0.20660420991041972,-0.048669335453098775
92,least_connections,2107,measured,397,303,11,medium,2,100.0,74.25,4,819.0,790.0,0.0,748.0,737.0,0.0,2,2,0,0.012142855607512909,0.023917507339918265,-0.02014504143219008,0.09192492955537035,0.11898634061823044,-0.12298073989228551,0.05474557550665532,0.08284149106702726,-0.09011888420888581,49.63,50.78,4,868.0,431.0,438.0,780.0,400.0,445.0,2,1,1,0.010173724019360952,-0.0059308803947231425,0.025675323615747998,0.055468165091678456,-0.015110497795129685,0.06771673881858206,0.06168097349954896,-0.01234553115936815,0.07766790511623173,33.74,48.97,4,838.0,849.0,0.0,756.0,713.0,0.0,2,2,0,0.03473814224891858,0.026627985852931885,-0.015143665723042397,0.0807194746590229,0.04462055444929214,-0.02911488898794316,0.12705059252657402,0.05030857087133214,-0.04403416064804175
92,least_connections,2108,measured,425,425,18,heavy,0,100.0,95.5,5,1171.0,438.0,425.0,1048.0,437.0,425.0,3,1,1,0.05407029339545952,-0.021444250728736083,0.02485743416906158,0.29548763467708106,-0.1046631521390613,0.14508091787523375,0.1852459968869739,-0.06076246046316583,0.1107257714300557,35.71,36.88,3,381.0,869.0,0.0,335.0,845.0,0.0,1,2,0,-0.03387910230447841,0.03771786558391262,-0.019853845526794894,-0.07570567376059022,0.09955308702889629,-0.051956964198153634,-0.07001185730993188,0.114648686093905,-0.05554749060912367,33.74,48.97,4,838.0,849.0,0.0,756.0,713.0,0.0,2,2,0,0.031429747749021575,0.024091987200271697,-0.013701411844657407,0.07303190564387786,0.04037097783507382,-0.02634204241766286,0.11495053609547173,0.04551727840739575,-0.03984043106251396
92,least_connections,2109,measured,186,112,2,light,1,100.0,95.5,5,1171.0,438.0,425.0,1048.0,437.0,425.0,3,1,1,0.048920741643510984,-0.019401941135523126,0.02249005948629381,0.2673459551840257,-0.09469523288772208,0.13126368760140197,0.16760352099297637,-0.054975559466673846,0.1001804598652885,41.03,40.38,4,998.0,438.0,0.0,847.0,445.0,0.0,3,1,0,0.05551527932089141,-0.008958212317503086,-0.01796300309567157,0.09100098904654083,-0.021343125341202668,-0.04700868189356757,0.08141784338625213,-0.009365474486466907,-0.05025725340825475,33.74,48.97,4,838.0,849.0,0.0,756.0,713.0,0.0,2,2,0,0.028436438439590955,0.021797512228817262,-0.012396515478499558,0.06607648605874664,0.03652612280316203,-0.023833276473123537,0.10400286599114109,0.041182299511453274,-0.03604610429465549
92,least_connections,2110,measured,162,102,4,light,1,100.0,95.5,5,1171.0,438.0,425.0,1048.0,437.0,425.0,3,1,1,0.04426162339174804,-0.01755413721785426,0.020348149059027733,0.2418844356426899,-0.08567663927936758,0.11876238402031608,0.15164128089840723,-0.04973979189841918,0.09063946368764197,45.66,43.56,5,1160.0,438.0,0.0,949.0,445.0,0.0,4,1,0,0.09331201008851626,-0.008105049239645654,-0.016252240896083802,0.12421177920537368,-0.019310446737278608,-0.04253166457037066,0.10250304877803765,-0.008473524535374838,-0.0454708483217543,33.74,48.97,4,838.0,849.0,0.0,756.0,713.0,0.0,2,2,0,0.025728206207248958,0.019721558683215623,-0.011215894956737695,0.05978348738648505,0.03304744444095614,-0.021563440618540344,0.09409783113484194,0.03726017574845772,-0.03261314198087878
92,least_connections,2111,measured,480,436,14,heavy,2,100.0,95.5,5,1171.0,438.0,425.0,1048.0,437.0,425.0,3,1,1,0.040046230687772036,-0.015882314625677657,0.018410230101025094,0.21884782272433845,-0.07751695934799924,0.107451680780286,0.13719925414617795,-0.04500266886047452,0.08200713381262845,29.46,29.59,3,593.0,438.0,0.0,502.0,445.0,0.0,2,1,0,-0.0017426484686666743,-0.007333139788250828,-0.014704408429790107,-0.03418934262370951,-0.0174713565718235,-0.038481029849382974,-0.03364307491510882,-0.007666522198672476,-0.04114029133873008,43.34,63.5,5,1235.0,932.0,0.0,1059.0,846.0,0.0,3,2,0,0.06636180108093499,0.017843314999099857,-0.010147714484667439,0.12592791715920076,0.04491911639896032,-0.019509779607250786,0.176517085312476,0.07382269869304903,-0.029507128458890326
92,least_connections,2112,measured,392,331,12,medium,1,100.0,95.5,5,1171.0,863.0,0.0,1048.0,862.0,0.0,3,2,0,0.03623230395560327,0.028714186994001384,-0.02642702537344895,0.19800517294106812,0.18621481455815947,-0.15913101897656665,0.12413265851320865,0.15154520436433255,-0.11806497416952665,40.66,39.94,4,593.0,830.0,0.0,502.0,776.0,0.0,2,2,0,-0.0015766819478412741,0.036449154704054236,-0.013303988579333906,-0.030933214754784805,0.08552591548263588,-0.03481616986372745,-0.030438972542241316,0.08664993229643919,-0.03722216835408912,43.34,63.5,5,1687.0,480.0,0.0,1469.0,436.0,0.0,4,1,0,0.10312552977617474,-0.026939948560905105,-0.009181265486127682,0.195725258382134,-0.041149370877131164,-0.017651705358941186,0.2833567279811291,-0.05685882816660642,-0.02669692574851982
92,least_connections,2113,measured,386,349,11,medium,1,100.0,78.15,4,786.0,863.0,0.0,701.0,862.0,0.0,2,2,0,-0.010302291885973452,0.025979502518382214,-0.02391016581407286,-0.05307468479935096,0.16848007031452522,-0.14397568383594125,-0.04466568991662079,0.13711232775820564,-0.10682069091528601,51.69,50.84,5,593.0,1216.0,0.0,502.0,1125.0,0.0,2,3,0,-0.001426521762332572,0.07606170686375882,-0.012036942047968773,-0.027987194301948154,0.17716290312374539,-0.03150034416242008,-0.027540022776313594,0.17707315303011167,-0.03367719993941397,43.34,63.5,5,1687.0,480.0,0.0,1469.0,436.0,0.0,4,1,0,0.09330405074987239,-0.02437423917415224,-0.008306859249353617,0.17708475758383554,-0.037230383174547244,-0.01597059056285155,0.2563703729353073,-0.051443701674548675,-0.024154361391517932
92,least_connections,2114,measured,496,421,17,heavy,0,100.0,79.15,4,790.0,425.0,496.0,737.0,425.0,421.0,2,1,1,-0.009321121230166457,-0.019578636043459177,0.021450893061643828,-0.045607254501000116,-0.11175612685828673,0.16891088922779918,-0.024126100400752082,-0.07363646536162347,0.09380508917188407,47.06,47.66,4,431.0,1216.0,0.0,400.0,1125.0,0.0,1,3,0,-0.044374562773629694,0.06881773478149608,-0.01089056661482889,-0.06719929824598031,0.16029024568338868,-0.028500311385046738,-0.05375644917856942,0.1602090432177201,-0.030469847564231687,26.58,38.3,3,849.0,480.0,0.0,713.0,436.0,0.0,2,1,0,-0.001749849775058765,-0.022052883062328207,-0.007515729797034226,0.00858144733775601,-0.03368463239601893,-0.01444958193781807,0.003954146941468534,-0.04654430151506786,-0.021853946020897175
92,least_connections,2115,measured,453,442,15,heavy,2,90.6,64.15,3,438.0,425.0,496.0,437.0,425.0,421.0,1,1,1,-0.051517295625479395,-0.017714004039320205,0.019407950865296796,-0.2535811667707461,-0.1011126862051166,0.1528241378727707,-0.15754266226734712,-0.06662346866051647,0.08487127115551416,47.06,47.66,4,869.0,778.0,0.0,845.0,680.0,0.0,2,2,0,0.0029354862887114586,0.019179764575548625,-0.009853369794368997,0.052425124716221905,0.031800018203338054,-0.025785996015042285,0.07718166502891335,0.019132586720794348,-0.027567957320019147,35.64,53.03,4,849.0,480.0,453.0,713.0,436.0,442.0,2,1,1,-0.0015831974155293693,-0.019952608484963608,0.03628395421991688,0.007764166638922099,-0.03047657216782665,0.06889799729435508,0.0035775615184715226,-0.0421115108945852,0.11352896947315654
92,least_connections,2116,measured,360,333,10,medium,0,100.0,80.8,4,438.0,785.0,496.0,437.0,758.0,421.0,1,2,1,-0.04661088651829087,0.027056944191181945,0.01755957459241139,-0.22943057945924644,0.12565995057632307,0.13826945807536395,-0.14253859919426645,0.09036448073572323,0.0767882929502271,34.74,35.16,3,438.0,778.0,0.0,445.0,680.0,0.0,1,2,0,-0.040427984060780325,0.017353120330258293,-0.008914953623476711,-0.06398271029076522,0.028771445041115368,-0.023330186870752546,-0.04326420783098314,0.017310435604528246,-0.024942437575255418,35.64,53.03,4,849.0,933.0,0.0,713.0,878.0,0.0,2,2,0,-0.001432416709288481,0.02503154016893315,-0.010255560694451622,0.00702472219711997,0.05439738708625208,-0.019635145305107307,0.003236841373855187,0.0952006964922007,-0.030584900635398066
92,least_connections,2117,measured,185,113,7,light,1,100.0,80.8,4,438.0,1281.0,0.0,437.0,1179.0,0.0,1,3,0,-0.04217175446892983,0.0675639925902077,-0.027196666071718494,-0.20758004808217534,0.41286693941032404,-0.17407366491594056,-0.12896349450909825,0.2722107206656543,-0.12097725875931833,40.03,38.69,4,1401.0,0.0,0.0,1238.0,0.0,0.0,4,0,0,0.09267400081575657,-0.07046735824994771,-0.008065910421240835,0.19104965667570226,-0.1750843388403514,-0.021108264311633256,0.18506750243863432,-0.1766000820720935,-0.022566967329993,35.64,53.03,4,849.0,933.0,0.0,713.0,878.0,0.0,2,2,0,-0.0012959960703086137,0.0226475839623681,-0.009278840628313372,0.006355701035489492,0.04921668355422806,-0.01776513146652566,0.0029285707668213756,0.08613396349294347,-0.027672052955836347
92,least_connections,2118,measured,199,101,5,light,0,100.0,85.85,5,637.0,1281.0,0.0,538.0,1179.0,0.0,2,3,0,0.004928503326297046,0.061129326629235536,-0.024606507398221494,-0.06777877366165069,0.3735462785141027,-0.15749522063823193,-0.07099078074632698,0.24628589012606816,-0.10945561506795469,40.03,38.69,4,1401.0,0.0,0.0,1238.0,0.0,0.0,4,0,0,0.08384790549997023,-0.06375618127376222,-0.007297728476360755,0.17285445127801632,-0.15840963990317508,-0.01909795342481104,0.16744202601590724,-0.15978102663665603,-0.02041773234618414,27.7,42.93,3,932.0,453.0,0.0,846.0,442.0,0.0,2,1,0,-0.0011725678731363542,-0.022593229022710035,-0.008395141520854955,0.020769443794014297,-0.042327762498555535,-0.016073214183999405,0.042760770376330415,-0.0535613346174956,-0.02503661934099479
92,least_connections,2119,measured,398,305,8,medium,2,100.0,85.85,5,1422.0,496.0,0.0,1296.0,421.0,0.0,4,1,0,0.09062692251064064,-0.03086031445563496,-0.02226303050315278,0.41216841113152236,-0.1355216210269229,-0.14249567581554318,0.2786750078961803,-0.12007467083831933,-0.09903127077576852,40.03,38.69,4,1401.0,0.0,0.0,1238.0,0.0,0.0,4,0,0,0.07586239069044926,-0.057684164009594384,-0.0066027067167073504,0.15639212258487192,-0.1433230075314441,-0.01727910071768618,0.15149516639534463,-0.14456378600459355,-0.01847318640845232,26.62,39.43,3,480.0,851.0,0.0,436.0,747.0,0.0,1,2,0,-0.04414479496911883,0.022642407301448286,-0.007595604233154483,-0.0629990746625585,0.033722500596544996,-0.014542431880761366,-0.08496247759601849,0.04352387185401191,-0.022652179403757192
92,least_connections,2120,measured,403,428,18,heavy,2,100.0,85.85,5,1422.0,496.0,0.0,1296.0,421.0,0.0,4,1,0,0.08199578703343677,-0.027921236888431622,-0.020142741883804896,0.372914276738044,-0.12261479997673974,-0.12892465907120573,0.25213453095368693,-0.1086389879013365,-0.08959972117807628,40.03,38.69,4,1401.0,0.0,0.0,1238.0,0.0,0.0,4,0,0,0.06863740110088266,-0.05219043410391873,-0.005973877505592365,0.14149763471964605,-0.1296731972903542,-0.015633472077906545,0.1370670553100737,-0.13079580638510846,-0.016713835321933053,34.68,53.7,4,878.0,453.0,403.0,741.0,442.0,428.0,2,1,1,0.003143371445173654,-0.022597912668304146,0.03621168687295093,0.015019884829113733,-0.04150821374598308,0.059766371155501624,0.015113313921062604,-0.0526053857828781,0.10858453609501334
92,least_connections,2121,measured,389,342,9,medium,1,98.67,64.0,4,984.0,496.0,0.0,859.0,421.0,0.0,3,1,0,0.03110276423206637,-0.025262071470485745,-0.018224385513918716,0.07320815514394463,-0.11093719997895501,-0.11664612011204328,0.030431242291431015,-0.09829241762501875,-0.08106641439921188,51.14,49.38,5,1401.0,389.0,0.0,1238.0,342.0,0.0,4,1,0,0.06210050575794146,-0.0041360163434548125,-0.005404936790774044,0.12802166950825117,-0.016765545847735444,-0.014144569975248779,0.12401305004244761,-0.021642634348431472,-0.015122041481748952,34.68,53.7,4,878.0,453.0,403.0,741.0,442.0,428.0,2,1,1,0.002844002736109491,-0.02044573050941803,0.03276295478981275,0.013589419607293374,-0.03755505053207993,0.05407433580735861,0.013673950690485215,-0.04759534904165161,0.09824315170501206
92,least_connections,2122,measured,197,121,7,light,0,100.0,70.05,5,1181.0,496.0,0.0,980.0,421.0,0.0,4,1,0,0.07122449643672218,-0.022856159901868053,-0.016488729750688363,0.18506134671753716,-0.10037175236191165,-0.1055369658156582,0.08227112397796144,-0.08893123499406455,-0.07334580350404885,38.63,35.47,4,963.0,389.0,0.0,793.0,342.0,0.0,3,1,0,0.013102271649475389,-0.00374211002503054,-0.004890180905938421,0.0026046397591660275,-0.015168827195570153,-0.012797468072844133,-0.013616169009214085,-0.019581431077152295,-0.013681847054915718,34.68,53.7,4,878.0,453.0,403.0,741.0,442.0,428.0,2,1,1,0.002573145332670501,-0.01849851807994965,0.02964267338125915,0.012295189168503529,-0.033978379052834226,0.04892439906380065,0.012371669672343766,-0.043062458656732416,0.08888666106643948
92,least_connections,2123,measured,380,329,9,medium,1,98.53,65.0,4,982.0,496.0,0.0,879.0,421.0,0.0,3,1,0,0.02135731083503889,-0.020679382768356805,-0.014918374536337091,0.047404710522216065,-0.09081253785125343,-0.09548582621416694,0.028745302646727033,-0.08046159356605839,-0.06636048888461563,49.49,45.75,5,1352.0,380.0,0.0,1135.0,329.0,0.0,4,1,0,0.054938336481044625,-0.003385718594075257,-0.004424449391087142,0.10291440195897333,-0.016050707598713132,-0.01157866158971612,0.084377037563092,-0.02139212811742351,-0.012378814002066602,34.68,53.7,4,1331.0,0.0,403.0,1183.0,0.0,428.0,3,0,1,0.04541198409917353,-0.059820654680045146,0.02681956163066304,0.09309564734293174,-0.11271377152399287,0.04426493248629583,0.14449500271942212,-0.1722628594195833,0.08042126477439762
92,least_connections,2124,measured,395,312,8,medium,0,100.0,80.6,5,1478.0,395.0,0.0,1300.0,312.0,0.0,4,1,0,0.06240718145845922,-0.01870991774279901,-0.013497576961447844,0.34206457936137014,-0.1430843596431976,-0.08639193800329391,0.21646003572799116,-0.12210810846452899,-0.06004044232417604,21.97,20.97,2,389.0,380.0,0.0,342.0,329.0,0.0,1,1,0,-0.07954558672123174,-0.0030632692041633325,-0.0040030732586026525,-0.15582574516637104,-0.01452206877978808,-0.010475931914505061,-0.1478701803000596,-0.0193547825824308,-0.011199879335203116,34.68,53.7,4,1331.0,403.0,0.0,1183.0,428.0,0.0,3,1,0,0.04108703323258557,-0.011039549245664429,-0.018818582560919377,0.08422939521503348,-0.0290553170931364,-0.0328745848933514,0.13073357388900098,-0.026777507728829336,-0.0563172683787196
92,least_connections,2125,measured,354,330,10,medium,1,100.0,80.6,5,1873.0,0.0,0.0,1612.0,0.0,0.0,5,0,0,0.09954754059393475,-0.06001192104167076,-0.012212093441309954,0.3227568416444143,-0.3677112460263851,-0.07816413438393259,0.3369876513729444,-0.25162162194409765,-0.0543223049599688,32.09,31.28,3,769.0,354.0,0.0,671.0,330.0,0.0,2,1,0,-0.028885916330547545,-0.002771529279957302,-0.0036218281863547807,-0.04275390549066224,-0.019860103045658592,-0.009478224113123627,-0.040766472652434854,-0.017228731860294527,-0.010133224160421866,25.08,39.17,3,851.0,403.0,0.0,747.0,428.0,0.0,2,1,0,-0.0059099177782275525,-0.009988163603220204,-0.01702633660273658,-0.010649594805445917,-0.026288144036647212,-0.029743672046365553,-0.013209306163919743,-0.024227268897512255,-0.050953719009317736
92,least_connections,2126,measured,384,311,12,medium,1,72.53,42.7,3,1088.0,0.0,0.0,854.0,0.0,0.0,3,0,0,0.0038990219886167188,-0.05429649999008307,-0.011049036923089959,0.043510158313200265,-0.3326911273572056,-0.07071993110927234,-0.038011172567336104,-0.2276576579494217,-0.04914875210663844,43.06,41.0,4,769.0,738.0,0.0,671.0,641.0,0.0,2,2,0,-0.02613487668001921,0.04057632611631981,-0.0032768921686067063,-0.03868210496774202,0.0812966414620912,-0.008575536102349948,-0.036883951447441055,0.07234364736449544,-0.009168155192762642,25.08,39.17,3,851.0,403.0,0.0,747.0,428.0,0.0,2,1,0,-0.005347068466015403,-0.009036909926723041,-0.015404780735809287,-0.009635347681117734,-0.023784511271252237,-0.026910941375283118,-0.011951277005451177,-0.021919909954892042,-0.04610098386557319
92,least_connections,2127,measured,410,412,14,heavy,0,99.87,63.3,4,1088.0,410.0,0.0,854.0,412.0,0.0,3,1,0,0.003527686561129423,-0.00604150452617494,-0.009996747692319487,0.03936633371194309,-0.05370467078350344,-0.06398469957505593,-0.034391060894256475,-0.019595023859000582,-0.04446791857267287,43.06,41.0,4,769.0,738.0,0.0,671.0,641.0,0.0,2,2,0,-0.023645840805731677,0.03671191410524174,-0.0029648072001679723,-0.034998094970814214,0.07355410417998728,-0.007758818378316619,-0.0333711941667324,0.06545377618692444,-0.008294997555356676,17.12,29.0,2,453.0,403.0,0.0,442.0,428.0,0.0,1,1,0,-0.04792172407696178,-0.00817625183846371,-0.013937658760970306,-0.0807367431400589,-0.02151931972160917,-0.024347994577637106,-0.10279718713191613,-0.019832299482997556,-0.04171041397361384
92,least_connections,2128,measured,190,115,6,light,2,99.87,63.3,4,1088.0,410.0,0.0,854.0,412.0,0.0,3,1,0,0.003191716412450446,-0.005466123142729706,-0.009044676483527156,0.03561715907271046,-0.048589940232693585,-0.057890918663145836,-0.03111572176147015,-0.01772883111052434,-0.04023287870860879,43.06,41.0,4,1123.0,384.0,0.0,1001.0,311.0,0.0,3,1,0,0.021690044259666794,-0.00986835889344341,-0.0026824446096757847,0.05984526101280074,-0.02496125268069177,-0.007019883294667417,0.06311058623009927,-0.034083488211830285,-0.00750499778817985,20.92,32.83,3,643.0,403.0,0.0,557.0,428.0,0.0,2,1,0,-0.00027385012858902047,-0.007397561187181448,-0.012610262688496944,-0.03866657712671995,-0.019469860700503536,-0.022029137951195477,-0.05832443915109872,-0.017943509056045415,-0.03773799359517442
92,least_connections,2129,measured,443,432,16,heavy,2,86.73,57.25,3,891.0,410.0,0.0,733.0,412.0,0.0,2,1,0,-0.04019615680596886,-0.0049455399862792515,-0.008183278723191236,-0.08660034814056372,-0.04396232687719892,-0.052377497838084326,-0.08289041492704441,-0.016040371004760107,-0.03640117597445557,43.06,41.0,4,1123.0,384.0,0.0,1001.0,311.0,0.0,3,1,0,0.019624325758746147,-0.008928515189305944,-0.002426973694468567,0.05414571234491494,-0.0225839905206259,-0.006351322980889568,0.057100054208185036,-0.0308374417154655,-0.006790236094067483,29.78,47.23,4,643.0,403.0,443.0,557.0,428.0,432.0,2,1,1,-0.00024776916396149207,-0.006693031550307024,0.03167461493716489,-0.03498404597179422,-0.01761558825283653,0.06023077994891837,-0.052769730660517905,-0.01623460343166014,0.09614181531865171
92,least_connections,2130,measured,355,303,12,medium,0,100.0,72.4,4,891.0,765.0,0.0,733.0,715.0,0.0,2,2,0,-0.03636795139587659,0.03860936404869519,-0.007403918844792071,-0.07835269593670058,0.17435154552380416,-0.047389164710647726,-0.07499608969589733,0.12255871194807419,-0.03293439731022171,31.94,30.31,3,734.0,384.0,0.0,659.0,311.0,0.0,2,1,0,-0.025328557873606078,-0.00807818040937204,-0.002195833342614418,-0.05156884529337627,-0.020433134280566284,-0.005746435077947704,-0.04503447476402306,-0.027900542504468787,-0.006143546942251532,20.72,32.5,3,190.0,403.0,443.0,115.0,428.0,432.0,1,1,1,-0.04330807232748443,-0.006055599974087306,0.028657984943149188,-0.11362366064114712,-0.01593791318113781,0.054494515191878534,-0.18104562932777019,-0.014688450723883001,0.0869854519549706
92,least_connections,2131,measured,180,110,8,light,1,77.33,51.35,3,395.0,765.0,0.0,312.0,715.0,0.0,1,2,0,-0.07598823720397904,0.034932281758343266,-0.0066987837167166355,-0.37006513759352266,0.15774663642629905,-0.042875910928681274,-0.2583059859153357,0.11088645366730521,-0.029797788042581545,37.09,33.75,4,1118.0,180.0,0.0,970.0,110.0,0.0,3,1,0,0.020167585960161383,-0.00730882989419375,-0.001986706357603521,0.052607779428441914,-0.07122181536949193,-0.00519915554671459,0.04718607045159817,-0.0820737051230908,-0.0055584472334656715,20.72,32.5,3,593.0,443.0,0.0,543.0,432.0,0.0,2,1,0,0.003900406216176211,-0.0054788761670313685,-0.017155247182955722,-0.02987855010389505,-0.007181921449600878,-0.030857343397824182,-0.03472382336004606,-0.012083201448592568,-0.051584591088359937
92,least_connections,2132,measured,476,446,16,heavy,0,82.73,58.05,3,0.0,765.0,476.0,0.0,715.0,446.0,0,2,1,-0.11183516245892888,0.031605397781358194,0.03702309591163279,-0.5730748070290602,0.14272314724284196,0.2483186202708757,-0.374848272971018,0.10032583903232378,0.17480200129480716,26.23,23.47,3,918.0,0.0,0.0,751.0,0.0,0.0,3,0,0,0.018246863487765053,-0.04969665108340886,-0.0017974962283079476,-0.0041031655511376,-0.11096939757920019,-0.004703997875598914,-0.019227483877125473,-0.105358352254225,-0.005029071306468941,20.72,32.5,3,593.0,443.0,0.0,543.0,432.0,0.0,2,1,0,0.003528938957492761,-0.004957078436837903,-0.01552141411791232,-0.02703297390352409,-0.006497928930591271,-0.027918548788507594,-0.031416792563851215,-0.0109324203582504,-0.04667177288946851
92,least_connections,2133,measured,376,320,10,medium,0,100.0,74.05,4,0.0,1141.0,476.0,0.0,1035.0,446.0,0,3,1,-0.10118419460569757,0.07167926012417669,0.03349708677719157,-0.5184962539786735,0.35592411734669827,0.22466922786412563,-0.3391484374499687,0.23553290198162624,0.15815419164768268,26.23,23.47,3,918.0,0.0,0.0,751.0,0.0,0.0,3,0,0,0.016509066965120778,-0.044963636694512775,-0.0016263061113262383,-0.0037123878796007093,-0.10040088352403827,-0.0042559980779228275,-0.017396294936446843,-0.09532422346810834,-0.00455011213442428,20.72,32.5,3,593.0,443.0,0.0,543.0,432.0,0.0,2,1,0,0.0031928495329696382,-0.004484975728567625,-0.01404318420192067,-0.024458404960331345,-0.005879078556249237,-0.0252596393800783,-0.028424717081579676,-0.009891237466988445,-0.04222684213809056
92,least_connections,2134,measured,166,103,3,light,1,100.0,74.05,4,410.0,1207.0,0.0,412.0,1069.0,0.0,1,3,0,-0.04846370441649281,0.06485266392187415,-0.012777012190250705,-0.22181407106006967,0.3618361061708222,-0.08383895256737842,-0.12046763388330498,0.22848214941194755,-0.058670017080668053,30.97,26.69,4,1084.0,0.0,0.0,854.0,0.0,0.0,4,0,0,0.058020675099961894,-0.04068138558074966,-0.0014714198150094537,0.039552737496687806,-0.090838894616987,-0.003850664927644463,0.013382518867024296,-0.08624572599495517,-0.0041167681216219675,16.92,28.67,2,403.0,443.0,0.0,428.0,432.0,0.0,1,1,0,-0.040195131601689596,-0.004057835182989758,-0.012705738087452035,-0.05650998544029978,-0.005319166312796927,-0.02285395943911846,-0.06040014085158796,-0.008949214851084769,-0.038205238124939075
92,least_connections,2135,measured,498,425,17,heavy,2,100.0,74.05,4,765.0,852.0,0.0,715.0,766.0,0.0,2,2,0,-0.0007642132929266132,0.015592319512081149,-0.011560153886417304,0.013438062691683017,0.11324854050375971,-0.07585429041810428,0.028076902677009796,0.0696505161346192,-0.05308239640631872,20.86,16.38,3,730.0,0.0,0.0,524.0,0.0,0.0,3,0,0,0.00941099629225578,-0.03680696790639255,-0.0013312845945323629,-0.055724393965581764,-0.0821875713201311,-0.0034839349345354665,-0.08119557816793038,-0.07803184732876896,-0.00372469496718178,26.88,42.83,3,403.0,443.0,498.0,428.0,432.0,425.0,1,1,1,-0.03636702383010011,-0.0036713746893716898,0.031588232433348386,-0.05112808206503314,-0.004812579044911516,0.06943689384079757,-0.054647746484770054,-0.008096908674790987,0.09360795915680115
92,least_connections,2136,measured,169,113,4,light,1,100.0,74.05,4,1141.0,476.0,0.0,1035.0,446.0,0.0,3,1,0,0.04239246915220471,-0.028976563525350607,-0.010459186849615656,0.23895189799088778,-0.12433068557596333,-0.06863007228304673,0.17016481670777078,-0.08174477111629688,-0.048026930081907414,25.69,19.91,4,899.0,0.0,0.0,637.0,0.0,0.0,4,0,0,0.05159861115784592,-0.03330154239149802,-0.0012044955855292807,-0.006730233996070589,-0.07436018357535672,-0.0031521316074368507,-0.04151326119955606,-0.07060024282126716,-0.0033699621131644676,26.88,42.83,3,403.0,443.0,498.0,428.0,432.0,425.0,1,1,1,-0.032903497751042954,-0.0033217199570505784,0.028579829344458064,-0.046258740915982366,-0.004354238183491385,0.0628238563321502,-0.049443199200506244,-0.00732577451528707,0.08469291542758199
92,least_connections,2137,measured,395,324,15,medium,2,100.0,74.05,4,1141.0,476.0,0.0,1035.0,446.0,0.0,3,1,0,0.03835509113770902,-0.026216890808650542,-0.009463073816318926,0.21619457437270795,-0.11248966790206205,-0.06209387492275656,0.15395864368798312,-0.0739595548195067,-0.04345293674077338,20.94,16.69,3,733.0,0.0,0.0,534.0,0.0,0.0,3,0,0,0.003600557487484196,-0.030129966925641065,-0.0010897817202407778,-0.049000823955628464,-0.06727826133008465,-0.0028519285972047697,-0.06668164108531266,-0.06387641017162267,-0.0030490133404821374,34.78,53.63,4,403.0,443.0,893.0,428.0,432.0,749.0,1,1,2,-0.02976983129856267,-0.0030053656754267105,0.06894184106221943,-0.04185314654303167,-0.003939548832682674,0.12831682239575495,-0.04473432308617231,-0.0066280817043073426,0.17434120919638374
92,least_connections,2138,measured,401,441,17,heavy,1,100.0,74.05,4,1141.0,476.0,0.0,1035.0,446.0,0.0,3,1,0,0.03470222531507006,-0.02372004406496954,-0.008561828690955219,0.19560461490864056,-0.10177636619710373,-0.056180172549160697,0.139295915717699,-0.06691578769383935,-0.03931456181308068,21.43,20.75,3,349.0,0.0,401.0,223.0,0.0,441.0,2,0,1,-0.039826252976176424,-0.027260446266056202,0.042097907241777616,-0.14359938493944618,-0.060870807870076586,0.1010795475957263,-0.1482625562200448,-0.05779294253623003,0.12192886888242092,26.72,39.37,3,443.0,893.0,0.0,432.0,749.0,0.0,1,2,0,-0.026934609270128126,0.04036475985375225,-0.023791849016268588,-0.03062903734845722,0.07786421772281092,-0.04549430354669791,-0.039267562157330516,0.08960633877546798,-0.06815160437787506
92,least_connections,2139,measured,381,318,14,medium,1,100.0,74.05,4,1141.0,476.0,0.0,1035.0,446.0,0.0,3,1,0,0.03139725147553957,-0.021460992249258154,-0.007746416434673769,0.17697560396496048,-0.09208337894023672,-0.05082967992543111,0.1260296380302991,-0.060542855532521284,-0.03557031783088252,27.17,27.25,3,169.0,381.0,401.0,113.0,318.0,441.0,1,1,1,-0.07911717672901222,0.018419686938420804,0.0380885827425607,-0.17645386528534926,0.04341620784544091,0.09145292401518093,-0.1652435032467072,0.0376218615148395,0.1103165956555237,26.72,39.37,3,443.0,893.0,0.0,432.0,749.0,0.0,1,2,0,-0.024369408387258776,0.03652049701053775,-0.021525958633766818,-0.027711986172413675,0.07044857793968608,-0.04116151273272668,-0.035527794332822854,0.08107240174923291,-0.061660975389506004
92,least_connections,2140,measured,477,420,17,heavy,1,100.0,74.05,4,1141.0,476.0,0.0,1035.0,446.0,0.0,3,1,0,0.0284070370492977,-0.019417088225519283,-0.007008662488514362,0.16012078453972622,-0.0833135333268808,-0.045988758027771005,0.11402681536074682,-0.05477686929132877,-0.032182668513655616,35.97,36.84,3,0.0,381.0,878.0,0.0,318.0,861.0,0,1,2,-0.11466610774348271,0.016665431039523584,0.077544998898598,-0.2033358100881051,0.03928133090777987,0.20604924417700043,-0.18145543150892557,0.034038827084854784,0.21856025321214045,26.72,39.37,3,443.0,893.0,0.0,432.0,749.0,0.0,1,2,0,-0.022048512350376984,0.03304235443810558,-0.019475867335312834,-0.02507274939408856,0.06373918956447788,-0.03724136866294319,-0.032144194872554016,0.07335122063025834,-0.055788501542886386
92,least_connections,2141,measured,491,445,19,heavy,1,80.47,53.45,3,1207.0,0.0,0.0,1069.0,0.0,0.0,3,0,0,0.02570160494936459,-0.060651741954608145,-0.006341170822941566,0.18468070982165696,-0.3624900222163842,-0.04160887631084043,0.11854807104067572,-0.25132192935882125,-0.02911765246473603,50.0,50.75,4,0.0,782.0,968.0,0.0,759.0,865.0,0,2,2,-0.10374552605362722,0.05816214735775489,0.07015976090825533,-0.18397049484161893,0.1392001157192838,0.2096908127587827,-0.16417396184140884,0.15548453402915433,0.19887594338241282,26.72,39.37,3,443.0,893.0,0.0,432.0,749.0,0.0,1,2,0,-0.019948654031293464,0.029895463539238387,-0.0176210228271878,-0.022684868499413466,0.05766879055833714,-0.033694571647424794,-0.02908284297992983,0.06636539009404324,-0.05047531091975435
92,least_connections,2142,measured,186,100,4,light,0,69.2,43.3,3,1038.0,0.0,0.0,866.0,0.0,0.0,3,0,0,0.023253833049425104,-0.054875385577978796,-0.005737249792185226,0.06515556285451496,-0.32796716295768097,-0.03764612618599849,0.015424445227278039,-0.227386507515124,-0.026344542706189744,50.0,50.75,4,0.0,782.0,968.0,0.0,759.0,865.0,0,2,2,-0.09386499976280557,0.052622895228444905,0.06347787891699293,-0.16644949533289333,0.1259429618412568,0.18972025916270818,-0.14853834642794134,0.14067648316923487,0.17993537734599255,26.72,39.37,3,443.0,893.0,0.0,432.0,749.0,0.0,1,2,0,-0.01804878221878932,0.027048276535501403,-0.01594283017697944,-0.02052440483280267,0.05217652479087645,-0.030485564823860528,-0.02631304841041271,0.06004487675175341,-0.04566813845120632
92,least_connections,2143,measured,190,103,5,light,0,56.8,32.45,3,852.0,0.0,0.0,649.0,0.0,0.0,3,0,0,0.021039182282813193,-0.04964915838007605,-0.005190845050072348,-0.053240205036391264,-0.2967321950569495,-0.03406078083495102,-0.08421121622293887,-0.20573064965654075,-0.02383553863893358,50.0,50.75,4,0.0,1259.0,491.0,0.0,1179.0,445.0,0,3,1,-0.0849254759758717,0.09069509114773133,0.014348466412426708,-0.15059716244404633,0.23725451649583099,0.048345540602994466,-0.13439183724432788,0.24602872286740296,0.04404867474161231,26.72,39.37,3,443.0,893.0,0.0,432.0,749.0,0.0,1,2,0,-0.016329850578904626,0.024472250198786988,-0.014424465398219493,-0.018569699610631,0.04720733195365012,-0.027582177697778574,-0.023807043799897204,0.05432631706111021,-0.04131879193204381
92,least_connections,2144,measured,446,432,17,heavy,0,86.53,54.05,4,852.0,0.0,446.0,649.0,0.0,432.0,3,0,1,0.019035450636830986,-0.044920667105783095,0.038387421371930006,-0.04816970931863973,-0.26847198600390665,0.23819897606996496,-0.07619110039218274,-0.18613725445115592,0.17386308408858392,50.0,50.75,4,0.0,1259.0,491.0,0.0,1179.0,445.0,0,3,1,-0.07683733540674106,0.08205746341937598,0.012981945801719408,-0.13625457554461334,0.2146588482581328,0.043741203402709275,-0.12159261464962999,0.2225974159276503,0.03985356286145876,26.72,39.37,3,443.0,893.0,0.0,432.0,749.0,0.0,1,2,0,-0.014774626714247036,0.02214155970366441,-0.013050706788865255,-0.016801156790570912,0.04271139557711204,-0.02495530363132347,-0.021539706295145095,0.04915238210290923,-0.03738366889089678
92,least_connections,2145,measured,376,314,13,medium,2,86.53,54.05,4,852.0,0.0,446.0,649.0,0.0,432.0,3,0,1,0.017222550576180412,-0.040642508333803756,0.034731476479365246,-0.04358211795495981,-0.24290322543210602,0.21551335930139687,-0.06893480511673672,-0.16840989688437916,0.1573046951277664,50.0,50.75,4,0.0,1259.0,491.0,0.0,1179.0,445.0,0,3,1,-0.0695194939394324,0.07424246690324493,0.011745570011079468,-0.12327794930226922,0.1942151484240249,0.03957537450721314,-0.11001236563537951,0.20139766202977885,0.03605798544608174,25.38,35.43,3,893.0,376.0,0.0,749.0,314.0,0.0,2,1,0,0.029716380818629096,-0.023051060494870518,-0.01180778233278285,0.06622752480853109,-0.05490873733499389,-0.022578608047387903,0.07611486890756713,-0.08671927333546307,-0.033823319472716135
92,least_connections,2146,measured,384,325,14,medium,2,74.13,49.05,3,666.0,0.0,446.0,549.0,0.0,432.0,2,0,1,-0.02750159256259413,-0.03677179325439388,0.03142371681466379,-0.15162191624496352,-0.2197695849147626,0.1949882774631686,-0.10760768081990463,-0.15237085908586687,0.14232329559178863,50.0,50.75,4,381.0,1369.0,0.0,318.0,1306.0,0.0,1,3,0,-0.01981468952796718,0.06717175576960256,-0.0324569559310188,-0.013047396307495282,0.20415384177139667,-0.09111887884721533,-0.009624283193914798,0.2181246704078952,-0.09319456078687843,33.06,46.27,4,893.0,760.0,0.0,749.0,639.0,0.0,2,2,0,0.02688624931209299,0.022228178826636413,-0.010683231634422578,0.05992014149343289,0.0198063805064341,-0.02042826442382715,0.0688658337735131,0.019555578093311154,-0.030602050951505075
92,least_connections,2147,measured,489,450,20,heavy,0,100.0,71.55,4,666.0,446.0,489.0,549.0,432.0,450.0,2,1,1,-0.024882393270918485,0.009814182520401005,0.028430981879933908,-0.13718173374544312,0.07017672475965925,0.20235447326032716,-0.09735933026562799,0.057569222731834735,0.13691155315447545,50.0,50.75,4,381.0,1369.0,0.0,318.0,1306.0,0.0,1,3,0,-0.01792757623958935,0.06077444569630708,-0.02936581727092177,-0.011804787135352879,0.18471061874554937,-0.08244089038557577,-0.008707684794494339,0.19735089227380997,-0.08431888833098525,33.06,46.27,4,893.0,760.0,0.0,749.0,639.0,0.0,2,2,0,0.02432565413951271,0.02011120941457581,-0.009665781002572808,0.054213461351201184,0.017920058553440393,-0.018482715431081705,0.06230718293794041,0.01769314208442438,-0.027687569908504593
92,least_connections,2148,measured,365,305,14,medium,0,86.67,59.35,3,0.0,811.0,489.0,0.0,737.0,450.0,0,2,1,-0.10868044198434575,0.05196339869759637,0.025723269319940203,-0.5258310924363533,0.28365195732223136,0.18308261866410552,-0.3364441559546158,0.19006263009070762,0.12387235761595397,50.0,50.75,4,782.0,968.0,0.0,759.0,865.0,0.0,2,2,0,0.026863712200462242,0.011902503022282379,-0.02656907276892922,0.09297934225168752,0.06345926730039503,-0.07458937701552093,0.11680911851926702,0.05386806920011378,-0.07628851801374856,33.06,46.27,4,893.0,760.0,0.0,749.0,639.0,0.0,2,2,0,0.02200892517384484,0.018195856136997174,-0.008745230430899208,0.04905027455584868,0.016213386310255595,-0.016722456818597735,0.056373165515279405,0.01600808093352682,-0.02505065848864701
92,least_connections,2149,measured,497,409,16,heavy,0,100.0,79.8,4,0.0,811.0,986.0,0.0,737.0,859.0,0,2,2,-0.09832992370012235,0.04701450358353958,0.06635733437336994,-0.4757519407757482,0.2566374851963046,0.4654239565691113,-0.3044018553875095,0.17196142722492594,0.29709879974776787,50.0,50.75,4,782.0,968.0,0.0,759.0,865.0,0.0,2,2,0,0.024305263419465845,0.01076893130587453,-0.02403868488617406,0.08412416679914586,0.05741552755750026,-0.06748562682356656,0.10568444056505111,0.048737776895341034,-0.06902294486958203,33.06,46.27,4,893.0,760.0,0.0,749.0,639.0,0.0,2,2,0,0.019912837062050104,0.01646291745728315,-0.00791235134224214,0.04437881983624406,0.01466925428070745,-0.015129841883493188,0.05100429260906231,0.014483501797000448,-0.02266488148972825
92,least_connections,2150,measured,380,314,10,medium,0,100.0,95.5,5,0.0,1191.0,986.0,0.0,1051.0,859.0,0,3,2,-0.08896516906201546,0.08562083204043604,0.0600375882425728,-0.43044223213043886,0.46140216914586296,0.4210978654672912,-0.275411202493461,0.2976317674892187,0.2688036759622662,50.0,50.75,4,1259.0,491.0,0.0,1179.0,445.0,0.0,3,1,0,0.06507437665389312,-0.03334058142620422,-0.021749286325586054,0.19941846383868297,-0.07135874037314602,-0.06105842426894117,0.21436925574933194,-0.07465391614231051,-0.062449331072478985,33.06,46.27,4,893.0,760.0,0.0,749.0,639.0,0.0,2,2,0,0.018016376389473898,0.014895020556589506,-0.007158794071552413,0.04015226556612558,0.013272182444449582,-0.013688904561255742,0.04614674093200874,0.013104120673476577,-0.02050632134784937
92,least_connections,2151,measured,380,331,13,medium,1,100.0,95.5,5,0.0,1688.0,489.0,0.0,1460.0,450.0,0,4,1,-0.08049229581801398,0.1205503673109614,0.011235822468903742,-0.38944773383230186,0.6038400577986378,0.08121552907358093,-0.24918156416075044,0.4543096943950074,0.05817951634681226,60.86,61.09,5,1259.0,871.0,0.0,1179.0,776.0,0.0,3,2,0,0.05887681697256997,0.012918612269715468,-0.019677925723149286,0.18042622918737983,0.03366862265558898,-0.05524333624332772,0.19395313615415746,0.026042290156957165,-0.05650177573224289,33.06,46.27,4,1269.0,384.0,0.0,1063.0,325.0,0.0,3,1,0,0.05938443124580518,-0.02960745305650972,-0.006477004159975992,0.10436633551220889,-0.05602993016930753,-0.01238519936494567,0.13645022592261108,-0.08284230351764815,-0.018553338362339904
92,least_connections,2152,measured,166,118,3,light,2,100.0,95.5,5,0.0,1688.0,489.0,0.0,1460.0,450.0,0,4,1,-0.07282636288296503,0.1090693799480127,0.010165744138531954,-0.3523574734673207,0.5463314808654343,0.07348071678085893,-0.22544998662163135,0.4110421044526258,0.05263861002806822,60.86,61.09,5,1259.0,871.0,0.0,1179.0,776.0,0.0,3,2,0,0.053269501070420444,0.011688268244028271,-0.01780383755903983,0.16324277878858173,0.030462087164580515,-0.04998206612491556,0.17548140890138056,0.02356207204677077,-0.05112065423393404,18.52,25.23,3,542.0,384.0,0.0,432.0,325.0,0.0,2,1,0,0.0106448709003997,-0.02678769562255641,-0.005860146620930659,-0.03712569644133484,-0.05069374634365918,-0.011205656568284178,-0.06684662099065347,-0.07495256032549119,-0.01678635375640277
92,least_connections,2153,measured,372,337,13,medium,2,100.0,95.5,5,380.0,1797.0,0.0,314.0,1596.0,0.0,1,4,0,-0.022806618572115744,0.09868181995296388,-0.03388632219665703,-0.08959326964503617,0.49429991125920236,-0.22846982767446097,-0.06193094027671406,0.4334190468857091,-0.15594601949841447,49.97,51.16,4,1369.0,380.0,0.0,1306.0,331.0,0.0,3,1,0,0.04819621525418992,-0.03250880038692226,-0.016108233981988417,0.17613122162504333,-0.0993642340619782,-0.04522186935111408,0.1946766318631539,-0.10450038719577882,-0.046252020497368894,25.96,36.47,4,926.0,372.0,0.0,757.0,337.0,0.0,3,1,0,0.05271497389854757,-0.024236486515646277,-0.005302037418937263,0.03589579845783991,-0.04803719907283449,-0.010138451180828543,0.03753559688147226,-0.06419517362782538,-0.015187653398650126
92,least_connections,2154,measured,368,308,12,medium,1,100.0,95.5,5,826.0,1351.0,0.0,746.0,1164.0,0.0,2,3,0,0.02244934056627168,0.046199651159257574,-0.030659053416023024,0.18795529571798308,0.3573507133615005,-0.20671079646736945,0.13939581594011585,0.19671247099183192,-0.14109401764142263,60.49,60.78,5,1369.0,748.0,0.0,1306.0,639.0,0.0,3,2,0,0.043606099515695634,0.013671176067161034,-0.014574116459894282,0.1593568195655154,0.005228278025557143,-0.04091502465100798,0.17613600025713924,-0.007464636034276079,-0.04184706616428614,25.96,36.47,4,926.0,372.0,0.0,757.0,337.0,0.0,3,1,0,0.04769450019392399,-0.02192824970463235,-0.004797081474276572,0.0324771509856647,-0.04346222773256453,-0.009172884401702015,0.03396077813085585,-0.0580813475680325,-0.013741210217826304
92,least_connections,2155,measured,456,439,16,heavy,2,100.0,95.5,5,1191.0,986.0,0.0,1051.0,859.0,0.0,3,2,0,0.06339520835814602,-0.0012842158445719454,-0.027739143566877972,0.3902135215226197,0.10315858193024652,-0.1870240539466676,0.26409621442200953,0.04000175946880036,-0.12765649215176333,49.03,47.0,4,968.0,748.0,0.0,865.0,639.0,0.0,2,2,0,-0.0036307625696994084,0.012369159298859983,-0.01318610536847578,0.04052011566131669,0.0047303467850279,-0.03701835563662627,0.03467364308979265,-0.006753718316725971,-0.037861631291496986,31.76,47.17,4,760.0,372.0,456.0,639.0,337.0,439.0,2,1,1,6.826661536432632e-05,-0.019839844970857834,0.038743683654792846,-0.0006540062510652922,-0.039322967948510756,0.07421500935084104,-0.004860883278432038,-0.052549790656791315,0.11996430186641113
92,least_connections,2156,measured,389,321,13,medium,1,100.0,95.5,5,1191.0,986.0,0.0,1051.0,859.0,0.0,3,2,0,0.05735756946689402,-0.0011619095736603302,-0.025097320370032452,0.3530503289966559,0.09333395507974673,-0.16921223928508022,0.23894419400086575,0.036192068090819374,-0.11549873099445254,60.14,57.03,5,968.0,1137.0,0.0,865.0,960.0,0.0,2,3,0,-0.003284975658299466,0.05427504435429735,-0.011930285809573324,0.036661057026905586,0.1048376606966579,-0.033492797956947575,0.03137139136695527,0.0846484215229622,-0.03425576164468775,31.76,47.17,4,760.0,372.0,456.0,639.0,337.0,439.0,2,1,1,6.176503294866298e-05,-0.017950335926014235,0.03505380902100305,-0.0005917199414400276,-0.03557792338198591,0.0671469132221895,-0.004397942013819461,-0.047545048689477856,0.10853913026008627
92,least_connections,2157,measured,431,428,14,heavy,2,100.0,95.5,5,1191.0,986.0,0.0,1051.0,859.0,0.0,3,2,0,0.051894943803380306,-0.0010512515190260197,-0.022707099382410313,0.31942648813983154,0.0844450069769136,-0.15309678792459638,0.2161876040960214,0.03274520446312229,-0.10449885185212372,46.51,43.91,4,871.0,757.0,0.0,776.0,629.0,0.0,2,2,0,-0.002972120833699521,0.006022092284273556,-0.010794068113423483,0.008094697854275135,-0.0033781709343163047,-0.03030300767533352,0.0032199493320071437,-0.01699964243160562,-0.03099330815471749,40.38,61.43,5,760.0,1259.0,0.0,639.0,1204.0,0.0,2,3,0,5.5882648858307515e-05,0.06992702032997805,-0.011368549207754604,-0.0005353656613028834,0.12831521217820324,-0.021762316608495213,-0.003979090393455703,0.21845924166190098,-0.034194755161509265
92,least_connections,2158,measured,497,408,16,heavy,1,100.0,95.5,5,1688.0,489.0,0.0,1460.0,450.0,0.0,4,1,0,0.09003646842981575,-0.044035032553495196,-0.020544518488847426,0.4753858702217524,-0.22337515241771305,-0.13851614145558722,0.38062211799163836,-0.15539719596193693,-0.09454658024715956,60.71,56.66,5,871.0,757.0,497.0,776.0,629.0,408.0,2,2,1,-0.0026890617066805123,0.00544855968577132,0.033317838600326596,0.007323774249106074,-0.0030564403691433206,0.1010591835318411,0.002913287490863614,-0.01538062886669081,0.08731557833620798,32.86,50.97,4,384.0,1259.0,0.0,325.0,1204.0,0.0,1,3,0,-0.04303333973493319,0.06326730410807538,-0.010285830235587498,-0.06852247369355975,0.11609471578027913,-0.019689715026733765,-0.09829854210201547,0.1976535995988628,-0.030938111812794097
92,least_connections,2159,measured,408,421,17,heavy,2,100.0,95.5,5,1688.0,489.0,0.0,1460.0,450.0,0.0,4,1,0,0.0814615666745952,-0.039841219929352786,-0.018587897680385768,0.43011102543872837,-0.20210132837793088,-0.12532412798362652,0.34437239246862517,-0.14059746301318102,-0.08554214403314436,60.71,56.66,5,1239.0,389.0,497.0,1084.0,321.0,408.0,3,1,1,0.0406509396349988,-0.03815425098724998,0.03014471111458121,0.10175552364034768,-0.09789460251085756,0.09143449938595147,0.08971916487268611,-0.10099914040319646,0.07899980897085485,41.02,65.0,5,756.0,887.0,408.0,662.0,867.0,421.0,2,2,1,0.004148973799913053,0.014157946347215594,0.033777672870749634,0.0053177618963030915,0.03772379046787158,0.056014067356764695,0.012698144447382848,0.0771945266211933,0.09897662899477361
92,least_connections,2160,measured,372,315,7,medium,0,100.0,95.55,5,2169.0,0.0,0.0,1911.0,0.0,0.0,5,0,0,0.11678722245615303,-0.07913071825807655,-0.01681762171082522,0.38914807063504,-0.4778059637705089,-0.11338849674709066,0.515598831281137,-0.3307786570119257,-0.0773952731728449,46.69,42.75,4,748.0,886.0,0.0,639.0,729.0,0.0,2,2,0,-0.00630447865223463,0.008563387428769303,-0.01581011398023151,-0.03486064867914118,0.039904883442557465,-0.04574973865080581,-0.044643969877093514,0.023976968206631782,-0.043881125216845625,33.34,54.17,4,372.0,887.0,408.0,337.0,867.0,421.0,1,2,1,-0.03933006678874079,0.01280957050462364,0.03056075164496395,-0.06467440590334483,0.03413104851855048,0.05067939427516806,-0.08652707565871713,0.06984266694298441,0.08955028337622373
92,least_connections,2161,measured,198,113,8,light,1,100.0,73.95,4,1723.0,0.0,0.0,1479.0,0.0,0.0,4,0,0,0.06258072961452393,-0.07159445937635497,-0.01521594345265139,0.352086349622179,-0.43230063388760326,-0.10258959229498679,0.27106560925436207,-0.2992759277726947,-0.07002429477543111,52.34,46.28,5,748.0,1084.0,0.0,639.0,842.0,0.0,2,3,0,-0.005704052113926578,0.05083172694802483,-0.014304388839257082,-0.03154058690017536,0.08728809182217784,-0.0413926206840624,-0.04039216322213224,0.053642852186952555,-0.0397019704342889,33.34,54.17,4,372.0,887.0,408.0,337.0,867.0,421.0,1,2,1,-0.03558434614219405,0.01158961140894521,0.027650203869253098,-0.05851493867445484,0.0308804724691647,0.04585278529658063,-0.07828640178645836,0.06319098437698589,0.08102168495944052
92,least_connections,2162,measured,195,122,7,light,0,100.0,64.8,4,1553.0,0.0,0.0,1296.0,0.0,0.0,4,0,0,0.05662066012742642,-0.06477593943574973,-0.013766805980970305,0.31855431632482867,-0.39112914494592677,-0.09281915493355948,0.16246412265870852,-0.2707734584610095,-0.06335531432062814,52.34,46.28,5,1335.0,497.0,0.0,1073.0,408.0,0.0,4,1,0,0.08100699139805735,-0.040177190357682746,-0.012942066092661169,0.12320477511752842,-0.07276655637857382,-0.03745046633319932,0.08616304279902323,-0.07417432421180484,-0.03592083039292805,33.34,54.17,4,372.0,1295.0,0.0,337.0,1288.0,0.0,1,3,0,-0.03219536079531843,0.05356973912056494,-0.018067049106956945,-0.0529420873721258,0.10176804651972043,-0.032342718064998485,-0.07083055399727185,0.18414104935695552,-0.05366291995733159
92,least_connections,2163,measured,185,111,5,light,0,100.0,70.35,5,1738.0,0.0,0.0,1407.0,0.0,0.0,5,0,0,0.09431211653252414,-0.05860680234663071,-0.012455681601830276,0.2882158100081783,-0.35387875018917186,-0.08397923541607763,0.1972056347864506,-0.24498551003615143,-0.057321474861520706,52.34,46.28,5,1335.0,497.0,0.0,1073.0,408.0,0.0,4,1,0,0.0732920398363376,-0.036350791275998676,-0.011709488369550582,0.11147098701109714,-0.06583640815204297,-0.033883755253847,0.07795703872292575,-0.06711010285829963,-0.03249979892693491,33.34,54.17,4,372.0,1295.0,0.0,337.0,1288.0,0.0,1,3,0,-0.029129135957669056,0.04846785920432066,-0.016346377763437236,-0.04789998381287572,0.09207585161308038,-0.029262459201665297,-0.06408478694991264,0.166603806561055,-0.048552165675680964
92,least_connections,2164,measured,404,424,17,heavy,2,100.0,70.35,5,1738.0,0.0,0.0,1407.0,0.0,0.0,5,0,0,0.08533001019609326,-0.05302520212314207,-0.011269426211179774,0.2607666852454946,-0.3201760120759174,-0.07598121299549881,0.17842414575916954,-0.22165355669937511,-0.05186228677947111,41.49,35.94,4,955.0,497.0,0.0,742.0,408.0,0.0,3,1,0,0.02322794533945284,-0.03288881115447499,-0.010594299001021955,0.002623410016842964,-0.05956627404232459,-0.03065673094395681,-0.02305375067925769,-0.06071866449084254,-0.029404579981512535,41.42,68.3,5,1259.0,408.0,404.0,1204.0,421.0,424.0,3,1,1,0.05981286792038559,-0.04231592784008176,0.02829432034555225,0.1171666813121601,-0.0771980390167368,0.04662920357944568,0.20349471656912665,-0.11073941311142646,0.0839448659759712
92,least_connections,2165,measured,355,314,6,medium,1,82.73,49.9,4,1241.0,0.0,0.0,998.0,0.0,0.0,4,0,0,0.03411944233161274,-0.04797518287331902,-0.010196147524400748,0.07970954061893964,-0.28968305854487764,-0.0687449069959275,-0.023592439551227584,-0.2005436941565775,-0.046923021371902435,51.63,45.75,5,1310.0,497.0,0.0,1056.0,408.0,0.0,4,1,0,0.06409966029578612,-0.029756543425477372,-0.009585318143781768,0.0941422689268035,-0.053893295562103205,-0.027737042282627588,0.06792160652829066,-0.054935934539333736,-0.026604143792797054,41.42,68.3,5,1259.0,408.0,404.0,1204.0,421.0,424.0,3,1,1,0.0541164043089203,-0.03828583947435968,0.02559962316978537,0.10600794975862105,-0.06984584482466663,0.0421883270480699,0.184114267372067,-0.10019280233890965,0.07595011683540251
92,least_connections,2166,measured,436,405,16,heavy,0,100.0,70.15,5,1241.0,0.0,436.0,998.0,0.0,405.0,4,0,1,0.030869971633363913,-0.04340611783776483,0.03385881437134717,0.07211815579808833,-0.2620941958263179,0.20078635398781164,-0.02134554054634885,-0.18144429471309392,0.1407601235206597,41.11,36.12,4,942.0,497.0,0.0,748.0,408.0,0.0,3,1,0,0.014911030517049118,-0.026922586908765242,-0.008672430701516838,-0.009952913147858067,-0.0487606007466648,-0.025095419208091628,-0.02563045123630847,-0.049703940773682925,-0.02407041581253067,33.98,57.07,4,887.0,408.0,404.0,867.0,421.0,424.0,2,1,1,0.005878560814646716,-0.03463956904823018,0.023161563820282,0.02859766882922854,-0.06319385960326981,0.03817039113872991,0.0649446546064733,-0.09065063068758492,0.06871677237488799
92,least_connections,2167,measured,437,443,16,heavy,1,54.4,31.9,3,380.0,0.0,436.0,233.0,0.0,405.0,2,0,1,-0.05823782611856643,-0.039272201853215796,0.030634165383599817,-0.4540835733255391,-0.23713284384285904,0.18166384408421055,-0.36538406049431565,-0.16416388569279927,0.12735439747107308,53.6,49.97,5,1439.0,0.0,437.0,1156.0,0.0,443.0,4,0,1,0.05657483259932561,-0.06744243123944973,0.03523741530633737,0.11947117381860461,-0.17259292448507765,0.09026060711104636,0.09216768697667332,-0.16032737498571312,0.10347498093151986,33.98,57.07,4,887.0,812.0,0.0,867.0,845.0,0.0,2,2,0,0.005318697879918455,0.01174333775454911,-0.022128199627454603,0.02587408132168295,0.015929365120851108,-0.0385696461125777,0.05875944940585681,0.04585577858424855,-0.06570069801002199
92,least_connections,2168,measured,364,305,14,medium,0,66.33,41.6,3,195.0,800.0,0.0,122.0,710.0,0.0,1,2,0,-0.09577526671498413,0.050635808300605205,-0.015367274403500391,-0.5224248203104084,0.2679909190628101,-0.098621601384127,-0.38079986425676177,0.1726612462779435,-0.06798887847855294,53.6,49.97,5,1439.0,0.0,437.0,1156.0,0.0,443.0,4,0,1,0.05118675330415173,-0.06101934254997833,0.0318814709914481,0.1080929667882613,-0.15615550310554646,0.08166435881475623,0.08338981202651397,-0.14505810117754997,0.09362022084280369,33.98,57.07,4,887.0,812.0,0.0,867.0,845.0,0.0,2,2,0,0.004812155224688114,0.010624924635068256,-0.020020752043887497,0.023409883100570295,0.014412282728389098,-0.0348963464828084,0.05316331136720376,0.04148856157622488,-0.05944348867573418
92,least_connections,2169,measured,413,422,17,heavy,0,80.87,56.6,3,0.0,800.0,413.0,0.0,710.0,422.0,0,2,1,-0.12973771296888587,0.045813350367214234,0.02918017576644749,-0.5902891231379885,0.2424679743901615,0.15988204319213906,-0.3997236867084987,0.15621731806099648,0.12939101470988068,36.83,36.41,3,852.0,437.0,0.0,722.0,443.0,0.0,2,1,0,-0.039855976035472696,-0.012124076366080164,-0.014238759805923373,-0.05394309807592684,-0.028317564034269938,-0.039079185562159335,-0.04726040816648738,-0.005990067732069032,-0.040548966856510944,33.98,57.07,4,1295.0,404.0,0.0,1288.0,424.0,0.0,3,1,0,0.04743775495385613,-0.033470873175981325,-0.01811401375399345,0.09500894185289693,-0.060788887055266985,-0.03157288491301712,0.17506839282429548,-0.08943098397071716,-0.053782204039949974
92,least_connections,2170,measured,470,424,13,heavy,0,100.0,77.8,4,0.0,1270.0,413.0,0.0,1134.0,422.0,0,3,1,-0.11738174030518245,0.08453407436852263,0.026401111407738206,-0.5340711114105611,0.5028678498450667,0.14465518193574486,-0.36165476416483217,0.33314900205518727,0.11706806092798727,36.83,36.41,3,852.0,437.0,0.0,722.0,443.0,0.0,2,1,0,-0.03606016879399909,-0.010969402426453487,-0.01288268744345448,-0.04880566016393384,-0.025620653173863278,-0.03535735836576321,-0.04275941691253618,-0.00541958509091961,-0.036687160489224185,33.98,57.07,4,1295.0,404.0,0.0,1288.0,424.0,0.0,3,1,0,0.04291987352967935,-0.030283170968745,-0.016388869586946454,0.08596047120024009,-0.054999469240479645,-0.028565943492729777,0.15839521255531497,-0.08091374740207743,-0.04866008936947855
92,least_connections,2171,measured,165,107,7,light,1,100.0,77.8,4,0.0,1270.0,413.0,0.0,1134.0,422.0,0,3,1,-0.10620252694278412,0.07648321014294905,0.023886719845096473,-0.4832071960381267,0.45497567366934616,0.1308784979418644,-0.32721145329199103,0.3014205256689789,0.10591872179198848,31.4,29.94,3,662.0,437.0,0.0,515.0,443.0,0.0,2,1,0,-0.03262586700409442,-0.009924697433457919,-0.011655764829792149,-0.09327314831158642,-0.023180590966828674,-0.03198999090235719,-0.09721387720658031,-0.004903434129879647,-0.033193145204536166,16.24,28.17,2,408.0,404.0,0.0,421.0,424.0,0.0,1,1,0,-0.04733553392666198,-0.02739905944791214,-0.014828024864380125,-0.08273100224740182,-0.04976142455091016,-0.025845377445803133,-0.11816623625947695,-0.07320767622092719,-0.044025795143813926
92,least_connections,2172,measured,200,122,7,light,2,100.0,77.8,4,0.0,1683.0,0.0,0.0,1556.0,0.0,0,4,0,-0.09608800056728087,0.11228299511799698,-0.021472106081193893,-0.4371874630821146,0.5503748158595672,-0.13069723202085284,-0.29604845774037286,0.46361857084336194,-0.09507353742629612,31.4,29.94,3,662.0,437.0,0.0,515.0,443.0,0.0,2,1,0,-0.029518641575133037,-0.008979488154080978,-0.010545691988859563,-0.0843899913295306,-0.020972915636654516,-0.028943325102132697,-0.08795541271071552,-0.00443644040322444,-0.030031893280294628,20.24,32.23,3,608.0,404.0,0.0,543.0,424.0,0.0,2,1,0,0.0002565123883488951,-0.02478962521477765,-0.013415832020153447,-0.03866138298574452,-0.045022241260347304,-0.023383912927155217,-0.07011865820301882,-0.06623551658083887,-0.03983286227297451
92,least_connections,2173,measured,152,105,5,light,1,100.0,77.8,4,0.0,1683.0,0.0,0.0,1556.0,0.0,0,4,0,-0.08693676241801603,0.10158937653533061,-0.019427143597270664,-0.3955505618361989,0.49795816673008453,-0.11824987659029543,-0.26785336652700403,0.4194644212392322,-0.08601891481426792,35.74,33.22,4,814.0,437.0,0.0,620.0,443.0,0.0,3,1,0,0.01637655784925604,-0.008124298806073266,-0.009541340370872939,-0.037060332291344006,-0.018975495099830292,-0.026186817949548632,-0.049891206738266414,-0.004013922269584025,-0.027171712967885616,20.24,32.23,3,608.0,404.0,0.0,543.0,424.0,0.0,2,1,0,0.0002320826370775797,-0.022428708527655966,-0.012138133732519785,-0.03497934651091171,-0.04073440875936184,-0.021156873600759483,-0.06344069075511227,-0.0599273721445685,-0.03603925634221503
92,least_connections,2174,measured,390,309,13,medium,2,100.0,77.8,4,0.0,1683.0,0.0,0.0,1556.0,0.0,0,4,0,-0.07865707075915736,0.09191419781768008,-0.01757693944514965,-0.3578790797565609,0.4505335794224574,-0.10698798358169587,-0.2423435220958608,0.37951542874025773,-0.07782663721290907,21.54,20.47,3,317.0,437.0,0.0,212.0,443.0,0.0,2,1,0,-0.02826701455362096,-0.0073505560626377225,-0.008632641287932659,-0.162006967311216,-0.01716830509032266,-0.023692835287686856,-0.16049680609652678,-0.003631643958195069,-0.024583930780467937,28.04,42.53,4,1012.0,390.0,0.0,967.0,309.0,0.0,3,1,0,0.043293879755541845,-0.02029264104883159,-0.010982120996089329,0.04145678172822273,-0.039388274591803565,-0.01914193325783001,0.07047429566600955,-0.08890254305143498,-0.03260694621438503
92,least_connections,2175,measured,165,106,8,light,1,100.0,77.8,4,800.0,883.0,0.0,710.0,846.0,0.0,2,2,0,0.01500187929046759,-0.0030073357613280005,-0.015902945212278256,0.15874432466469884,0.03546688931873132,-0.09679865181201054,0.10192728953231639,0.022180626003090342,-0.07041457652596535,26.26,23.78,4,317.0,602.0,0.0,212.0,549.0,0.0,2,2,0,-0.02557491792946659,0.03643339712246609,-0.007810484974796215,-0.1465777323291954,0.027119832809435945,-0.02143637478409763,-0.14521139599209568,0.026684464990204465,-0.02224260403947099,28.04,42.53,4,1012.0,390.0,0.0,967.0,309.0,0.0,3,1,0,0.03917065311215691,-0.018360008567990485,-0.009936204710747487,0.03750851680172532,-0.03563701034496512,-0.017318891995179532,0.06376245798353242,-0.08043563418939355,-0.029501522765395978
92,least_connections,2176,measured,175,109,3,light,0,100.0,83.25,5,1445.0,413.0,0.0,1243.0,422.0,0.0,4,1,0,0.09974092933536637,-0.045804823058435085,-0.014388379001585088,0.5326734366013943,-0.2514029731560685,-0.08757973259181906,0.33333897624352443,-0.1717413383781564,-0.06370842638063531,26.26,23.78,4,919.0,0.0,0.0,761.0,0.0,0.0,4,0,0,0.06302858899352115,-0.053204250676045416,-0.007066629262910861,0.023001099321204144,-0.13108205602955794,-0.019394815280850238,0.023841475054770606,-0.13108012691362453,-0.020124260797616613,19.88,28.5,3,604.0,390.0,0.0,546.0,309.0,0.0,2,1,0,-0.007643785506234457,-0.016611436323419965,-0.008989899500200108,-0.039892294322248514,-0.032243009359730346,-0.015669473709924338,-0.06927841103077226,-0.0727750975999275,-0.026691853930596362
92,least_connections,2177,measured,415,411,14,heavy,2,100.0,83.25,5,1445.0,413.0,0.0,1243.0,422.0,0.0,4,1,0,0.09024179320818862,-0.04144245895763174,-0.013018057191910317,0.4819426331155472,-0.22745983285549054,-0.07923880567831249,0.3015924070774745,-0.1553850204373796,-0.05764095720152719,26.26,23.78,4,919.0,0.0,0.0,761.0,0.0,0.0,4,0,0,0.057025866232233435,-0.04813717918308871,-0.006393616952157446,0.020810518433470426,-0.11859805069340956,-0.01754769001600736,0.021570858382887692,-0.11859630530280314,-0.018207664531176934,28.18,42.2,4,604.0,805.0,0.0,546.0,720.0,0.0,2,2,0,-0.006915805934212121,0.028054505457948825,-0.008133718595419146,-0.036093028196320084,0.04592299153167255,-0.014177142880407735,-0.06268046712307968,0.05810824502863704,-0.0241497726038729
92,least_connections,2178,measured,366,310,12,medium,1,100.0,83.25,5,1445.0,413.0,0.0,1243.0,422.0,0.0,4,1,0,0.08164733671217066,-0.03749555810452396,-0.011778242221252191,0.43604333472359036,-0.2057969916311581,-0.07169225275656844,0.2728693206891436,-0.14058644706239107,-0.05215134222995317,27.66,26.84,3,602.0,366.0,0.0,549.0,310.0,0.0,2,1,0,-0.03457296910054164,-0.00046878570079908477,-0.0057847010519519754,-0.0631170139343431,-0.012690753348458997,-0.01587648144305428,-0.040423985272625446,-0.019652609559679027,-0.016473601242493415,28.18,42.2,4,604.0,805.0,0.0,546.0,720.0,0.0,2,2,0,-0.006257157750001435,0.02538264779528704,-0.007359078729188752,-0.0326555969395277,0.04154937329056087,-0.012826938796559379,-0.056710898825643535,0.052574126454481146,-0.02184979426064691
92,least_connections,2179,measured,199,122,3,light,1,100.0,77.8,4,1683.0,0.0,0.0,1556.0,0.0,0.0,4,0,0,0.07387139988244013,-0.07700845279751714,-0.010656504866847221,0.4276900012578515,-0.4353083892535875,-0.06486441916070479,0.3884770044330347,-0.31810202353263956,-0.04718454773186239,33.34,30.66,4,801.0,366.0,0.0,671.0,310.0,0.0,3,1,0,0.011803594850076843,-0.000424139443580121,-0.005233777142242263,-0.005663692879371629,-0.01148211017241528,-0.014364435591334823,-0.002080034294280164,-0.017780932458757212,-0.014904686838446424,24.18,38.13,3,404.0,805.0,0.0,424.0,720.0,0.0,1,2,0,-0.04874513819104438,0.022965252767164462,-0.006658214088313632,-0.06573601627862032,0.03759229012003126,-0.011605325577839437,-0.08810351163589969,0.047567066792149615,-0.019768861473918632
92,least_connections,2180,measured,365,316,5,medium,2,100.0,77.8,4,1683.0,0.0,0.0,1556.0,0.0,0.0,4,0,0,0.06683602846506488,-0.06967431443584884,-0.0096415996414332,0.38695762018567514,-0.3938504474199125,-0.058686855431113856,0.35147919448703135,-0.2878065927200072,-0.04269078128120883,33.34,30.66,4,801.0,366.0,0.0,671.0,310.0,0.0,3,1,0,0.010679442959593333,-0.00038374521085821067,-0.0047353221763144285,-0.0051242935575266935,-0.010388575870280498,-0.012996394106445793,-0.0018819357900630163,-0.016087510319827955,-0.013485192853832479,31.48,48.67,4,1159.0,415.0,0.0,1049.0,411.0,0.0,3,1,0,0.042065056375903145,-0.022305814389799047,-0.006024098460855191,0.07714360431934353,-0.036559356558066955,-0.010500056475188063,0.10877936248815426,-0.050153606235674164,-0.01788611276211686
92,least_connections,2181,measured,495,434,17,heavy,0,100.0,99.5,5,1683.0,0.0,495.0,1556.0,0.0,434.0,4,0,1,0.06047069242077299,-0.06303866544195848,0.03436054817022256,0.3501045135013251,-0.35634088099896843,0.24547379746708747,0.31800498548826645,-0.26039644103238746,0.15770834074557297,33.34,30.66,4,801.0,366.0,0.0,671.0,310.0,0.0,3,1,0,0.00966235315391778,-0.0003471980479193282,-0.004284339111903531,-0.004636265599667011,-0.009399187692158542,-0.011758642286784289,-0.0017027038100570213,-0.014555366479844331,-0.0122008887725151,23.4,34.53,3,755.0,415.0,0.0,625.0,411.0,0.0,2,1,0,-0.005025039696178318,-0.020181451114580085,-0.005450374797916602,-0.0033081675205939576,-0.03307751307634629,-0.009500051096598724,-0.02945359266944772,-0.045377072308467103,-0.01618267345143906
92,least_connections,2182,measured,380,319,7,medium,2,91.87,64.0,3,883.0,0.0,495.0,846.0,0.0,434.0,2,0,1,-0.031456221596624895,-0.05703498301891481,0.03108811501115375,-0.055397503657531266,-0.32240365423716194,0.2220953405654601,-0.03347167979633037,-0.2355967799816839,0.1426884987698041,27.66,26.84,3,602.0,366.0,0.0,549.0,310.0,0.0,2,1,0,-0.034341771182736514,-0.0003141315671651018,-0.0038763068155317658,-0.05563689336568514,-0.008504026959572017,-0.010638771592804833,-0.03603458916148017,-0.013169141100811535,-0.0110388993656089,31.0,45.17,4,1135.0,415.0,0.0,944.0,411.0,0.0,3,1,0,0.03853743573973889,-0.018259408151286738,-0.0049312914838293065,0.06576880081470071,-0.029927273735741874,-0.008595284325494085,0.06955786060065838,-0.0410554463743274,-0.014641466456063913
92,least_connections,2183,measured,479,417,16,heavy,0,92.47,63.65,3,413.0,0.0,974.0,422.0,0.0,851.0,1,0,2,-0.07154429119513227,-0.05160307987425626,0.071211242379706,-0.3336136144203061,-0.2916985443098132,0.4898640382893845,-0.22209342457763223,-0.21315899141199973,0.31774197507744184,10.46,9.69,1,366.0,0.0,0.0,310.0,0.0,0.0,1,0,0,-0.07415502653494754,-0.04336811450181151,-0.003507134737862074,-0.11134494433766068,-0.10230636452804814,-0.009625555250632944,-0.10017712828895824,-0.09956374671025806,-0.009987575616503291,31.0,45.17,4,1135.0,415.0,0.0,944.0,411.0,0.0,3,1,0,0.034867203764525664,-0.01652041689878324,-0.004461644675845563,0.059505105499014915,-0.027077057189480738,-0.007776685818304172,0.06293330244821471,-0.037145403862486714,-0.013247041079295922
92,least_connections,2184,measured,369,334,11,medium,1,92.47,63.65,3,413.0,495.0,479.0,422.0,434.0,417.0,1,1,1,-0.06473054917654823,-0.003604600611855441,0.02134531906916711,-0.3018408892374199,0.03465369800540713,0.14463889178563363,-0.200941669855953,0.0034751982462859488,0.0911475012605426,21.0,20.12,2,366.0,369.0,0.0,310.0,334.0,0.0,1,1,0,-0.06709264305542872,0.003846082344166002,-0.0031731219056847335,-0.10074066392455014,0.002824853862378199,-0.008708835702953617,-0.09063644940429554,0.004353038690718888,-0.009036377938741073,31.0,45.17,4,1550.0,0.0,0.0,1355.0,0.0,0.0,4,0,0,0.07463041791847107,-0.05803094408756125,-0.0040367261352888435,0.12893319068958492,-0.09959352793333973,-0.007036049073703775,0.18089203554838473,-0.15756012730415467,-0.011985418119362977
92,least_connections,2185,measured,413,419,15,heavy,1,92.47,63.65,3,413.0,974.0,0.0,422.0,851.0,0.0,1,2,0,-0.05856573496925792,0.03982259491126911,-0.023771468687987123,-0.2730941378814752,0.32027398073505087,-0.15805687568601404,-0.18180436796490987,0.19178708412759204,-0.1061760702880805,32.8,33.22,3,366.0,369.0,413.0,310.0,334.0,419.0,1,1,1,-0.06070286752634027,0.0034797887875787636,0.04021298040732832,-0.09114631497935488,0.002555820161199318,0.09888248198304196,-0.08200440660388643,0.003938463577317086,0.11029149138875809,23.7,34.63,3,1185.0,0.0,0.0,1039.0,0.0,0.0,3,0,0,0.0244388588423355,-0.052504187507793516,-0.0036522760271660965,0.05060622014771968,-0.09010843003492643,-0.006365949161922463,0.06836263533742742,-0.14255440089423518,-0.010843949727042694
92,least_connections,2186,measured,366,328,10,medium,0,89.33,58.95,3,0.0,1340.0,0.0,0.0,1179.0,0.0,0,3,0,-0.09607194615132406,0.07911386705123895,-0.021507519289131208,-0.49619628348006484,0.5105336016174269,-0.14300383990639365,-0.35539442815872796,0.3219025999249643,-0.0960640635939776,32.8,33.22,3,366.0,782.0,0.0,310.0,753.0,0.0,1,2,0,-0.05492164204764119,0.04623228055837625,-0.0067007274772698374,-0.08246571355274965,0.10907431347918034,-0.01729680201534298,-0.07419446311780199,0.12203063371281071,-0.01867972207683793,23.7,34.63,3,1185.0,0.0,0.0,1039.0,0.0,0.0,3,0,0,0.022111348476398784,-0.047503788697527465,-0.00330444021505504,0.04578658013365114,-0.08152667479350487,-0.005759668289358419,0.0618519081624343,-0.1289777912852604,-0.009811192610181485
92,least_connections,2187,measured,360,344,9,medium,0,100.0,76.15,4,0.0,1700.0,0.0,0.0,1523.0,0.0,0,4,0,-0.0869222369940551,0.11466311327311642,-0.01945918411873776,-0.4489394945772015,0.5584192903522752,-0.12938442658197521,-0.32154733976265865,0.44686425707496763,-0.08691510515645592,32.8,33.22,3,366.0,782.0,0.0,310.0,753.0,0.0,1,2,0,-0.04969100947167536,0.04182920621948327,-0.006062562955625091,-0.07461183607153538,0.09868628362402031,-0.015649487537691267,-0.06712832377324941,0.11040866859730493,-0.01690070092666289,15.9,24.33,2,795.0,0.0,0.0,730.0,0.0,0.0,2,0,0,-0.023078394462396568,-0.04297961834538199,-0.0029897316231450363,-0.029145475117172776,-0.07376222957507583,-0.005211128452276665,-0.037229225948273714,-0.1166941921152356,-0.008876793313973725
92,least_connections,2188,measured,387,316,10,medium,2,100.0,76.15,4,0.0,1700.0,0.0,0.0,1523.0,0.0,0,4,0,-0.078643928708907,0.10374281677091485,-0.017605928488381783,-0.40618335223651564,0.5052365007949157,-0.11706210024083472,-0.2909237835947864,0.4043057564011612,-0.07863747609393631,32.8,33.22,3,735.0,413.0,0.0,644.0,419.0,0.0,2,1,0,-0.0018746321523774867,-0.005238427932939174,-0.00548517600747032,0.027881808180175494,-0.006100165156498638,-0.014159060153149241,0.03369937372896484,0.005459033492799692,-0.015291110362218805,23.64,34.87,3,795.0,387.0,0.0,730.0,316.0,0.0,2,1,0,-0.0208804521326445,0.0041975788666498565,-0.0027049952780836043,-0.02636971558220394,0.003291316098740907,-0.004714830504440792,-0.033683585381771464,-0.010278872231244907,-0.008031384426928608
92,least_connections,2189,measured,469,416,19,heavy,1,100.0,76.15,4,726.0,974.0,0.0,672.0,851.0,0.0,2,2,0,0.01501376971688459,0.007694748053503453,-0.015929173394250186,0.07040553845267633,0.13984889754460628,-0.10591332878932665,0.040783243414240944,0.0618004462677173,-0.07114819265641857,46.2,46.22,4,735.0,413.0,469.0,644.0,419.0,416.0,2,1,1,-0.0016960957569129576,-0.00473953003456401,0.03812112193428422,0.025226397877301632,-0.005519197046355909,0.10842751700429355,0.03048990956430153,0.004939125541104483,0.10378423348180205,16.04,24.23,2,415.0,387.0,0.0,411.0,316.0,0.0,1,1,0,-0.061975737870578584,0.0037978094507784416,-0.00244737668017088,-0.0926202188600893,0.0029778574226703436,-0.004265799027827383,-0.12668197407557097,-0.009299932018745391,-0.007266490671983026
92,least_connections,2190,measured,395,335,7,medium,2,100.0,76.15,4,726.0,974.0,0.0,672.0,851.0,0.0,2,2,0,0.013583886886705115,0.006961914905550731,-0.014412109261464454,0.06370024907623095,0.12652995492131047,-0.09582634509510506,0.03689912499383702,0.05591468948031564,-0.06437217430818823,35.74,36.53,3,369.0,413.0,469.0,334.0,419.0,416.0,1,1,1,-0.04461846305444052,-0.00428814622174839,0.03449053889292382,-0.07178836110421008,-0.004993559232417261,0.09810108681340846,-0.060062700870393865,0.004468732632427863,0.09390002076924947,23.94,35.4,3,810.0,387.0,0.0,746.0,316.0,0.0,2,1,0,-0.012989386418051835,0.003436113312609068,-0.0022142931868212724,-0.012323055159128404,0.0026942519538445953,-0.003859532453748585,-0.013585278131865802,-0.008414224207436302,-0.006574443941317976
92,least_connections,2191,measured,389,343,9,medium,1,100.0,76.15,4,1221.0,479.0,0.0,1106.0,417.0,0.0,3,1,0,0.05537408360044295,-0.03678502483602099,-0.013039527427039267,0.35620498725944705,-0.18409194554738573,-0.08670002651461886,0.22971825594680495,-0.1457438523749525,-0.05824149104074173,46.86,47.25,4,369.0,802.0,469.0,334.0,762.0,416.0,1,2,1,-0.04036908562068428,0.03920414888327073,0.031205725665026315,-0.06495137433238055,0.09603984096658849,0.08875812616451241,-0.05434244364464208,0.10102230571505377,0.08495716164836856,15.64,21.7,2,782.0,0.0,0.0,651.0,0.0,0.0,2,0,0,-0.011752301997284997,-0.03997503580106345,-0.0020034081214097225,-0.0162160975249257,-0.06759091489890251,-0.0034919579343439576,-0.04094223577010078,-0.1029144568226011,-0.0059483064230972165
92,least_connections,2192,measured,353,340,15,medium,2,100.0,76.15,4,1700.0,0.0,0.0,1523.0,0.0,0.0,4,0,0,0.09318426157953909,-0.07636558936410968,-0.011797667672083147,0.4905664170442616,-0.4554800142254125,-0.07844288113227421,0.3964831839518711,-0.32050634262495703,-0.052694682370194895,46.86,47.25,4,369.0,802.0,469.0,334.0,762.0,416.0,1,2,1,-0.03652441079966673,0.035470420418197326,0.028233751792166667,-0.05876552915786812,0.08689318944596103,0.08030497129170171,-0.04916697282134283,0.0914011337421915,0.076866003396143,22.7,33.03,3,782.0,0.0,353.0,651.0,0.0,340.0,2,0,1,-0.010633035140400704,-0.036167889534295505,0.04127129287881524,-0.014671707284456603,-0.06115368490853084,0.060716799964164986,-0.0370429752205674,-0.09311307998235338,0.09715788149021362
92,least_connections,2193,measured,159,107,7,light,2,100.0,76.15,4,1700.0,0.0,0.0,1523.0,0.0,0.0,4,0,0,0.08430957000053536,-0.06909267609133733,-0.010674080274741895,0.443845805897189,-0.4121009652515637,-0.0709721305482481,0.35872288071835956,-0.2899819290416278,-0.0476761411920811,46.86,47.25,4,1171.0,0.0,469.0,1096.0,0.0,416.0,3,0,1,0.05312190496810197,-0.054075515313240965,0.025544823050055555,0.15415091579594245,-0.12870208029719174,0.07265687878773011,0.17096202459021365,-0.13275016470944578,0.06954543164412938,25.88,36.6,4,941.0,353.0,0.0,758.0,340.0,0.0,3,1,0,0.03346353509972816,0.010360571600490004,-0.005743206669734057,0.015497026742634507,0.008546666035138761,-0.008941942889565008,-0.0012452315487673227,0.018294514936600906,-0.014634932619965445
92,least_connections,2194,measured,350,304,11,medium,0,100.0,91.35,5,1700.0,350.0,0.0,1523.0,304.0,0.0,4,1,0,0.07628008714334152,-0.019428520998738305,-0.009657501200956953,0.40157477676412345,-0.16174214316411317,-0.06421288001984352,0.32455879684042055,-0.12484079294242514,-0.043135556316644806,46.86,47.25,4,1171.0,469.0,0.0,1096.0,416.0,0.0,3,1,0,0.04806267592352083,-0.005841566009032073,-0.019971917467183294,0.13946987619632886,0.004793355921588444,-0.055500919192053716,0.15467992701019329,-0.0024882442609271416,-0.05469699041721628,25.88,36.6,4,941.0,353.0,0.0,758.0,340.0,0.0,3,1,0,0.0302765317568969,0.00937385049568143,-0.0051962346059498616,0.014021119433812151,0.0077326978413160274,-0.008090329281035008,-0.0011266380679323396,0.016552180180734163,-0.01324112951330207
92,least_connections,2195,measured,362,316,8,medium,1,100.0,91.35,5,1700.0,350.0,0.0,1523.0,304.0,0.0,4,1,0,0.06901531693921376,-0.01757818566552513,-0.008737739181818195,0.36332955992944505,-0.1463381295294357,-0.058097367637001275,0.293648435236571,-0.11295119361457515,-0.03902740809601197,46.66,46.69,4,802.0,831.0,0.0,762.0,732.0,0.0,2,2,0,0.00040137798976147554,0.037798673837633114,-0.018069830089356313,0.030799275742256715,0.09791507712633513,-0.05021511736423908,0.045513981580651036,0.08709396947820877,-0.04948775323462426,25.88,36.6,4,941.0,353.0,0.0,758.0,340.0,0.0,3,1,0,0.027393052541954344,0.00848110282942606,-0.004701355119668922,0.012685774725830018,0.006996250427857356,-0.007319821730460245,-0.0010193392043197358,0.014975782068283303,-0.011980069559654255
92,least_connections,2196,measured,155,113,3,light,1,88.27,57.75,3,974.0,350.0,0.0,851.0,304.0,0.0,2,1,0,-0.023725370841845145,-0.01590407274499893,-0.007905573545454557,0.011456903428228027,-0.13240116481234654,-0.05256428500490592,-0.038318082405007114,-0.10219393707985372,-0.03531051208686797,51.09,50.22,5,1319.0,469.0,0.0,1191.0,416.0,0.0,4,1,0,0.08653095196806083,-0.008885100087946449,-0.016348893890369996,0.16151226988925266,-0.00498839960678521,-0.04543272523431155,0.16247395952535093,-0.010545932376858747,-0.04477463387894576,25.88,36.6,4,941.0,353.0,0.0,758.0,340.0,0.0,3,1,0,0.024784190395101546,0.007673378750433099,-0.004253607013033787,0.011477605704322408,0.0063299408632995074,-0.006622695851368793,-0.0009222592800988139,0.013549517109399181,-0.010839110553972898
92,least_connections,2197,measured,377,318,11,medium,0,100.0,73.65,4,974.0,727.0,0.0,851.0,622.0,0.0,2,2,0,-0.021465811714050376,0.028694501076520246,-0.00715266177922079,0.01036576976839676,0.10760529532851187,-0.047558162623486305,-0.03466874122357788,0.051395961689656156,-0.03194760617383293,51.09,50.22,5,1319.0,469.0,0.0,1191.0,416.0,0.0,4,1,0,0.07828990892348361,-0.008038900079570602,-0.014791856377001426,0.14613014894741908,-0.004513313929948526,-0.04110579902151997,0.14700024909436513,-0.00954155786477695,-0.040510383033331876,17.98,25.43,3,546.0,353.0,0.0,423.0,340.0,0.0,2,1,0,-0.02066010891690359,0.006942580774201373,-0.0038485015832210455,-0.06109169007704161,0.005727089352509082,-0.005991962913143194,-0.10186617109469256,0.01225908690850401,-0.009806814310737384
92,least_connections,2198,measured,180,100,4,light,2,80.4,51.95,3,829.0,377.0,0.0,721.0,318.0,0.0,2,1,0,-0.019421448693664634,-0.01712220877657239,-0.006471455895485477,-0.07808176386033938,-0.11375393914721943,-0.043028813802201894,-0.09017648015466573,-0.09102270132840631,-0.028904977014420272,51.09,50.22,5,1319.0,469.0,0.0,1191.0,416.0,0.0,4,1,0,0.07083372712124708,-0.007273290548182931,-0.013383108150620337,0.13221299190480773,-0.004083474508048662,-0.03719096101947045,0.13300022537109227,-0.008632838068131532,-0.0366522513158717,13.84,18.23,3,339.0,353.0,0.0,207.0,340.0,0.0,2,1,0,-0.01869247949624611,0.006281382605229813,-0.0034819776229142794,-0.092730576736371,0.005181652271317741,-0.005421299778558128,-0.15730748813329323,0.011091554821979807,-0.008872831995429062
92,least_connections,2199,measured,163,124,7,light,0,59.33,37.3,3,513.0,377.0,0.0,428.0,318.0,0.0,2,1,0,-0.017571786913315623,-0.015491522226422638,-0.005855126762582098,-0.2612485800006245,-0.10292023065700806,-0.038930831535325526,-0.2141358629970785,-0.08235387263046287,-0.02615212206066596,46.66,46.69,4,1164.0,469.0,0.0,1078.0,416.0,0.0,3,1,0,0.021003757644847132,-0.006580596210260747,-0.012108526421989828,0.07955325117917983,-0.003694572173948779,-0.033648964731901834,0.08838413247860727,-0.007810663014023778,-0.03316156071436011,13.84,18.23,3,339.0,353.0,0.0,207.0,340.0,0.0,2,1,0,-0.01691224335374647,0.005683155690446015,-0.0031503607064462527,-0.083899093237669,0.004688161578811287,-0.004904985513933544,-0.1423258225967891,0.010035216267505545,-0.00802780037681677
92,least_connections,2200,measured,156,120,6,light,0,69.73,43.3,4,669.0,377.0,0.0,548.0,318.0,0.0,3,1,0,0.027185616828995604,-0.014016139157239524,-0.0052974956423361835,-0.14227252476246982,-0.09311830392776921,-0.03522313329386595,-0.13945625699735675,-0.0745106466656569,-0.023661443769173965,23.74,22.88,2,362.0,469.0,0.0,316.0,416.0,0.0,1,1,0,-0.06716440067960543,-0.00595387276166448,-0.01095533342941937,-0.13534297682427948,-0.003342708157382218,-0.03044430142410166,-0.13547983251935533,-0.007066790346021534,-0.030003316836802008,10.66,14.67,2,533.0,0.0,0.0,440.0,0.0,0.0,2,0,0,-0.015301553510532528,-0.03794199745921097,-0.0028503263534513713,-0.04080394150074815,-0.059634520476313596,-0.0044378440364160636,-0.05850114107963458,-0.09346020115479657,-0.007263247959977078
92,least_connections,2201,measured,386,308,13,medium,1,69.73,43.3,4,1046.0,0.0,0.0,866.0,0.0,0.0,4,0,0,0.06768041069108673,-0.05576516898806932,-0.0047929722478279755,0.09867406489744801,-0.31164671942671185,-0.03186854917064062,0.017682434145248616,-0.21127153745940386,-0.02140797293401454,34.77,32.5,3,831.0,386.0,0.0,732.0,308.0,0.0,2,1,0,-0.01768389086431421,-0.005386837260553584,-0.009911968340903238,-0.0012150742695861971,-0.02448013731246146,-0.02754484414561579,-0.0049579437079881605,-0.036929476979733755,-0.02714585809043991,10.66,14.67,2,533.0,0.0,0.0,440.0,0.0,0.0,2,0,0,-0.013844262700005633,-0.03432847389166707,-0.002578866700741717,-0.036917851834010224,-0.0539550423357123,-0.004015192223424058,-0.05292960383395509,-0.08455922961624451,-0.006571510059026881
92,least_connections,2202,measured,155,117,2,light,2,69.73,43.3,4,1046.0,0.0,0.0,866.0,0.0,0.0,4,0,0,0.06123465729193561,-0.0504542005130151,-0.004336498700415787,0.08927653490721488,-0.28196607948131075,-0.02883344924962723,0.015998392798082073,-0.19115043865374634,-0.0193691183688703,34.77,32.5,3,831.0,386.0,0.0,732.0,308.0,0.0,2,1,0,-0.015999710781998577,-0.004873805140500856,-0.00896797135605531,-0.0010993529105779998,-0.0221486956636556,-0.024921525655557143,-0.004485758592941674,-0.03341238393404483,-0.024560538272302777,10.16,15.23,2,508.0,0.0,0.0,457.0,0.0,0.0,2,0,0,-0.01252576149048129,-0.031059095425794016,-0.002333260348290125,-0.03792567546886641,-0.048816466875168274,-0.003632792964050338,-0.04276170505611809,-0.07650596965279266,-0.005945651958167178
92,least_connections,2203,measured,444,409,15,heavy,2,69.73,43.3,4,1046.0,0.0,0.0,866.0,0.0,0.0,4,0,0,0.05540278516889413,-0.04564903855939462,-0.003923498824185712,0.08077400777319443,-0.2551121671497574,-0.026087406463948446,0.014474736341121897,-0.17294563497243717,-0.01752444042897789,24.43,22.62,2,469.0,386.0,0.0,416.0,308.0,0.0,1,1,0,-0.05755982902951798,-0.00440963322235792,-0.008113878845954804,-0.09457288392589708,-0.02003929607664079,-0.022548047021694557,-0.0934037815840901,-0.030230252130802465,-0.022221439389226324,19.04,28.87,3,508.0,0.0,444.0,457.0,0.0,409.0,2,0,1,-0.011332831824721168,-0.02810108633762316,0.04097285514973297,-0.03431370637659342,-0.044167279553723675,0.07705604446109732,-0.03868916171744016,-0.06921968682871717,0.11796980695848366
92,least_connections,2204,measured,356,316,12,medium,1,69.73,43.3,4,1046.0,0.0,0.0,866.0,0.0,0.0,4,0,0,0.05012632943852324,-0.04130151107754751,-0.0035498322695013585,0.0730812451281283,-0.2308157702783519,-0.023602891562620024,0.013096190022919785,-0.15647462211791935,-0.015855446102408566,34.6,32.5,3,469.0,742.0,0.0,416.0,624.0,0.0,1,2,0,-0.05207794055051626,0.03909423207319544,-0.0073411284796733945,-0.08556594259962116,0.07389641919596443,-0.020400613972009363,-0.08450818333798629,0.06199405759594062,-0.020105111828347625,15.94,24.97,2,353.0,444.0,0.0,340.0,409.0,0.0,1,1,0,-0.053337414734838426,0.0176591078260507,-0.0060132217579513475,-0.059093353388346426,0.040381985165678584,-0.010625483582816717,-0.07029019393482681,0.060721870647033674,-0.016614619101054464
92,least_connections,2205,measured,178,113,9,light,2,46.4,28.1,3,696.0,0.0,0.0,562.0,0.0,0.0,3,0,0,0.002268493074763678,-0.03736803383206679,-0.0032117530057393243,-0.1449899845666141,-0.20883331596612792,-0.021354997128084783,-0.12567487569354874,-0.14157227715430798,-0.014345403616464894,34.6,32.5,3,469.0,742.0,0.0,416.0,624.0,0.0,1,2,0,-0.04711813668856232,0.03537097187574826,-0.006641973386371167,-0.07741680520918104,0.06685866498682497,-0.01845769835562752,-0.07645978492484473,0.05608986163442248,-0.0181903392732669,19.5,28.73,3,353.0,622.0,0.0,340.0,522.0,0.0,1,2,0,-0.04825766095056809,0.059061188259850864,-0.005440533971479791,-0.05346541497040867,0.06874560562609014,-0.009613532765405601,-0.06359588975055759,0.08901820042668125,-0.015032274424763563
92,least_connections,2206,measured,162,117,5,light,0,35.93,21.75,2,539.0,0.0,0.0,435.0,0.0,0.0,2,0,0,-0.041031454111494975,-0.03380917346710805,-0.002905871767097484,-0.22587982730630168,-0.1889444287312586,-0.019321187877790993,-0.17115822086559176,-0.12808920313961197,-0.012979174700611095,34.6,32.5,3,469.0,742.0,0.0,416.0,624.0,0.0,1,2,0,-0.04263069509917543,0.032002307887581766,-0.0060094044924310554,-0.07004377614163998,0.060491173083317834,-0.01669982232175823,-0.06917790064628809,0.05074797005019177,-0.01645792600914624,19.5,28.73,3,353.0,622.0,0.0,340.0,522.0,0.0,1,2,0,-0.043661693240990174,0.05343631318748412,-0.004922387878957906,-0.048373470687512604,0.06219840509027204,-0.008697958216319353,-0.05753913834574258,0.08054027657652113,-0.013600629241452748
92,least_connections,2207,measured,491,418,16,heavy,0,68.67,42.65,3,539.0,0.0,491.0,435.0,0.0,418.0,2,0,1,-0.03712369657706688,-0.030589252184526333,0.0404547781517644,-0.2043674628009397,-0.1709497212330435,0.27867765541215733,-0.15485743792601162,-0.11589023141202988,0.17735217527087566,34.6,32.5,3,855.0,356.0,0.0,724.0,316.0,0.0,2,1,0,0.004513271327503399,-0.014129431185611954,-0.005437080255056669,0.036409372606543394,-0.04505220394502536,-0.015109363053019352,0.024493804177167927,-0.04116850328792174,-0.014890504484465647,12.44,17.4,2,178.0,444.0,0.0,113.0,409.0,0.0,1,1,0,-0.03950343674184825,0.0052632402762044506,-0.0044535890333428675,-0.07543314014584473,0.024065223653103276,-0.007869581243336558,-0.12051953786837026,0.038790408966058815,-0.012305331218457248
92,least_connections,2208,measured,420,435,18,heavy,2,43.53,26.75,2,162.0,0.0,491.0,117.0,0.0,418.0,1,0,1,-0.0766720066536274,-0.027675990071714302,0.036601942137310654,-0.4123007203119613,-0.15466879540132508,0.2521369263252852,-0.28396625336162956,-0.10485306651564608,0.16046149191174464,21.2,19.5,2,386.0,356.0,0.0,308.0,316.0,0.0,1,1,0,-0.039000464263778095,-0.012783771072696529,-0.004919263087908415,-0.08829628192741312,-0.04076151785502295,-0.013670376095588938,-0.09545798669684807,-0.03724769345097681,-0.013472361200230824,20.84,31.9,3,178.0,444.0,420.0,113.0,409.0,435.0,1,1,1,-0.03574120467119603,0.004761979297518315,0.039054462529923346,-0.0682490315605262,0.021773297590902962,0.06887990268460026,-0.10904148664281117,0.03509608430262463,0.12005708127853867
92,least_connections,2209,measured,197,102,4,light,0,56.67,31.85,3,359.0,491.0,0.0,219.0,418.0,0.0,2,1,0,-0.026286010555095995,0.01804371873330157,-0.009967857340619156,-0.25420858821875864,0.15622029622419792,-0.06803484443585305,-0.2107789911367125,0.09422817791441546,-0.043915793032231025,21.2,19.5,2,742.0,0.0,0.0,624.0,0.0,0.0,2,0,0,0.007797765892862907,-0.054650169292530415,-0.0044507618414409466,0.012140098664313287,-0.1289066794198507,-0.012368435515056658,0.0029784882266612744,-0.1230455321699314,-0.012189279181161222,20.84,31.9,3,178.0,444.0,420.0,113.0,409.0,435.0,1,1,1,-0.0323372804167964,0.004308457459659423,0.03533498990802589,-0.06174912379285704,0.019699650201293148,0.06231991195273357,-0.09865658315301963,0.03175360008332705,0.10862307353772546
92,least_connections,2210,measured,389,343,9,medium,1,56.67,31.85,3,359.0,491.0,0.0,219.0,418.0,0.0,2,1,0,-0.023782580978420176,0.016325269330129996,-0.009018537593893523,-0.22999824648363876,0.14134217277427433,-0.06155533544196228,-0.1907048015046447,0.08525406573209018,-0.03973333655297093,32.31,30.22,3,742.0,389.0,0.0,624.0,343.0,0.0,2,1,0,0.007055121522114072,-0.006361491037913003,-0.004026879761303713,0.010983898791521535,-0.016072029679184655,-0.011190489275527453,0.0026948226812649745,-0.014347743391842693,-0.011028395449622058,20.84,31.9,3,178.0,444.0,420.0,113.0,409.0,435.0,1,1,1,-0.02925753942472055,0.0038981281777870913,0.03196975277392818,-0.05586825486020399,0.017823493039265226,0.05638468224294942,-0.08926071809082729,0.028729447694438748,0.09827801891508495
92,least_connections,2211,measured,185,125,8,light,0,58.2,32.25,3,197.0,676.0,0.0,102.0,543.0,0.0,1,2,0,-0.06460147349294705,0.05785438200163689,-0.00815962925161795,-0.3058079372947208,0.23946831504974028,-0.05569292254272778,-0.2254710108851547,0.13368224994808162,-0.03594920926221179,32.31,30.22,3,742.0,389.0,0.0,624.0,343.0,0.0,2,1,0,0.006383205186674623,-0.005755634748587951,-0.0036433674030843122,0.009937813192329031,-0.014541360185928956,-0.010124728392143886,0.0024381729020968856,-0.012981291640238632,-0.009978072073467577,20.84,31.9,3,622.0,0.0,420.0,522.0,0.0,435.0,2,0,1,0.016612793128200687,-0.039557022351616664,0.02892501441450645,0.029795388459815428,-0.06421683963114098,0.05101471250552567,0.04258950902893402,-0.09735589653042843,0.08891820758983876
92,least_connections,2212,measured,483,421,17,heavy,0,90.4,53.3,4,382.0,491.0,483.0,227.0,418.0,421.0,2,1,1,-0.015365051981147099,0.009260540631866487,0.03570137852291255,-0.16509607025077916,0.10507450726722534,0.24094449865181772,-0.1474499622294257,0.0644029880482643,0.1579269059056179,32.31,30.22,3,1131.0,0.0,0.0,967.0,0.0,0.0,3,0,0,0.04885918110993917,-0.048291379285003606,-0.003296380031361997,0.10954917792231131,-0.11371429186890171,-0.00916046854527304,0.09918513262570672,-0.10872414481735877,-0.009027779495042094,20.84,31.9,3,622.0,420.0,0.0,522.0,435.0,0.0,2,1,0,0.015030622354086337,0.007294213337199429,-0.01691364908982296,0.026957732416023478,0.01789904985753911,-0.02984383154261964,0.038533365311892664,0.043106569805802825,-0.05074066932347921
92,least_connections,2213,measured,364,309,13,medium,1,77.27,48.2,3,185.0,491.0,483.0,125.0,418.0,421.0,1,1,1,-0.0569856139239857,0.008378584381212542,0.03230124723501612,-0.268198031814197,0.09506741133701341,0.21799740354212083,-0.17954996582662325,0.05826937013890579,0.14288624820032095,42.71,39.88,4,1131.0,364.0,0.0,967.0,309.0,0.0,3,1,0,0.04420592576613544,-0.0006083000787220905,-0.002982439075994188,0.0991159228820912,-0.0087891212147206,-0.00828804296953275,0.08973892951849657,-0.01100339292999128,-0.008167990971704751,20.84,31.9,3,622.0,420.0,0.0,522.0,435.0,0.0,2,1,0,0.013599134510840022,0.006599526352704249,-0.01530282536698268,0.024390329328783142,0.016194378442535393,-0.02700156187189396,0.03486352099647433,0.03900118220525017,-0.045908224626005
92,least_connections,2214,measured,383,302,11,medium,0,100.0,63.3,4,185.0,874.0,483.0,125.0,720.0,421.0,1,2,1,-0.05155841259789182,0.050664524190711574,0.029224937974538397,-0.2426553621176068,0.3170292451779328,0.19723574606191885,-0.16244996908123058,0.18933895393520048,0.12927803408600466,31.69,30.25,3,745.0,364.0,0.0,659.0,309.0,0.0,2,1,0,-0.0030880626288253,-0.0005503667378914112,-0.0026983972592328365,-0.010106001746135157,-0.007952062051413869,-0.007498705543862964,-0.005890968530884055,-0.009955450746182593,-0.0073900870696376325,17.28,28.13,2,444.0,420.0,0.0,409.0,435.0,0.0,1,1,0,-0.03077992138361639,0.005971000033399079,-0.013845413427270043,-0.010142082988243817,0.014652056686103448,-0.024429984550761202,-0.0025361794158882955,0.03528678389998825,-0.04153601275686167
92,least_connections,2215,measured,197,109,8,light,2,100.0,63.3,4,185.0,1357.0,0.0,125.0,1141.0,0.0,1,3,0,-0.04664808758856878,0.08892323163740118,-0.016642289678365483,-0.21954532763021567,0.5781693170657487,-0.1128819440392163,-0.14697854345444672,0.3617590535604195,-0.07348654058885291,31.69,30.25,3,745.0,364.0,0.0,659.0,309.0,0.0,2,1,0,-0.002793961426080044,-0.0004979508580922332,-0.0024414070440678046,-0.00914352538936039,-0.007194722808422066,-0.00678454311111411,-0.0053299239088950845,-0.009007312579879495,-0.006686269253481668,21.22,31.77,3,444.0,617.0,0.0,409.0,544.0,0.0,1,2,0,-0.02784850029946244,0.048486233590308916,-0.012526802624672897,-0.009176170322696783,0.04890424176361739,-0.022103319355450613,-0.0022946385191370267,0.06479915368729099,-0.037580202018112935
92,least_connections,2216,measured,455,412,15,heavy,1,100.0,63.3,4,676.0,866.0,0.0,543.0,723.0,0.0,2,2,0,0.0008784876466237101,0.037370452207081795,-0.015057309708997341,0.09752248135043978,0.22694684242456636,-0.10213128270214808,0.05611465116026251,0.13821057226895095,-0.0664878224375336,34.51,33.25,3,389.0,364.0,455.0,343.0,309.0,412.0,1,1,1,-0.04561177008844883,-0.0004505269668453604,0.04087500813926745,-0.10029992433187028,-0.006509511112381863,0.11148065147089677,-0.09416755020328603,-0.00814947328655763,0.1104386135325642,21.22,31.77,3,641.0,420.0,0.0,518.0,435.0,0.0,2,1,0,0.017887638051053256,0.0007845968311411822,-0.011333773803275477,0.02734536970803625,0.008599075881368115,-0.019998241321598175,0.030796914355701394,0.025754789844056894,-0.034001135159245036
92,least_connections,2217,measured,354,314,9,medium,1,100.0,63.3,4,676.0,866.0,0.0,543.0,723.0,0.0,2,2,0,0.0007948221564690605,0.033811361520693056,-0.013623280212902357,0.08823462598373122,0.20533285743175056,-0.09240449387337207,0.05077039866880895,0.12504766062428896,-0.060155648872054206,44.63,43.06,4,389.0,1173.0,0.0,343.0,1035.0,0.0,1,3,0,-0.04126779198478703,0.08576018081684512,-0.00610175000551539,-0.09074755058597787,0.20323969402757286,-0.01675560105014103,-0.08519921208868735,0.197894524169305,-0.016567444899108576,21.22,31.77,3,641.0,420.0,0.0,518.0,435.0,0.0,2,1,0,0.016184053474762483,0.0007098733234134486,-0.010254366774392098,0.024741048783461367,0.007780116273618784,-0.018093646910017396,0.02786387489325362,0.02330195271605147,-0.03076293181074551
92,least_connections,2218,measured,177,105,5,light,2,100.0,63.3,4,1059.0,483.0,0.0,845.0,421.0,0.0,3,1,0,0.04380302503499128,-0.01249266837470174,-0.012325824954530704,0.31084720128686794,-0.0452385258157178,-0.08360406588543187,0.18255417022416046,-0.023480688006595696,-0.05442653945566809,44.63,43.06,4,389.0,1173.0,0.0,343.0,1035.0,0.0,1,3,0,-0.037337526081473976,0.07759254454857416,-0.005520630957371067,-0.08210492672064666,0.18388353269161356,-0.01515982952155617,-0.07708500141357426,0.1790474266293712,-0.014989593003955378,15.88,21.63,3,374.0,420.0,0.0,214.0,435.0,0.0,2,1,0,0.014642715048594629,0.0006422663402312206,-0.009277760414926185,-0.025929527291153998,0.007039152818988412,-0.01637044244239669,-0.06647236716007213,0.021082719124046564,-0.0278331287811507
92,least_connections,2219,measured,359,312,11,medium,2,90.47,57.05,3,874.0,483.0,0.0,720.0,421.0,0.0,2,1,0,-0.0034525918617652473,-0.011302890434253962,-0.011151936863623018,0.1696554043389123,-0.04093009478564946,-0.07564177389634312,0.10862043972662139,-0.021244432005967512,-0.04924305950750922,33.51,32.34,3,718.0,455.0,0.0,623.0,412.0,0.0,2,1,0,0.009302329010185684,-0.015965022052423825,-0.004994856580478585,0.010762209157510166,-0.019234626884458456,-0.013716036233788914,0.009423093959147089,-0.014150542573426045,-0.01356201271786439,23.06,32.03,4,794.0,359.0,0.0,649.0,312.0,0.0,3,1,0,0.05633207098500964,0.0005810981173520607,-0.008394164184933215,0.0525399514984797,-0.0046693379256771556,-0.014811352685977958,0.07104881066469665,-0.018020396983005477,-0.0251823546115173
92,least_connections,2220,measured,480,423,17,heavy,0,100.0,78.2,4,874.0,483.0,480.0,720.0,421.0,423.0,2,1,1,-0.003123773589216172,-0.010226424678610721,0.032994052588241306,0.1534977467828254,-0.0370319905203495,0.2210860140937848,0.0982756359431336,-0.019221152767303934,0.14680389854082498,33.51,32.34,3,718.0,455.0,0.0,623.0,412.0,0.0,2,1,0,0.008416392913977527,-0.014444543761716791,-0.004519155953766339,0.009737236856794895,-0.01740275765736718,-0.01240974706866616,0.008525656439228313,-0.012802871852147374,-0.012270392459020162,23.06,32.03,4,794.0,359.0,0.0,649.0,312.0,0.0,3,1,0,0.050967111843580146,0.0005257554395090014,-0.007594719976844338,0.047536146593862585,-0.004224639075612671,-0.013400747668265772,0.06428225726805889,-0.016304168698909716,-0.02278403512470613
92,least_connections,2221,measured,378,302,9,medium,1,100.0,78.2,4,874.0,483.0,480.0,720.0,421.0,423.0,2,1,1,-0.0028262713426241426,-0.009252479471123981,0.029851761865551656,0.13887891375588968,-0.03350513428031621,0.20003020322771004,0.08891605156759708,-0.01739056678946546,0.13282257487027022,44.31,41.78,4,718.0,833.0,0.0,623.0,714.0,0.0,2,2,0,0.007614831684074896,0.030015027299489794,-0.004088760148645735,0.008809880965671563,0.08196893354809634,-0.011227866395459859,0.00771368915930179,0.07380335403853333,-0.011101783653399195,23.06,32.03,4,794.0,359.0,0.0,649.0,312.0,0.0,3,1,0,0.0461131011918106,0.00047568349288909517,-0.006871413312382973,0.043008894537304235,-0.0038222924969828903,-0.012124485985573794,0.058160137528243755,-0.014751390727584981,-0.020614127017591258
92,least_connections,2222,measured,410,437,20,heavy,0,100.0,100.0,5,1357.0,0.0,890.0,1141.0,0.0,860.0,3,0,2,0.040526797583430765,-0.05145519117682192,0.07009263715273267,0.41698568387437634,-0.3216475024440956,0.4282812949838012,0.2709002371325879,-0.20618670328570685,0.3178632820254826,44.31,41.78,4,718.0,833.0,0.0,623.0,714.0,0.0,2,2,0,0.006889609618924902,0.027156453270966954,-0.003699354420203284,0.007970844683226647,0.07416236844827764,-0.010158545786368444,0.006979052096511118,0.06677446317772065,-0.010044470924504034,23.06,32.03,4,794.0,359.0,0.0,649.0,312.0,0.0,3,1,0,0.041721377268781015,0.0004303803030901304,-0.006216992996917928,0.03891280934327526,-0.003458264640127384,-0.010969773034566766,0.05262107681126815,-0.013346496372576885,-0.01865087682543971
92,least_connections,2223,measured,195,125,6,light,1,100.0,79.15,4,866.0,480.0,410.0,723.0,423.0,437.0,2,1,1,-0.006416797651272399,-0.0034707965522719902,0.020333247673334102,0.08111403144189616,-0.0014905974494198726,0.0979687906996296,0.056004976453293775,0.004807268455789049,0.0962334456421033,49.89,45.69,5,1291.0,455.0,0.0,1050.0,412.0,0.0,4,1,0,0.09240125677539918,-0.018513775838739643,-0.003347034951612495,0.1553341655977493,-0.030614999975367846,-0.009191065235285735,0.12704354713493862,-0.024971914267776535,-0.00908785464597984,15.58,24.9,2,779.0,0.0,0.0,747.0,0.0,0.0,2,0,0,-0.005335987459765018,-0.04269450852396153,-0.005624898425782887,0.032492541786772855,-0.06809081086487716,-0.009925032745560407,0.07716510124194104,-0.1061706395751886,-0.0168746028420645
92,least_connections,2224,measured,482,450,18,heavy,2,100.0,79.15,4,866.0,480.0,410.0,723.0,423.0,437.0,2,1,1,-0.005805674065436944,-0.003140244499674663,0.01839674789492133,0.073388885590287,-0.0013486357875703847,0.08863842968061728,0.050671169172027686,0.00434943336476154,0.08706835558095061,49.89,45.69,5,1746.0,0.0,0.0,1462.0,0.0,0.0,5,0,0,0.1266850373092614,-0.05983445931895038,-0.0030282697181255908,0.25815948315986836,-0.1453183333110471,-0.008315725689068047,0.23143225693161112,-0.13908173195655973,-0.008222344679696045,25.22,39.9,3,779.0,0.0,482.0,747.0,0.0,450.0,2,0,1,-0.004827798177882647,-0.038628364855012816,0.0379947064129538,0.0293980139975564,-0.06160597173488886,0.0782392560873501,0.0698160439808038,-0.09605915009183731,0.12044678790479879
92,least_connections,2225,measured,383,304,11,medium,2,91.53,64.05,3,483.0,480.0,410.0,421.0,423.0,437.0,1,1,1,-0.048336652952628886,-0.0028411735949437494,0.016644676666833585,-0.16461640510085146,-0.001220194283992282,0.08019667447293946,-0.09077370408245114,0.003935201615736655,0.07877613123990768,49.89,45.69,5,1746.0,0.0,0.0,1462.0,0.0,0.0,5,0,0,0.11461979566076032,-0.05413593938381225,-0.0027398630783041058,0.2335728657160714,-0.13147849204332832,-0.007523751813918709,0.20939108960479103,-0.12583585272260167,-0.007439264234010708,32.88,50.03,4,779.0,383.0,482.0,747.0,304.0,450.0,2,1,1,-0.004368007875227148,0.008134427262698155,0.03437616294505344,0.02659820314064626,0.013566025573195792,0.07078789836474533,0.06316689693501296,0.004771880075639265,0.1089756652471989
92,least_connections,2226,measured,492,426,19,heavy,0,100.0,85.35,4,483.0,480.0,902.0,421.0,423.0,863.0,1,1,2,-0.04373316219523565,-0.002570585633520542,0.05814336959198775,-0.14893865223410369,-0.0011039853045644588,0.36932080071361195,-0.08212858940793197,0.0035604205094760255,0.2639879282646784,29.37,26.22,3,1028.0,0.0,0.0,839.0,0.0,0.0,3,0,0,0.017535824191935084,-0.04898013563297299,-0.0024789237375132385,0.025722388709098598,-0.11895673089634466,-0.006807204022116927,0.013303247737668111,-0.1138514857966396,-0.00673076287839064,24.48,35.53,3,359.0,383.0,482.0,312.0,304.0,450.0,1,1,1,-0.04703590735196288,0.007359719904345946,0.031102242664572163,-0.0519349590632248,0.012274023137653342,0.06404619375857912,-0.07403947420165495,0.004317415306530764,0.09859703046175139
92,least_connections,2227,measured,438,421,19,heavy,1,100.0,85.35,4,483.0,480.0,902.0,421.0,423.0,863.0,1,1,2,-0.03956809912902273,-0.0023257679541376364,0.052605905821322255,-0.13475401868799858,-0.0009988438469868965,0.3341473911218394,-0.07430681898812894,0.0032213328419068987,0.23884622081089948,41.89,39.38,4,1028.0,0.0,438.0,839.0,0.0,421.0,3,0,1,0.015865745697465072,-0.04431536081078508,0.04084106446424539,0.023272637403470187,-0.10762751843002612,0.10706559091876496,0.012036271762652095,-0.10300848714934059,0.11294300025288466,24.48,35.53,3,359.0,383.0,482.0,312.0,304.0,450.0,1,1,1,-0.04255629712796641,0.006658794199170148,0.02814012431556529,-0.04698877248577482,0.011105068553114925,0.05794655625776206,-0.06698809570625926,0.0039062328963849757,0.08920683708444174
92,least_connections,2228,measured,171,119,7,light,2,100.0,85.35,4,483.0,890.0,492.0,421.0,860.0,426.0,1,2,1,-0.03579970873578246,0.0409796339825376,0.0045119193258675305,-0.12192030262247494,0.24639787144002778,0.05502224276102924,-0.0672299790844976,0.20060501542839193,0.01840848549557572,41.89,39.38,4,1028.0,0.0,438.0,839.0,0.0,421.0,3,0,1,0.014354722297706485,-0.04009485025737698,0.0369514392771744,0.02105619574599682,-0.09737727857954744,0.09686886797412067,0.010889960166209023,-0.09319815503987958,0.10218652403832422,27.9,39.5,4,530.0,865.0,0.0,431.0,754.0,0.0,2,2,0,0.004580583777644892,0.049108523549816076,-0.017623787750769723,-0.011570794153796263,0.0972664905956754,-0.034791211004881945,-0.024719388178679025,0.13924849643006262,-0.05500333787598128
92,least_connections,2229,measured,376,323,5,medium,0,100.0,80.45,4,376.0,890.0,492.0,323.0,860.0,426.0,1,2,1,-0.032390212665707935,0.0370768116984864,0.00408221272340395,-0.17484852776954085,0.2229314074933585,0.049782029164740726,-0.10516045726692638,0.18149977586378319,0.016655296400758968,36.31,35.47,3,833.0,0.0,438.0,714.0,0.0,421.0,2,0,1,-0.030096294338356255,-0.036276293090007745,0.03343225458411017,-0.031357319495118496,-0.08810325204816197,0.08764326150039489,-0.025489440802001384,-0.08432214027417675,0.09245447412991238,27.9,39.5,4,913.0,482.0,0.0,735.0,450.0,0.0,3,1,0,0.04722823793034084,0.0013476210802190886,-0.01594533177450594,0.0588359481465653,0.018698253396087286,-0.031477762337750334,0.06931737894944912,0.03430419518275504,-0.04976492474493544
92,least_connections,2230,measured,446,436,18,heavy,1,100.0,80.45,4,856.0,410.0,492.0,746.0,437.0,426.0,2,1,1,0.013778469719688297,-0.00953821345193634,0.0036934305592702388,0.1313275224942249,-0.08782396464886616,0.04504088353000352,0.09621196723468567,-0.027143059932767583,0.015069077695924776,38.26,39.66,3,455.0,0.0,884.0,412.0,0.0,857.0,1,0,2,-0.0703138808186035,-0.03282140803381653,0.07333213056476182,-0.1260851938289167,-0.0797124661388132,0.19458880122144573,-0.10844877977323933,-0.07629146024806469,0.2069230956413493,20.72,29.1,3,554.0,482.0,0.0,423.0,450.0,0.0,2,1,0,-0.00035358971835375286,0.001219276215436313,-0.014426728748362516,-0.011729380248345703,0.016917467358364677,-0.028479880210345542,-0.03137951428383176,0.031037128974873623,-0.045025408102560636
92,least_connections,2231,measured,358,314,9,medium,1,100.0,80.45,4,856.0,902.0,0.0,746.0,863.0,0.0,2,2,0,0.012466234508289403,0.03445408805595782,-0.039742224958846196,0.11882013939953678,0.2173021272224545,-0.2560106291871397,0.08704892273614417,0.16815627910844838,-0.17908035827511568,35.49,36.59,3,0.0,358.0,884.0,0.0,314.0,857.0,0,1,2,-0.10670122096739863,0.013388340577113841,0.06634811813002259,-0.23169612774997225,0.020423414990053346,0.1760565344384509,-0.21460841979483558,0.019754155013655753,0.187216134151697,20.72,29.1,3,554.0,482.0,0.0,423.0,450.0,0.0,2,1,0,-0.00031991450708196423,0.0011031546711090384,-0.0130527545818518,-0.01061229641516992,0.01530627999090138,-0.02576751066650311,-0.028390989113943027,0.028081211929647576,-0.04073727399755486
92,least_connections,2232,measured,373,333,9,medium,1,100.0,80.45,4,856.0,902.0,0.0,746.0,863.0,0.0,2,2,0,0.0112789740789285,0.031172746336342788,-0.0359572511532418,0.1075039356471999,0.19660668653460173,-0.23162866450265018,0.07875854914222569,0.15214139538383425,-0.162025086058438,46.14,47.0,4,0.0,1169.0,446.0,0.0,1068.0,436.0,0,3,1,-0.09653919992288448,0.09828106097566536,0.01694534950992974,-0.2096298298690225,0.2281245863515449,0.04606475564839435,-0.1941695226715179,0.23105733072664092,0.05035328804201157,20.72,29.1,3,554.0,482.0,0.0,423.0,450.0,0.0,2,1,0,-0.00028944645878845043,0.0009980923214796128,-0.011809635097865916,-0.009601601518487074,0.013848539039386973,-0.02331346203159805,-0.025687085388805597,0.025406810793490664,-0.03685753361683535
92,least_connections,2233,measured,387,340,12,medium,2,100.0,80.45,4,856.0,902.0,0.0,746.0,863.0,0.0,2,2,0,0.010204786071411509,0.02820391335192919,-0.03253275104340925,0.09726546558556182,0.177882240197973,-0.20956879169287398,0.0712577349382042,0.13765173868061198,-0.1465941254814439,46.14,47.0,4,358.0,811.0,446.0,314.0,754.0,436.0,1,2,1,-0.04426109017966193,0.04583705970360653,0.015331506699460241,-0.09712086648013601,0.11385421758337053,0.04167763606283298,-0.08689742527423049,0.12027210875267512,0.04555773679991523,28.46,40.43,4,554.0,869.0,0.0,423.0,790.0,0.0,2,2,0,-0.0002618801293800266,0.043986936136667494,-0.010684907945688209,-0.008687163278631158,0.08255820198801679,-0.021093132314302997,-0.023240696304157454,0.12552679706712644,-0.03334729231999389
92,least_connections,2234,measured,433,419,16,heavy,0,100.0,85.25,4,480.0,902.0,433.0,423.0,863.0,419.0,1,2,1,-0.03385099854309934,0.02551782636603117,0.013649506425577572,-0.1387915628829044,0.16094107446483275,0.0715647440239077,-0.08164776362733903,0.12454204928245849,0.05691483885012219,46.14,47.0,4,731.0,884.0,0.0,647.0,857.0,0.0,2,2,0,0.003038151968968006,0.041471625446120194,-0.029212537022483817,0.008550508558788472,0.12188170706522639,-0.0775841796166205,0.015530305704267638,0.13793964601432512,-0.0820549048000767,28.46,40.43,4,554.0,869.0,0.0,423.0,790.0,0.0,2,2,0,-0.00023693916467718013,0.039797704123651544,-0.009667297665146474,-0.007859814394951994,0.07469551608439615,-0.019084262570083665,-0.021027296656142475,0.11357186401311439,-0.030171359718089714
92,least_connections,2235,measured,176,104,4,light,0,100.0,90.45,5,1066.0,492.0,433.0,964.0,426.0,419.0,3,1,1,0.05554070653356771,-0.019996343038443443,0.012349553432665424,0.2278869986614992,-0.10168823421435769,0.06474905411686888,0.1708663090990742,-0.08500957445872806,0.05149437800725343,46.14,47.0,4,731.0,884.0,0.0,647.0,857.0,0.0,2,2,0,0.002748804162399615,0.03752194683220399,-0.02643039063939012,0.007736174410332419,0.11027392543996672,-0.07019521012932331,0.01405122897052788,0.12480253687010368,-0.07424015196197416,25.04,36.47,3,865.0,387.0,0.0,754.0,340.0,0.0,2,1,0,-0.00021437352994602143,-0.007076453638691679,-0.008746602649418239,0.049164929833138665,-0.019637390209355884,-0.01726671375388522,0.08080069985079175,-0.03295878970242029,-0.027297896887795457
92,least_connections,2236,measured,482,439,21,heavy,2,100.0,90.45,5,1066.0,925.0,0.0,964.0,845.0,0.0,3,2,0,0.05025111543513269,0.024991970811022834,-0.03191049474006008,0.20618347497945166,0.16917096269494625,-0.20259212564029325,0.15459332728011477,0.11263419453734125,-0.1429574675172469,46.14,47.0,4,731.0,884.0,0.0,647.0,857.0,0.0,2,2,0,0.0024870132897901187,0.0339484280862798,-0.02391321057849582,0.0069993958950626545,0.09977164682663656,-0.0635099520217687,0.012713016687620454,0.11291658097771284,-0.067169661298929,27.02,40.97,3,482.0,387.0,482.0,450.0,340.0,439.0,1,1,1,-0.04327785723004186,-0.006402505673101994,0.0351703073534742,-0.024822206341445954,-0.017767162570369616,0.07159678279410385,-0.01857714457944243,-0.02981985734980884,0.10769872821262952
92,least_connections,2237,measured,432,444,18,heavy,2,100.0,69.3,4,586.0,925.0,0.0,541.0,845.0,0.0,2,2,0,0.002381394690743638,0.02261178311473494,-0.028871400002911503,-0.10297685597097228,0.15305944243828468,-0.18329763748407485,-0.05148698960370568,0.1019071283909278,-0.12934247061084242,46.14,47.0,4,731.0,884.0,0.0,647.0,857.0,0.0,2,2,0,0.0022501548812386696,0.03071524445901505,-0.02163576195197241,0.00633278676219956,0.09026958522409975,-0.05746138516255264,0.01150225319356138,0.10216262088459735,-0.060772550699031,35.66,55.77,4,482.0,387.0,914.0,450.0,340.0,883.0,1,1,2,-0.03915615654146644,-0.005792743228044656,0.07490465449894831,-0.022458186689879686,-0.01607505184938203,0.14294947014704634,-0.016807892714733624,-0.026979870935541342,0.23134646838285527
92,least_connections,2238,measured,375,307,11,medium,0,100.0,84.65,5,1078.0,808.0,0.0,967.0,726.0,0.0,3,2,0,0.04523849542314447,0.02045827996095065,-0.026121742859777076,0.20359236840721562,0.06791092411082894,-0.16584071962844868,0.14613081892998053,0.03836835425845847,-0.11702414007647648,46.14,47.0,4,731.0,884.0,0.0,647.0,857.0,0.0,2,2,0,0.0020358544163587844,0.027789983081966008,-0.019575213194641707,0.005729664213418639,0.08167248186942358,-0.05198887228992858,0.010406800508460295,0.09243284746701666,-0.054984688727694714,35.66,55.77,4,869.0,0.0,914.0,790.0,0.0,883.0,2,0,2,0.007656901451144865,-0.04832495362355967,0.06777087788000086,0.04970925966153743,-0.08457266595896469,0.1293352348949467,0.08733254151206638,-0.12695004195755327,0.2093134713940119
92,least_connections,2239,measured,173,122,1,light,1,100.0,79.45,4,902.0,808.0,0.0,863.0,726.0,0.0,2,2,0,-0.002153832939150474,0.018509872345622014,-0.023633957825512593,0.0780438888763697,0.061443217052654764,-0.15004636537812024,0.08516597903188716,0.034714225281462396,-0.10587898387871682,51.09,50.81,5,1342.0,446.0,0.0,1190.0,436.0,0.0,4,1,0,0.08800976397307744,-0.017940582200216687,-0.0177109071761044,0.1631295601386713,-0.03933033953310655,-0.04703755111945919,0.16294246236479742,-0.035403018958413496,-0.0497480517060095,35.66,55.77,4,869.0,0.0,914.0,790.0,0.0,883.0,2,0,2,0.006927672741512014,-0.043722577087982564,0.06131650855809601,0.04497504445567671,-0.0765181263438252,0.11701759347638033,0.07901515660615527,-0.11485956177111963,0.18937885507077268
92,least_connections,2240,measured,389,346,11,medium,0,100.0,96.75,5,902.0,1197.0,0.0,863.0,1072.0,0.0,2,3,0,-0.0019487059925647199,0.05983092758708204,-0.0213831046992733,0.07061113755481063,0.29022640273017974,-0.1357562353421088,0.07705493340980268,0.18793191811179932,-0.09579527112836284,35.91,37.19,3,811.0,446.0,0.0,754.0,436.0,0.0,2,1,0,-0.006539918763587532,-0.01623195532400558,-0.016024154111713505,0.010328105431586937,-0.03558459291090593,-0.04255778434617736,0.02415032309195958,-0.03203130286713601,-0.045010142019722886,35.66,55.77,4,869.0,0.0,914.0,790.0,0.0,883.0,2,0,2,0.006267894385177525,-0.03955852212722232,0.05547684107637259,0.0406917068884694,-0.06923068573965137,0.1058730607643441,0.07148990359604523,-0.10392055588815585,0.17134277363546102
92,least_connections,2241,measured,351,303,7,medium,1,100.0,96.75,5,902.0,1197.0,0.0,863.0,1072.0,0.0,2,3,0,-0.0017631149456537876,0.05413274400735994,-0.019346618537437747,0.06388626731149538,0.2625857929463531,-0.12282707007143176,0.06971636832315481,0.17003364019638983,-0.08667191197328065,35.29,36.25,3,1235.0,0.0,0.0,1160.0,0.0,0.0,3,0,0,0.037166830869225786,-0.057769955043714794,-0.01449804419631222,0.11894991851973513,-0.14748810106905094,-0.0385046620274938,0.13664195898796344,-0.152254512117885,-0.04072346182736833,35.66,55.77,4,869.0,432.0,482.0,790.0,444.0,439.0,2,1,1,0.005670952062779677,0.007292856397365738,0.007109432175674973,0.03681630623242471,0.01553414147364876,0.01761848354869229,0.06468134134880282,0.03988140181547803,0.02111965233684568
92,least_connections,2242,measured,469,445,15,heavy,1,100.0,74.9,4,867.0,822.0,0.0,733.0,765.0,0.0,2,2,0,-0.001595199236543915,0.00589334435133021,-0.017504083438634153,0.03669074978976561,0.011387145999081305,-0.11112925387415254,0.004267190387616249,0.014959007796733648,-0.07841744416630154,48.69,50.16,4,1235.0,0.0,469.0,1160.0,0.0,445.0,3,0,1,0.03362713269120428,-0.052268054563361005,0.029966622144379645,0.10762135485118893,-0.13344161525295084,0.08640054387988656,0.1236284390843479,-0.13775408239237213,0.0889734154895239,26.02,40.77,3,387.0,432.0,482.0,340.0,444.0,439.0,1,1,1,-0.037953038836623376,0.006598298645235673,0.006432343397039256,-0.05390905626590145,0.014054699428539347,0.015940532734531124,-0.07719307211298791,0.03608317307114679,0.01910825687619372
92,least_connections,2243,measured,153,124,8,light,2,100.0,74.9,4,1300.0,389.0,0.0,1152.0,346.0,0.0,3,1,0,0.04164062472702716,-0.03775182676603003,-0.01583702787304995,0.29437099584153403,-0.25087194727067247,-0.10054551540994754,0.1934084103507004,-0.17601327866009814,-0.0709491161504633,48.69,50.16,4,1235.0,469.0,0.0,1160.0,445.0,0.0,3,1,0,0.030424548625375303,-0.004206244378188298,-0.015971242096128165,0.09737170200821854,0.0005052052473301927,-0.043066174584864544,0.11185430202869573,0.001183806406901411,-0.04531869550947839,29.08,44.9,4,387.0,1067.0,0.0,340.0,1007.0,0.0,1,3,0,-0.0343384637093259,0.09213768970396606,-0.03726416096276947,-0.048774860431053696,0.12762091853058322,-0.07279666085923374,-0.06984135095937001,0.20244033119135504,-0.11510840250884061
92,least_connections,2244,measured,465,415,12,heavy,0,100.0,95.65,5,1689.0,465.0,0.0,1498.0,415.0,0.0,4,1,0,0.08075875117025813,-0.03415641469307479,-0.014328739504188049,0.3869705835391657,-0.1811381110226719,-0.09096975203757159,0.33151237126968136,-0.1280358235496126,-0.0641920574694668,48.69,50.16,4,1235.0,469.0,0.0,1160.0,445.0,0.0,3,1,0,0.027526972565815752,-0.003805649675503703,-0.014450171420306435,0.08809820657886441,0.0004570904618701743,-0.03896463414821078,0.10120151135929611,0.0010710629395774551,-0.04100262927048045,29.08,44.9,4,540.0,914.0,0.0,464.0,883.0,0.0,2,2,0,0.01201576639451013,0.04027877141016431,-0.03371519325202953,-0.016443921342381915,0.08778083105148005,-0.06586364553930672,-0.0257929683283189,0.14576347425249583,-0.10414569750799864
92,least_connections,2245,measured,446,407,16,heavy,1,100.0,74.35,4,1197.0,465.0,0.0,1072.0,415.0,0.0,3,1,0,0.029983541308238076,-0.030903422817543852,-0.01296409764664633,0.1673543374878167,-0.16388686235384597,-0.08230596612923144,0.10722547876780697,-0.11584193559250663,-0.058078528186660434,61.43,62.88,5,1235.0,469.0,446.0,1160.0,445.0,407.0,3,1,1,0.02490535613097615,-0.0034432068492652596,0.03000993560838488,0.07970790119040116,0.0004135580369301617,0.08003880039651677,0.09156327218222027,0.0009690569453319753,0.07797678780289864,21.34,33.57,3,153.0,914.0,0.0,124.0,883.0,0.0,1,2,0,-0.032212492536486295,0.03644269794252961,-0.030504222466121955,-0.08490640502405983,0.07942075190372004,-0.05959091739270608,-0.12587617769387582,0.131881238609401,-0.09422705965009401
92,least_connections,2246,measured,193,105,1,light,2,100.0,74.35,4,1197.0,465.0,0.0,1072.0,415.0,0.0,3,1,0,0.027127965945548727,-0.027960239692063488,-0.01172942168029906,0.15141582915564367,-0.14827858974871777,-0.07446730268835225,0.09701352840896821,-0.10480937029798218,-0.05254723978793087,48.91,49.72,4,797.0,469.0,446.0,739.0,445.0,407.0,2,1,1,-0.020550482774921802,-0.0031152823874304736,0.027151846502824414,-0.04110781729031732,0.0003741715572225246,0.07241605750161041,-0.03618977754941974,0.0008767658076813123,0.07055042705976544,25.2,37.07,4,346.0,914.0,0.0,229.0,883.0,0.0,2,2,0,0.013939264122317385,0.03297196480514584,-0.027599058421729387,-0.04189627121224461,0.07185687077003242,-0.05391559192673408,-0.0822213036277924,0.11932112064660094,-0.08525305396913267
92,least_connections,2247,measured,159,101,4,light,0,100.0,79.4,5,1356.0,465.0,0.0,1173.0,415.0,0.0,4,1,0,0.06762825036796812,-0.025297359721390772,-0.010612333901222959,0.23290003590272523,-0.1341568192964589,-0.06737517862279489,0.1334646209414474,-0.09482752550769816,-0.047542740760508885,48.91,49.72,4,797.0,915.0,0.0,739.0,852.0,0.0,2,2,0,-0.018593293939214967,0.04026531140003456,-0.018517943867059086,-0.03719278707219187,0.11563105317762312,-0.04977322688629805,-0.03274313206852261,0.1158676690640926,-0.05124306599354556,21.34,33.57,3,153.0,914.0,0.0,124.0,883.0,0.0,1,2,0,-0.0304721850684702,0.029831777680846244,-0.02497057666727897,-0.07282995966822131,0.06501335926812457,-0.048780773647997495,-0.10605736994895504,0.10795720439454373,-0.07713371549588194
92,least_connections,2248,measured,167,119,5,light,2,100.0,79.4,5,1356.0,465.0,0.0,1173.0,415.0,0.0,4,1,0,0.06118746461863783,-0.022888087366972606,-0.00960163543443982,0.21071908010246565,-0.12137997936346279,-0.06095849494443348,0.12075370466130952,-0.08579633260220307,-0.04301486068807947,26.14,26.62,2,0.0,915.0,0.0,0.0,852.0,0.0,0,2,0,-0.10299030449375685,0.03643051983812651,-0.01675433016543441,-0.239677827759194,0.1046185719226114,-0.045032919563793475,-0.2385681909191395,0.10483265296275043,-0.04636277399416027,24.68,37.53,4,752.0,482.0,0.0,687.0,439.0,0.0,3,1,0,0.05859772824870836,-0.01609324422980124,-0.022592426508490495,0.04249670315732357,-0.01934981780503013,-0.04413498568152154,0.07383698274459624,-0.03622919602398425,-0.069787647353417
92,least_connections,2249,measured,428,442,16,heavy,1,96.4,64.05,4,1446.0,0.0,0.0,1281.0,0.0,0.0,4,0,0,0.055360087035910416,-0.06379216974925639,-0.00868719396449317,0.24493631056889742,-0.3902961718050378,-0.055152923997344575,0.1581104946935657,-0.2653633485448504,-0.03891820728921476,38.37,40.44,3,0.0,915.0,428.0,0.0,852.0,442.0,0,2,1,-0.09318170406578001,0.0329609465202097,0.02792522055326909,-0.2168513679726041,0.09465489840617222,0.06989538570078549,-0.21584741083160242,0.0948485907758218,0.08302296638623594,24.68,37.53,4,752.0,482.0,0.0,687.0,439.0,0.0,3,1,0,0.05301699222502185,-0.014560554303153506,-0.02044076684101521,0.03844939809472131,-0.017506978014074873,-0.039931653711852824,0.06680488914987279,-0.03277879640265241,-0.06314120474832967
92,least_connections,2250,measured,195,120,6,light,1,67.53,43.1,3,1013.0,0.0,0.0,862.0,0.0,0.0,3,0,0,0.007003797567637776,-0.05771672501123197,-0.007859842158350963,-0.0395655602789341,-0.3531251078236056,-0.04990026456902604,-0.04649526670582149,-0.24009064868343608,-0.03521171135690859,43.94,44.19,4,664.0,446.0,428.0,565.0,407.0,442.0,2,1,1,0.0018605443939994915,-0.013262091470377158,0.025265675738672035,-0.02455259823371661,-0.035597949061082323,0.06323868230071068,-0.03554349075240218,-0.040003060726637396,0.07511601720659443,24.68,37.53,4,1234.0,0.0,0.0,1126.0,0.0,0.0,4,0,0,0.09105165509701522,-0.05625773507246768,-0.018494027141870907,0.12200659827617641,-0.10305869439368678,-0.03612863907262875,0.19283934415147222,-0.16205383166589188,-0.057127756677060174
92,least_connections,2251,measured,470,430,17,heavy,0,62.33,42.25,2,465.0,0.0,470.0,415.0,0.0,430.0,1,0,1,-0.079831031225652,-0.0522198940577813,0.035972614464439834,-0.36633709422062294,-0.3194941451737384,0.2383442050724685,-0.24428143178145753,-0.21722487261834691,0.1626655944866065,43.94,44.19,4,664.0,874.0,0.0,565.0,849.0,0.0,2,2,0,0.0016833496898090716,0.031084865086892316,-0.020224479320339814,-0.022214255544791228,0.07843178758419084,-0.05342350512928898,-0.03215839639503054,0.0887769926758995,-0.0570081272892717,21.62,33.4,3,1081.0,0.0,0.0,1002.0,0.0,0.0,3,0,0,0.039296168670542114,-0.050899855541756474,-0.01673269122359749,0.08270120796415961,-0.09324358064190709,-0.03268781630380696,0.1370768669306971,-0.14662013341199742,-0.05168701794591159
92,least_connections,2252,measured,155,112,1,light,0,72.67,47.85,3,620.0,0.0,470.0,527.0,0.0,430.0,2,0,1,-0.029144175644070625,-0.047246570814183084,0.032546651182112224,-0.23795578365992875,-0.2890661313476681,0.21564475697032867,-0.17034986684989017,-0.19653678951183767,0.1471736331069297,43.94,44.19,4,664.0,874.0,0.0,565.0,849.0,0.0,2,2,0,0.001523030671732012,0.028124401745283523,-0.018298338432688403,-0.02009861215957301,0.0709620935285536,-0.04833555225983289,-0.0290956919764562,0.0803220409924805,-0.05157878183315059,21.62,33.4,3,1081.0,0.0,0.0,1002.0,0.0,0.0,3,0,0,0.03555367641620477,-0.04605225025206538,-0.01513910158325487,0.07482490244376344,-0.08436323962839212,-0.02957469094153963,0.12402192722301164,-0.13265631118228338,-0.04676444480820572
92,least_connections,2253,measured,162,124,2,light,0,73.13,48.45,3,627.0,0.0,470.0,539.0,0.0,430.0,2,0,1,-0.02636853986844484,-0.042746897403308504,0.029446970117149158,-0.21107110585104666,-0.2615360236002712,0.1951071610683926,-0.1486974985784721,-0.1778190000345198,0.13315709662055544,43.94,44.19,4,664.0,874.0,0.0,565.0,849.0,0.0,2,2,0,0.0013779801315670637,0.02544588729335176,-0.016555639534337127,-0.018184458620566057,0.06420379890678657,-0.04373216633032499,-0.02632467369298419,0.07267232280272046,-0.04666651689666006,18.28,29.43,2,914.0,0.0,0.0,883.0,0.0,0.0,2,0,0,-0.010916288231143517,-0.04166632165663058,-0.013697282384849645,0.03747967363959548,-0.07632864537806906,-0.026758053709012047,0.07632142621764545,-0.12002237678397068,-0.042310688159805175
92,least_connections,2254,measured,383,315,10,medium,2,73.13,48.45,3,627.0,470.0,0.0,539.0,430.0,0.0,2,1,0,-0.023857250357164378,0.00440813590947825,-0.016441403454098606,-0.1909690957699946,0.046864232615627666,-0.10696653681113687,-0.13453583204718905,0.03363995234972017,-0.0740483411528308,43.94,44.19,4,1110.0,428.0,0.0,972.0,442.0,0.0,3,1,0,0.04433064415531804,-0.02006143077086768,-0.014978911959638352,0.0988399115881953,-0.05720336561494822,-0.03956719810838928,0.09125684284920477,-0.04932325555944339,-0.042222086716025765,25.94,39.93,3,914.0,383.0,0.0,883.0,315.0,0.0,2,1,0,-0.009876641732939367,0.005385799680282077,-0.012392779300578251,0.03391018091201495,0.0002455113246041807,-0.02420966764148709,0.06905271895882209,-0.01359167423311633,-0.0382810988112523
92,least_connections,2255,measured,175,118,7,light,0,74.0,48.15,3,640.0,470.0,0.0,533.0,430.0,0.0,2,1,0,-0.021585131275529662,0.003988313441908892,-0.014875555506089216,-0.16494029299824914,0.04240097236652024,-0.0967792475910286,-0.12443718137602822,0.030436147364032523,-0.06699611818589453,43.94,44.19,4,1110.0,428.0,0.0,972.0,442.0,0.0,3,1,0,0.04010867804528774,-0.018150818316499326,-0.013552348915863271,0.08942658667503384,-0.0517554260325722,-0.03579889352663792,0.08256571495880433,-0.04462580264902019,-0.03820093560021379,17.3,25.13,2,482.0,383.0,0.0,439.0,315.0,0.0,1,1,0,-0.052019909413702506,0.004872866377398075,-0.011212514605285084,-0.04749078869865313,0.00022212929368950474,-0.02190398500896451,-0.07142849237058954,-0.012297229068057622,-0.03463527987684732
92,least_connections,2256,measured,415,404,17,heavy,2,43.0,27.4,2,175.0,470.0,0.0,118.0,430.0,0.0,1,1,0,-0.06261330471414134,0.0036084740664889953,-0.01345883593408072,-0.42970788414127303,0.03836278452208974,-0.08756217639188302,-0.30032411648307317,0.027537466662696075,-0.06061553550152362,38.37,40.44,3,915.0,428.0,0.0,852.0,442.0,0.0,2,1,0,-0.006795096281020846,-0.016422168953023203,-0.012261649019114388,0.030501605631153117,-0.04682633783899391,-0.032389475095529544,0.04077374210558485,-0.040375726206256346,-0.03456275125733629,25.6,38.6,3,482.0,383.0,415.0,439.0,315.0,404.0,1,1,1,-0.04706563232668322,0.004408783865264929,0.03293924415530896,-0.042967856441638544,0.0002009741228619355,0.05527734689665116,-0.06462577881148579,-0.011126064394909277,0.09050458804793178
92,least_connections,2257,measured,486,447,13,heavy,0,75.4,49.75,3,175.0,956.0,0.0,118.0,877.0,0.0,1,2,0,-0.05665013283660407,0.04634871009643789,-0.012177042035596842,-0.3887833237468661,0.32785204313903354,-0.07922292149741797,-0.27172181967516146,0.22712913650434408,-0.05484262735852137,24.97,26.53,2,446.0,428.0,0.0,407.0,442.0,0.0,1,1,0,-0.04923184448101432,-0.014858152862259083,-0.011093872922055876,-0.09364140442895674,-0.04236668661623259,-0.029304763181669587,-0.08892792380923273,-0.036530418948517634,-0.0312710606613995,15.96,23.97,2,383.0,0.0,415.0,315.0,0.0,404.0,1,0,1,-0.04258319115271339,-0.03909500053913672,0.02980217328337477,-0.05678996535195868,-0.06912292817455348,0.050012837668398674,-0.09586776813102686,-0.10506643921444173,0.08188510347193828
92,least_connections,2258,measured,408,433,17,heavy,1,75.4,49.75,3,175.0,956.0,0.0,118.0,877.0,0.0,1,2,0,-0.05125488209026083,0.04193454723011047,-0.01101732374649238,-0.35175634053287885,0.2966280390305542,-0.07167788135480674,-0.24584355113466994,0.20549779017059702,-0.049619519991043144,36.63,40.06,3,874.0,0.0,408.0,849.0,0.0,433.0,2,0,1,-0.0014591971608270138,-0.05652699091165844,0.03304658663061158,0.02591628034659016,-0.14897121986366624,0.07895555440025813,0.044511640363075144,-0.15802156952484928,0.09413273083016235,15.96,23.97,2,383.0,0.0,415.0,315.0,0.0,404.0,1,0,1,-0.03852764913816925,-0.03537166715445703,0.026963871065910507,-0.0513813972232007,-0.06253979215792935,0.045249710271408325,-0.0867375044995005,-0.09506011167020918,0.07408652218889654
92,least_connections,2259,measured,169,113,3,light,2,75.4,49.75,3,175.0,956.0,0.0,118.0,877.0,0.0,1,2,0,-0.04637346474833122,0.0379407808272428,-0.009968054818255011,-0.31825573667260476,0.26837774959907285,-0.06485141646387277,-0.22242987959803473,0.18592657205911156,-0.044893851420467604,36.63,40.06,3,874.0,0.0,408.0,849.0,0.0,433.0,2,0,1,-0.0013202260026530244,-0.051143467967690974,0.029899292665791426,0.023448063170724426,-0.13478348463855516,0.07143597779070973,0.04027243651897275,-0.1429718962367684,0.08516770884633737,19.34,27.73,3,552.0,415.0,0.0,428.0,404.0,0.0,2,1,0,0.008225551006508985,0.011080963277486713,-0.018688016881409766,-0.015906978440038744,0.018511616619016305,-0.03415502404015438,-0.044397424705897276,0.035834502139652,-0.05481060690845868
92,least_connections,2260,measured,402,438,17,heavy,0,100.0,71.65,4,175.0,956.0,402.0,118.0,877.0,438.0,1,2,1,-0.04195694429610919,0.03432737312941016,0.034065183962621884,-0.2879456665133091,0.24281796392297067,0.18380109938982941,-0.20124608154107904,0.16821927948205334,0.15752461061957693,36.63,40.06,3,874.0,0.0,408.0,849.0,0.0,433.0,2,0,1,-0.0011944901928765406,-0.046272661494577545,0.027051740983335102,0.021214914297322085,-0.1219469622920261,0.06463255133445166,0.03643696637430868,-0.12935552516659998,0.07705649848001953,19.34,27.73,3,552.0,415.0,0.0,428.0,404.0,0.0,2,1,0,0.007442165196365286,0.010025633441535592,-0.01690820574984693,-0.014392028112416008,0.016748605512443324,-0.030902164607758725,-0.04016909854343087,0.03242169241206609,-0.04959054910765309
92,least_connections,2261,measured,489,429,19,heavy,1,100.0,71.65,4,645.0,486.0,402.0,548.0,447.0,438.0,2,1,1,0.005122855387420494,-0.012025800728719602,0.030820880728086465,0.022969793789545723,-0.06379961994270905,0.16629623278127423,0.012444021462833244,-0.04232541380195173,0.1425222667510458,37.86,40.75,3,428.0,408.0,489.0,442.0,433.0,429.0,1,1,1,-0.04416462944888376,0.0012181588745205363,0.02447538469920795,-0.09609807073779704,-0.004863578128159671,0.07941584576518414,-0.08210762566133975,0.005389643896885732,0.06858683195811291,19.34,27.73,3,552.0,415.0,0.0,428.0,404.0,0.0,2,1,0,0.006733387558616216,0.009070811209008392,-0.015297900440337698,-0.013021358768376387,0.015153500225543959,-0.027959101311781705,-0.03634347011072317,0.029333912182345517,-0.044867639668828986
92,least_connections,2262,measured,401,442,17,heavy,1,90.53,65.75,3,470.0,486.0,402.0,430.0,447.0,438.0,1,1,1,-0.03844893582861501,-0.010880486373603449,0.027885558753982992,-0.08477336117453799,-0.05772346566245107,0.15045849632591476,-0.04212207581934138,-0.03829442201128966,0.12894871753666048,49.31,54.56,4,428.0,408.0,890.0,442.0,433.0,871.0,1,1,2,-0.039958474263275784,0.0011021437436138232,0.06522829590699314,-0.08694587352467352,-0.004400380211192087,0.1755122958283639,-0.07428785178883118,0.004876344478134703,0.18702499081924503,15.96,23.97,2,383.0,415.0,0.0,315.0,404.0,0.0,1,1,0,-0.036991787673723645,0.008206924427198073,-0.013840957541257918,-0.042362181742816724,0.013710309727873113,-0.025296329758278686,-0.06696155232240035,0.026540206260217372,-0.040594531128940514
92,least_connections,2263,measured,182,108,8,light,2,90.53,65.75,3,956.0,402.0,0.0,877.0,438.0,0.0,2,1,0,0.008296767810391403,-0.009844249576117403,-0.017854108973153707,0.21644314941351323,-0.10289265940888426,-0.1063470747527438,0.16410383616345303,-0.03871876277211925,-0.08147496984778337,49.31,54.56,4,428.0,408.0,890.0,442.0,433.0,871.0,1,1,2,-0.03615290528582095,0.0009971776727934617,0.059016077249184264,-0.07866531414137128,-0.003981296381554741,0.15879683908280542,-0.06721281828513295,0.004411930718312362,0.1692130869316979,19.6,27.57,3,383.0,597.0,0.0,315.0,512.0,0.0,1,2,0,-0.03346876027622615,0.0505092128037461,-0.012522771108757163,-0.03832768824350084,0.045337899277599486,-0.022887155495585478,-0.060584261625028904,0.05658399614019667,-0.03672838530713666
92,least_connections,2264,measured,159,121,4,light,0,100.0,71.8,4,1115.0,402.0,0.0,998.0,438.0,0.0,3,1,0,0.050590499674254344,-0.00890670199743955,-0.016153717642377163,0.29173427804079766,-0.09309335851280004,-0.09621878191914915,0.20321299462407655,-0.03503126155572697,-0.07371544890989924,49.31,54.56,4,428.0,408.0,890.0,442.0,433.0,871.0,1,1,2,-0.032709771449076094,0.0009022083706226591,0.053395498463547665,-0.07117337946124068,-0.003602125297597139,0.14367333059872872,-0.06081159749607265,0.003991746840377841,0.15309755484296478,11.94,17.07,2,182.0,415.0,0.0,108.0,404.0,0.0,1,1,0,-0.030281259297537944,0.0026149113575843486,-0.011330126241256481,-0.07104886079173885,0.008086670774970967,-0.020707426400767812,-0.11724290337502613,0.01862361555541603,-0.03323044384931412
92,least_connections,2265,measured,371,326,13,medium,2,100.0,71.8,4,1115.0,402.0,0.0,998.0,438.0,0.0,3,1,0,0.04577235684813488,-0.008058444664350073,-0.014615268343103147,0.26395006108453123,-0.08422732436872382,-0.0870550884030397,0.1838593760884502,-0.03169495093137201,-0.06669492996609931,37.09,40.75,3,0.0,809.0,489.0,0.0,875.0,429.0,0,2,1,-0.07267845534735003,0.04390018399065406,0.005226312668833374,-0.17503441815200688,0.1004007982001332,0.02633029231041442,-0.17999025487739906,0.12858181856986567,0.013546597238872873,19.36,27.93,3,182.0,786.0,0.0,108.0,730.0,0.0,1,2,0,-0.027397329840629564,0.04544977240742892,-0.010251066599232054,-0.06428230262109706,0.0744498449868785,-0.01873529055307564,-0.10607691257740459,0.115167398200932,-0.030065639673188965
92,least_connections,2266,measured,488,402,17,heavy,1,100.0,71.8,4,1115.0,402.0,0.0,998.0,438.0,0.0,3,1,0,0.04141308476736012,-0.00729097374393578,-0.013223338024712372,0.23881196002886163,-0.07620567442884535,-0.0787641276027502,0.1663489593181216,-0.02867638417600324,-0.060343031874089854,51.03,53.31,4,0.0,1298.0,488.0,0.0,1304.0,402.0,0,3,1,-0.06575669769522145,0.08280311431353961,0.0047285686051349585,-0.15836447356610145,0.21724698068447423,0.023564142022347745,-0.16284832584145628,0.23763057394416415,0.00462251654945639,19.36,27.93,3,597.0,371.0,0.0,512.0,326.0,0.0,2,1,0,0.01829583989475919,-0.0019626775724169154,-0.009274774542162335,0.016935059533293134,-0.007735854535681361,-0.016950977167068434,0.0258669203664752,-0.01764219527852187,-0.02720224541859954
92,least_connections,2267,measured,184,109,5,light,2,100.0,71.8,4,1115.0,402.0,0.0,998.0,438.0,0.0,3,1,0,0.037468981456182965,-0.006596595292132371,-0.011963972498549288,0.21606796383563676,-0.06894799114990768,-0.07126278211677399,0.15050620128782433,-0.025945299968764823,-0.05459607645750987,51.03,53.31,4,0.0,1298.0,488.0,0.0,1304.0,402.0,0,3,1,-0.059494155057581315,0.07491710342653583,0.004278228737979242,-0.14328214275028225,0.19655679204785764,0.021319938020219392,-0.1473389614756033,0.21499909071138662,0.004182276878079594,23.04,31.57,4,781.0,371.0,0.0,621.0,326.0,0.0,3,1,0,0.05963727917915854,-0.0017757558988533984,-0.008391462681004018,0.04861743481583665,-0.006999106484664092,-0.015336598389252392,0.05627642001411248,-0.01596198620437693,-0.024611555378732917
92,least_connections,2268,measured,399,313,11,medium,0,85.8,59.9,3,486.0,801.0,0.0,447.0,751.0,0.0,1,2,0,-0.05226729342173014,0.03711555210530427,-0.0108245465463065,-0.18390676287886826,0.17828515086436925,-0.06447585048660504,-0.1130896274062542,0.11812091907587946,-0.04939645012822322,51.03,53.31,4,408.0,890.0,488.0,433.0,871.0,402.0,1,2,1,-0.010744144825340016,0.024698240968679813,0.003870778381981216,-0.024166836638010475,0.07236770981200727,0.019289467732579446,-0.010881084192212509,0.0720973915960165,0.0037839647944529764,23.04,31.57,4,781.0,371.0,0.0,621.0,326.0,0.0,3,1,0,0.053957538304952965,-0.001606636289438787,-0.007592275759003635,0.04398720292861412,-0.006332524914696089,-0.013875969971228355,0.05091676096514938,-0.01444179704205531,-0.022267597723615497
92,least_connections,2269,measured,388,329,10,medium,0,100.0,76.35,4,486.0,1189.0,0.0,447.0,1080.0,0.0,1,3,0,-0.04728945595299394,0.07666463784584218,-0.009793637351420166,-0.1663918330808808,0.39533735871855624,-0.058335293297404556,-0.10231918670089665,0.25570464106865287,-0.04469202630648767,51.03,53.31,4,408.0,1378.0,0.0,433.0,1273.0,0.0,1,3,0,-0.0097208929372124,0.06542992776984863,-0.039581767404964836,-0.021865233148676166,0.19162520683671408,-0.1086972842963737,-0.009844790459620834,0.1788916876344911,-0.11023712709073301,23.04,31.57,4,781.0,371.0,0.0,621.0,326.0,0.0,3,1,0,0.04881872513305267,-0.0014536233094922385,-0.006869201877193765,0.03979794550684135,-0.005729427303772655,-0.012554449021587559,0.046067545635135154,-0.013066387799954796,-0.02014687413089021
92,least_connections,2270,measured,403,444,17,heavy,0,100.0,76.2,4,402.0,787.0,403.0,438.0,642.0,444.0,1,2,1,-0.042785698243185,0.026279343538528427,0.03422299024213912,-0.20121165850174927,0.1152099912215509,0.19029981400076096,-0.09664593082462078,0.033208960966876366,0.16042150000841593,51.03,53.31,4,408.0,1378.0,0.0,433.0,1273.0,0.0,1,3,0,-0.008795093609858834,0.05919850607748209,-0.035812075271158664,-0.019782829991659395,0.1733751871379794,-0.09834516198243334,-0.008907191368228373,0.16185438405025385,-0.09973835308209177,23.04,31.57,4,781.0,371.0,0.0,621.0,326.0,0.0,3,1,0,0.04416932273942861,-0.0013151829943024995,-0.0062149921746038825,0.03600766498238027,-0.0051837675605562045,-0.011358787210007791,0.041680160336550864,-0.011821969914244806,-0.018228124213662572
92,least_connections,2271,measured,486,402,18,heavy,0,100.0,96.3,5,402.0,787.0,889.0,438.0,642.0,846.0,1,2,2,-0.03871086983907214,0.023776548915811435,0.07404755806488324,-0.18204864340634458,0.10423761110521274,0.46531887933402183,-0.08744155646037119,0.030046202779554776,0.32700040476951914,51.03,53.31,4,408.0,1378.0,0.0,433.0,1273.0,0.0,1,3,0,-0.007957465647015133,0.053560553117721885,-0.03240140143581022,-0.0178987509448347,0.15686326455340993,-0.08897895607934446,-0.00805888742839711,0.14643968080737252,-0.09023946231236873,19.4,27.97,3,970.0,0.0,0.0,839.0,0.0,0.0,3,0,0,0.03996272057376875,-0.044273827697792964,-0.005623088157974941,0.06677836355548691,-0.07182340874526515,-0.010276997951911811,0.10345665300291113,-0.10901352833511038,-0.016492112383789947
92,least_connections,2272,measured,368,350,10,medium,2,100.0,96.3,5,1189.0,0.0,889.0,1080.0,0.0,846.0,3,0,2,0.05114368012292565,-0.06465568476778058,0.0669954096777515,0.30998773533076757,-0.3803881931270297,0.4210027955879245,0.2113147822501404,-0.263243911770879,0.295857509077184,51.03,53.31,4,809.0,977.0,0.0,875.0,831.0,0.0,2,2,0,0.03588428845088654,0.005375647832133873,-0.029315553680018768,0.08746575594787065,0.038264042078935495,-0.08050476978607356,0.11767886375525977,0.007522806444765606,-0.08164522780642886,23.08,36.0,3,786.0,368.0,0.0,730.0,350.0,0.0,2,1,0,-0.006927153040966583,0.0030266275478018217,-0.0050875559524535185,0.0271232813121072,0.001607392087617246,-0.009298236242205925,0.06073062255818942,0.006924268014265211,-0.014921435013905191
92,least_connections,2273,measured,398,329,8,medium,2,100.0,96.3,5,1189.0,403.0,486.0,1080.0,444.0,402.0,3,1,1,0.04627285344455177,-0.015414100277425069,0.01753099424358923,0.2804650938706945,-0.10108138108318565,0.13782792616685233,0.19118956489298417,-0.037315920173652456,0.06682346059364269,51.03,53.31,4,1298.0,488.0,0.0,1304.0,402.0,0.0,3,1,0,0.0755506373966071,-0.038220218854826724,-0.026523596186683648,0.20554384721814145,-0.09178831567007875,-0.07283764885406656,0.22776599577856832,-0.11448829416902162,-0.0738694918248642,22.74,33.5,3,371.0,766.0,0.0,326.0,679.0,0.0,1,2,0,-0.04935132440667951,0.0458222775319114,-0.004603026814124612,-0.05055512643190302,0.07347335474593941,-0.008412689933424408,-0.06689451609814612,0.10548703613989074,-0.01350034596496184
92,least_connections,2274,measured,174,112,6,light,2,100.0,96.3,5,1189.0,403.0,486.0,1080.0,444.0,402.0,3,1,1,0.04186591502126112,-0.013946090727194105,0.015861375744199782,0.25375413254967605,-0.09145458288478703,0.12470145700810448,0.17298103490317612,-0.03376202301425699,0.06045932148948624,51.03,53.31,4,1298.0,488.0,0.0,1304.0,402.0,0.0,3,1,0,0.06835533859693023,-0.03458019801150988,-0.02399753940699949,0.1859682427211756,-0.08304657132054744,-0.06590072991558403,0.20607399618060945,-0.10358464710530527,-0.06683430212725809,26.22,37.23,4,943.0,368.0,0.0,767.0,350.0,0.0,3,1,0,0.041516602180804704,-0.0016256491264565742,-0.0041646433080175065,0.05776440941875441,-0.005543155229864344,-0.007611481368336369,0.0724763901969154,-0.00378157047660678,-0.01221459873020357
92,least_connections,2275,measured,157,104,9,light,1,100.0,96.3,5,1189.0,889.0,0.0,1080.0,846.0,0.0,3,2,0,0.03787868501923625,0.03046600861643889,-0.0287331316962909,0.22958707230684983,0.2103982345328117,-0.18031772937361976,0.15650665062668317,0.15131055060614845,-0.12715585198570295,43.86,43.03,4,890.0,645.0,0.0,871.0,506.0,0.0,2,2,0,0.018761406122846186,0.011797054406819857,-0.02171205946347573,0.06278759375453305,-0.03455234003831842,-0.05962446992362365,0.0640223060681705,-0.06431468071432381,-0.06046913049609066,26.22,37.23,4,1311.0,0.0,0.0,1117.0,0.0,0.0,4,0,0,0.08064654029510449,-0.04455472562688474,-0.003768010612015839,0.11885351328363494,-0.07160571187463917,-0.006886578380875762,0.1711294324003838,-0.10897697646296169,-0.011051303613041324
92,least_connections,2276,measured,404,418,16,heavy,1,100.0,96.3,5,1189.0,889.0,0.0,1080.0,846.0,0.0,3,2,0,0.034271191207880414,0.027564483986301846,-0.025996642963310813,0.20772163684905454,0.19036030743444865,-0.16314461229041788,0.14160125532890383,0.13690002197699147,-0.11504577084420743,55.4,56.09,5,1378.0,157.0,404.0,1273.0,104.0,418.0,3,1,1,0.06005850576647534,-0.03241037481106321,0.023439655950279328,0.1829574827847136,-0.15741130085099553,0.05048942517114323,0.17158565787120186,-0.17185018731295962,0.06347435812258465,26.22,37.23,4,1311.0,0.0,0.0,1117.0,0.0,0.0,4,0,0,0.07296591740985645,-0.04031141842432429,-0.003409152458490521,0.1075341310661459,-0.06478612026753068,-0.006230713773173309,0.15483139121939488,-0.09859821679982247,-0.00999879850703739
92,least_connections,2277,measured,373,331,7,medium,2,100.0,74.4,4,787.0,889.0,0.0,642.0,846.0,0.0,2,2,0,-0.012076631991056047,0.02493929503522549,-0.02352077220490026,-0.05453756666037923,0.17223075434545354,-0.14760703016752094,-0.07002743565480135,0.12386192464584944,-0.10408903076380673,55.4,56.09,5,1535.0,0.0,404.0,1377.0,0.0,418.0,4,0,1,0.09742254830118743,-0.07240757267486217,0.02120730776453844,0.2061179946283463,-0.1830047824026014,0.0456809084881772,0.18464892855013498,-0.18488826471172537,0.057429181158528964,33.68,48.27,5,1684.0,0.0,0.0,1448.0,0.0,0.0,5,0,0,0.1091006826451989,-0.03647223571724579,-0.0030844712719676143,0.16478802334556056,-0.0586160135753849,-0.005637312461442517,0.2399109412619922,-0.08920791043793462,-0.009046531982557638
92,least_connections,2278,measured,183,113,9,light,0,100.0,80.05,5,787.0,1072.0,0.0,642.0,959.0,0.0,2,3,0,-0.010926476563336424,0.0656480243062471,-0.021280698661576426,-0.04934351269272408,0.26620877774112467,-0.13354921777061418,-0.06335815606862982,0.16318459848910188,-0.09417578973868228,55.4,56.09,5,1535.0,404.0,0.0,1377.0,418.0,0.0,4,1,0,0.08814421036774102,-0.02242771314573698,-0.023896336058841634,0.18648770942564663,-0.06114038135745571,-0.0631050283746424,0.167063316307265,-0.049095334739180124,-0.06622478847561665,26.26,37.4,4,1313.0,0.0,0.0,1122.0,0.0,0.0,4,0,0,0.055626241214136896,-0.032998689458460476,-0.002790712103208794,0.08196059255074528,-0.05303353609201491,-0.005100425560352753,0.11874481987196117,-0.08071191896765513,-0.00818495750802834
92,least_connections,2279,measured,184,113,5,light,2,71.47,47.95,3,0.0,1072.0,0.0,0.0,959.0,0.0,0,3,0,-0.09605366020129531,0.05939583151517594,-0.019253965455712004,-0.5193425432299249,0.24085556081339854,-0.1208302446496033,-0.347752617395427,0.14764320815680648,-0.08520666690642682,43.94,42.28,4,1134.0,404.0,0.0,935.0,418.0,0.0,3,1,0,0.036665623439294026,-0.020291740465190597,-0.021620494529428144,0.06506711124905445,-0.05531748789484088,-0.0570950256722955,0.02618228618276358,-0.04441958857354392,-0.059917665763653156,29.94,41.17,5,1497.0,0.0,0.0,1235.0,0.0,0.0,5,0,0,0.09341240418240504,-0.029855957129083288,-0.0025249299981412896,0.10745005992686477,-0.04798272313087063,-0.004614670745081062,0.14151515448732999,-0.07302506954216417,-0.007405437745358974
92,least_connections,2280,measured,156,109,4,light,0,81.87,53.4,4,742.0,486.0,0.0,666.0,402.0,0.0,3,1,0,0.04234600811719538,-0.03242871479692698,-0.01742025445992991,-0.022325793081043155,-0.1355433814862902,-0.10932260230202204,-0.013347606214910102,-0.1183942402390798,-0.07709174624867189,29.97,28.88,3,645.0,404.0,0.0,506.0,418.0,0.0,2,1,0,-0.00991024092453896,-0.018359193754220057,-0.01956139981233975,-0.06753791975425688,-0.05004915571437986,-0.05165740417969593,-0.09760590773940439,-0.04018915156653974,-0.05421122140521,26.46,37.43,4,1323.0,0.0,0.0,1123.0,0.0,0.0,4,0,0,0.041432084509704314,-0.027012532640599166,-0.002284460474508786,0.06573100660049669,-0.04341293997554962,-0.00417517829316858,0.09425974294885414,-0.06607030101433901,-0.006700157960086691
92,least_connections,2281,measured,383,344,9,medium,1,81.87,53.4,4,742.0,486.0,0.0,666.0,402.0,0.0,3,1,0,0.038313054963176774,-0.02934026576864822,-0.015761182606603252,-0.020199527073324786,-0.12263448801140542,-0.09891092589230566,-0.012076405623013875,-0.10711859831154835,-0.06974967517736981,40.91,39.62,4,645.0,787.0,0.0,506.0,762.0,0.0,2,2,0,-0.008966408455535257,0.02647320111579636,-0.01769840935402168,-0.06110573692051813,0.053724233265220966,-0.04673765140067727,-0.08831010700231826,0.06090029143979739,-0.04904824793804714,18.5,26.47,3,925.0,0.0,0.0,794.0,0.0,0.0,3,0,0,-0.005597728527501067,-0.024439910484351627,-0.002066892810269854,-0.012548136885264904,-0.039278374263592514,-0.0037775422652477635,-0.013939597649449464,-0.059777891393925774,-0.006062047678173673
92,least_connections,2282,measured,385,306,11,medium,2,81.87,53.4,4,1228.0,0.0,0.0,1068.0,0.0,0.0,4,0,0,0.07774809281248873,-0.06962985496982005,-0.014260117596450562,0.2748670945527061,-0.4040978701055573,-0.08949083771208607,0.17093087110298744,-0.27877396990092473,-0.06310684897000125,40.91,39.62,4,645.0,787.0,0.0,506.0,762.0,0.0,2,2,0,-0.008112464793103319,0.023951943866672903,-0.016012846558400566,-0.05528614292808781,0.04860763962091422,-0.04228644650537467,-0.07989962062114508,0.055100263683626194,-0.0443769862296617,18.84,25.0,3,557.0,385.0,0.0,444.0,306.0,0.0,2,1,0,-0.048148511751639284,0.020971600264724943,-0.0018700458759584395,-0.07794355242000159,0.034129089951987726,-0.003417776335224167,-0.11816757247648604,0.03820095540549573,-0.005484709804061894
92,least_connections,2283,measured,373,312,11,medium,2,81.87,53.4,4,1228.0,0.0,0.0,1068.0,0.0,0.0,4,0,0,0.07034351254463267,-0.06299844021078957,-0.012902011158693365,0.24868927602387692,-0.3656123586669328,-0.0809679007871255,0.1546517405217505,-0.25222406800559855,-0.05709667287762018,26.97,27.06,3,540.0,404.0,0.0,448.0,418.0,0.0,2,1,0,-0.007339849098522061,-0.021413093871196165,-0.014487813552838607,-0.07716365312541279,-0.055028462111689894,-0.038259165885815176,-0.0886889424667503,-0.04740928523862395,-0.04015060658874154,26.3,35.4,4,557.0,758.0,0.0,444.0,618.0,0.0,2,2,0,-0.043562939203864115,0.06205820522817518,-0.0016919462687243025,-0.07052035695143002,0.09837393852798891,-0.0030922738271075795,-0.10691351795491597,0.128658007271639,-0.004962356489389333
92,least_connections,2284,measured,154,108,7,light,1,71.47,47.95,3,1072.0,0.0,0.0,959.0,0.0,0.0,3,0,0,0.020560230170767427,-0.05699858876214294,-0.011673248191198759,0.13090934497398388,-0.3307921340319868,-0.0732566721407326,0.09061347951967896,-0.22820272819554155,-0.05165889450832302,26.89,27.19,3,537.0,404.0,0.0,452.0,418.0,0.0,2,1,0,-0.006640815851043758,-0.019373751597748914,-0.013108021785901596,-0.07059024398421698,-0.04978765619629087,-0.03461543580145183,-0.07911142413658362,-0.042894115215897866,-0.03632673929457568,15.16,20.6,2,0.0,758.0,0.0,0.0,618.0,0.0,0,2,0,-0.12558188830462988,0.05614789996834897,-0.0015308085288457975,-0.16459460867034145,0.08900499200151378,-0.0027977715578592385,-0.23063604005444777,0.11640486372195909,-0.004489751109447492
92,least_connections,2285,measured,180,107,5,light,2,71.47,47.95,3,1072.0,0.0,0.0,959.0,0.0,0.0,3,0,0,0.018602113011646715,-0.051570151737176946,-0.010561510268227449,0.1184417883097949,-0.2992881212670357,-0.06627984622256759,0.08198362432732859,-0.2064691350340614,-0.04673899979324464,26.89,27.19,3,941.0,0.0,0.0,870.0,0.0,0.0,3,0,0,0.037075543028193964,-0.06061253262472067,-0.011859638758672873,0.04056801054489209,-0.14948134880344685,-0.03131872762988499,0.04660752101928148,-0.15699348519533615,-0.03286704983794943,18.76,24.17,3,180.0,758.0,0.0,107.0,618.0,0.0,1,2,0,-0.07053780823933634,0.050800480923744305,-0.0013850172403842929,-0.11634750308268987,0.0805283260966077,-0.0025313171237774062,-0.17640086163656388,0.10531868622462964,-0.004062155765690588
92,least_connections,2286,measured,419,419,18,heavy,0,99.4,68.9,4,1072.0,0.0,419.0,959.0,0.0,419.0,3,0,1,0.016830483201013685,-0.046658708714588666,0.03352824807931348,0.10716161799457635,-0.2707844906701751,0.19276267881450232,0.07417566010567828,-0.1868054078879603,0.14725995256801674,26.89,27.19,3,941.0,0.0,0.0,870.0,0.0,0.0,3,0,0,0.03354453893027072,-0.05483991046998537,-0.010730149353084981,0.03670439049299762,-0.13524502986978526,-0.02833599166513404,0.04216870949363563,-0.14204172470054224,-0.029736854615287578,18.76,24.17,3,565.0,373.0,0.0,413.0,312.0,0.0,2,1,0,-0.02073602151359455,0.002878439656630344,-0.0012531108365381697,-0.03560012183671939,0.003192295039787907,-0.0022902393024652723,-0.06731506529022444,0.003002620869903022,-0.00367528378800577
92,least_connections,2287,measured,446,411,19,heavy,1,60.33,41.05,2,486.0,0.0,419.0,402.0,0.0,419.0,1,0,1,-0.07094022041450235,-0.04221502217034213,0.030335081595569344,-0.25650456784617687,-0.24499549155872988,0.1744043284512164,-0.18486487895200532,-0.16901441666053552,0.13323519518058657,39.63,40.03,4,941.0,0.0,446.0,870.0,0.0,411.0,3,0,1,0.030349820936911603,-0.04961706185379629,0.033375669859680476,0.03320873425556928,-0.12236455083456761,0.08965519121453858,0.0381526419228132,-0.1285139413957287,0.08930058391950173,18.76,24.17,3,938.0,0.0,0.0,725.0,0.0,0.0,3,0,0,0.024322737904933722,-0.040479597680282295,-0.0011337669473440583,0.03528560405249195,-0.06460697115447761,-0.002072121273659056,0.03319113140408267,-0.09137858111770679,-0.0033252567605766494
92,least_connections,2288,measured,157,125,4,light,0,70.8,47.3,3,643.0,0.0,419.0,527.0,0.0,419.0,2,0,1,-0.02110010871969714,-0.03819454386840478,0.02744602620551512,-0.13737714868622353,-0.2216625876007556,0.1577943924082434,-0.11071108095657628,-0.15291780555000833,0.12054612897291167,39.63,40.03,4,941.0,0.0,446.0,870.0,0.0,411.0,3,0,1,0.02745936180006288,-0.04489162739152997,0.030197034634949008,0.03004599765980079,-0.11071078408841832,0.08111660157505872,0.034519056977783374,-0.11627451840565929,0.0807957664033587,18.76,24.17,3,938.0,0.0,0.0,725.0,0.0,0.0,3,0,0,0.02200628667589241,-0.03662439790120779,-0.0010257891428351003,0.03192507033320699,-0.0584539262826226,-0.0018747763904534316,0.030030071270360503,-0.08267585910649662,-0.00300856564052173
92,least_connections,2289,measured,396,339,13,medium,0,64.8,44.15,3,157.0,396.0,419.0,125.0,339.0,419.0,1,1,1,-0.06217447478267382,0.008526931964867326,0.024832118947847013,-0.41743646785896404,0.03830527788503066,0.14276635503602975,-0.2820243113416642,0.015002937835706748,0.10906554526120579,39.63,40.03,4,941.0,0.0,446.0,870.0,0.0,411.0,3,0,1,0.02484418448577118,-0.040616234306622354,0.027321126574477675,0.02718447407315308,-0.10016689988952134,0.07339121094886265,0.031231527741804016,-0.10520075474797745,0.07310093150780073,18.76,24.17,3,938.0,0.0,0.0,725.0,0.0,0.0,3,0,0,0.019910449849616943,-0.03313636000585467,-0.000928094938755567,0.028884587444330118,-0.052886885684277594,-0.0016962262580292953,0.027170064482707118,-0.07480196776302075,-0.002722035579519661
92,least_connections,2290,measured,384,336,14,medium,0,90.4,60.95,4,157.0,1199.0,0.0,125.0,1094.0,0.0,1,3,0,-0.05625309623194298,0.09388264365982327,-0.020616744988229116,-0.37768061377715795,0.5190063625309007,-0.12356059941184609,-0.25516485311864856,0.3551217056608776,-0.09086926857319476,28.69,29.28,3,558.0,0.0,446.0,526.0,0.0,411.0,2,0,1,-0.02060582854915488,-0.03674802151551546,0.024719114519765516,-0.07441132617871185,-0.09062719513813836,0.06640157181087573,-0.06900480823360586,-0.09518163524817008,0.06613893803086733,15.16,20.6,2,758.0,0.0,0.0,618.0,0.0,0.0,2,0,0,-0.025069683696151562,-0.02998051619577327,-0.0008397049445883701,-0.006437754217034658,-0.04785003942863211,-0.0015346809001217435,-0.007687401975963404,-0.06767797083320926,-0.0024627940957558836
92,least_connections,2291,measured,400,301,11,medium,2,90.4,60.95,4,157.0,1199.0,0.0,125.0,1094.0,0.0,1,3,0,-0.05089565849556746,0.08494143950174486,-0.01865324546554063,-0.3417110315126667,0.4695771851470054,-0.11179292327738456,-0.23086343853592012,0.3213005908360321,-0.08221505251860478,24.29,25.91,2,404.0,0.0,446.0,418.0,0.0,411.0,1,0,1,-0.061727268914087974,-0.03324820994260923,0.022364913136930707,-0.10713405701883454,-0.0819960336964109,0.060077612590792334,-0.09296863602088151,-0.08611671760548721,0.05983999155173711,23.16,30.63,3,758.0,400.0,0.0,618.0,301.0,0.0,2,1,0,-0.02268209477270855,0.015958671287724407,-0.0007597330451037635,-0.005824634767793269,0.029088059564570945,-0.001388520814395863,-0.006955268454443081,0.02954532797630273,-0.0022282422771124663
92,least_connections,2292,measured,500,434,16,heavy,1,79.93,54.7,3,0.0,1199.0,0.0,0.0,1094.0,0.0,0,3,0,-0.0891323531513184,0.07685177859681679,-0.016876745897393904,-0.4038655364479683,0.4248555484663382,-0.10114597820334793,-0.26542406343726105,0.29070053456593375,-0.07438504751683289,27.03,26.41,2,0.0,446.0,500.0,0.0,411.0,434.0,0,1,1,-0.09893238162521792,0.013002186469158544,0.02023492140960397,-0.2013661876428911,0.04110562937671666,0.06831511887466246,-0.20229900401889278,0.038290231690273485,0.060643920927762135,23.16,30.63,3,758.0,400.0,0.0,618.0,301.0,0.0,2,1,0,-0.02052189527054582,0.014438797831750658,-0.0006873775169986431,-0.00526990764705107,0.026317768177468948,-0.0012562807368343522,-0.006292861934972305,0.026731487216654845,-0.002016028726911279
92,least_connections,2293,measured,375,320,8,medium,1,79.93,54.7,3,0.0,1199.0,0.0,0.0,1094.0,0.0,0,3,0,-0.0806435576130976,0.06953256158759615,-0.01526943676430877,-0.3654021520243523,0.38439311527906794,-0.09151302789826718,-0.24014558120514096,0.26301476936917817,-0.06730075727713453,37.74,36.41,3,0.0,821.0,500.0,0.0,731.0,434.0,0,2,1,-0.08951025004186383,0.05484778322266272,0.018307786037260736,-0.1821884554864253,0.13412958304151917,0.06180891707707556,-0.18303243220756965,0.12511973343405694,0.054868309410832414,15.46,20.43,2,373.0,400.0,0.0,312.0,301.0,0.0,1,1,0,-0.06165132928106072,0.013063674228726785,-0.0006219129915702009,-0.07443467834733192,0.023811314065329048,-0.0011366349523739378,-0.09797925603640352,0.02418563129125914,-0.0018240259910149667
92,least_connections,2294,measured,432,441,19,heavy,2,79.93,54.7,3,0.0,1199.0,0.0,0.0,1094.0,0.0,0,3,0,-0.0729632187928026,0.06291041286496794,-0.013815204691517459,-0.33060194706965207,0.347784247157252,-0.08279750143176555,-0.217274573471318,0.23796574371497076,-0.060891161345978856,37.74,36.41,3,375.0,946.0,0.0,320.0,845.0,0.0,1,2,0,-0.03790156409683372,0.04962418482050437,-0.02651971285971194,-0.06789839850132358,0.153668262207633,-0.07332934713434659,-0.07512458152113444,0.14543571120224197,-0.07306557719972305,16.64,24.73,2,0.0,400.0,432.0,0.0,301.0,441.0,0,1,1,-0.09886367433819326,0.011819514778371856,0.04252121704390814,-0.13484089945710984,0.02154356986863104,0.07714304456689977,-0.1827431364138889,0.021882237834948748,0.13134969077003406
92,least_connections,2295,measured,482,441,15,heavy,2,79.93,54.7,3,396.0,803.0,0.0,339.0,755.0,0.0,1,2,0,-0.02293044058577831,0.013835044746308867,-0.01249947091137294,-0.06025890449158994,0.07580479504703752,-0.07491202510493074,-0.04322461409309725,0.06194519669449733,-0.055092003122552295,37.74,36.41,3,375.0,946.0,0.0,320.0,845.0,0.0,1,2,0,-0.0342918913257067,0.04489807198045633,-0.023994025920691758,-0.06143188435834039,0.13903318961642985,-0.06634559978821834,-0.06796985947150258,0.13158469108774273,-0.06610695079974943,26.28,39.43,3,400.0,0.0,914.0,301.0,0.0,882.0,1,0,2,-0.046364186079227016,-0.032390053522516164,0.08155547755219807,-0.049617956651670805,-0.05288915107123859,0.15701513556052835,-0.07456125040621694,-0.07097956259377652,0.2518401964109832
92,least_connections,2296,measured,181,110,9,light,0,92.0,60.2,4,396.0,984.0,0.0,339.0,865.0,0.0,1,3,0,-0.020746589101418467,0.05560132166389396,-0.011309045110289802,-0.054519961206676626,0.1777598939314467,-0.06777754652350876,-0.03910798417946895,0.10580755891406901,-0.049845145682309216,37.74,36.41,3,375.0,946.0,0.0,320.0,845.0,0.0,1,2,0,-0.03102599691373463,0.04062206512517478,-0.021708880594911592,-0.05558122870516512,0.12579193346248416,-0.06002697123695945,-0.061496539521835675,0.11905281574605295,-0.059811050723582816,26.28,39.43,3,400.0,482.0,432.0,301.0,441.0,441.0,1,1,1,-0.04194854930977682,0.013778613706385598,0.030704388987136122,-0.04489243697055931,0.03936695855459366,0.054842265507144716,-0.0674601789389582,0.0687803957484879,0.09485541580041337
92,least_connections,2297,measured,492,410,18,heavy,1,92.0,60.2,4,1199.0,181.0,0.0,1094.0,110.0,0.0,3,1,0,0.06739707698080279,-0.035861842757610674,-0.010231993195024106,0.4350216224003084,-0.3235188261255165,-0.0613225420926984,0.30616420479000434,-0.24581697050631857,-0.04509798895066072,51.8,49.22,4,375.0,946.0,492.0,320.0,845.0,410.0,1,2,1,-0.028071140064807515,0.036753297018015274,0.023442532069456404,-0.05028777835229227,0.11381174932319996,0.07287355663594824,-0.055639726234041786,0.10771445234166696,0.06180785886913934,26.28,39.43,3,400.0,482.0,432.0,301.0,441.0,441.0,1,1,1,-0.03795344937551236,0.012466364781967922,0.027780161464551728,-0.040616966782886996,0.03561772440653713,0.04961919260170236,-0.06103539999239077,0.062229881867679526,0.08582156667656449
92,least_connections,2298,measured,167,104,8,light,2,92.0,60.2,4,1380.0,0.0,0.0,1204.0,0.0,0.0,4,0,0,0.10406220797129322,-0.07553032938840512,-0.009257517652640858,0.5027655948701203,-0.40188211252626094,-0.055482299988631884,0.32676761385762293,-0.2721677352200025,-0.04080294238393113,51.8,49.22,4,375.0,946.0,492.0,320.0,845.0,410.0,1,2,1,-0.025397698153873466,0.03325298301629953,0.021209909967603413,-0.045498466128264456,0.10297253510194282,0.06593321790871508,-0.05034070468794255,0.09745593307103201,0.055921396119697486,29.62,42.9,4,400.0,649.0,432.0,301.0,545.0,441.0,1,2,1,-0.03433883514927308,0.05436299217234739,0.025134431801261087,-0.036748684232135856,0.06244460779639073,0.04489355521106404,-0.055222504755020246,0.08766830581678942,0.0776480841359393
92,least_connections,2299,measured,197,119,9,light,0,100.0,66.15,5,1380.0,197.0,0.0,1204.0,119.0,0.0,4,1,0,0.09415152149783672,-0.025253064457990124,-0.0083758493047703,0.4548831572634422,-0.2447822287936012,-0.05019827141828599,0.2956468887283255,-0.19241366519904984,-0.03691694787117578,51.8,49.22,4,821.0,500.0,492.0,731.0,434.0,410.0,2,1,1,0.02010503046849091,-0.012997867973914931,0.019189918542117376,0.0741272381288492,-0.022126890009806832,0.05965386382217078,0.07065900528233768,-0.028030941507161483,0.050595548870202484,29.62,42.9,4,567.0,914.0,0.0,405.0,882.0,0.0,2,2,0,0.012015430329796017,0.04918556434640955,-0.020343223835140194,-0.0030297619243133955,0.1044498832443535,-0.037553450047132536,-0.018598139222796073,0.1809538639929682,-0.06274697149605492
92,least_connections,2300,measured,162,125,9,light,1,100.0,66.15,5,1380.0,197.0,0.0,1204.0,119.0,0.0,4,1,0,0.08518470992661417,-0.022848010700086296,-0.007578149370982653,0.41156095180978103,-0.221469635575163,-0.04541748366416352,0.26749004218277067,-0.17408855422771174,-0.03340104807392095,56.43,53.12,5,821.0,662.0,492.0,731.0,559.0,410.0,2,2,1,0.018190265661967964,0.031323924440834344,0.01736230725239191,0.06706750116419691,0.021857983868678182,0.05397254345815451,0.06392957620782933,0.009980933874472936,0.04577692516827844,29.62,42.9,4,567.0,914.0,0.0,405.0,882.0,0.0,2,2,0,0.010871103631720197,0.044501224884846736,-0.018405773946079222,-0.0027412131696168823,0.09450227531631984,-0.033976930995024676,-0.016826887868244045,0.16372016266030454,-0.05677106944881159
92,least_connections,2301,measured,381,320,12,medium,2,100.0,66.15,5,1577.0,0.0,0.0,1323.0,0.0,0.0,5,0,0,0.12015578063655115,-0.06375590990778783,-0.006856420859460495,0.4447456230659923,-0.3192026861553062,-0.04109200902948128,0.29584813340345917,-0.21134202525364396,-0.030219995876404667,45.71,43.12,4,946.0,654.0,0.0,845.0,535.0,0.0,2,2,0,0.016457859408447212,0.028340693541707263,-0.027375146046021828,0.0929930452710081,0.0177082439083959,-0.07835137224534319,0.09007318799755987,0.00224465445785646,-0.07450540103822426,37.24,53.57,5,567.0,1295.0,0.0,405.0,1202.0,0.0,2,3,0,0.009835760428699214,0.08334691321780918,-0.016652843094071678,-0.0024801452487009934,0.15444491576238462,-0.030741032805022325,-0.015224327118887465,0.24463570272440255,-0.051364300929877156
92,least_connections,2302,measured,385,301,16,medium,1,78.73,49.2,4,1181.0,0.0,0.0,984.0,0.0,0.0,4,0,0,0.06562847273012225,-0.05768391848799851,-0.006203428396654734,0.2099761986470089,-0.28880243033099134,-0.03717848436000687,0.11431497784122496,-0.1912142133247255,-0.027341901031032793,56.71,52.53,5,1108.0,492.0,385.0,970.0,410.0,301.0,3,1,1,0.05797434445344769,-0.017442320355688892,0.018315910947023333,0.12601411578941546,-0.02585580653185951,0.028634472730403787,0.11683705104541131,-0.0333113840619394,0.017694518108273286,29.24,43.53,4,167.0,1295.0,0.0,104.0,1202.0,0.0,1,3,0,-0.03418487888650569,0.07540911195897021,-0.015066858037493422,-0.07462489332025328,0.13973587616596705,-0.0278133153950202,-0.10455216898058074,0.22133706436969752,-0.04647246274607933
92,least_connections,2303,measured,462,438,19,heavy,0,100.0,71.1,5,1181.0,0.0,462.0,984.0,0.0,438.0,4,0,1,0.059378141993920136,-0.05219021196533199,0.03747127453454594,0.18997846544253194,-0.26129743696613505,0.24502899034094616,0.10342783709444159,-0.17300333586522781,0.17340494668620843,56.71,52.53,5,1108.0,492.0,385.0,970.0,410.0,301.0,3,1,1,0.0524529783150241,-0.015781146988480432,0.016571538475878254,0.11401277142851876,-0.023393348766920508,0.025907380089412957,0.10570971285061026,-0.030138871294135672,0.016009325907485356,29.24,43.53,4,649.0,813.0,0.0,545.0,761.0,0.0,2,2,0,0.012154724091347463,0.025143391545644253,-0.013631919176779764,0.019701286995961326,0.03920864986444636,-0.025164428214542085,0.038405180446141246,0.06725734395353583,-0.04204651391311939
92,least_connections,2304,measured,150,105,5,light,2,56.0,33.35,3,378.0,0.0,462.0,229.0,0.0,438.0,2,0,1,-0.0324447196018727,-0.04721971558768132,0.03390258172173204,-0.31246392809167745,-0.2364119667788841,0.22169289602276082,-0.2479700521526481,-0.15652682768758708,0.15689018985895048,56.71,52.53,5,1108.0,877.0,0.0,970.0,711.0,0.0,3,2,0,0.04745745657073609,0.02880571961813222,-0.028090603510486565,0.10315441224485031,0.07835839873469094,-0.07608379896672161,0.09564212115055215,0.05783566406721061,-0.0706195384646561,32.24,47.03,5,799.0,813.0,0.0,650.0,761.0,0.0,3,2,0,0.05408103154750031,0.022748782827011454,-0.012333641159943596,0.04496783109158406,0.03547449273449907,-0.022767816003633316,0.06641421087984206,0.06085188262462765,-0.03804208401663183
92,least_connections,2305,measured,181,110,8,light,0,56.0,33.35,3,197.0,181.0,462.0,119.0,110.0,438.0,1,1,1,-0.07243864653321362,0.00036130040933141094,0.03067376441490042,-0.3918800619242161,-0.10472193819676814,0.20057928687773596,-0.2741157614714435,-0.09185760600305498,0.1419482670152409,56.71,52.53,5,1108.0,877.0,0.0,970.0,711.0,0.0,3,2,0,0.042937698802094554,0.026062317749738675,-0.025415307938059274,0.09333018250724551,0.0708956940932918,-0.0688377228746529,0.08653334770764243,0.05232750558461913,-0.06389386813468885,32.24,47.03,5,799.0,813.0,0.0,650.0,761.0,0.0,3,2,0,0.04893045711440504,0.020582232081581803,-0.011159008668520397,0.0406851805114332,0.03209596961692773,-0.020599452574715856,0.06008904793890471,0.05505646523180596,-0.03441902839600023
92,least_connections,2306,measured,157,114,6,light,0,66.47,39.05,4,535.0,0.0,462.0,343.0,0.0,438.0,3,0,1,0.02062807263775003,-0.042757009380219424,0.027752453518243236,-0.150685135391751,-0.20392302344786958,0.18147649765128493,-0.1466761651408298,-0.13287116733609736,0.12842938444236082,43.97,39.69,4,662.0,877.0,0.0,559.0,711.0,0.0,2,2,0,-0.004235506072481354,0.02358019224976357,-0.02299480242014887,-0.030850923309771072,0.064143723227264,-0.062281749267543096,-0.03791328064546637,0.04734393362417921,-0.05780873783614705,28.9,43.57,4,1445.0,0.0,0.0,1307.0,0.0,0.0,4,0,0,0.08735431380645717,-0.0675457809511312,-0.010096245938185122,0.15370563951034433,-0.11807507510849395,-0.01863759994855244,0.2525091386113899,-0.17969494415535014,-0.031141025691619254
92,least_connections,2307,measured,499,402,15,heavy,0,99.73,59.15,5,535.0,0.0,961.0,343.0,0.0,840.0,3,0,2,0.01866349429129764,-0.03868491324876996,0.06819326293373934,-0.13633417011634613,-0.18450178311950105,0.4651771486686229,-0.13270700655598885,-0.12021677044694523,0.2980551573526122,43.97,39.69,4,662.0,877.0,0.0,559.0,711.0,0.0,2,2,0,-0.0038321245417688443,0.021334459654548,-0.02080482123727755,-0.027912740137411907,0.0580347972056198,-0.05635015409920566,-0.03430249201256483,0.042834987564733584,-0.052303143756514,28.9,43.57,4,1445.0,0.0,0.0,1307.0,0.0,0.0,4,0,0,0.07903485534869935,-0.06111284943197585,-0.009134698705977015,0.13906700717602583,-0.10682982986006595,-0.016862590429642683,0.22846064921982898,-0.1625811399500787,-0.02817521372098885
92,least_connections,2308,measured,353,306,10,medium,1,86.6,53.2,4,338.0,961.0,0.0,224.0,840.0,0.0,2,2,0,-0.026197881582249977,0.05116716465700858,-0.024469133989655327,-0.24217536026399572,0.41272060892362605,-0.15877623056965867,-0.17390157736018041,0.2712324457860972,-0.11033104810954136,39.77,35.69,4,654.0,738.0,0.0,535.0,607.0,0.0,2,2,0,-0.0034671602996956263,0.01930260635411485,-0.018823409690870162,-0.027322411144733244,0.016575700873111804,-0.05098347275642417,-0.03782130229708247,0.009350703034758961,-0.04732189197017934,28.9,43.57,4,1445.0,0.0,0.0,1307.0,0.0,0.0,4,0,0,0.07150772626787084,-0.05529257805750196,-0.00826472740064587,0.1258225303021186,-0.09665556034958347,-0.01525662943634338,0.20670249215127381,-0.147097221859595,-0.025491860033275627
92,least_connections,2309,measured,360,322,12,medium,0,100.0,69.3,5,338.0,1321.0,0.0,224.0,1162.0,0.0,2,3,0,-0.02370284524108332,0.08937800158309847,-0.02213874027635482,-0.21911104023885325,0.5905567414070902,-0.14365468480111976,-0.15733952237349658,0.39106745094932605,-0.09982332924196599,35.14,31.78,3,492.0,738.0,0.0,410.0,607.0,0.0,1,2,0,-0.04622085478362484,0.017464262891818183,-0.017030704006025386,-0.06659782777040493,0.014997062694720203,-0.04612790392247901,-0.06956153541164606,0.008460159888591445,-0.04281504511587654,25.9,40.07,3,1295.0,0.0,0.0,1202.0,0.0,0.0,3,0,0,0.021613566396554346,-0.05002661824250177,-0.007477610505346263,0.08669657503525019,-0.08745026888771838,-0.013803617109072583,0.1553498738511525,-0.1330879626348717,-0.02306406383963033
92,least_connections,2310,measured,409,431,21,heavy,1,100.0,69.3,5,338.0,1321.0,0.0,224.0,1162.0,0.0,2,3,0,-0.021445431408599197,0.08086581095613671,-0.020030288821463887,-0.1982433221208672,0.5343132422254626,-0.12997328624863216,-0.14235480595697309,0.353822931811295,-0.0903163455046359,46.83,45.25,4,492.0,738.0,409.0,410.0,607.0,431.0,1,2,1,-0.041818868613755805,0.01580099975926408,0.027675168030829637,-0.060255177506556845,0.013568771009508734,0.06399312094088633,-0.06293662727720356,0.007654430375392263,0.08312269727611168,16.26,25.37,2,813.0,0.0,0.0,761.0,0.0,0.0,2,0,0,-0.023528768725112947,-0.04526217840988255,-0.006765457123884714,-0.008779289253821293,-0.07912167185079283,-0.012488986908208528,0.00755464777009035,-0.12041291857440772,-0.020867486331094108
92,least_connections,2311,measured,380,302,14,medium,2,100.0,69.3,5,338.0,1321.0,0.0,224.0,1162.0,0.0,2,3,0,-0.019403009369684976,0.07316430515079035,-0.018122642267038754,-0.17936300572840363,0.48342626677541856,-0.11759487803447673,-0.1287972053896423,0.3201255097340288,-0.08171478878990866,46.83,45.25,4,1230.0,0.0,409.0,1017.0,0.0,431.0,3,0,1,0.04833168123154519,-0.07187165781418058,0.025039437742179198,0.13625892103148257,-0.1784990031002404,0.05789853799413525,0.11467936103491105,-0.16469658680321653,0.075206249916482,23.86,35.43,3,813.0,380.0,0.0,761.0,302.0,0.0,2,1,0,-0.021287933608435533,0.002132405474958868,-0.006121127873990931,-0.007943166467743096,-0.0028243697697649395,-0.01129955958361724,0.006835157506272227,-0.017865656487956197,-0.018880106680513715
92,least_connections,2312,measured,462,433,17,heavy,2,100.0,63.6,4,181.0,1321.0,0.0,110.0,1162.0,0.0,1,3,0,-0.06063900394218663,0.06619627608881032,-0.016396676336844586,-0.2569792274050636,0.4373856699396644,-0.10639536584071704,-0.16810223344777162,0.2896373659498356,-0.07393242795277451,46.83,45.25,4,1230.0,0.0,409.0,1017.0,0.0,431.0,3,0,1,0.04372866397139802,-0.06502673802235386,0.02265472938578118,0.12328188093324616,-0.16149909804307463,0.052384391518503326,0.10375751712682427,-0.14901119758386258,0.0680437499244361,33.1,49.87,4,813.0,380.0,462.0,761.0,302.0,433.0,2,1,1,-0.01926051136001311,0.0019293192392484948,0.03754573691219414,-0.007186674423196149,-0.002555382172644463,0.07337658894815582,0.006184190124722488,-0.01616416539386513,0.11350530030493204
92,least_connections,2313,measured,193,108,6,light,0,100.0,63.5,4,193.0,1321.0,0.0,108.0,1162.0,0.0,1,3,0,-0.05486386070959742,0.059891868842256946,-0.014835088114287959,-0.22526692003315277,0.39572989185017254,-0.09626247385588685,-0.15299725883369814,0.2620528549069941,-0.06689124433822455,46.83,45.25,4,1230.0,0.0,409.0,1017.0,0.0,431.0,3,0,1,0.03956402930745535,-0.058833715353558254,0.020497136110944877,0.11154074941579412,-0.1461182315627818,0.04739540185007443,0.09387584882903147,-0.13481965495682804,0.06156339278877551,16.84,24.5,2,0.0,380.0,462.0,0.0,302.0,433.0,0,1,1,-0.1035939773982885,0.0017455745497962638,0.03396995244436613,-0.15361651495432033,-0.0023120124419164223,0.0663883423816648,-0.2239127168712828,-0.014624721070639876,0.10269527170446233
92,least_connections,2314,measured,355,307,8,medium,2,100.0,63.5,4,553.0,961.0,0.0,430.0,840.0,0.0,2,2,0,-0.006554830891449814,0.011103981106713207,-0.013422222579593867,0.013329929493814119,0.14089847357872753,-0.08709461920294524,0.0072405753409397755,0.0914287734872804,-0.06052064963934602,46.83,45.25,4,1230.0,0.0,409.0,1017.0,0.0,431.0,3,0,1,0.03579602651626913,-0.05323050436750509,0.01854502790990251,0.10091782090000417,-0.13220220950918354,0.042881554054829255,0.08493529179769513,-0.12197968781808252,0.05570021252317785,23.94,34.73,3,0.0,735.0,462.0,0.0,609.0,433.0,0,2,1,-0.09372788431273722,0.04466322958133494,0.030734718878236023,-0.1389863706729565,0.0621462744573137,0.060065643107220526,-0.20258769621687492,0.07935541109481789,0.09291476963737068
92,least_connections,2315,measured,390,309,14,medium,2,100.0,63.5,4,1514.0,0.0,0.0,1270.0,0.0,0.0,4,0,0,0.08023723917077442,-0.07612134135696469,-0.012143915667251594,0.5832667616055144,-0.45217122231765927,-0.07879989356456951,0.38655099673704074,-0.2972787287496034,-0.054756778245122595,32.77,32.44,3,738.0,0.0,409.0,607.0,0.0,431.0,2,0,1,-0.010697019092990062,-0.048160932522980794,0.01677883477562608,-0.035877073607479215,-0.1196115228892613,0.038797596525797895,-0.03907640265922821,-0.11036257469255085,0.050395430378113296,31.74,45.03,4,355.0,1232.0,0.0,307.0,1044.0,0.0,1,3,0,-0.041717518913338206,0.08349348889558422,-0.015276297432162871,-0.061511478227913044,0.1461609149851886,-0.02925489433156238,-0.0907063283232043,0.20298822908578756,-0.04652155762968051
92,least_connections,2316,measured,382,333,11,medium,1,100.0,63.5,4,1514.0,0.0,0.0,1270.0,0.0,0.0,4,0,0,0.07259559734498638,-0.06887168979915853,-0.01098735227037049,0.527717546214513,-0.4091072963826441,-0.07129514179651528,0.34973661609541784,-0.2689664688686888,-0.04954184698368235,43.69,42.84,4,738.0,382.0,409.0,607.0,333.0,431.0,2,1,1,-0.009678255369848149,-0.000490276817844304,0.015180850511280736,-0.03246020945438596,-0.00947164996103235,0.03510258733286477,-0.035354840501206464,-0.00570006757897458,0.045595865580197736,31.74,45.03,4,355.0,1232.0,0.0,307.0,1044.0,0.0,1,3,0,-0.03774442187397266,0.07554172804838573,-0.013821411962433073,-0.05565324220620706,0.13224082784374208,-0.02646871391903263,-0.08206763038766104,0.18365601679190302,-0.04209093309352046
92,least_connections,2317,measured,155,104,5,light,0,100.0,68.7,5,1669.0,0.0,0.0,1374.0,0.0,0.0,5,0,0,0.10876563115793553,-0.06231248124685772,-0.009940937768430445,0.47745873228932134,-0.37014469672715417,-0.06450512829208525,0.3634759859910924,-0.24335061469071845,-0.04482357584237927,43.69,42.84,4,738.0,791.0,0.0,607.0,764.0,0.0,2,2,0,-0.008756516763195943,0.04264031643918395,-0.029348845002265273,-0.029368760934920635,0.09715830309648094,-0.07396840737910874,-0.03198771283442489,0.11670291504759442,-0.08060671685601156,31.74,45.03,4,355.0,1232.0,0.0,307.0,1044.0,0.0,1,3,0,-0.034149715028832406,0.06834727775806328,-0.012505087013629923,-0.05035293342466353,0.11964646328719519,-0.0239478840219819,-0.0742516655888362,0.16616496757362653,-0.03808227279889946
92,least_connections,2318,measured,162,106,5,light,1,100.0,68.7,5,1669.0,0.0,0.0,1374.0,0.0,0.0,5,0,0,0.09840699961908453,-0.05637795922334746,-0.008994181790484689,0.4319864720712907,-0.33489282084837757,-0.058361782740458085,0.32885922542051216,-0.2201743656725548,-0.04055466385739077,27.23,27.19,3,162.0,791.0,0.0,106.0,764.0,0.0,1,2,0,-0.05100646301250607,0.038579333921166435,-0.026553716906811436,-0.17546969526764927,0.08790513137300657,-0.06692379715252696,-0.1705930497073368,0.1055883517097283,-0.07292988667924856,31.74,45.03,4,735.0,852.0,0.0,609.0,742.0,0.0,2,2,0,0.012186539010194702,0.01875411298291893,-0.011314126345665169,0.023204488806256807,0.03948965725984324,-0.02166713316274553,0.02389928668946567,0.059260367487249416,-0.03445538967519475
92,least_connections,2319,measured,389,335,8,medium,1,98.4,63.3,4,1476.0,0.0,0.0,1266.0,0.0,0.0,4,0,0,0.04595100419050957,-0.05100862977350484,-0.008137593048533766,0.3763687128264058,-0.3029982664818654,-0.05280351771755731,0.2486821563328443,-0.19920537846564482,-0.036692314918591644,38.34,37.66,4,162.0,1180.0,0.0,106.0,1099.0,0.0,1,3,0,-0.046148704630362636,0.07798901186971748,-0.02402479148711511,-0.15875829571834935,0.1800910372286386,-0.060550102185619625,-0.15434609259235238,0.19024958011832563,-0.0659841831859868,31.74,45.03,4,735.0,852.0,0.0,609.0,742.0,0.0,2,2,0,0.011025916247319023,0.016968006984545703,-0.010236590503220868,0.020994537491375226,0.035728737520810544,-0.01960359667105548,0.021623164147611784,0.053616522964654245,-0.03117392399184287
92,least_connections,2320,measured,387,347,14,medium,0,100.0,80.65,5,1476.0,387.0,0.0,1266.0,347.0,0.0,4,1,0,0.041574718077127704,-0.0030667648064136854,-0.007362584186768645,0.34052407350960523,-0.04071271729311632,-0.04777461126826614,0.224998141444002,-0.023257247183202462,-0.03319780873586863,38.34,37.66,4,933.0,409.0,0.0,774.0,431.0,0.0,3,1,0,0.0444142105498533,-0.015606313523770357,-0.02173671610738986,0.055667664418092094,-0.03636661257544943,-0.054783425786989186,0.04922258289263359,-0.016738475131038738,-0.05969997526351187,31.74,45.03,4,735.0,852.0,0.0,609.0,742.0,0.0,2,2,0,0.009975828985669594,0.01535200631935088,-0.009261677121961737,0.018995057730291864,0.03232600061406668,-0.01773658746428829,0.01956381518117256,0.048510187444210984,-0.0282049788497626
92,least_connections,2321,measured,160,112,7,light,1,100.0,64.55,4,1116.0,387.0,0.0,944.0,347.0,0.0,3,1,0,-0.005468679109356112,-0.002774691967707618,-0.006661385692790679,0.0909503522229762,-0.03683531564615289,-0.04322464829033603,0.05790308035409697,-0.0210422712609927,-0.030036112665785906,42.91,41.16,5,1093.0,409.0,0.0,886.0,431.0,0.0,4,1,0,0.08326818596233893,-0.014119997950077942,-0.019666552668590825,0.09172652631024658,-0.03290312566350187,-0.049565956664418785,0.07620138452190656,-0.01514433464236839,-0.0540142633336536,31.74,45.03,4,735.0,852.0,0.0,609.0,742.0,0.0,2,2,0,0.009025750034653446,0.01388991047941271,-0.008379612634155858,0.017186004613121225,0.029247333888917454,-0.016047388658165594,0.017700594687727556,0.04389016959238137,-0.025518790387880446
92,least_connections,2322,measured,445,445,18,heavy,0,55.47,39.6,2,0.0,387.0,445.0,0.0,347.0,445.0,0,1,1,-0.1341995532077848,-0.0025104355898307035,0.03705693221899437,-0.590854443226831,-0.033327190346519264,0.2293046832928706,-0.3746591177748646,-0.01903824542661245,0.1741339933023842,42.91,41.16,5,1093.0,409.0,0.0,886.0,431.0,0.0,4,1,0,0.07533788253735427,-0.012775236240546703,-0.017793547652534557,0.08299066666165167,-0.029769494647930272,-0.044845389363045565,0.0689441098055345,-0.013702017057380916,-0.04887004777806754,24.64,34.8,3,1232.0,0.0,0.0,1044.0,0.0,0.0,3,0,0,0.05125005502001524,-0.07360073859118894,-0.007581554288045776,0.10548257560234778,-0.1277095550528842,-0.01451906592881649,0.147205299955563,-0.18406762433705176,-0.0230884293985585
92,least_connections,2323,measured,177,119,4,light,0,67.27,45.55,3,177.0,387.0,445.0,119.0,347.0,445.0,1,1,1,-0.0783347431517146,-0.002271346486037301,0.033527700579090144,-0.4278206867290376,-0.030153172218279345,0.20746614202688293,-0.285143963701068,-0.017225079195506504,0.1575498034640619,38.29,37.84,4,931.0,409.0,0.0,780.0,431.0,0.0,3,1,0,0.025078945878467915,-0.011558547074780351,-0.016098924066578885,0.03320924262584812,-0.026934304681460713,-0.04057439989989837,0.032407766014531214,-0.012397063051916068,-0.04421575751348968,24.64,34.8,3,1232.0,0.0,0.0,1044.0,0.0,0.0,3,0,0,0.04636909739906141,-0.06659114443964714,-0.006859501498708083,0.09543661602117179,-0.11554674028594285,-0.013136297745119681,0.13318574757884272,-0.1665373744001897,-0.02088953136060055
92,least_connections,2324,measured,354,327,14,medium,0,90.87,61.9,4,177.0,741.0,445.0,119.0,674.0,445.0,1,2,1,-0.07087429142297987,0.041028872453676,0.030334586238224416,-0.38707585942151024,0.18624236799298532,0.18770746183384646,-0.25798739572953766,0.13234397596597033,0.14254506027700836,38.29,37.84,4,1340.0,0.0,0.0,1211.0,0.0,0.0,4,0,0,0.06577437506918073,-0.05354163329441578,-0.014565693203095182,0.13577434877032513,-0.13009702396349845,-0.036710171338003285,0.1511814311560044,-0.13307650942792404,-0.04000473298839543,24.64,34.8,3,1232.0,0.0,0.0,1044.0,0.0,0.0,3,0,0,0.04195299288486508,-0.06024913068349027,-0.006206215641688266,0.08634741449534591,-0.10454228883013877,-0.011885221769393998,0.12050139066657198,-0.15067667207636212,-0.018900052183400497
92,least_connections,2325,measured,192,115,2,light,2,90.87,61.9,4,177.0,741.0,445.0,119.0,674.0,445.0,1,2,1,-0.06412435890650559,0.03712136079142114,0.027445578025060185,-0.35021149185755684,0.168504999612701,0.16983056070681346,-0.23341716756481978,0.11973978777873506,0.12896934025062662,38.29,37.84,4,1340.0,0.0,0.0,1211.0,0.0,0.0,4,0,0,0.05951014887211589,-0.048442430123519044,-0.013178484326609927,0.12284345841124655,-0.11770683120507003,-0.03321396454390774,0.13678319961733731,-0.12040255614907414,-0.03619475841807206,20.88,28.57,3,1044.0,0.0,0.0,857.0,0.0,0.0,3,0,0,0.037957469752973164,-0.054511118237443576,-0.005615147485337002,0.04410480359102725,-0.09458588037012555,-0.01075329588659457,0.052628242349120724,-0.1363265128309943,-0.017100047213552832
92,least_connections,2326,measured,350,350,7,medium,2,90.87,61.9,4,177.0,1186.0,0.0,119.0,1119.0,0.0,1,3,0,-0.058017277105886,0.07666989332375745,-0.01825218677551244,-0.3168580164425514,0.4208696028241897,-0.11475647682081959,-0.211186961130075,0.30964552227599834,-0.08462297786848066,38.29,37.84,4,1340.0,0.0,0.0,1211.0,0.0,0.0,4,0,0,0.0538425156462001,-0.04382886534985057,-0.011923390581218506,0.11114408141969928,-0.10649665680458717,-0.030050729825440332,0.12375622822520993,-0.1089356460396385,-0.03274763856873186,27.88,40.23,4,1394.0,0.0,0.0,1207.0,0.0,0.0,4,0,0,0.07742637286039976,-0.049319583167210856,-0.005080371534352526,0.10323767943950085,-0.08557770128725645,-0.009729172468823658,0.15317158434761716,-0.12334303541851867,-0.015471471288452563
92,least_connections,2327,measured,400,338,12,medium,0,100.0,72.85,4,387.0,1199.0,0.0,347.0,1110.0,0.0,1,3,0,-0.05249182214342066,0.06936799872149484,-0.01651388327308268,-0.1600143958289751,0.3886280533488701,-0.1038272885521701,-0.08793106007006785,0.27608404396399855,-0.07656364664291108,16.26,16.97,2,569.0,0.0,0.0,543.0,0.0,0.0,2,0,0,-0.03745314344028608,-0.03965468769748385,-0.01078782957348341,-0.09874719164068022,-0.09635411806129315,-0.027188755556350776,-0.07689912684385766,-0.09856082260729197,-0.029628815847900256,24.04,36.4,3,1202.0,0.0,0.0,1092.0,0.0,0.0,3,0,0,0.02696853236122336,-0.04462248000842887,-0.0045965266263189525,0.0586626623500246,-0.07742744402180345,-0.008802584614649977,0.10390127472720917,-0.11159607966437403,-0.013997997832409462
92,least_connections,2328,measured,440,402,17,heavy,1,100.0,72.85,4,387.0,1199.0,0.0,347.0,1110.0,0.0,1,3,0,-0.0474926009869044,0.06276152265278104,-0.014941132485170046,-0.1447749295595489,0.3516158577918348,-0.09393897535672534,-0.07955667339672806,0.24979032549123675,-0.06927187077215764,24.26,26.03,2,409.0,0.0,440.0,431.0,0.0,402.0,1,0,1,-0.07697007762511143,-0.03587805077391396,0.03332348299360571,-0.13070324141639775,-0.08717753538878904,0.08914214633336971,-0.10124206714444264,-0.08917407759707369,0.08685369042332833,24.04,36.4,3,1202.0,0.0,0.0,1092.0,0.0,0.0,3,0,0,0.024400100707773514,-0.040372720007626116,-0.004158762185717147,0.053075742126212744,-0.07005340173401264,-0.00796424322277855,0.09400591522937973,-0.10096788160110032,-0.012664855181703799
92,least_connections,2329,measured,400,308,11,medium,1,100.0,72.85,4,387.0,1199.0,0.0,347.0,1110.0,0.0,1,3,0,-0.04296949613100874,0.0567842347810876,-0.013518167486582423,-0.13098684103006808,0.31812863324023144,-0.08499240627513245,-0.07197984735894444,0.22600077068254754,-0.06267454974623787,35.69,35.66,3,409.0,400.0,440.0,431.0,308.0,402.0,1,1,1,-0.06963959404176748,0.01062280666940664,0.030149817946595645,-0.11825531366245509,0.02452644757340855,0.08065241811114401,-0.09159996551163857,0.006402025031219047,0.07858191038301135,7.0,11.67,1,350.0,0.0,0.0,350.0,0.0,0.0,1,0,0,-0.06409151886076726,-0.036527699054518865,-0.0037626895966012285,-0.10615051902866465,-0.06338164918791621,-0.007205743868228212,-0.13872480685595803,-0.09135189287718601,-0.011458678497732008
92,least_connections,2330,measured,394,327,9,medium,2,100.0,72.85,4,387.0,1199.0,0.0,347.0,1110.0,0.0,1,3,0,-0.038877163166150766,0.051376212420984016,-0.012230722964050764,-0.1185119037891092,0.28783066816973324,-0.0768978913917865,-0.06512462380094974,0.20447688776040013,-0.05670554500850093,35.69,35.66,3,409.0,400.0,440.0,431.0,308.0,402.0,1,1,1,-0.06300725175207533,0.009611110796129821,0.027278406713586535,-0.10699290283745938,0.02219059542356011,0.07297123543389221,-0.08287615927243489,0.005792308361579138,0.07109791891796265,14.88,22.57,2,350.0,394.0,0.0,350.0,327.0,0.0,1,1,0,-0.05798756468355133,0.010035029653621255,-0.0034043382064487307,-0.09604094578783945,0.013949936449028186,-0.006519482547444573,-0.12551292048872392,0.015967335015879325,-0.010367375783662293
92,least_connections,2331,measured,150,124,8,light,2,100.0,72.85,4,741.0,845.0,0.0,674.0,783.0,0.0,2,2,0,0.007909324028811449,0.003399339582704358,-0.011065892205569739,0.10629875371461545,0.04689441405833006,-0.06957428268780684,0.08900629275152169,0.03707432702131436,-0.051305016912453226,24.0,22.19,2,0.0,840.0,0.0,0.0,710.0,0.0,0,2,0,-0.10009046133577791,0.051779667137541494,-0.018403437009702883,-0.20253099372368774,0.13381870198186052,-0.04771990263464175,-0.1968433107702982,0.11890137423190493,-0.04933402574089093,17.88,26.7,3,350.0,544.0,0.0,350.0,451.0,0.0,1,2,0,-0.05246493947559405,0.052163212770509934,-0.00308011552012028,-0.08689418904614044,0.0397642282157874,-0.005898579447687948,-0.11355930901360733,0.05184346183976385,-0.009380006661408742
92,least_connections,2332,measured,427,437,17,heavy,1,100.0,72.85,4,1141.0,445.0,0.0,1012.0,445.0,0.0,3,1,0,0.05023995530044391,-0.040008307270977234,-0.010011997709801193,0.33744490415449335,-0.19884156188373314,-0.06294816052706333,0.2334342648704244,-0.11936132317119177,-0.04641882482555292,36.2,35.84,3,0.0,840.0,427.0,0.0,710.0,437.0,0,2,1,-0.0905580364466562,0.046848270267299444,0.026433171503692853,-0.1832423276547651,0.1210740636978738,0.06720580237818127,-0.17809632879217457,0.10757743382886636,0.0789210005201463,17.88,26.7,3,894.0,0.0,0.0,801.0,0.0,0.0,3,0,0,0.038699521880358204,-0.03897251270876765,-0.00278677118487073,0.019819543243968174,-0.06246093637619235,-0.005336809976479571,0.033271736289275905,-0.08910988373227717,-0.008486672693655528
92,least_connections,2333,measured,355,345,11,medium,1,100.0,72.85,4,1586.0,0.0,0.0,1457.0,0.0,0.0,4,0,0,0.08853909787953995,-0.07928189251954629,-0.009058474118391556,0.5218469767747003,-0.448316968688457,-0.05695309761972396,0.412511953930384,-0.30930310191679256,-0.04199798436597645,46.34,46.62,4,400.0,795.0,427.0,308.0,747.0,437.0,1,2,1,-0.03884956132021729,0.04238653024184236,0.023915726598579247,-0.062389316857712665,0.09791054742732799,0.06080524977073544,-0.07405144033577699,0.10779327346421241,0.07140471475632285,10.88,15.03,2,544.0,0.0,0.0,451.0,0.0,0.0,2,0,0,-0.008070047096909477,-0.03526084483174216,-0.0025213644053592318,-0.04540136563640974,-0.056512275768935936,-0.0048285423596719935,-0.0754525560557345,-0.08062322813872697,-0.007678418151402621
92,least_connections,2334,measured,497,439,14,heavy,2,79.93,55.5,3,1199.0,0.0,0.0,1110.0,0.0,0.0,3,0,0,0.03702290261663592,-0.0717312360891133,-0.00819576229759236,0.2905917091453638,-0.40562011452765157,-0.051528993084512156,0.21624891069891883,-0.2798456636390028,-0.037998176331121555,46.34,46.62,4,400.0,795.0,427.0,308.0,747.0,437.0,1,2,1,-0.03514960309924421,0.03834971783785737,0.02163803835109551,-0.056447477156978135,0.08858573338663009,0.055014273602093974,-0.06699892220856013,0.09752724742000171,0.06460426573191115,20.82,29.67,3,544.0,497.0,0.0,451.0,439.0,0.0,2,1,0,-0.007301471182918101,0.011181231093276359,-0.002281234461991686,-0.04107742605198979,0.03880317906620082,-0.004368681182560375,-0.06826659833614074,0.05945199993797719,-0.006947140232221418
92,least_connections,2335,measured,437,409,16,heavy,0,100.0,75.95,4,1199.0,0.0,437.0,1110.0,0.0,409.0,3,0,1,0.033496911891242015,-0.06489968979491204,0.035668686719411896,0.26291630827437673,-0.36698962742978,0.21696583165369535,0.19565377634664083,-0.2531936956733835,0.15064450712898525,46.34,46.62,4,400.0,1222.0,0.0,308.0,1184.0,0.0,1,3,0,-0.03180202185169714,0.0777812639848188,-0.02350662743290905,-0.051071526951551635,0.19052994925457006,-0.060606133407629256,-0.06061807247441153,0.21179548576095392,-0.06510506909969944,20.82,29.67,3,544.0,497.0,0.0,451.0,439.0,0.0,2,1,0,-0.006606092975021127,0.010116351941535748,-0.002063974037040097,-0.03716529023751457,0.03510763820275313,-0.003952616308030815,-0.06176501754222258,0.053789904705788885,-0.006285507829152712
92,least_connections,2336,measured,355,323,12,medium,2,100.0,75.95,4,1199.0,0.0,437.0,1110.0,0.0,409.0,3,0,1,0.030306729806361815,-0.05871876695730137,0.032271668936610765,0.23787665986729323,-0.3320382343412295,0.19630241911524818,0.17702008336124642,-0.22908001037115652,0.13629741121193903,46.34,46.62,4,400.0,1222.0,0.0,308.0,1184.0,0.0,1,3,0,-0.028773257865821217,0.0703735245576932,-0.021267901010727237,-0.04620757200378482,0.17238423980175385,-0.054834120702140755,-0.05484492271494376,0.19162448711705354,-0.0589045863282995,27.92,40.43,4,544.0,852.0,0.0,451.0,762.0,0.0,2,2,0,-0.005976941263114349,0.052236790078623044,-0.0018674050811315162,-0.033625738786322704,0.09600214885010996,-0.003576176659646928,-0.05588263491915377,0.1460797550512693,-0.005686888035900073
92,least_connections,2337,measured,392,300,8,medium,0,100.0,90.95,5,1199.0,829.0,0.0,1110.0,709.0,0.0,3,2,0,0.027420374586708304,0.03304129701595635,-0.013885723569823817,0.21522173987993198,0.19961620067539554,-0.08598035095921991,0.16016102780303243,0.11347522871181076,-0.06170710414157896,46.34,46.62,4,755.0,867.0,0.0,653.0,839.0,0.0,2,2,0,0.01705095263387149,0.020587383896869815,-0.019242386628753216,0.049961856622426,0.0641979856709746,-0.04961182349241307,0.04792304611505088,0.0758298931059056,-0.05329462572560431,27.92,40.43,4,544.0,852.0,0.0,451.0,762.0,0.0,2,2,0,-0.00540770876186536,0.047261857690182756,-0.0016895569781666098,-0.030423287473339597,0.0868590870548614,-0.003235588406347221,-0.05056047921256768,0.1321673974273389,-0.0051452796515286375
92,least_connections,2338,measured,166,111,5,light,1,100.0,74.6,4,1237.0,437.0,0.0,1083.0,409.0,0.0,3,1,0,0.024808910340355136,-0.013189393402796859,-0.012563273706031074,0.21764506624057334,-0.05583931050003893,-0.07779174610596087,0.13269331086941027,-0.03304622164169502,-0.05583023708047621,51.09,50.09,5,1361.0,427.0,0.0,1166.0,437.0,0.0,4,1,0,0.10159485283654132,-0.024457219558160867,-0.017409778378395767,0.20185664578763712,-0.055657604801091026,-0.044886887921707065,0.1884035893421889,-0.0450527157613235,-0.04821894708507057,27.92,40.43,4,544.0,852.0,0.0,451.0,762.0,0.0,2,2,0,-0.004892688879782947,0.04276072838635583,-0.0015286467897697898,-0.027525831523497732,0.0785867930496365,-0.0029274371295522476,-0.045745195478037404,0.1195800262437828,-0.0046552530180497195
92,least_connections,2339,measured,426,421,14,heavy,0,100.0,78.75,4,837.0,863.0,0.0,745.0,830.0,0.0,2,2,0,-0.020637743252150342,0.031150639528988777,-0.011366771448313828,-0.044352876575989186,0.20643110002377435,-0.07038300838158365,-0.03284890921339073,0.16055341851465688,-0.050513071644240376,51.09,50.09,5,1361.0,427.0,0.0,1166.0,437.0,0.0,4,1,0,0.09191915256639453,-0.022127960552621728,-0.01575170424711998,0.18263220333167168,-0.05035688053432044,-0.04061194621487782,0.17046039035721852,-0.04076198092691172,-0.04362666641030194,17.04,25.4,2,0.0,852.0,0.0,0.0,762.0,0.0,0,2,0,-0.09059451896379454,0.03868827806384575,-0.001383061381220286,-0.12334241899745033,0.07110233656871874,-0.0026486335934044146,-0.1774043832102878,0.10819145231580349,-0.00421189558775927
92,least_connections,2340,measured,182,105,4,light,2,83.67,56.5,3,392.0,863.0,0.0,300.0,830.0,0.0,1,2,0,-0.06175614412156005,0.02818391195479937,-0.010284221786569655,-0.3085414915052601,0.1867709952596054,-0.06367986472619473,-0.2310299654787821,0.14526261675135627,-0.045702302916217484,39.66,40.47,4,961.0,427.0,0.0,858.0,437.0,0.0,3,1,0,0.04008104733331387,-0.02002053573808632,-0.014251541937870458,0.0618372996130091,-0.04556098715009943,-0.03674414181346088,0.06714273413272154,-0.03687988750530108,-0.039471745799796995,20.68,28.9,3,182.0,852.0,0.0,105.0,762.0,0.0,1,2,0,-0.03888256931191389,0.03500368015300329,-0.0012513412496754969,-0.07866218861674078,0.064330685466936,-0.0023963827749849467,-0.1288420609997842,0.09788750447620317,-0.0038107626746393397
92,least_connections,2341,measured,378,349,11,medium,0,100.0,73.95,4,392.0,1241.0,0.0,300.0,1179.0,0.0,1,3,0,-0.05587460658617338,0.06858363009062346,-0.00930477209261064,-0.27915658755237815,0.39698328142535727,-0.05761511570465238,-0.20902711162366003,0.2893090342036081,-0.041349702638482484,39.66,40.47,4,961.0,427.0,0.0,858.0,437.0,0.0,3,1,0,0.036263804730141125,-0.018113818048744762,-0.012894252229501843,0.055948032983198726,-0.04122184551675662,-0.03324469973598842,0.0607481880248433,-0.03336751726670095,-0.03571253191410204,20.68,28.9,3,1034.0,0.0,0.0,867.0,0.0,0.0,3,0,0,0.05098833298083073,-0.054497804124606995,-0.0011321658925635449,0.08300087696580596,-0.09596747505372456,-0.0021681558440339995,0.11323813528590948,-0.14124463880724475,-0.0034478328961022597
92,least_connections,2342,measured,399,304,10,medium,2,100.0,73.95,4,392.0,1241.0,0.0,300.0,1179.0,0.0,1,3,0,-0.0505532154827283,0.062051855796278366,-0.008418603321885819,-0.2525702458807231,0.3591753498610375,-0.05212796182801882,-0.18911976765950192,0.2617557928508835,-0.03741163572053177,39.66,40.47,4,1388.0,0.0,0.0,1295.0,0.0,0.0,4,0,0,0.07589400926831362,-0.059472592747050246,-0.011666228207644526,0.16100060127051313,-0.14767690784849408,-0.030078537856370473,0.17851919392723914,-0.15374620609844372,-0.03231133839847328,28.66,39.03,4,1034.0,399.0,0.0,867.0,304.0,0.0,3,1,0,0.04613230126837066,-0.0062236368383632446,-0.0010243405694622548,0.0750960315404911,-0.014627715524798413,-0.001961664811268857,0.10245355097296571,-0.03611022876211034,-0.003119467858378235
92,least_connections,2343,measured,165,105,6,light,0,100.0,79.2,5,557.0,1241.0,0.0,405.0,1179.0,0.0,2,3,0,-0.0026547233052348906,0.056142155244251854,-0.007616831576944312,-0.12899212722541603,0.3249681736837958,-0.04716339403487417,-0.12360836121573981,0.23682666972222793,-0.033848622794766844,34.91,37.0,3,1222.0,0.0,0.0,1184.0,0.0,0.0,3,0,0,0.02558210815885971,-0.05380853629495022,-0.010555158854535522,0.10275564604747106,-0.13361244043435178,-0.02721391520338281,0.1301334373627402,-0.13910371027954432,-0.029234068074809157,28.66,39.03,4,1034.0,399.0,0.0,867.0,304.0,0.0,3,1,0,0.041738748766621064,-0.005630909520423888,-0.0009267843247515639,0.06794402853663481,-0.013234599760531887,-0.0017748395911480134,0.09269606992792134,-0.03267115935619508,-0.002822375681389832
92,least_connections,2344,measured,418,402,12,heavy,1,100.0,79.2,5,994.0,804.0,0.0,814.0,770.0,0.0,3,2,0,0.04068200771249722,0.007711383089470503,-0.006891419045806759,0.1468801388595442,0.030431522221846974,-0.04267164222202901,0.07318767318575914,0.02924793927249192,-0.030624944433360477,36.71,38.78,3,867.0,418.0,0.0,839.0,402.0,0.0,2,1,0,-0.019938183321122405,-0.0056000135639118764,-0.009549905630294044,0.0012006865599568373,-0.01283302433856319,-0.02462211375544159,0.020195133804384008,-0.012195023586254405,-0.026449871115303523,25.02,35.53,3,852.0,399.0,0.0,762.0,304.0,0.0,2,1,0,-0.005320270390290677,-0.0050946324232406665,-0.0008385191509657007,0.028539835342669573,-0.011974161688100282,-0.001605807249133917,0.05220120612526219,-0.029559620369890793,-0.0025535779974479433
92,least_connections,2345,measured,497,445,15,heavy,1,93.73,64.2,4,980.0,426.0,0.0,863.0,421.0,0.0,3,1,0,0.03680753078749749,-0.03610693457437929,-0.006235093422396591,0.12444710976180984,-0.20046671798975757,-0.03860767629612148,0.08838408526330593,-0.13141853113441207,-0.027708283058754717,38.34,40.12,3,427.0,418.0,497.0,437.0,402.0,445.0,1,1,1,-0.061123208945868104,-0.005066678938777408,0.03444350941839609,-0.1126551611396309,-0.011610831544414321,0.10619903993555284,-0.09538892655793829,-0.011033592768515899,0.10188761660996348,25.02,35.53,3,1251.0,0.0,0.0,1066.0,0.0,0.0,3,0,0,0.03827032225458961,-0.04769332956207035,-0.0007586601842070626,0.09802175578622485,-0.08303376533685264,-0.0014528732254068773,0.1389122023673007,-0.11842695811244087,-0.0023103800929290914
92,least_connections,2346,measured,381,335,9,medium,1,93.73,64.2,4,1406.0,0.0,0.0,1284.0,0.0,0.0,4,0,0,0.07638595189163605,-0.07575207912738624,-0.005641275001215963,0.3695473850225899,-0.4383270305621616,-0.034930754744109914,0.2704189342858483,-0.3093548615025633,-0.025069398957920933,49.23,50.59,4,427.0,1296.0,0.0,437.0,1182.0,0.0,1,3,0,-0.055301950951023526,0.08158366236604946,-0.011920725038684713,-0.10192609817395176,0.2164609483305639,-0.03239134482021409,-0.08630426688575368,0.21055293987610468,-0.03363441830527114,25.02,35.53,3,1251.0,0.0,0.0,1066.0,0.0,0.0,3,0,0,0.03462552965891441,-0.04315110769901603,-0.0006864068333301994,0.08868635047325105,-0.07512578768572381,-0.0013145043467966985,0.12568246880851017,-0.10714820019697031,-0.002090343893602511
92,least_connections,2347,measured,499,427,15,heavy,2,93.73,64.2,4,1406.0,0.0,0.0,1284.0,0.0,0.0,4,0,0,0.06911109933052785,-0.0685375954009685,-0.005104010715385872,0.3343523959728194,-0.396581599080051,-0.031604016197051825,0.24466475006814847,-0.2798924937404144,-0.022681837152404655,49.23,50.59,4,427.0,1296.0,0.0,437.0,1182.0,0.0,1,3,0,-0.05003509847949747,0.07381378975975904,-0.010785417892143313,-0.0922188507288135,0.19584561991812927,-0.029306454837336553,-0.07808481289663427,0.1905002789355233,-0.030431140371435794,35.0,49.77,4,1251.0,0.0,499.0,1066.0,0.0,427.0,3,0,1,0.03132786016758923,-0.03904147839434784,0.04246286547279195,0.08024003138056046,-0.06797095076327392,0.08910592463861251,0.11371270987436635,-0.09694360970202076,0.12688651425499456
92,least_connections,2348,measured,382,339,8,medium,0,100.0,81.15,5,1406.0,382.0,0.0,1284.0,339.0,0.0,4,1,0,0.06252908987047756,-0.018926305136023655,-0.004617914456777694,0.30250931064207465,-0.1283992245644906,-0.028594109892570697,0.22136334529975343,-0.09987892290799397,-0.020521662185508972,49.23,50.59,4,808.0,915.0,0.0,772.0,847.0,0.0,2,2,0,-0.0021859507785022547,0.023700004793976992,-0.009758235235748711,0.015053692878012254,0.07870386019803535,-0.02651536390044736,0.02406909785542613,0.07764013332261632,-0.027532936526537148,17.96,24.37,2,399.0,499.0,0.0,304.0,427.0,0.0,1,1,0,-0.057823546016172095,0.007760657869966464,-0.004665117179945603,-0.08157330494139765,0.028797711214180732,-0.009675591993636299,-0.12692659582795426,0.0410668928092828,-0.013975693451830324
92,least_connections,2349,measured,354,322,8,medium,2,100.0,75.9,4,1623.0,0.0,0.0,1518.0,0.0,0.0,4,0,0,0.05657393845424161,-0.06020770011173115,-0.004178113079941723,0.3303973128031469,-0.34658342539961845,-0.02587086133137349,0.306138264795015,-0.24372378739294692,-0.018567218167841452,37.03,36.94,3,799.0,497.0,0.0,737.0,445.0,0.0,2,1,0,-0.0019777649900734606,-0.021641038746492466,-0.008828879499010739,0.011293477229766202,-0.0368461673038184,-0.0239900911480238,0.011880969488242688,-0.04341487937477573,-0.024910752095438374,25.04,35.1,3,399.0,853.0,0.0,304.0,749.0,0.0,1,2,0,-0.052316541633679506,0.05010544782339369,-0.00422082030566507,-0.07380441875650263,0.09011221490806828,-0.008754107041861414,-0.11483834860624434,0.1342668712718908,-0.012644675027846483
92,least_connections,2350,measured,474,445,18,heavy,1,100.0,75.9,4,1623.0,0.0,0.0,1518.0,0.0,0.0,4,0,0,0.051185944315742415,-0.05447363343442342,-0.003780197548518702,0.29893090205999007,-0.3135754801234643,-0.023406969776004587,0.27698223957644214,-0.22051199811742817,-0.016798911675666075,50.57,50.84,4,799.0,497.0,474.0,737.0,445.0,445.0,2,1,1,-0.0017894064195902726,-0.0195799874373027,0.03509586639431908,0.01021790796978847,-0.03333700851297855,0.10082529168240023,0.010749448584600502,-0.039280128958130434,0.10328015286603195,25.04,35.1,3,753.0,499.0,0.0,626.0,427.0,0.0,2,1,0,-0.004250113632286001,0.0022496001848845426,-0.003818837419411254,-0.0027182836368356833,0.017472956345395113,-0.007920382561684137,-0.006790251913586148,0.02436843908726627,-0.011440420263289675
92,least_connections,2351,measured,365,316,13,medium,2,79.07,55.45,3,1186.0,0.0,0.0,1109.0,0.0,0.0,3,0,0,0.0032271922493905536,-0.049285668345430717,-0.003420178734374064,0.0810644669431656,-0.2837111486831344,-0.021177734559242246,0.06557916914059048,-0.19951085543957786,-0.01519901532560264,50.57,50.84,4,799.0,497.0,474.0,737.0,445.0,445.0,2,1,1,-0.00161898676058167,-0.017715226728988162,0.03175340292819345,0.00924477387742767,-0.030162055321266312,0.09122288295074307,0.009725691576543294,-0.03553916429545134,0.09344394783117177,32.34,45.63,4,753.0,864.0,0.0,626.0,743.0,0.0,2,2,0,-0.0038453409054016174,0.04511925277498624,-0.003455138617562563,-0.002459399480946589,0.08185648431250034,-0.007166060412952314,-0.006143561255149366,0.11734922266625678,-0.010350856428690658
92,least_connections,2352,measured,182,122,1,light,0,66.0,44.1,3,990.0,0.0,0.0,882.0,0.0,0.0,3,0,0,0.0029198406065914506,-0.04459179516967541,-0.0030944474263384387,-0.044878180702215165,-0.25669103928474063,-0.019160807458362034,-0.0433569422061324,-0.18050982158818948,-0.013751490056497628,50.57,50.84,4,799.0,497.0,474.0,737.0,445.0,445.0,2,1,1,-0.0014647975452881656,-0.01602806227860834,0.028729269315984553,0.00836431922243458,-0.027289478624002855,0.08253498933638659,0.008799435235920111,-0.03215448198159884,0.08454452422820302,24.36,35.5,3,354.0,864.0,0.0,322.0,743.0,0.0,1,2,0,-0.0465630181887874,0.040822181082130406,-0.0031260777968423192,-0.07442517095895168,0.07406062866369079,-0.006483578468861617,-0.09724099986577006,0.10617310622185136,-0.009365060578339166
92,least_connections,2353,measured,371,301,11,medium,0,50.2,32.0,2,382.0,371.0,0.0,339.0,301.0,0.0,1,1,0,-0.0835260399046939,0.002738942692289137,-0.00279973814763954,-0.40733422698454386,-0.00846649586079709,-0.017335968652803745,-0.2848705667579293,-0.02715174334169526,-0.012441824336831187,50.57,50.84,4,1296.0,0.0,474.0,1182.0,0.0,445.0,3,0,1,0.041758607209591875,-0.057585480383593485,0.02599314842874793,0.13604390786791698,-0.15316667113600257,0.07467451416149264,0.1337798461658325,-0.15491060274525612,0.07649266477789798,24.36,35.5,3,354.0,864.0,0.0,322.0,743.0,0.0,1,2,0,-0.042128445027950503,0.0369343543124037,-0.0028283561019049556,-0.06733705943905152,0.06700723545762499,-0.005866094805160511,-0.08797995225950625,0.09606138181977028,-0.00847315004706877
92,least_connections,2354,measured,413,412,14,heavy,0,77.73,52.6,3,382.0,784.0,0.0,339.0,713.0,0.0,1,2,0,-0.07557117896138972,0.04556199123406659,-0.002533096419292917,-0.3685404910812539,0.24145094818943752,-0.01568492401920339,-0.2577400365905075,0.1618150893575138,-0.011256888685704408,50.57,50.84,4,1296.0,474.0,0.0,1182.0,445.0,0.0,3,1,0,0.03778159699915455,-0.009017248691731983,-0.019566289743604477,0.12308734521382964,-0.016048756878151993,-0.05496795657497605,0.12103890843575321,-0.014338759626660286,-0.05661080329618754,24.36,35.5,3,354.0,864.0,0.0,322.0,743.0,0.0,1,2,0,-0.03811621216814569,0.03341679675884145,-0.0025589888541044836,-0.06092400615914184,0.06062559398547024,-0.005307419109430938,-0.0796009091871723,0.086912678789316,-0.0076661833759193625
92,least_connections,2355,measured,351,349,14,medium,0,100.0,70.05,4,382.0,1135.0,0.0,339.0,1062.0,0.0,1,3,0,-0.06837392382220975,0.08430665420043666,-0.0022918491412650204,-0.33344139669256306,0.4301699055047293,-0.014191121731660209,-0.23319336643903052,0.30428508084727446,-0.010184804048970654,39.69,40.38,3,915.0,474.0,0.0,847.0,445.0,0.0,2,1,0,-0.008900550560855619,-0.008158463102043226,-0.017702833577546907,0.012874944989383325,-0.014520303842137539,-0.049732913091645,0.014794131441871972,-0.012973163471740268,-0.05121929822036016,24.36,35.5,3,853.0,365.0,0.0,749.0,316.0,0.0,2,1,0,0.008597803503196971,-0.012849655540186536,-0.0023152756299040568,0.035173518236966905,-0.03544351020362217,-0.004801950622818468,0.056757907560812365,-0.05014249696839665,-0.006936070673450851
92,least_connections,2356,measured,385,345,7,medium,1,75.67,53.1,3,0.0,1135.0,0.0,0.0,1062.0,0.0,0,3,0,-0.10494602178018524,0.07627744903849032,-0.0020735777944778755,-0.5320977716107317,0.3892013430757075,-0.012839586328644952,-0.364341617254361,0.2753055493380102,-0.00921482271097345,38.74,38.59,3,882.0,474.0,0.0,790.0,445.0,0.0,2,1,0,-0.008052879078869368,-0.007381466616134341,-0.016016849427304344,0.00311814750740122,-0.013137417761933973,-0.044996445178155,-0.002730904885925367,-0.01173762409347931,-0.04634126981842109,24.36,35.5,3,853.0,365.0,0.0,749.0,316.0,0.0,2,1,0,0.007778965074321076,-0.011625878822073527,-0.0020947731889608134,0.031823659357255785,-0.0320679378032772,-0.004344621992073852,0.05135239255502069,-0.045367021066644586,-0.0062754925140745795
92,least_connections,2357,measured,193,119,4,light,0,88.53,59.05,4,564.0,764.0,0.0,420.0,761.0,0.0,2,2,0,-0.008783362109510001,0.025929029855686264,-0.001876094195003792,-0.1412313171716144,0.1283567707192908,-0.011616768583059718,-0.13964241561108856,0.11291930654391397,-0.008337220548023598,38.74,38.59,3,882.0,474.0,0.0,790.0,445.0,0.0,2,1,0,-0.007285938214215137,-0.006678469795550118,-0.014491435196132501,0.002821181078124929,-0.011886235117940264,-0.04071106944690214,-0.002470818706313438,-0.010619755132195569,-0.04192781555000004,17.28,24.77,2,864.0,0.0,0.0,743.0,0.0,0.0,2,0,0,0.007038111257719082,-0.0536025524943477,-0.0018952709804883551,0.030783310847040946,-0.09506146753629842,-0.003930848469019199,0.04465216469263775,-0.1363479396952181,-0.005677826560353191
92,least_connections,2358,measured,497,417,15,heavy,2,88.53,59.05,4,564.0,764.0,0.0,420.0,761.0,0.0,2,2,0,-0.007946851432413804,0.023459598440859014,-0.0016974185573843832,-0.1277807155362226,0.11613231636507265,-0.010510409670387364,-0.12634313793384203,0.10216508687306503,-0.007543199543449922,38.74,38.59,3,882.0,474.0,0.0,790.0,445.0,0.0,2,1,0,-0.006592039336670852,-0.006042425053116779,-0.013111298510786549,0.002552497165922568,-0.010754212725755496,-0.03683382473767337,-0.0022355026390454835,-0.009608349881510297,-0.03793469025952385,27.22,38.67,3,864.0,0.0,497.0,743.0,0.0,417.0,2,0,1,0.00636781494746011,-0.048497547494886016,0.04136913124441076,0.02785156695684657,-0.08600799443760333,0.0863768513851731,0.040399577579053186,-0.12336242162900686,0.12062482358825188
92,least_connections,2359,measured,421,418,17,heavy,1,88.53,59.05,4,564.0,764.0,0.0,420.0,761.0,0.0,2,2,0,-0.0071900084388505925,0.02122535097030101,-0.0015357596471572991,-0.11561112358039188,0.10507209575887527,-0.009509418273207615,-0.11431045813061899,0.09243507859943978,-0.006824799586930882,50.77,51.66,4,882.0,474.0,421.0,790.0,445.0,418.0,2,1,1,-0.00596422606651173,-0.005466956000438991,0.031221296812236204,0.0023094021977394796,-0.009730001989969261,0.0755040905434656,-0.002022597625803063,-0.008693268940414084,0.08386266119376412,27.22,38.67,3,864.0,497.0,0.0,743.0,417.0,0.0,2,1,0,0.005761356381035337,-0.0007948332209966463,-0.00565468624371906,0.025199036770480215,0.012116576461216041,-0.011782848746748143,0.03655199876200052,0.014148285192803325,-0.016625159610629256
92,least_connections,2360,measured,437,445,17,heavy,2,88.53,59.05,4,564.0,764.0,0.0,420.0,761.0,0.0,2,2,0,-0.006505245730388631,0.019203888973129496,-0.0013894968236185087,-0.1046005403822593,0.09506522949612523,-0.008603759390044985,-0.1034237478324648,0.08363173778044553,-0.006174818673889845,36.57,37.75,3,385.0,474.0,421.0,345.0,445.0,418.0,1,1,1,-0.048480104763125115,-0.00494629352420671,0.028247839972975614,-0.12638673134490236,-0.008803335133781731,0.06831322477742124,-0.12764842166144086,-0.007865338565136548,0.0758757410800723,35.96,53.5,4,864.0,497.0,437.0,743.0,417.0,445.0,2,1,1,0.005212655773317698,-0.0007191348189969637,0.03796775553005917,0.02279912850662494,0.010962616798243091,0.06841551780056121,0.03307085602276236,0.0128008294601554,0.11916453813006561
92,least_connections,2361,measured,184,100,7,light,1,75.67,53.1,3,784.0,351.0,0.0,713.0,349.0,0.0,2,1,0,-0.005885698517970661,-0.02570895306059258,-0.0012571637927976983,0.03805982854303519,-0.16309971299556922,-0.0077843537338502244,0.03897375196110325,-0.11071414200816831,-0.005586740704947956,41.83,40.88,4,1043.0,0.0,421.0,890.0,0.0,418.0,3,0,1,0.04230484852497296,-0.0475591181772301,0.02555756949935889,0.0557453383069931,-0.13049553450879572,0.061807203370047796,0.038600832782505895,-0.1329347110827426,0.06864948002482732,35.96,53.5,4,864.0,497.0,437.0,743.0,417.0,445.0,2,1,1,0.004716212366335071,-0.0006506457886163025,0.03435177881291068,0.02062778293456541,0.009918558055553278,0.061899754200507764,0.029921250687261175,0.011581702844902508,0.1078155344986308
92,least_connections,2362,measured,371,305,11,medium,0,100.0,68.35,4,1135.0,371.0,0.0,1062.0,305.0,0.0,3,1,0,0.03775874442478391,-0.02326048134053614,-0.001137433907769346,0.24614936868179382,-0.13550291493249914,-0.007042986711578774,0.19314291844099818,-0.12007469991215233,-0.005054670161619579,41.83,40.88,4,1043.0,421.0,0.0,890.0,418.0,0.0,3,1,0,0.03827581533211839,5.422187593012717e-05,-0.01996038496543266,0.050436258468231854,-0.009237456392311758,-0.052909128923698256,0.03492456299369581,-0.0020897385986718975,-0.0560730895013467,25.98,39.27,3,365.0,497.0,437.0,316.0,417.0,445.0,1,1,1,-0.0388168509429304,-0.0005886795230337916,0.03108018083072871,-0.0716320059163456,0.00897393347883392,0.05600453951474512,-0.10170617001311291,0.010478683526340377,0.09754738835590404
92,least_connections,2363,measured,171,121,7,light,2,100.0,68.35,4,1135.0,371.0,0.0,1062.0,305.0,0.0,3,1,0,0.03416267352718544,-0.021045197403342222,-0.0010291068689341702,0.22270657166448016,-0.12259787541511827,-0.006372226072380796,0.17474835477995077,-0.10863901420623309,-0.004573273003370095,30.83,30.09,3,658.0,421.0,0.0,545.0,418.0,0.0,2,1,0,-0.008453400640554998,4.9057887746312145e-05,-0.01805939592110574,-0.05389100424302831,-0.008357698640663033,-0.04787016426429842,-0.06594622871998951,-0.0018907158749888464,-0.05073279526312321,29.4,43.3,4,536.0,934.0,0.0,437.0,862.0,0.0,2,2,0,0.007963892230772707,0.042551285420202985,-0.014963736618002819,-0.033867052971931724,0.08719546362370688,-0.028405416629516324,-0.05552780461503867,0.14368706287303812,-0.04594918831291222
92,least_connections,2364,measured,490,429,16,heavy,1,75.67,53.3,3,764.0,371.0,0.0,761.0,305.0,0.0,2,1,0,-0.012174814654541982,-0.019040892888738198,-0.0009310966909404397,-0.022281355795629065,-0.1109218872803451,-0.00576534739882072,0.02193898765805069,-0.09829244142468704,-0.0041377231935253245,44.83,43.5,4,658.0,421.0,490.0,545.0,418.0,429.0,2,1,1,-0.007648314865264044,4.438570796094776e-05,0.026744446774328367,-0.048758527648454175,-0.007561727341552263,0.08335556566563476,-0.05966563550856194,-0.001710647696418488,0.07539354238098377,22.1,32.77,3,171.0,934.0,0.0,121.0,862.0,0.0,1,2,0,-0.03587847392272492,0.03849878204685032,-0.013538618844859693,-0.09668923840317631,0.07889113375478242,-0.025700138855276673,-0.14554102957233658,0.13000258069465354,-0.041573075140253914
92,least_connections,2365,measured,399,313,9,medium,0,100.0,68.95,4,764.0,770.0,0.0,761.0,618.0,0.0,2,2,0,-0.011015308496966553,0.02585642570837518,-0.0008424208156127788,-0.020159321910330985,0.14030876865111636,-0.0052162666941711275,0.019849560262045873,0.05266398156814028,-0.003743654317951484,44.83,43.5,4,658.0,421.0,490.0,545.0,418.0,429.0,2,1,1,-0.006919903925715093,4.0158497678952076e-05,0.02419735660534471,-0.04411485834860138,-0.006841562832833006,0.07541694036414574,-0.05398319403155605,-0.0015477288681881585,0.06821320501136627,22.1,32.77,3,171.0,934.0,0.0,121.0,862.0,0.0,1,2,0,-0.03246147640627492,0.034832231375721716,-0.012249226573920675,-0.08748073950763571,0.07137769244480315,-0.023252506583345562,-0.13167997913687596,0.11762138253325796,-0.03761373465070592
92,least_connections,2366,measured,198,109,3,light,2,100.0,68.95,4,1135.0,399.0,0.0,1066.0,313.0,0.0,3,1,0,0.033117668729501906,-0.019689991252513153,-0.0007621902617448951,0.20553839128747842,-0.09683174899819624,-0.004719479389964354,0.1559353164275653,-0.09032782620025401,-0.003387115811479914,44.83,43.5,4,658.0,911.0,0.0,545.0,847.0,0.0,2,2,0,-0.006260865456599374,0.04312023410560975,-0.021191053774302627,-0.03991344326778218,0.12047668124648442,-0.0584322920514872,-0.04884193745712215,0.11989431673830597,-0.059577933561144804,26.06,36.4,4,866.0,437.0,0.0,647.0,445.0,0.0,3,1,0,0.05679789322878981,-0.011569024220152005,-0.011082633566880612,0.046612664254996244,-0.025353516359463812,-0.02103798214683646,0.0394958918920329,-0.019342558660385645,-0.03403147420778155
92,least_connections,2367,measured,483,415,18,heavy,0,100.0,89.7,5,1534.0,0.0,483.0,1379.0,0.0,415.0,4,0,1,0.07304750526773528,-0.06089865421712641,0.04239429951375008,0.40612203656168677,-0.3282763443317014,0.2870633281709846,0.2826795720058924,-0.2233204141811822,0.1846735618848515,44.83,43.5,4,658.0,911.0,0.0,545.0,847.0,0.0,2,2,0,-0.005664592555970849,0.03901354514317073,-0.019172858176749998,-0.03611216295656483,0.1090027116039621,-0.05286731185610747,-0.04419032436596765,0.10847581038227683,-0.053903844650559585,26.06,36.4,4,866.0,437.0,0.0,647.0,445.0,0.0,3,1,0,0.05138857006414316,-0.010467212389661334,-0.010027144655749125,0.04217336289737755,-0.022938895753800592,-0.019034364799518703,0.03573437837850596,-0.01750041021653939,-0.030790381426088066
92,least_connections,2368,measured,354,308,11,medium,1,100.0,69.1,4,1121.0,0.0,483.0,967.0,0.0,415.0,3,0,1,0.023006699777384065,-0.055098782386923895,0.03835674717910722,0.138840572762161,-0.2970119305858251,0.2597239635832718,0.06937675562437878,-0.2020518033067839,0.16708560361010374,36.14,36.09,3,0.0,1265.0,0.0,0.0,1155.0,0.0,0,3,0,-0.09129290800415503,0.07838186964200708,-0.01734687168372619,-0.202768147436892,0.190131705056646,-0.047832329774573426,-0.1940739839501612,0.1852281141553933,-0.0487701451600301,26.06,36.4,4,866.0,437.0,0.0,647.0,445.0,0.0,3,1,0,0.046494420534224756,-0.009470335019217402,-0.009072178498058732,0.03815685214524636,-0.0207542390153434,-0.017221568151945494,0.03233110424721969,-0.015833704481630878,-0.02785796414741301
92,least_connections,2369,measured,394,329,8,medium,1,83.53,51.65,3,770.0,0.0,483.0,618.0,0.0,415.0,2,0,1,-0.022268314713886073,-0.049851279302454955,0.03470372363823986,-0.08609662464375911,-0.26872508005384177,0.2349883480039126,-0.09511150681603825,-0.18280877442042354,0.15117268898057007,47.4,46.38,4,421.0,1238.0,0.0,418.0,1066.0,0.0,1,3,0,-0.03951444511033528,0.07091692967610165,-0.01569478866622846,-0.07462696332725603,0.16504433178594502,-0.04327686979604262,-0.05740622357395539,0.1424236509024987,-0.04412536943050342,22.1,32.77,3,668.0,437.0,0.0,538.0,445.0,0.0,2,1,0,-0.0010175197434111605,-0.008568398350720513,-0.008208161498243615,-0.0013057052019199433,-0.018777644823405937,-0.015581418804141161,-0.0036210644112456836,-0.014325732626237458,-0.02520482470480225
92,least_connections,2370,measured,459,422,18,heavy,0,100.0,72.75,4,770.0,0.0,942.0,618.0,0.0,837.0,2,0,2,-0.02014752283637311,-0.04510353841650686,0.074482507328022,-0.07789694610625819,-0.24313221528680923,0.48946564819401617,-0.08605326807165364,-0.16539841495181176,0.3276800519348015,47.4,46.38,4,815.0,844.0,0.0,747.0,737.0,0.0,2,2,0,0.007332735603120699,0.02107903614685841,-0.014200046888492416,0.03433070664948942,0.04747548386075298,-0.03915526314880047,0.04108186914737369,0.03583866034035596,-0.039922953294265,18.68,28.73,2,934.0,0.0,0.0,862.0,0.0,0.0,2,0,0,-0.0009206131011815222,-0.05083626063931402,-0.007426431831744223,0.04695198100778672,-0.09606548817355776,-0.014097474156127717,0.0944380845803015,-0.14716772634437358,-0.022804365209106798
92,least_connections,2371,measured,389,314,12,medium,2,100.0,72.75,4,770.0,483.0,459.0,618.0,415.0,422.0,2,1,1,-0.01822871113767091,0.0022759368975368705,0.024305034974786352,-0.07047818933423355,0.07135656712145833,0.1515165388422051,-0.07785771873149616,0.03809191028169412,0.10873433270291562,47.4,46.38,4,815.0,844.0,0.0,747.0,737.0,0.0,2,2,0,0.006634379831394921,0.019071508894776656,-0.012847661470540757,0.031061115540014228,0.04295400920734793,-0.035426190467962325,0.03716931018095715,0.03242545459365537,-0.03612076726623976,26.46,39.2,3,934.0,389.0,0.0,862.0,314.0,0.0,2,1,0,-0.0008329356629737661,-0.0029108117802410377,-0.006719152609673345,0.0424803637689499,-0.01652591787131416,-0.01275485756982984,0.08544398128693945,-0.03845333970840149,-0.02063252090347758
92,least_connections,2372,measured,165,109,6,light,2,100.0,72.75,4,770.0,483.0,459.0,618.0,415.0,422.0,2,1,1,-0.016492643410273677,0.0020591810025333557,0.021990269739092416,-0.06376598082621132,0.06456070358608135,0.1370863922858046,-0.07044269789992508,0.03446410930248517,0.0983786819693046,47.4,46.38,4,1169.0,490.0,0.0,1055.0,429.0,0.0,3,1,0,0.0490864343599242,-0.025828725512435632,-0.01162407466382259,0.11961311814164555,-0.052647052894032126,-0.032052267566251624,0.12071270921134222,-0.05774601727240705,-0.03268069419326454,29.76,42.83,4,1099.0,389.0,0.0,971.0,314.0,0.0,3,1,0,0.042330291769781106,-0.0026335916106942775,-0.0060792333135139785,0.06829175769571658,-0.014952020931189011,-0.011540109229846045,0.11017947513262777,-0.0347911168790299,-0.01866751891267019
92,least_connections,2373,measured,374,305,14,medium,0,100.0,72.75,4,399.0,857.0,459.0,313.0,720.0,422.0,1,2,1,-0.05800581569319545,0.04494696875285897,0.019895958335369328,-0.28147080804911173,0.2839993667366133,0.12403054540144226,-0.20171006000469413,0.16915800365462944,0.08900928368651369,47.4,46.38,4,1659.0,0.0,0.0,1484.0,0.0,0.0,4,0,0,0.0874954360762126,-0.06645274711896104,-0.010517019933934725,0.23488805927101258,-0.17429971452317194,-0.02899967065518004,0.23051090357216675,-0.17354103943693971,-0.029568247127239346,19.82,28.93,3,602.0,389.0,0.0,554.0,314.0,0.0,2,1,0,-0.004785064816003021,-0.0023827733620567226,-0.005500258712226933,-0.02814555256101832,-0.013528018937742442,-0.010441051207955946,-0.026075712975241527,-0.03147767717626514,-0.016889659968606363
92,least_connections,2374,measured,379,324,10,medium,2,87.73,57.1,3,0.0,1316.0,0.0,0.0,1142.0,0.0,0,3,0,-0.09556535252060087,0.08375020528886787,-0.025082795066185118,-0.4953307310920535,0.5338089508569358,-0.16463903035107605,-0.32409481619472325,0.34395247949704566,-0.11037255285505904,47.4,46.38,4,1659.0,0.0,0.0,1484.0,0.0,0.0,4,0,0,0.0791625374022876,-0.06012391406001237,-0.009515398987845704,0.21251776791186855,-0.15769974171144127,-0.02623779725944861,0.20855748418434134,-0.15701332139532642,-0.02675222359131179,27.4,39.73,4,602.0,768.0,0.0,554.0,638.0,0.0,2,2,0,-0.004329344357336062,0.040928057661087,-0.004976424549157701,-0.025465023745683227,0.05634131619918541,-0.009446665378626809,-0.02359231173950424,0.06923448255480774,-0.015281120923977185
92,least_connections,2375,measured,456,417,18,heavy,0,100.0,77.95,4,0.0,1316.0,456.0,0.0,1142.0,417.0,0,3,1,-0.08646389037578174,0.07577399526135664,0.020389942785923213,-0.44815637574995315,0.48297000315627525,0.1260884963490264,-0.2932286432237972,0.311195100497327,0.08878197598827992,47.4,46.38,4,1659.0,0.0,0.0,1484.0,0.0,0.0,4,0,0,0.07162324812587925,-0.05439782700667786,-0.00860917051281278,0.1922779804916906,-0.142680718691304,-0.02373895942521541,0.18869486664297547,-0.14205967173862866,-0.02420439277309162,27.4,39.73,4,602.0,768.0,0.0,554.0,638.0,0.0,2,2,0,-0.003917025847113592,0.03703014740765014,-0.004502479353999825,-0.023039783388951476,0.05097547656116776,-0.008546982961614732,-0.021345424907170507,0.06264072231149273,-0.013825776074074597
92,least_connections,2376,measured,193,107,3,light,0,100.0,83.3,5,193.0,1316.0,456.0,107.0,1142.0,417.0,1,3,1,-0.03514533392275944,0.06855742428408458,0.018448043472978147,-0.28906211774202106,0.43697285999853475,0.1140800681253096,-0.21689734386914988,0.28155747187853397,0.08032654970368183,35.37,33.31,3,1238.0,0.0,0.0,1066.0,0.0,0.0,3,0,0,0.021718086172847664,-0.04921708157747045,-0.007789249511592515,0.06513585990064524,-0.1290920788159417,-0.021478106146623464,0.052539403153168296,-0.1285301791920926,-0.021899212508987655,27.4,39.73,4,991.0,379.0,0.0,868.0,324.0,0.0,3,1,0,0.03953992446032126,-0.009580433524597712,-0.004073671796476033,0.04954495788618676,-0.024269806920848208,-0.007732984584318091,0.07538588540144889,-0.038023473464204996,-0.012509035495591302
92,least_connections,2377,measured,399,329,11,medium,1,100.0,83.3,5,193.0,1316.0,456.0,107.0,1142.0,417.0,1,3,1,-0.03179815926344902,0.06202814578083843,0.016691086951742134,-0.261532392242781,0.3953563971415314,0.10321529973242297,-0.1962404539768499,0.25474247455676885,0.07267640211285498,35.51,33.31,3,844.0,399.0,0.0,737.0,329.0,0.0,2,1,0,-0.023434203213228533,-0.0014458402480968524,-0.00704741622477418,-0.04291789546404204,-0.013654737976328199,-0.01943257222789742,-0.0454851828614192,-0.023268376411893277,-0.0198135732224174,18.66,24.9,3,933.0,0.0,0.0,747.0,0.0,0.0,3,0,0,0.03577421736886209,-0.0517519115109172,-0.003685703053954506,0.0343311523732166,-0.09053934911886267,-0.006996509862002082,0.031714213775914074,-0.13211647599142357,-0.011317698781725465
92,least_connections,2378,measured,387,328,10,medium,1,100.0,83.3,5,676.0,833.0,456.0,522.0,727.0,417.0,2,2,1,0.014314137083636824,0.013036803098763122,0.015101459623004784,0.054708787970817185,0.0663700736042428,0.09338527118647791,0.010187208306659645,0.04274319126564807,0.06575484000686879,46.57,43.56,4,844.0,786.0,0.0,737.0,657.0,0.0,2,2,0,-0.021202374335778207,0.04177575904990784,-0.0063762337271766395,-0.03883047684841898,0.0876865295860432,-0.01758185106333576,-0.041153260684141185,0.07168575467495372,-0.017926566248853838,15.36,21.27,2,768.0,0.0,0.0,638.0,0.0,0.0,2,0,0,-0.010716751178739298,-0.046823158033686994,-0.003334683715482648,0.0012043759567197665,-0.08191655396468528,-0.006330175589430455,-0.0041792034090936125,-0.11953395446843085,-0.010239822707275421
92,least_connections,2379,measured,497,430,18,heavy,2,100.0,77.95,4,483.0,1289.0,0.0,415.0,1144.0,0.0,1,3,0,-0.03013301429394309,0.054879103030400195,-0.02942067485356256,-0.06691427120100668,0.33509673326098155,-0.19055618321223428,-0.039187763913022255,0.22731526828796728,-0.12915038285092822,36.46,33.94,3,490.0,786.0,0.0,429.0,657.0,0.0,1,2,0,-0.062267000816270984,0.037797115330869,-0.005768973372207436,-0.12664254027782118,0.07933543153022957,-0.01590738905730378,-0.12431723585708013,0.06485853994400576,-0.016219274225153475,25.3,35.6,3,768.0,0.0,497.0,638.0,0.0,430.0,2,0,1,-0.009696108209335558,-0.04236380964952633,0.04006680543655878,0.0010896734846512213,-0.07411497739662001,0.08420603160956293,-0.0037811840367989735,-0.1081497683285803,0.12041793818548097
92,least_connections,2380,measured,371,350,8,medium,1,100.0,77.95,4,857.0,915.0,0.0,720.0,839.0,0.0,2,2,0,0.0158206968179517,0.006568621562652338,-0.026618705819889937,0.16504581811972413,0.07759545707739612,-0.1724079752872596,0.1025205945548846,0.06769000464149422,-0.11685034638893506,33.06,31.47,3,0.0,1157.0,0.0,0.0,1007.0,0.0,0,3,0,-0.09942071048909779,0.07728129028801979,-0.005219547336759109,-0.2412480126323144,0.1676844380511601,-0.014392399623274849,-0.23377214196592963,0.15763986947314806,-0.014674581441805525,25.3,35.6,3,768.0,0.0,497.0,638.0,0.0,430.0,2,0,1,-0.008772669332255983,-0.038329161111476204,0.036250919204505565,0.0009858950575415693,-0.06705640812075143,0.07618640955150932,-0.0034210712713895475,-0.09784979039252503,0.10894956312019707
92,least_connections,2381,measured,460,419,13,heavy,1,100.0,77.95,4,1316.0,456.0,0.0,1142.0,417.0,0.0,3,1,0,0.05739786401442795,-0.03714086167007191,-0.02408359097990042,0.4261843116321313,-0.2066517293109273,-0.15598816811704438,0.28366149031156224,-0.1296614243719814,-0.10572174197094124,46.2,44.56,4,1157.0,460.0,0.0,1007.0,419.0,0.0,3,1,0,0.0392996292853741,-0.01624663305006825,-0.004722447590401099,0.08081642394491281,-0.028462379178202102,-0.013021694897248673,0.073209133459397,-0.023623451429056502,-0.013277002256871666,25.3,35.6,3,768.0,0.0,497.0,638.0,0.0,430.0,2,0,1,-0.007937177014898267,-0.03467876481514514,0.03279845070883837,0.0008920002901566526,-0.060670083537822724,0.06893056102279414,-0.003095254959828625,-0.08853076273609407,0.09857341425160687
92,least_connections,2382,measured,167,102,3,light,2,100.0,77.95,4,1316.0,456.0,0.0,1142.0,417.0,0.0,3,1,0,0.051931400774958614,-0.03360363674911268,-0.02178991564848133,0.38559532957192827,-0.1869706122336961,-0.1411321521058973,0.25664611028188966,-0.11731271728893553,-0.0956530046403754,46.2,44.56,4,1157.0,460.0,0.0,1007.0,419.0,0.0,3,1,0,0.035556807448671804,-0.01469933466434746,-0.004272690677029566,0.07311962166444491,-0.025751676399325713,-0.011781533478463085,0.06623683503469252,-0.021373598912003494,-0.012012525851455317,28.64,39.0,4,935.0,0.0,497.0,740.0,0.0,430.0,3,0,1,0.035902644832325595,-0.03137602530894084,0.02967478873656805,0.03102609550061794,-0.054891980343744366,0.06236574568728994,0.027961435988726496,-0.08009926152313274,0.08918547003716813
92,least_connections,2383,measured,196,118,5,light,0,100.0,83.85,5,1512.0,456.0,0.0,1260.0,417.0,0.0,4,1,0,0.09006945330886278,-0.030403290392054333,-0.019714685586721205,0.45985609183491927,-0.1691638872590584,-0.1276909947624785,0.2855845759693288,-0.10614007754713214,-0.08654319467462537,46.2,44.56,4,1157.0,460.0,0.0,1007.0,419.0,0.0,3,1,0,0.032170444834512577,-0.013299398029647705,-0.0038657677554077025,0.06615584817259301,-0.023299135789866116,-0.01065948267099041,0.05992856503138849,-0.019338018063241258,-0.010868475770364336,20.86,28.53,3,546.0,497.0,0.0,426.0,430.0,0.0,2,1,0,-0.010600554902272297,0.014696067804382318,-0.01623528184605294,-0.042319246928012325,0.040269160641374147,-0.03350718247340434,-0.06939997061337447,0.05721177925684817,-0.04899092393462567
92,least_connections,2384,measured,390,319,12,medium,2,100.0,83.85,5,1512.0,456.0,0.0,1260.0,417.0,0.0,4,1,0,0.08149141013659013,-0.027507738926144387,-0.017837096483223947,0.41606027356492703,-0.1530530408534338,-0.11552994764224245,0.2583860449246308,-0.09603149873311953,-0.07830098565799438,46.2,44.56,4,1157.0,460.0,0.0,1007.0,419.0,0.0,3,1,0,0.029106592945511378,-0.012032788693490781,-0.0034975993977498262,0.05985529120377464,-0.021080170476545534,-0.0096442938451818,0.05422108264744674,-0.017496302057218277,-0.009833382839853447,21.08,28.37,3,167.0,887.0,0.0,102.0,749.0,0.0,1,2,0,-0.05267487847167039,0.056380342525960414,-0.014689064527381232,-0.1068697948396302,0.10700543105648137,-0.030316022237842022,-0.1605047353168626,0.14796938758159278,-0.04432512165513751
92,least_connections,2385,measured,364,314,9,medium,2,99.0,63.1,4,1029.0,456.0,0.0,845.0,417.0,0.0,3,1,0,0.03064642323015751,-0.02488795426651158,-0.016138325389583572,0.09234024751112446,-0.13847656077215437,-0.10452709548583841,0.046039754931808785,-0.08688564171091764,-0.07084374892866159,46.2,44.56,4,1157.0,460.0,0.0,1007.0,419.0,0.0,3,1,0,0.026334536474510298,-0.01088680881792023,-0.003164494693202224,0.0541547872796056,-0.01907253519306501,-0.0087257896694502,0.049057170014356555,-0.015829987575578436,-0.008896870188438833,25.02,35.43,3,0.0,1251.0,0.0,0.0,1063.0,0.0,0,3,0,-0.09074212360588772,0.09409468632167393,-0.013290106000963971,-0.12691076675966542,0.1626811042891974,-0.027428782024714212,-0.17598047481049472,0.22857547765318714,-0.040103681497505365
92,least_connections,2386,measured,160,103,6,light,2,99.0,63.1,4,1485.0,0.0,0.0,1262.0,0.0,0.0,4,0,0,0.07081161648261416,-0.06560157313455356,-0.014601342019147041,0.3585935572719696,-0.4003359359367111,-0.09457213401099666,0.2302978735097318,-0.26725367583368737,-0.06409672522117,46.2,44.56,4,1157.0,460.0,0.0,1007.0,419.0,0.0,3,1,0,0.02382648538169979,-0.009849969882880213,-0.0028631142462305836,0.04899718849107171,-0.017256103269915946,-0.007894762081883513,0.044385058584417825,-0.014322369711237626,-0.008049549218111325,28.22,38.87,4,160.0,1251.0,0.0,103.0,1063.0,0.0,1,3,0,-0.03901611636904581,0.08513328762437165,-0.012024381619919785,-0.08587164611588777,0.14718766578546433,-0.024816517069979525,-0.12815693752695556,0.2068063845433598,-0.036284283259647714
92,least_connections,2387,measured,183,122,5,light,0,86.27,53.95,4,1294.0,0.0,0.0,1079.0,0.0,0.0,4,0,0,0.06406765300807948,-0.05935380426459608,-0.013210738017323514,0.20923544070638522,-0.3622087039427386,-0.08556526410518746,0.12557902841356688,-0.2418009448019076,-0.0579922752001062,46.2,44.56,4,1617.0,0.0,0.0,1426.0,0.0,0.0,4,0,0,0.06464119652448574,-0.05199577773983947,-0.002590436698970528,0.16324235421301048,-0.1345242294891076,-0.007142879978846988,0.15862517205256849,-0.1314255964054055,-0.0072829254830531044,28.22,38.87,4,524.0,887.0,0.0,417.0,749.0,0.0,2,2,0,0.007783604464287358,0.03394145524291223,-0.010879202418022663,-0.011826727438184165,0.0673031261868487,-0.022453039253791,-0.021253102206928026,0.09241212569796045,-0.03282863723491936
92,least_connections,2388,measured,187,103,4,light,0,55.07,32.1,3,826.0,0.0,0.0,642.0,0.0,0.0,3,0,0,0.014882071542457409,-0.05370106100130121,-0.011952572491864131,-0.09297745840850857,-0.327712636900573,-0.07741619133326484,-0.08407135524486803,-0.21877228339220212,-0.05246920137152466,13.14,13.09,1,460.0,0.0,0.0,419.0,0.0,0.0,1,0,0,-0.07076680858668975,-0.0470437989074738,-0.002343728441925716,-0.1513929720385688,-0.1217123981091926,-0.006462605695147275,-0.14119924909529516,-0.11890887293822401,-0.0065893135322861425,28.22,38.87,4,524.0,887.0,0.0,417.0,749.0,0.0,2,2,0,0.007042308801021885,0.030708935695968206,-0.009843087902020504,-0.01070037244407139,0.06089330464524406,-0.02031465456295376,-0.019228997234839645,0.08361097086958325,-0.029702100355403233
92,least_connections,2389,measured,466,416,19,heavy,1,55.07,32.1,3,826.0,0.0,0.0,642.0,0.0,0.0,3,0,0,0.013464731395556706,-0.04858667423927252,-0.010814232254543737,-0.08412246236960297,-0.2965019095767089,-0.07004322073009676,-0.07606455950726154,-0.19793682783104002,-0.047472134574236595,26.46,26.09,2,460.0,0.0,466.0,419.0,0.0,416.0,1,0,1,-0.06402711253081453,-0.04256343710676201,0.04096338401739601,-0.13697459374918133,-0.11012074114641235,0.11461546559554703,-0.12775170156240992,-0.10758421837267887,0.11165728775650302,28.22,38.87,4,914.0,497.0,0.0,736.0,430.0,0.0,3,1,0,0.04945551295149145,-0.015299625073262324,-0.008905650958970932,0.06089013921726873,-0.015477486273350605,-0.018379925556958165,0.07880868504149427,-0.020558327943392962,-0.026873328892983876
92,least_connections,2390,measured,198,100,6,light,1,55.07,32.1,3,826.0,0.0,0.0,642.0,0.0,0.0,3,0,0,0.0121823760245513,-0.043959371930770375,-0.009784305373158619,-0.07611079928678366,-0.2682636324741652,-0.06337243780342089,-0.06882031574466524,-0.179085701370941,-0.04295097890049978,32.11,29.22,3,658.0,0.0,466.0,519.0,0.0,416.0,2,0,1,-0.014845392063027207,-0.038509776429927534,0.03706210934907258,-0.07274572087510967,-0.0996330515134207,0.10369970696739969,-0.08731106331837088,-0.09733810233718565,0.10102326035112177,28.22,38.87,4,1411.0,0.0,0.0,1166.0,0.0,0.0,4,0,0,0.08782936432572583,-0.05692641815018518,-0.008057493724783224,0.14502441167276695,-0.10393677329493627,-0.016629456456295485,0.20098563567246308,-0.1482829316313238,-0.024313964236509222
92,least_connections,2391,measured,165,120,8,light,0,66.07,38.1,4,826.0,165.0,0.0,642.0,120.0,0.0,3,1,0,0.011022149736498787,0.0033111351465365535,-0.008852466766191131,-0.06886215173566135,-0.14319090557186376,-0.057336967536428425,-0.06226599995945903,-0.10774420600227996,-0.03886040948140456,32.11,29.22,3,658.0,0.0,466.0,519.0,0.0,416.0,2,0,1,-0.013431545199881767,-0.03484217867469634,0.033532384649160904,-0.06581755698224206,-0.09014418946452349,0.0938235443990759,-0.07899572395471652,-0.0880678068765013,0.09140199746053876,28.22,38.87,4,1411.0,0.0,0.0,1166.0,0.0,0.0,4,0,0,0.07946466296137099,-0.05150485451683422,-0.007290113370041964,0.13121256294202724,-0.09403803298113281,-0.015045698698553057,0.18184414656079995,-0.13416074766643582,-0.021998348594936917
92,least_connections,2392,measured,457,437,18,heavy,1,41.4,26.85,2,621.0,0.0,0.0,537.0,0.0,0.0,2,0,0,-0.033111479036591784,-0.040088111284652866,-0.008009374693220547,-0.18595464522115396,-0.229077485993591,-0.05187630396153048,-0.10383590472522486,-0.15176856733539615,-0.03515941810222317,45.17,42.88,4,658.0,0.0,923.0,519.0,0.0,853.0,2,0,2,-0.012152350418940638,-0.03152387594377288,0.07342272443314105,-0.05954921822202852,-0.0815590285631403,0.20302402316378979,-0.07147232167331496,-0.0796803966977869,0.20625359294048742,25.02,35.43,3,1251.0,0.0,0.0,1063.0,0.0,0.0,3,0,0,0.028812699595435434,-0.04659963027713572,-0.006595816858609396,0.08976374742373891,-0.08508202984007254,-0.013612775012976575,0.13346216434866026,-0.12138353360296575,-0.019903267776371497
92,least_connections,2393,measured,352,328,9,medium,0,34.47,22.4,2,165.0,352.0,0.0,120.0,328.0,0.0,1,1,0,-0.07304190506938803,0.00681370430254763,-0.0072465771033900185,-0.4432922980572346,0.005056877751830363,-0.046935703584241865,-0.28258962808472726,0.011066534315593957,-0.03181090209248763,45.17,42.88,4,658.0,0.0,923.0,519.0,0.0,853.0,2,0,2,-0.010994983712374867,-0.028521602044365938,0.06643008401093714,-0.05387786410564485,-0.07379150203331741,0.18368840191009553,-0.06466543389490403,-0.07209178748847386,0.18661039361282195,25.02,35.43,3,1251.0,0.0,0.0,1063.0,0.0,0.0,3,0,0,0.02606863296729872,-0.04216157025074184,-0.0059676438244561205,0.08121481909766853,-0.07697897937911326,-0.01231632024983595,0.12075148202974023,-0.10982319706934997,-0.018007718464336117
92,least_connections,2394,measured,464,440,16,heavy,0,65.4,44.4,3,165.0,352.0,464.0,120.0,328.0,440.0,1,1,1,-0.06608553315801774,0.006164780083257382,0.036527473323690204,-0.4010739839565456,0.004575270346894145,0.23740737929679706,-0.2556763301718961,0.010012578666489774,0.17026632667822547,32.03,29.78,3,198.0,466.0,457.0,100.0,416.0,437.0,1,1,1,-0.05303174263319177,0.017278641234235805,0.01701950911647147,-0.16765820357857664,0.05369884509910737,0.04573168336083469,-0.17697408304777032,0.05239314465328555,0.05121892755445798,17.74,24.97,2,887.0,0.0,0.0,749.0,0.0,0.0,2,0,0,-0.019497994208725195,-0.03814618260781404,-0.005399296793555538,0.007613407755033441,-0.06964764800967391,-0.011143337368899192,0.014552928185637998,-0.09936384496750711,-0.016292697658208868
92,least_connections,2395,measured,408,421,18,heavy,2,65.4,44.4,3,517.0,0.0,464.0,448.0,0.0,440.0,2,0,1,-0.016707772630496776,-0.037506242056191165,0.03304866634048162,-0.1505590013575095,-0.2081779300036037,0.2147971526971021,-0.08294525110790599,-0.13932195263508068,0.154050486042204,32.03,29.78,3,198.0,466.0,457.0,100.0,416.0,437.0,1,1,1,-0.047981100477649696,0.015633056354784777,0.015398603486331333,-0.1516907556187122,0.04858466937538286,0.041376284945517094,-0.16011940847179218,0.04740332135297265,0.04634093445403341,25.9,39.0,3,887.0,0.0,408.0,749.0,0.0,421.0,2,0,1,-0.01764104237932279,-0.03451321283564128,0.038198822175445214,0.006888321302173095,-0.06301453867541924,0.0637465042852817,0.013166935025101023,-0.08990062163726834,0.11222724180130308
92,least_connections,2396,measured,375,303,10,medium,0,90.4,59.55,4,517.0,839.0,0.0,448.0,743.0,0.0,2,2,0,-0.015116556189497088,0.05223358145029416,-0.01318272591870257,-0.13622004884727046,0.3177120315840411,-0.08553273486135209,-0.07504570338334351,0.21006585237778413,-0.05966860786657733,26.37,26.66,2,0.0,923.0,0.0,0.0,853.0,0.0,0,2,0,-0.08649537208748805,0.05722809407156264,-0.029151830405790922,-0.18842769045774643,0.1620936124280675,-0.08070036804249132,-0.17314375052209768,0.16644526693840378,-0.08162903549396977,18.1,28.37,2,497.0,0.0,408.0,430.0,0.0,421.0,1,0,1,-0.05904484333185894,-0.031226240184627826,0.0345608391111171,-0.06433913786946245,-0.05701315403966503,0.05767540863906438,-0.0842934079931626,-0.08133865767181421,0.10153893305832185
92,least_connections,2397,measured,172,118,5,light,1,90.4,59.55,4,517.0,839.0,0.0,448.0,743.0,0.0,2,2,0,-0.013676884171449744,0.04725895464550424,-0.011927228212159469,-0.1232467108618161,0.28745374286175146,-0.07738676011265189,-0.06789849353731078,0.19005958072275708,-0.05398588330785568,31.29,30.34,3,172.0,923.0,0.0,118.0,853.0,0.0,1,2,0,-0.035173817376208005,0.051777799398080485,-0.026375465605239404,-0.12601961109442367,0.1466561255301563,-0.0730146187051112,-0.12329077428189791,0.1505933367537939,-0.07385484163740122,8.16,14.03,1,0.0,0.0,408.0,0.0,0.0,421.0,0,0,1,-0.09650542514605831,-0.028252312547996605,0.03126933062434405,-0.14814493426284697,-0.05158332984541122,0.05218251257820111,-0.20594800405730584,-0.07359211884592715,0.09186855848133882
92,least_connections,2398,measured,455,408,21,heavy,2,90.4,59.55,4,517.0,839.0,0.0,448.0,743.0,0.0,2,2,0,-0.012374323774168805,0.04275810182212288,-0.010791301715763328,-0.11150892887497649,0.26007719592253703,-0.07001659248287552,-0.061431970343281156,0.1719586682729707,-0.04884437061186942,31.29,30.34,3,172.0,923.0,0.0,118.0,853.0,0.0,1,2,0,-0.03182393000704534,0.04684658040778711,-0.023863516499978508,-0.11401774337114522,0.13268887547966524,-0.0660608454951006,-0.11154879577886004,0.13625111420581354,-0.06682104719574396,17.26,27.63,2,0.0,0.0,863.0,0.0,0.0,829.0,0,0,2,-0.08731443227500514,-0.02556161611485407,0.07137519936306864,-0.1340358929044806,-0.046670631764895866,0.1295460828088486,-0.18633390843280054,-0.06658334562250551,0.2061667910069256
92,least_connections,2399,measured,393,335,13,medium,2,79.4,53.55,3,727.0,464.0,0.0,631.0,440.0,0.0,2,1,0,-0.011195816748057502,-0.004397998578169998,-0.00976355869521444,0.025777635779783148,0.00911746297753352,-0.06334834557974452,0.027204407784650386,0.018510223675544946,-0.04419252579169138,31.29,30.34,3,172.0,923.0,0.0,118.0,853.0,0.0,1,2,0,-0.028793079530183868,0.042385001321331196,-0.021590800642837697,-0.10315891066913137,0.12005183971969713,-0.05976933640032912,-0.10092510094277815,0.12327481761478368,-0.060457137939006436,25.12,38.8,3,0.0,801.0,455.0,0.0,756.0,408.0,0,2,1,-0.07899877205833798,0.06304062396864676,0.021493661101733313,-0.12127056977072054,0.10271704745080851,0.04337978920800589,-0.16858782191539096,0.16775792538916168,0.05956360456182157
92,least_connections,2400,measured,181,101,7,light,0,91.47,58.6,4,908.0,464.0,0.0,732.0,440.0,0.0,3,1,0,0.03295435174041962,-0.0039791415707252364,-0.008833695962336874,0.13249722602297836,0.008249133170149359,-0.05731516981024504,0.07030398799563603,0.01674734523025495,-0.0399837138115303,31.29,30.34,3,172.0,923.0,0.0,118.0,853.0,0.0,1,2,0,-0.02605088147969016,0.03834833452882346,-0.01953453391494839,-0.09333425251016646,0.10861833117496406,-0.05407701864791683,-0.09131318656727547,0.1115343587943281,-0.05469931527814868,25.12,38.8,3,0.0,801.0,455.0,0.0,756.0,408.0,0,2,1,-0.07147507948135341,0.05703675501925183,0.019446645758711092,-0.10972099169731858,0.09293447150311246,0.03924838071200533,-0.1525318388758299,0.15178098011400343,0.05389088031783856
92,least_connections,2401,measured,381,336,8,medium,1,91.47,58.6,4,908.0,464.0,0.0,732.0,440.0,0.0,3,1,0,0.029815842050855842,-0.0036001757068466478,-0.007992391584971458,0.11987844259221853,0.007463501439658959,-0.05185658220926932,0.06360837009128972,0.015152359970230678,-0.03617574106757503,42.17,40.84,4,638.0,838.0,0.0,534.0,773.0,0.0,2,2,0,0.019514055078466264,0.034696112192745036,-0.017674102113524735,0.03601730895338681,0.0763009390902736,-0.04892682639573427,0.03500235501056029,0.07829299129010642,-0.04948985668022976,25.12,38.8,3,0.0,801.0,455.0,0.0,756.0,408.0,0,2,1,-0.06466792905455784,0.05160468311265642,0.017594584257881466,-0.0992713734404311,0.08408356945519699,0.03551043969181435,-0.13800499707813182,0.13732564867457453,0.04875841552566346
92,least_connections,2402,measured,381,327,12,medium,2,68.0,42.2,3,556.0,464.0,0.0,404.0,440.0,0.0,2,1,0,-0.01610766218074494,-0.0032573018300041112,-0.0072312114340217955,-0.10385601225783397,0.006752691778739051,-0.046917860094100816,-0.09083052229835686,0.013709278068303965,-0.03273043239447265,37.26,37.16,3,847.0,457.0,0.0,752.0,437.0,0.0,2,1,0,0.017655573642421846,-0.011692179671416614,-0.015990854293189045,0.08661429993741801,-0.02945561293192933,-0.044267128643759576,0.09330570215241168,-0.024163484070856084,-0.04477653699639835,32.74,49.7,4,0.0,1182.0,455.0,0.0,1083.0,408.0,0,3,1,-0.05850907866840948,0.0897738516143989,0.015918909566654663,-0.08981695692229481,0.14501846760232107,0.03212849305449869,-0.12486166402307165,0.2228660630865198,0.0441147569041717
92,least_connections,2403,measured,451,436,15,heavy,0,98.07,64.0,4,1020.0,0.0,451.0,844.0,0.0,436.0,3,0,1,0.02851030111084528,-0.04603098283485633,0.03654137559597574,0.18590805240164238,-0.2737634375970139,0.22958225356565484,0.116867622682439,-0.18664398650962974,0.16762484688119142,37.26,37.16,3,1304.0,0.0,0.0,1189.0,0.0,0.0,3,0,0,0.05905799066513903,-0.053662538977086685,-0.014467915789075803,0.19650137341276594,-0.14478637088399046,-0.04005121163006819,0.20797599242361062,-0.14541874749267933,-0.04051210490150327,32.74,49.7,4,0.0,1182.0,455.0,0.0,1083.0,408.0,0,3,1,-0.052936785461894294,0.08122396098445614,0.014402822941258983,-0.0812629610249334,0.1312071849735286,0.029068636573117868,-0.11297007697325531,0.2016407237449465,0.03991335148472677
92,least_connections,2404,measured,381,345,12,medium,1,98.07,64.0,4,1020.0,451.0,0.0,844.0,436.0,0.0,3,1,0,0.025795034338383815,0.001436820519030213,-0.010022655639922173,0.1682025236014859,0.024341016777304936,-0.06431446899615358,0.1057373729031591,0.028369726491287384,-0.045577519488445864,48.14,47.94,4,1304.0,381.0,0.0,1189.0,345.0,0.0,3,1,0,0.05343342012560198,-0.00546792075251154,-0.013090019047259059,0.17778695689726443,-0.03250739678619545,-0.036236810522442646,0.1881687550499334,-0.034024700112424144,-0.0366538091965982,32.74,49.7,4,0.0,1182.0,455.0,0.0,1083.0,408.0,0,3,1,-0.04789518684647579,0.07348834565260318,0.013031125518281936,-0.07352363140351117,0.1187112625950973,0.02630019499472569,-0.10221102202342147,0.18243684529304682,0.03611207991475279
92,least_connections,2405,measured,371,320,14,medium,0,100.0,80.0,5,1020.0,822.0,0.0,844.0,756.0,0.0,3,2,0,0.023338364401394876,0.04438388069635613,-0.009068117007548632,0.15218323563943958,0.24580060248105368,-0.05818928147271038,0.09566714691238204,0.1704297525397362,-0.04123680334668912,48.14,47.94,4,1304.0,381.0,0.0,1189.0,345.0,0.0,3,1,0,0.04834452297078275,-0.0049471663951294875,-0.01184335056656772,0.1608548657641916,-0.02941145423512921,-0.03278568571078144,0.17024792123565405,-0.030784252482669444,-0.03316297022549361,32.74,49.7,4,393.0,1244.0,0.0,335.0,1156.0,0.0,1,3,0,-0.00024984025338739557,0.0664894555904505,-0.03129383428164514,0.0045929049206327455,0.11862447568127851,-0.058537918814295806,0.008555107058174222,0.18707778066196304,-0.0903747848390332
92,least_connections,2406,measured,189,113,3,light,1,97.8,64.85,4,645.0,822.0,0.0,541.0,756.0,0.0,2,2,0,-0.021968237196923895,0.04015684443956031,-0.008204486816353525,-0.08850088204050705,0.22239102129238192,-0.05264744514197606,-0.05051543850784479,0.1541983475359518,-0.03730948874224253,53.54,51.47,5,1493.0,381.0,0.0,1302.0,345.0,0.0,4,1,0,0.08682418291460843,-0.004476007690831438,-0.010715412417370795,0.19439249759617336,-0.026610363355593095,-0.029663239452611782,0.18598323826082983,-0.02785241891289139,-0.030004592108779933,32.74,49.7,4,801.0,836.0,0.0,756.0,735.0,0.0,2,2,0,0.04285785428321639,0.0170732262598407,-0.028313469111964647,0.07798405683295344,0.033498335140204366,-0.052962878927220014,0.13470858892564969,0.0422925952020935,-0.081767662473411
92,least_connections,2407,measured,421,413,17,heavy,0,100.0,80.45,4,464.0,822.0,421.0,440.0,756.0,413.0,1,2,1,-0.06295992435730756,0.036332383064364086,0.03566079310719941,-0.18924682978268098,0.2012109240264408,0.2063031051890058,-0.09139492055471674,0.1395127906277659,0.15307712923320912,53.54,51.47,5,1493.0,381.0,0.0,1302.0,345.0,0.0,4,1,0,0.07855521311321716,-0.004049721244085591,-0.009694896949049767,0.1758789263965378,-0.02407604303601281,-0.02683816902855352,0.16827054890265555,-0.025199807587854117,-0.02714701190794375,32.74,49.7,4,1182.0,455.0,0.0,1083.0,408.0,0.0,3,1,0,0.08186005410204839,-0.027636695515472917,-0.02561694824415849,0.13949986094410072,-0.03863483963505318,-0.04791879521986573,0.22049824712320684,-0.06035431862667731,-0.07398026604737186
92,least_connections,2408,measured,150,109,1,light,0,100.0,85.9,5,614.0,822.0,421.0,549.0,756.0,413.0,2,2,1,-0.013879840858425668,0.03287215610585322,0.032264527096989945,-0.08074713170813996,0.1820479788810655,0.1866551904091005,-0.033381118597124615,0.1262258581870263,0.13849835502052255,40.23,38.47,4,1027.0,381.0,0.0,886.0,345.0,0.0,3,1,0,0.027989864018534344,-0.0036640335065536295,-0.008771573430092647,0.03866596741999678,-0.021783086556392536,-0.024282152930596042,0.03462573472145025,-0.0227998259128204,-0.024561582202425297,32.74,49.7,4,1182.0,455.0,0.0,1083.0,408.0,0.0,3,1,0,0.07406385847328187,-0.025004629275904064,-0.023177238887571967,0.12621415990180543,-0.03495533109838145,-0.04335510043702138,0.19949841406385382,-0.054606288281279475,-0.06693452642381263
92,least_connections,2409,measured,381,313,14,medium,1,100.0,80.45,4,464.0,822.0,421.0,440.0,756.0,413.0,1,2,1,-0.055641851479618684,0.02974147457196244,0.029191714992514717,-0.16353311916450758,0.16471007613048783,0.16887850560823378,-0.07951148825454132,0.11420434788349998,0.1253080354947585,34.83,34.22,3,838.0,381.0,0.0,782.0,313.0,0.0,2,1,0,-0.017759737543321524,-0.003315077934500907,-0.007936185484369538,-0.013873648524764803,-0.019708506884355145,-0.021969566937205944,0.0019232837955978632,-0.029676032968742272,-0.02222238389743241,32.74,49.7,4,1182.0,455.0,0.0,1083.0,408.0,0.0,3,1,0,0.06701015766630264,-0.02262323601153224,-0.020969882803041302,0.1141937637206811,-0.03162625194615465,-0.039226043252543155,0.18049856510539156,-0.0494056893973481,-0.06055980962154476
92,least_connections,2410,measured,396,308,10,medium,1,82.87,58.45,3,0.0,1243.0,0.0,0.0,1169.0,0.0,0,3,0,-0.09342652775593618,0.06999285341091387,-0.016672348566863098,-0.42783155225995134,0.40295991014980637,-0.10114166952905833,-0.2709865846112517,0.2901610766565,-0.07345939645712325,33.09,30.19,3,381.0,777.0,0.0,345.0,621.0,0.0,1,2,0,-0.059152234194524464,0.040084544000304166,-0.007180358295381962,-0.1306884030870321,0.08453584071007325,-0.019877227228900618,-0.12181643370874479,0.06023358921875699,-0.020105966383391228,32.74,49.7,4,1182.0,455.0,0.0,1083.0,408.0,0.0,3,1,0,0.06062823788855953,-0.020468642105672022,-0.01897275110751356,0.10331816717585432,-0.02861422795128278,-0.035490229609443806,0.16330822557154476,-0.04470038564521972,-0.054792208705207165
92,least_connections,2411,measured,185,111,4,light,0,95.2,64.0,4,636.0,792.0,0.0,547.0,733.0,0.0,2,2,0,0.0016390372457629476,0.020242967145021856,-0.01508450584620947,-0.0034666425209083918,0.09255102981807883,-0.09150912957390991,0.002274042494581796,0.06528859316540475,-0.06646326346120675,33.09,30.19,3,381.0,777.0,0.0,345.0,621.0,0.0,1,2,0,-0.05351868808076023,0.03626696838122758,-0.006496514648202728,-0.11824188850731475,0.07648480826149484,-0.01798415796900532,-0.11021486859362623,0.05449705691220871,-0.018191112442115874,32.74,49.7,4,1182.0,455.0,0.0,1083.0,408.0,0.0,3,1,0,0.054854119994411005,-0.018519247619417548,-0.017165822430607505,0.09347834173053485,-0.025889063384493954,-0.03211020774187773,0.14775506123139764,-0.04044320605996071,-0.049573903114235054
92,least_connections,2412,measured,379,334,15,medium,1,95.2,64.0,4,1007.0,421.0,0.0,867.0,413.0,0.0,3,1,0,0.04456683868720955,-0.024768834714594734,-0.013647886241808568,0.22064129168743207,-0.14004113175189692,-0.08279397437639469,0.1468193717808121,-0.08569127285034808,-0.06013342884585372,43.91,40.62,4,381.0,777.0,379.0,345.0,621.0,334.0,1,2,1,-0.04842167016830687,0.03281297139253924,0.03720610125933585,-0.10698075626852287,0.06920054080801916,0.08170140809607002,-0.0997182144418523,0.04930686101580786,0.07797589826665707,24.88,38.53,3,1244.0,0.0,0.0,1156.0,0.0,0.0,3,0,0,0.049629918090181385,-0.05983940997765896,-0.015530982199121076,0.09579469013715056,-0.10575677163358976,-0.029052092718841755,0.15569902365380425,-0.1596390911971073,-0.044852579008117434
92,least_connections,2413,measured,175,125,4,light,2,95.2,64.0,4,1007.0,421.0,0.0,867.0,413.0,0.0,3,1,0,0.04032237785985626,-0.022409898075109513,-0.012348087552112514,0.19962783533624806,-0.1267038811088591,-0.07490883395959519,0.13283657446835384,-0.07753019924555302,-0.05440643562243908,43.91,40.62,4,777.0,760.0,0.0,653.0,647.0,0.0,2,2,0,-0.0007261823064726447,0.02968792649801169,-0.009421237182596357,0.005575234124397699,0.05821545528888805,-0.024052467504916242,-0.0031379083045330325,0.0519621599666833,-0.02388490156826265,20.22,28.67,3,1011.0,0.0,0.0,860.0,0.0,0.0,3,0,0,0.04490325922444982,-0.05414041855121525,-0.014051841037300021,0.04450948155266002,-0.09568469814467645,-0.026285226745618732,0.05160070394074351,-0.14443536822595424,-0.04058090481686816
92,least_connections,2414,measured,368,342,13,medium,2,95.2,64.0,4,1007.0,421.0,0.0,867.0,413.0,0.0,3,1,0,0.0364821513970128,-0.020275622067956217,-0.011172079213816084,0.1806156605423197,-0.11463684481277725,-0.0677746592967766,0.12018547213803443,-0.07014637074597654,-0.04922487032506393,43.91,40.62,4,777.0,760.0,0.0,653.0,647.0,0.0,2,2,0,-0.0006570220868085952,0.026860504926772485,-0.008523976498539561,0.005044259445883631,0.05267112621375586,-0.02176175631397184,-0.002839059894577528,0.047013382826999184,-0.02161014903795192,19.96,29.17,3,630.0,368.0,0.0,533.0,342.0,0.0,2,1,0,-0.0024571418808265744,-0.005900287986246908,-0.012713570462319067,-0.02867237383330762,-0.01998139355946918,-0.023781871817464568,-0.05193269643456541,-0.027536761728244305,-0.03671605673907119
92,least_connections,2415,measured,480,409,13,heavy,2,82.87,58.45,3,822.0,421.0,0.0,756.0,413.0,0.0,2,1,0,-0.010076239438983892,-0.01834461044243657,-0.010108071669643124,0.051826867474797256,-0.10371905006870319,-0.06131992983994074,0.0585249509820312,-0.06346576400826451,-0.044536787436962606,43.91,40.62,4,777.0,760.0,0.0,653.0,647.0,0.0,2,2,0,-0.0005944485547315914,0.0243023616004132,-0.0077121692129643645,0.004563853784370908,0.04765482847911243,-0.019689208093593567,-0.002568673237951097,0.042535917795856415,-0.019552039605766024,29.56,42.8,4,630.0,848.0,0.0,533.0,751.0,0.0,2,2,0,-0.002223128368366911,0.037745544429676835,-0.01150275422781249,-0.0259416715634688,0.06877873916048027,-0.021516931644372704,-0.04698672534555917,0.09843499335698533,-0.03321928943058822
92,least_connections,2416,measured,400,307,11,medium,0,100.0,73.8,4,822.0,821.0,0.0,756.0,720.0,0.0,2,2,0,-0.009116597587652098,0.026486395540743335,-0.00914539817729616,0.04689097533434039,0.14742879596958597,-0.055479936521851146,0.05295114612659968,0.08145954684966544,-0.04029518863344236,33.03,29.84,3,777.0,379.0,0.0,621.0,334.0,0.0,2,1,0,-0.0005378344066619134,-0.02109604925495495,-0.006977676906967758,0.004129201043002267,-0.055373522532503716,-0.01781404541801323,-0.011371656739098623,-0.050012145803748964,-0.01768994059569307,29.56,42.8,4,630.0,848.0,0.0,533.0,751.0,0.0,2,2,0,-0.002011401857093864,0.03415073067446952,-0.010407253825163682,-0.023471036176471782,0.06222838304995834,-0.019467700059194352,-0.042511799122172594,0.0890602320848915,-0.030055547580056005
92,least_connections,2417,measured,199,121,5,light,1,100.0,73.8,4,1243.0,400.0,0.0,1169.0,307.0,0.0,3,1,0,0.034835550028405465,-0.01912001854703721,-0.008274407874696525,0.29636167609614916,-0.12054854967831113,-0.05019613304357961,0.23474151316216163,-0.11313183856458844,-0.03645755162073356,38.71,33.62,4,976.0,379.0,0.0,742.0,334.0,0.0,3,1,0,0.04259728814453945,-0.019086901706864,-0.006313136249161305,0.05517812067155986,-0.05009985371988429,-0.01611746966391673,0.023922667712244078,-0.04524908429863003,-0.016005184348484205,26.06,38.63,3,455.0,848.0,0.0,408.0,751.0,0.0,1,2,0,-0.04490374000222325,0.03089828013404386,-0.009416086794195713,-0.05290236606442683,0.056301870378533736,-0.017613633386890128,-0.07616146904704504,0.08057830521966375,-0.02719311447719353
92,least_connections,2418,measured,487,422,16,heavy,2,79.47,52.0,3,792.0,400.0,0.0,733.0,307.0,0.0,2,1,0,-0.011566021629628609,-0.01729906439970033,-0.0074863690294873315,-0.0038949914685634246,-0.10906773542323389,-0.04541554894419107,0.015147083337193834,-0.10235737774891338,-0.03298540384733036,38.71,33.62,4,976.0,379.0,0.0,742.0,334.0,0.0,3,1,0,0.03854040355934521,-0.017269101544305526,-0.005711885177812609,0.04992306155998272,-0.04532843907989531,-0.014582472553067518,0.02164431840631606,-0.04093964769876052,-0.014480881077199996,35.8,52.7,4,455.0,848.0,487.0,408.0,751.0,422.0,1,2,1,-0.04062719333534484,0.027955586787944436,0.034564583603437435,-0.04786404548686235,0.05093978748534003,0.07218766503090893,-0.06890799580446935,0.07290418091302911,0.10266654721904712
92,least_connections,2419,measured,352,332,11,medium,0,78.2,52.6,3,421.0,752.0,0.0,413.0,639.0,0.0,1,2,0,-0.053548395986897535,0.02743236576988564,-0.00677338150286949,-0.22730181767790664,0.1136371282678677,-0.04109025856855383,-0.13105740079015796,0.05758142013193551,-0.02984393681425128,38.71,33.62,4,976.0,379.0,0.0,742.0,334.0,0.0,3,1,0,0.03486988893464567,-0.015624425206752612,-0.005167896113259027,0.0451684842685558,-0.04101144488181002,-0.013193665643251563,0.019582954748571663,-0.03704063363221191,-0.01310174954603809,26.7,39.1,3,0.0,848.0,487.0,0.0,751.0,422.0,0,2,1,-0.07984183705397413,0.02529314995099735,0.03127271849834816,-0.12563889829763736,0.046088379153402886,0.06531264931367951,-0.18539294858499608,0.06596092558797872,0.09288878081723312
92,least_connections,2420,measured,381,324,13,medium,0,100.0,68.8,4,821.0,733.0,0.0,720.0,656.0,0.0,2,2,0,-0.00536464852329277,0.024819759506087002,-0.006128297550215253,0.035615815751735336,0.09135422716299146,-0.03717690060964394,0.02030520880890474,0.05978795154794164,-0.027001657117655918,27.4,24.0,3,959.0,0.0,0.0,768.0,0.0,0.0,3,0,0,0.03154894713134608,-0.057220284937628776,-0.004675715531043882,0.03647216603889744,-0.13507838210395057,-0.011937126058179986,0.02506910191537437,-0.12794747804819173,-0.011853963874986844,26.7,39.1,3,368.0,967.0,0.0,342.0,831.0,0.0,1,2,0,-0.029153952345885886,0.02288427852709285,-0.014789535871109033,-0.04708281274548143,0.06323234304355499,-0.029031412525718538,-0.0645936201483298,0.083805916801822,-0.04322761100663035
92,least_connections,2421,measured,374,308,11,medium,1,100.0,68.8,4,821.0,733.0,0.0,720.0,656.0,0.0,2,2,0,-0.004853729616312502,0.022455972886459674,-0.005544650164480467,0.0322238332991891,0.08265382457603987,-0.033636243408725466,0.01837137939853284,0.05409386092432816,-0.024430070725498212,38.09,33.62,4,959.0,374.0,0.0,768.0,308.0,0.0,3,1,0,0.02854428549978931,-0.00868683376443058,-0.004230409289992083,0.032998626416145316,-0.025533502175683162,-0.010800256909781892,0.02268156839962443,-0.028678670615030613,-0.010725014934511907,26.7,39.1,3,848.0,487.0,0.0,751.0,422.0,0.0,2,1,0,0.01670651477095586,-0.022379076797482883,-0.013381008645289126,0.044258407515993,-0.029646927722497843,-0.026266516094697726,0.06490735954833657,-0.0475248054332722,-0.039110695672665556
92,least_connections,2422,measured,485,401,18,heavy,2,100.0,68.8,4,821.0,733.0,0.0,720.0,656.0,0.0,2,2,0,-0.004391469652854169,0.020317308802034945,-0.005016588244053756,0.029154896794504448,0.07478203175927417,-0.030432791655513516,0.016621724217720235,0.04894206464582074,-0.02210339732306981,32.4,29.84,3,760.0,374.0,0.0,647.0,308.0,0.0,2,1,0,-0.017258118107900372,-0.00785951626305624,-0.0038275131671356944,-0.021586276779950203,-0.023101740063713336,-0.009771661013612187,-0.013689890495577894,-0.025947368651694364,-0.009703584940748869,36.4,52.47,4,848.0,487.0,485.0,751.0,422.0,401.0,2,1,1,0.015115418126102925,-0.020247736150103557,0.030977273357210063,0.04004332108589842,-0.02682341079654567,0.06399696162860682,0.05872570625801882,-0.04299863348724628,0.08555064042314385
92,least_connections,2423,measured,172,102,4,light,1,100.0,68.8,4,1173.0,381.0,0.0,1052.0,324.0,0.0,3,1,0,0.03911066577893693,-0.024701573215392417,-0.004538817935096255,0.23869570027439302,-0.1446575268209742,-0.02753443054546461,0.16522917905412787,-0.10590956055854314,-0.01999831186372983,26.43,23.25,3,551.0,374.0,0.0,436.0,308.0,0.0,2,1,0,-0.015614487811909855,-0.007110990904669934,-0.0034629881035989616,-0.07355765178049917,-0.020901574343359694,-0.008841026631363408,-0.07204382949599902,-0.023476190684866338,-0.008779433994010882,36.4,52.47,4,848.0,487.0,485.0,751.0,422.0,401.0,2,1,1,0.013675854495045492,-0.018319380326284176,0.028027056846999583,0.03622967145867001,-0.02426880024449371,0.05790201290207284,0.05313278185249323,-0.03890352553607998,0.07740296038284444
92,least_connections,2424,measured,378,321,12,medium,1,75.53,48.15,3,752.0,381.0,0.0,639.0,324.0,0.0,2,1,0,-0.007698059760100157,-0.022349042432974087,-0.004106549560325183,-0.03797373149777139,-0.130880619504691,-0.02491210382684893,-0.037340266570074776,-0.09582293574344378,-0.0180937107338508,37.23,33.28,4,551.0,752.0,0.0,436.0,629.0,0.0,2,2,0,-0.014127393734585103,0.036650146551103616,-0.003133179712780013,-0.06655216113473736,0.07880333749886503,-0.007999024095043083,-0.06518251240114198,0.06951856557083522,-0.007943297423152702,36.4,52.47,4,848.0,487.0,485.0,751.0,422.0,401.0,2,1,1,0.012373392162184027,-0.016574677438066635,0.025357813337761527,0.03277922655784429,-0.02195748593549432,0.05238753548282781,0.04807251691416056,-0.03519842786597713,0.07003124987019259
92,least_connections,2425,measured,384,309,11,medium,0,100.0,63.6,4,752.0,765.0,0.0,639.0,633.0,0.0,2,2,0,-0.006964911211519181,0.02286333802549509,-0.003715449602198975,-0.03435718564084078,0.11320324901956536,-0.022539522510006176,-0.03378405070625812,0.05308877242259846,-0.01637050018776977,37.23,33.28,4,925.0,378.0,0.0,744.0,321.0,0.0,3,1,0,0.030301972562132753,-0.009924243823377907,-0.002834781644896202,0.03646641203455736,-0.02538201437177516,-0.007237212276467552,0.02810867925610966,-0.024185583531149094,-0.007186792906661969,36.4,52.47,4,848.0,487.0,485.0,751.0,422.0,401.0,2,1,1,0.011194973861023638,-0.014996136729679338,0.022942783496069954,0.029657395457097224,-0.019866296798780575,0.047398246389225164,0.043494181969954804,-0.031846196640645974,0.06336160702541234
92,least_connections,2426,measured,152,123,8,light,0,100.0,69.75,5,1133.0,536.0,0.0,963.0,432.0,0.0,3,2,0,0.03678231389252573,0.020685877261162222,-0.003361597259132406,0.19872445108685832,-0.035704996918805965,-0.020392901318577017,0.11600490650386164,-0.04289587257002994,-0.014811404931791698,37.23,33.28,4,925.0,378.0,0.0,744.0,321.0,0.0,3,1,0,0.02741607041335821,-0.00897907774496097,-0.0025648024406203732,0.03299342041221856,-0.022964679669701324,-0.006547953964423023,0.02543166218409923,-0.0218821946234206,-0.006502336439360829,36.4,52.47,4,848.0,972.0,0.0,751.0,823.0,0.0,2,2,0,0.010128785874259472,0.029515966995142723,-0.022326143730313122,0.02683288160404035,0.06978763622967471,-0.04487777707641533,0.0393518789251972,0.09212328240449491,-0.06360933967542057
92,least_connections,2427,measured,367,347,16,medium,1,84.6,54.4,4,885.0,384.0,0.0,779.0,309.0,0.0,3,1,0,0.033279236378951846,-0.02436810651427726,-0.0030414451392150343,0.030211011300808277,-0.12398706070431653,-0.0184507202406173,0.021718724932065336,-0.09445340851574138,-0.013400794938287726,31.97,30.5,3,374.0,378.0,367.0,308.0,321.0,347.0,1,1,1,-0.06136278436523826,-0.008123927483536117,0.0407633646852437,-0.1125841842528907,-0.020777567320205956,0.08894640899817509,-0.10026421040486261,-0.019798176087856736,0.09222705274534021,29.04,41.07,3,967.0,485.0,0.0,831.0,401.0,0.0,2,1,0,0.009164139600520482,-0.01637897770734252,-0.020199844327426157,0.045810702403655534,-0.024982614839818104,-0.04060370306913768,0.059731065059305394,-0.0439202048086316,-0.05755130732538052
92,least_connections,2428,measured,492,443,16,heavy,1,84.6,54.4,4,885.0,384.0,0.0,779.0,309.0,0.0,3,1,0,0.03010978529524215,-0.022047334465298468,-0.002751783697385031,0.027333772129302658,-0.11217876920866737,-0.016693508789129938,0.019650274938535273,-0.0854578457999565,-0.012124528753688895,46.03,44.34,4,374.0,378.0,859.0,308.0,321.0,790.0,1,1,2,-0.055518709663787,-0.0073502201041517196,0.07996503970388262,-0.10186188099071063,-0.01879875138494823,0.2076589958963081,-0.09071523798535189,-0.017912635508060853,0.20869650010292687,19.44,27.43,2,487.0,485.0,0.0,422.0,401.0,0.0,1,1,0,-0.034792535826286455,-0.014819075068548002,-0.018276049629576047,-0.045409364491930684,-0.022603318188406857,-0.03673668372921981,-0.06930681415269199,-0.03973732816019049,-0.05207023043724904
92,least_connections,2429,measured,387,330,16,medium,2,84.6,54.4,4,1269.0,0.0,0.0,1088.0,0.0,0.0,4,0,0,0.07032608692245265,-0.0630314885525036,-0.0024897090595388375,0.2563496033550834,-0.33311412452212763,-0.0151036508092128,0.15756453446819862,-0.21710471762853206,-0.010969811729528049,46.03,44.34,4,752.0,367.0,492.0,629.0,347.0,443.0,2,1,1,-0.007147313278573736,-0.006650199141851554,0.02926542141008881,0.005553536246499902,-0.01985193152515724,0.09301120036876853,0.008683237060872095,-0.008855479745388375,0.0907105239026481,27.18,38.43,3,487.0,485.0,387.0,422.0,401.0,330.0,1,1,1,-0.03147896098568774,-0.01340773458582914,0.02654842675237904,-0.041084663111746814,-0.0204506212180824,0.03679061948308684,-0.06270616518576896,-0.03595282071636283,0.05241264865201277
92,least_connections,2430,measured,389,339,14,medium,2,61.13,37.8,3,917.0,0.0,0.0,756.0,0.0,0.0,3,0,0,0.020544464131652174,-0.05702848964274135,-0.002252593911011329,0.01961789509904377,-0.30138896980573454,-0.013665207875002057,-0.007632087862106007,-0.19642807785438615,-0.009925067755287282,46.03,44.34,4,752.0,859.0,0.0,629.0,790.0,0.0,2,2,0,-0.0064666167758524185,0.03706705338412977,-0.016605661808105587,0.0050246280325475234,0.10922240208948358,-0.04303068265954956,0.0078562621026938,0.11724087546845813,-0.043181549802366,34.96,49.73,4,487.0,874.0,387.0,422.0,740.0,330.0,1,2,1,-0.028480964701336528,0.03095309274434052,0.02402000515691437,-0.037171838053485215,0.05188753318363974,0.033286750960888095,-0.05673414945379099,0.06970935268519557,0.047420967828011557
92,least_connections,2431,measured,358,304,11,medium,0,85.0,53.0,4,917.0,358.0,0.0,756.0,304.0,0.0,3,1,0,0.018587848500066256,-0.008513304688103851,-0.002038061157581679,0.017749524137230077,-0.056748750459156644,-0.012363759505954242,-0.006905222351429208,-0.04019683234444463,-0.008979823207164683,46.03,44.34,4,752.0,859.0,0.0,629.0,790.0,0.0,2,2,0,-0.0058507485114855096,0.033536857823736464,-0.015024170207333626,0.004546092029447751,0.09882026855715181,-0.03893252240625913,0.007108046664342005,0.10607507780479547,-0.039069021249759715,34.96,49.73,4,487.0,1261.0,0.0,422.0,1070.0,0.0,1,3,0,-0.025768491872637814,0.07108907937639879,-0.021351514608596744,-0.03363166300077235,0.11697443478519784,-0.03991198722586315,-0.05133089712485853,0.16259417623898648,-0.056619124346084786
92,least_connections,2432,measured,417,400,13,heavy,0,100.0,73.0,5,917.0,775.0,0.0,756.0,704.0,0.0,3,2,0,0.016817577214345653,0.03538138646133007,-0.0018439600949548523,0.01605909326701771,0.20017970196552498,-0.011186258600625268,-0.006247582127483553,0.1445838183550263,-0.008124601949339475,35.34,34.72,3,378.0,859.0,0.0,321.0,790.0,0.0,1,2,0,-0.04837743459429188,0.030342871364333,-0.013593296854254233,-0.09256714122505748,0.08940881440885162,-0.03522466312947255,-0.08065224349416678,0.095972689442434,-0.03534816208311593,34.96,49.73,4,487.0,1261.0,0.0,422.0,1070.0,0.0,1,3,0,-0.023314349789529454,0.0643186908643608,-0.019318037026825625,-0.030428647476889267,0.1058340124247028,-0.03611084558530476,-0.046442240255824385,0.14710901659717823,-0.051226826789314804
92,least_connections,2433,measured,355,327,13,medium,1,87.4,56.8,4,536.0,775.0,0.0,432.0,704.0,0.0,2,2,0,-0.02786799703282558,0.032011730607870076,-0.001668344847816295,-0.21527986799650783,0.1811149684449988,-0.010120900638660956,-0.15222400287724705,0.13081393089264284,-0.007350830335116668,45.49,44.94,4,378.0,1214.0,0.0,321.0,1117.0,0.0,1,3,0,-0.043770059871025974,0.07053697431829675,-0.012298697153849068,-0.08375122301314723,0.17266239671004943,-0.03186993330761802,-0.0729710774471033,0.17928779044791646,-0.03198167045615251,34.96,49.73,4,972.0,776.0,0.0,823.0,669.0,0.0,2,2,0,0.02198996470289738,0.01510920103147384,-0.017478223976651757,0.060231223711385895,0.00799267790806446,-0.03267171743432335,0.07891733818123825,0.012162126127605671,-0.046348081380808634
92,least_connections,2434,measured,499,407,18,heavy,0,100.0,71.0,4,384.0,775.0,499.0,309.0,704.0,407.0,1,2,1,-0.06829780230407574,0.028962994359501504,0.04157444536444739,-0.2864595631079515,0.16386592383118942,0.2918271216443861,-0.1933693359365569,0.11835546128381971,0.17746829636346587,45.49,44.94,4,378.0,1214.0,0.0,321.0,1117.0,0.0,1,3,0,-0.03960148274045207,0.06381916724036373,-0.011127392663006299,-0.07577491605951416,0.15621835892813996,-0.02883470156403535,-0.06602145102356966,0.16221276278621014,-0.028935797079376078,25.22,35.67,3,485.0,776.0,0.0,401.0,669.0,0.0,1,2,0,-0.023188217876516884,0.013670229504666814,-0.015813631216970638,-0.0336288928325556,0.007231470488248792,-0.02956012529772113,-0.05586844005824476,0.01100382840116701,-0.04193397839216019
92,least_connections,2435,measured,489,404,15,heavy,2,100.0,71.0,4,742.0,417.0,499.0,613.0,400.0,407.0,2,1,1,-0.018709349476930204,-0.016879286282446476,0.03761497437735716,-0.043241192018305286,-0.06767686256543182,0.26403406244015887,-0.03742939918069438,-0.030440296933686883,0.1605665538526596,45.49,44.94,4,378.0,1214.0,0.0,321.0,1117.0,0.0,1,3,0,-0.03582991295564711,0.05774115131271003,-0.010067640980815223,-0.06855825738717948,0.14134041998260283,-0.0260885395103177,-0.05973369378322971,0.1467639282351425,-0.02618000688134026,35.0,49.13,4,485.0,776.0,489.0,401.0,669.0,404.0,1,2,1,-0.02097981617399146,0.012368302885174737,0.028776329125688695,-0.03042614113421696,0.006542759013177468,0.06174083901634755,-0.05054763624317382,0.009955844743913006,0.08390100367693443
92,least_connections,2436,measured,394,306,13,medium,0,100.0,70.85,4,358.0,811.0,499.0,304.0,706.0,407.0,1,2,1,-0.06001140689636088,0.027812165018829604,0.03403259586522791,-0.27074203087370474,0.17641934656778385,0.23888796125538184,-0.173650408782533,0.11088735039333086,0.14527450110478726,34.69,34.91,3,367.0,847.0,0.0,347.0,770.0,0.0,1,2,0,-0.032417540293204525,0.00915809381807553,-0.009108818030261394,-0.06487243695574742,0.0330086793039876,-0.02360391669981125,-0.04669358008958878,0.03467629221274798,-0.02368667289264119,35.0,49.13,4,485.0,1265.0,0.0,401.0,1073.0,0.0,1,3,0,-0.018981738443135124,0.05427426950382022,-0.017048173874943787,-0.027528413407148677,0.09440535339287487,-0.032624955175685554,-0.04573357564858585,0.13084893889528637,-0.04593083794309107
92,least_connections,2437,measured,156,121,7,light,1,100.0,70.85,4,358.0,811.0,499.0,304.0,706.0,407.0,1,2,1,-0.05429603481099317,0.025163387397988693,0.030791396259015724,-0.2449570755523995,0.15961750403751873,0.21613672685010737,-0.15711227461276797,0.1003266503558708,0.13143883433290277,39.14,38.69,4,1015.0,355.0,0.0,911.0,327.0,0.0,3,1,0,0.05683764495013921,-0.03479800581992712,-0.00824131155118888,0.10881609445500401,-0.09731867790863705,-0.02135592463316256,0.11721771325227678,-0.09387918799798993,-0.02143079928381822,35.0,49.13,4,874.0,876.0,0.0,740.0,734.0,0.0,2,2,0,0.025909946397254163,0.006021391229079964,-0.015424538267806284,0.04548381644115121,0.015023891164982012,-0.029517816587525024,0.060860098222708076,0.01614903995287814,-0.041556472424701445
92,least_connections,2438,measured,167,100,5,light,0,100.0,75.85,5,942.0,893.0,0.0,804.0,713.0,0.0,3,2,0,0.037042816576901866,0.022766874312465962,-0.015225017897171712,0.13062613799227346,0.19387615444664402,-0.10543185031022032,0.08404127535035277,0.09393839794102599,-0.06519819750832606,39.14,38.69,4,1015.0,355.0,0.0,911.0,327.0,0.0,3,1,0,0.05142453590726881,-0.0314839100275531,-0.0074564247367899395,0.09845265688786076,-0.08805023239352874,-0.019322027049051838,0.1060541215139647,-0.08493831295056233,-0.019389770780597438,35.0,49.13,4,1261.0,489.0,0.0,1070.0,404.0,0.0,3,1,0,0.06652623268141589,-0.03763597482901834,-0.013955534623253305,0.1111805958277082,-0.056435527041206746,-0.026706595960141688,0.15458770791578352,-0.08491277337596742,-0.03759871314615845
92,least_connections,2439,measured,441,408,15,heavy,1,100.0,75.85,5,942.0,893.0,0.0,804.0,713.0,0.0,3,2,0,0.033514929283863584,0.020598600568421582,-0.013775016192679169,0.11818555342158077,0.17541175878505888,-0.09539072170924695,0.07603734436460485,0.08499188385140449,-0.05898884536467596,51.74,51.44,5,1370.0,0.0,441.0,1238.0,0.0,408.0,4,0,1,0.08961086128571487,-0.07156934263263874,0.03633761117918552,0.18084492085772436,-0.17143320345809063,0.09651816600323881,0.1884090861316824,-0.16930430695527068,0.09781401691279279,35.0,49.13,4,1261.0,489.0,0.0,1070.0,404.0,0.0,3,1,0,0.06019040099747151,-0.03405159627387373,-0.012626436087705372,0.10059196765364076,-0.0510607149420442,-0.024163110630604386,0.1398650690666613,-0.07682584257825623,-0.03401788332271479
92,least_connections,2440,measured,391,345,7,medium,2,100.0,75.85,5,942.0,893.0,0.0,804.0,713.0,0.0,3,2,0,0.03032303125682896,0.018636829085714762,-0.012463109888614486,0.10692978642904927,0.15870587699600563,-0.08630589107027105,0.06879569252035678,0.07689741872269928,-0.05337086009184968,51.74,51.44,5,1370.0,441.0,0.0,1238.0,408.0,0.0,4,1,0,0.08107649354421821,-0.02166931453610625,-0.010207013921779994,0.1636215950617506,-0.04110623170017724,-0.02667404028278393,0.17046536364295073,-0.03782294438810205,-0.026858746602711283,33.12,47.27,4,1167.0,489.0,0.0,1014.0,404.0,0.0,3,1,0,0.054457981854855175,-0.03080858710493338,-0.011423918365066765,0.07400225644853212,-0.046197789709468556,-0.021861861999118253,0.10965569740951897,-0.06950909566604135,-0.030778084911027667
92,least_connections,2441,measured,394,308,11,medium,2,100.0,75.85,5,942.0,893.0,0.0,804.0,713.0,0.0,3,2,0,0.027435123518083346,0.01686189298231336,-0.011276147042079772,0.09674599724533028,0.1435910315678146,-0.0780862823969119,0.06224372180413229,0.06957385503482316,-0.048287921035483045,51.74,51.44,5,1370.0,441.0,0.0,1238.0,408.0,0.0,4,1,0,0.07335492273048315,-0.019605570294572314,-0.009234917357800947,0.14803858600825057,-0.03719135249063657,-0.024133655493947366,0.15423056710552685,-0.034220759208282825,-0.0243007707357864,41.0,57.53,5,1167.0,883.0,0.0,1014.0,712.0,0.0,3,2,0,0.049271507392488006,0.015209464274674789,-0.01033592613982231,0.06695442250105285,0.029497237881909416,-0.019779779903964134,0.09921229765623146,0.02999970709580388,-0.027846838729025034
92,least_connections,2442,measured,462,415,19,heavy,0,100.0,81.4,5,978.0,499.0,462.0,806.0,407.0,415.0,3,1,1,0.024822254611599218,-0.027827901814188136,0.032881671950589955,0.10924637846006069,-0.10773509842277096,0.20801717306946066,0.057220510203738695,-0.07548079782563619,0.14404902382503915,51.74,51.44,5,1370.0,441.0,0.0,1238.0,408.0,0.0,4,1,0,0.06636873961329427,-0.017738373123660667,-0.008355401418962762,0.13393967305508386,-0.03364931892009976,-0.021835212113571426,0.13954194166690526,-0.030961639283684478,-0.021986411618092457,41.0,57.53,5,1167.0,883.0,0.0,1014.0,712.0,0.0,3,2,0,0.04457898287891772,0.013760943867562908,-0.009351552221743996,0.0605778108342859,0.026687977131251372,-0.017895991341681836,0.08976350740325703,0.02714259213429876,-0.02519475885007027
92,least_connections,2443,measured,159,108,5,light,0,100.0,81.8,5,970.0,499.0,462.0,814.0,407.0,415.0,3,1,1,0.022458230362875475,-0.02517762545093212,0.029750084145771863,0.09401656463846753,-0.09747461285869757,0.188206013729512,0.05538998542243018,-0.06829215041367084,0.13033006917503542,41.26,40.59,4,1003.0,441.0,0.0,891.0,408.0,0.0,3,1,0,0.01696400704241366,-0.01604900425474061,-0.007559648902871071,0.026312765417184747,-0.030444621880090256,-0.0197556681027551,0.02814211388910476,-0.028012911732857387,-0.019892467654464605,41.0,57.53,5,1656.0,394.0,0.0,1418.0,308.0,0.0,4,1,0,0.0834172656886353,-0.030633522441819494,-0.00846092820062552,0.14329420980244914,-0.06433944926220116,-0.016191611213902612,0.20305587177755002,-0.0972836864816662,-0.022795258007206432
92,least_connections,2444,measured,374,319,14,medium,1,100.0,81.8,5,970.0,499.0,462.0,814.0,407.0,415.0,3,1,1,0.020319351280696854,-0.02277975636036715,0.026916742798555496,0.08506260610147065,-0.0881913163959645,0.1702816314695585,0.050114748715532065,-0.06178813608855935,0.11791768163455586,33.43,32.94,3,355.0,815.0,0.0,327.0,727.0,0.0,1,2,0,-0.07081941312942618,0.028563372567706344,-0.006839682340692874,-0.14370341632322742,0.06913513802685708,-0.017874175902492708,-0.13400237314795282,0.06484843700360521,-0.017997946925467977,33.22,46.23,4,1267.0,394.0,0.0,1079.0,308.0,0.0,3,1,0,0.0323888639677222,-0.027716044114027158,-0.00765512551485166,0.059256666011739706,-0.05821188266580106,-0.014649553003054745,0.08147912208445002,-0.08801857348341229,-0.020624281054139153
92,least_connections,2445,measured,403,423,13,heavy,1,100.0,61.8,4,1052.0,0.0,462.0,821.0,0.0,415.0,3,0,1,0.018384174968249525,-0.06369415598137526,0.024353243484407355,0.12642172298069565,-0.3807762703899996,0.15406433323436244,0.04850858217119569,-0.24002259931822034,0.10668742624078864,44.94,46.16,4,355.0,1218.0,0.0,327.0,1150.0,0.0,1,3,0,-0.06407470711709987,0.0689269515975393,-0.006188284022531648,-0.13001737667339622,0.1667277099154557,-0.01617187343558864,-0.12124024237195734,0.17827060966992855,-0.016283856742090076,25.48,35.23,3,1274.0,0.0,0.0,1057.0,0.0,0.0,3,0,0,0.02930421025651056,-0.06816032109182955,-0.006926065942008645,0.05487984067728832,-0.12396313193572477,-0.013254357478954292,0.0670842850605341,-0.17252474108816668,-0.018660063810887806
92,least_connections,2446,measured,359,337,8,medium,2,100.0,61.8,4,1052.0,0.0,462.0,821.0,0.0,415.0,3,0,1,0.016633301161749575,-0.05762804588791095,0.022033886962082846,0.11438155888729606,-0.34451186368619013,0.1393915395929946,0.04388871720251042,-0.2171633041450565,0.09652671897976116,34.8,35.94,3,0.0,1218.0,0.0,0.0,1150.0,0.0,0,3,0,-0.10105625428508581,0.062362480016821265,-0.0055989236394333956,-0.2094034768541612,0.15084888039969802,-0.014631695013151627,-0.20214890976510427,0.1612924563680306,-0.014733013242843403,32.66,46.47,4,1274.0,359.0,0.0,1057.0,337.0,0.0,3,1,0,0.026513333089223837,-0.018584961713469378,-0.006266440614198298,0.04965318918421324,-0.04719521460851288,-0.011992037719053883,0.06069530553095942,-0.05445889273056352,-0.016882914876517538
92,least_connections,2447,measured,426,448,17,heavy,1,100.0,61.8,4,1052.0,462.0,0.0,821.0,415.0,0.0,3,1,0,0.015049177241582945,-0.009055760338495394,-0.02314847868963479,0.10348807708850605,-0.0330345433351244,-0.1525505117968144,0.0397088393736999,-0.00874298946457494,-0.10040439711354943,46.97,49.94,4,441.0,777.0,426.0,408.0,742.0,448.0,1,2,1,-0.048347948888320266,0.01333929597893807,0.03801820741012715,-0.07546028858233633,0.022482320361631586,0.09688424872959751,-0.06753948978747529,0.030574127190122924,0.11333679754218931,24.84,34.97,3,1242.0,0.0,0.0,1049.0,0.0,0.0,3,0,0,0.023988253747392996,-0.059898865586562995,-0.005669636746179412,0.039133837833335794,-0.10766233702674975,-0.010849938888667799,0.05250210182959825,-0.15090725215304954,-0.015275018221611106
92,least_connections,2448,measured,387,311,11,medium,2,90.33,56.4,3,893.0,462.0,0.0,713.0,415.0,0.0,2,1,0,-0.029467977960563274,-0.008193306972924405,-0.020943861671574335,-0.0022726921580182857,-0.02988839635082685,-0.1380218916256892,-0.012930097709509591,-0.007910323801282093,-0.09084207357892567,46.97,49.94,4,441.0,777.0,426.0,408.0,742.0,448.0,1,2,1,-0.04374338232752786,0.012068886838086823,0.0343974257520198,-0.06827359443163764,0.020341146993857168,0.0876571774220168,-0.06110715742676337,0.027662305552968336,0.10254281682388558,32.58,45.33,4,1242.0,387.0,0.0,1049.0,311.0,0.0,3,1,0,0.021703658152403188,-0.01111031149441867,-0.005129671341781373,0.03540680565873239,-0.027380209690868823,-0.009816611375461342,0.04750190165535084,-0.04274148210672736,-0.013820254581457667
92,least_connections,2449,measured,170,119,5,light,0,75.4,47.05,3,669.0,462.0,0.0,526.0,415.0,0.0,2,1,0,-0.02666150386908106,-0.007412992023122081,-0.018949208179043445,-0.13716735639693717,-0.027041882412652873,-0.12487694956609975,-0.09629389792765153,-0.007156959629731424,-0.08219044752378989,46.97,49.94,4,441.0,777.0,426.0,408.0,742.0,448.0,1,2,1,-0.03957734591538235,0.010919469043983304,0.03112148044230363,-0.06177134734291026,0.018403894899204104,0.07930887481039615,-0.05528742814802401,0.025027800262209438,0.09277683426922981,32.58,45.33,4,1242.0,387.0,0.0,1049.0,311.0,0.0,3,1,0,0.01963664309026955,-0.01005218659018832,-0.0046411312139926705,0.03203472892932932,-0.02477257067269084,-0.008881696006369786,0.04297791102150794,-0.03867086476322952,-0.01250403985941408
92,least_connections,2450,measured,494,408,17,heavy,0,100.0,67.45,4,669.0,462.0,494.0,526.0,415.0,408.0,2,1,1,-0.024122313024406677,-0.006706992782824744,0.025939378540956154,-0.12410379864484794,-0.02446646504001926,0.18498434721797324,-0.08712305050597041,-0.0064753444268998706,0.11020864271657105,46.97,49.94,4,441.0,1203.0,0.0,408.0,1190.0,0.0,1,3,0,-0.03580807487582213,0.05296341983798035,-0.014926370302768367,-0.055888361881680726,0.12677359198363364,-0.03836680034161437,-0.05002195880059315,0.14931086690390377,-0.04272572137545876,22.8,31.87,3,753.0,387.0,0.0,645.0,311.0,0.0,2,1,0,-0.025317413621275403,-0.009094835486360864,-0.00419911871742194,-0.059501911921083006,-0.022413278227672667,-0.008035820196239331,-0.08295649320276269,-0.034987925261969574,-0.011313178920422263
92,least_connections,2451,measured,175,105,5,light,2,100.0,67.45,4,669.0,462.0,494.0,526.0,415.0,408.0,2,1,1,-0.021824949879225092,-0.006068231565412863,0.023468961537055567,-0.11228438925010048,-0.022136325512398358,0.16736679034007101,-0.07882561712444941,-0.0058586449576712996,0.09971258150546905,46.97,49.94,4,1218.0,426.0,0.0,1150.0,448.0,0.0,3,1,0,0.05377001842300899,-0.038248515838199174,-0.013504811226314237,0.15029148210705076,-0.08615722630052194,-0.03471281935669871,0.16453370394232048,-0.07470088232503944,-0.0386566050539865,26.3,35.37,4,928.0,387.0,0.0,750.0,311.0,0.0,3,1,0,0.020177668855127243,-0.008228660678136018,-0.0037992026490960415,-0.022168396500027526,-0.020278680301227647,-0.007270503987073681,-0.04338920813583291,-0.031655741903686765,-0.010235733308953476
92,least_connections,2452,measured,182,119,5,light,0,87.2,53.05,4,352.0,462.0,494.0,238.0,415.0,408.0,2,1,1,-0.019746383224060804,-0.005490304749659253,0.021233822343050275,-0.29279698709929725,-0.020028104035027083,0.15142709602196902,-0.20160412977926373,-0.005300678771226419,0.09021614517161486,46.97,49.94,4,1218.0,426.0,0.0,1150.0,448.0,0.0,3,1,0,0.04864906428748432,-0.034605800044084964,-0.012218638728570024,0.13597800762066498,-0.07795177617666271,-0.031406836560822646,0.1488638273763852,-0.06758651257979759,-0.0349750236202735,18.42,25.1,3,921.0,0.0,0.0,753.0,0.0,0.0,3,0,0,0.01825598610701988,-0.0505288789355471,-0.003437373825372609,-0.021323787309548703,-0.08837594884396786,-0.0065780750359238065,-0.03835214069432502,-0.12243456013508168,-0.009260901565243621
92,least_connections,2453,measured,407,430,17,heavy,2,87.2,53.05,4,352.0,956.0,0.0,238.0,823.0,0.0,2,2,0,-0.01786577529795977,0.03811648164373233,-0.02387234667828331,-0.26491155975650704,0.27984758841275326,-0.1609627861388534,-0.18240373646695285,0.17977557634984276,-0.10294729722568179,46.97,49.94,4,1218.0,426.0,0.0,1150.0,448.0,0.0,3,1,0,0.04401582006962866,-0.03131000956369592,-0.011054958849658594,0.12302772118060165,-0.07052779749317103,-0.028415709269315727,0.13468632000720568,-0.0611497018579121,-0.03164406898977126,26.56,39.43,4,921.0,0.0,407.0,753.0,0.0,430.0,3,0,1,0.016517320763494187,-0.045716604751209276,0.03997389533713453,-0.019292950422925004,-0.07995919181120902,0.06769602734844989,-0.034699555866294085,-0.11077412583650248,0.12130362874255737
92,least_connections,2454,measured,366,335,10,medium,0,100.0,63.85,4,644.0,860.0,0.0,534.0,743.0,0.0,2,2,0,-0.01616427288863026,0.03448634053480545,-0.02159878985178014,-0.06355490327176033,0.19529067523058635,-0.14563299698277213,-0.031127190136766847,0.1264636166974768,-0.0931427927279978,34.37,37.19,3,777.0,426.0,0.0,742.0,448.0,0.0,2,1,0,-0.0032600630209028703,-0.028328103890962977,-0.010002105625881585,-0.0026892046461222674,-0.06381086439858333,-0.02570945124366661,0.006501908577947968,-0.055325920728587136,-0.02863034813360257,19.38,28.2,3,562.0,0.0,407.0,416.0,0.0,430.0,2,0,1,-0.02813965763121501,-0.04136264239395125,0.03616685768597886,-0.08241743133502741,-0.07234403068633197,0.06124878664859752,-0.13302975689490104,-0.10022420909016891,0.10975090219564715
92,least_connections,2455,measured,398,341,6,medium,1,100.0,63.85,4,644.0,860.0,0.0,534.0,743.0,0.0,2,2,0,-0.01462481832780832,0.031201927150538267,-0.0195417622468487,-0.057502055341116465,0.17669156330386387,-0.13176318774631765,-0.028162695838027108,0.1144194627262885,-0.08427205056342658,45.74,47.84,4,1175.0,426.0,0.0,1083.0,448.0,0.0,3,1,0,0.04013431939832143,-0.025630189234680786,-0.009049524137702387,0.10045126382357644,-0.057733639217765864,-0.023260932077603123,0.10229636966576247,-0.050056785421102645,-0.025903648311354707,19.38,28.2,3,562.0,0.0,407.0,416.0,0.0,430.0,2,0,1,-0.025459690237765953,-0.037423343118336845,0.03272239504921897,-0.07456815216026291,-0.0654541230019194,0.055415568872540615,-0.12036025623824381,-0.09067904631967663,0.09929843531987123
92,least_connections,2456,measured,162,112,5,light,2,100.0,63.85,4,644.0,860.0,0.0,534.0,743.0,0.0,2,2,0,-0.013231978487064672,0.028230315040963197,-0.017680642032863108,-0.052025669118152984,0.15986379537016254,-0.11921431272285883,-0.025480534329643534,0.10352237103807055,-0.07624614098595739,45.74,47.84,4,1175.0,426.0,0.0,1083.0,448.0,0.0,3,1,0,0.036312003265147955,-0.023189218831377853,-0.008187664696016447,0.09088447679275966,-0.05223519738750246,-0.02104560521306949,0.09255385826902321,-0.04528947252385479,-0.023436634186463783,19.12,28.43,3,549.0,407.0,0.0,423.0,430.0,0.0,2,1,0,-0.0230349578341692,0.009224685024452603,-0.01347792375365449,-0.06981880433547598,0.014427222045882454,-0.02350972340103468,-0.10678626358063331,0.04763959301235607,-0.0398410982026562
92,least_connections,2457,measured,362,335,13,medium,2,88.13,57.9,3,828.0,494.0,0.0,750.0,408.0,0.0,2,1,0,-0.01197179005972518,-0.017542186618266856,-0.015996771363066622,0.06391328349627434,-0.07612323276032917,-0.10786056865401514,0.07466046893984635,-0.05788452144174569,-0.06898460374919954,45.74,47.84,4,1601.0,0.0,0.0,1531.0,0.0,0.0,4,0,0,0.07593761746665313,-0.06406462202657542,-0.007407887105919642,0.1923512613158982,-0.15738286566352264,-0.019041261859443825,0.21040587176721148,-0.1676428560930115,-0.021204573787752947,26.36,39.6,4,549.0,769.0,0.0,423.0,765.0,0.0,2,2,0,-0.02084115232615308,0.051430043820309725,-0.012194311967592159,-0.063169394398764,0.07855796280341745,-0.021270702124745664,-0.09661614323962062,0.14413423494768723,-0.03604670789764133
92,least_connections,2458,measured,184,118,8,light,0,100.0,63.8,4,828.0,678.0,0.0,750.0,526.0,0.0,2,2,0,-0.01083161957784659,0.027212398048325454,-0.014473269328488848,0.057826304115676797,0.042110725915257774,-0.09758813354410893,0.0675499480884324,0.001009242505087271,-0.06241464148737101,23.54,24.66,2,824.0,0.0,0.0,789.0,0.0,0.0,2,0,0,-0.01746233703130476,-0.05796322945261586,-0.00670237404821301,-0.02682504928561591,-0.14239402131461573,-0.017227808349020605,-0.019424449353475343,-0.15167686979843897,-0.019185090569871714,26.36,39.6,4,549.0,769.0,0.0,423.0,765.0,0.0,2,2,0,-0.018856280676043252,0.04653194440885166,-0.011032948923059572,-0.05715326159888172,0.07107625206023484,-0.019244920970007982,-0.08741460578822818,0.1304071649526694,-0.03261368809786596
92,least_connections,2459,measured,364,350,10,medium,1,100.0,63.8,4,1012.0,494.0,0.0,868.0,408.0,0.0,3,1,0,0.03328386346584855,-0.018463159135415297,-0.013094862725775624,0.16330316404116785,-0.07288394639413193,-0.08829402558752714,0.11449757208001027,-0.05246782820968296,-0.0564703899171452,33.94,35.59,3,824.0,364.0,0.0,789.0,350.0,0.0,2,1,0,-0.01579925731403764,-0.009359021658942701,-0.006064052710287961,-0.024270282686985833,-0.03473744785608092,-0.015587064696732928,-0.01757450179600148,-0.038273120293825735,-0.017357939087026788,18.62,29.23,3,162.0,769.0,0.0,112.0,765.0,0.0,1,2,0,-0.06014434464793936,0.04210033065562769,-0.009982191882768185,-0.12173866525613107,0.06430708519735533,-0.017412071353816744,-0.17288305603061915,0.11798743495717709,-0.02950762256473587
92,least_connections,2460,measured,358,327,11,medium,1,100.0,63.8,4,1506.0,0.0,0.0,1276.0,0.0,0.0,4,0,0,0.07319787193395368,-0.05978866325403787,-0.011847732942368423,0.4420996881007392,-0.3639108721343733,-0.07988507076966742,0.28816446997715217,-0.2320423207611417,-0.05109225754408375,44.17,45.81,4,824.0,722.0,0.0,789.0,677.0,0.0,2,2,0,-0.014294566141272141,0.03461621396390445,-0.005486523880736727,-0.021958827192987196,0.06111509819823974,-0.014102582344663125,-0.01590073972019182,0.05782729592463384,-0.015704802031119475,18.62,29.23,3,162.0,769.0,0.0,112.0,765.0,0.0,1,2,0,-0.05441631182432609,0.03809077535509172,-0.009031506941552168,-0.11014450666030905,0.0581826008928453,-0.015753778843929436,-0.1564180030753221,0.1067505363898269,-0.026697372796665786
92,least_connections,2461,measured,359,301,7,medium,2,69.6,43.05,3,1044.0,0.0,0.0,861.0,0.0,0.0,3,0,0,0.023142745808724524,-0.05409450484889141,-0.01071937742404762,0.1249473368530497,-0.32925269383586153,-0.07227696879160385,0.0729821395031377,-0.20994305211722344,-0.046226328254171015,32.8,35.16,3,426.0,722.0,0.0,448.0,677.0,0.0,1,2,0,-0.05601707911647978,0.03131943168162783,-0.004963997796857038,-0.12275186405896121,0.055294612655550246,-0.012759479264219019,-0.11080007403255449,0.05231993440800206,-0.014209106599584288,22.56,35.53,3,359.0,769.0,0.0,301.0,765.0,0.0,1,2,0,-0.04923380593629503,0.03446308246413061,-0.008171363423309104,-0.06400693459742246,0.052641400807812405,-0.014253418954031394,-0.08452105040148192,0.09658381863841481,-0.024154765863649997
92,least_connections,2462,measured,360,317,13,medium,0,93.6,58.9,4,1044.0,360.0,0.0,861.0,317.0,0.0,3,1,0,0.02093867477932218,-0.005858747017477711,-0.009698484336043086,0.11304759048609259,-0.0807524372800652,-0.06539344795430825,0.06603145955045792,-0.04654371382034503,-0.041823820801392825,32.8,35.16,3,790.0,358.0,0.0,798.0,327.0,0.0,2,1,0,-0.007598218973867199,-0.01474727156242743,-0.0044912361019182724,-0.01696597224382207,-0.04406677902593073,-0.011544290762864827,-0.001289352696120738,-0.05162124982133147,-0.012855858352004831,22.56,35.53,3,359.0,769.0,0.0,301.0,765.0,0.0,1,2,0,-0.04454487203760027,0.03118088413421341,-0.007393138335374904,-0.05791103606433459,0.047627934064211216,-0.012895950482218881,-0.07647142655372174,0.08738535972047057,-0.02185431197187381
92,least_connections,2463,measured,371,318,5,medium,1,93.6,58.9,4,1044.0,360.0,0.0,861.0,317.0,0.0,3,1,0,0.018944515276529586,-0.005300771111051261,-0.00877481916118184,0.10228115329694087,-0.07306172896767804,-0.05916550053008842,0.059742749117080995,-0.042110979170788376,-0.03784059977268875,43.4,45.09,4,1161.0,358.0,0.0,1116.0,327.0,0.0,3,1,0,0.03620932115516323,-0.013342769508862914,-0.004063499330307008,0.08055459654130387,-0.039869942928223046,-0.010444834499734844,0.0887441570844622,-0.04670494031453799,-0.011631490889909134,22.56,35.53,3,1128.0,0.0,0.0,1066.0,0.0,0.0,3,0,0,0.0458652971814002,-0.05795652433208356,-0.006689029922482056,0.08675668165607822,-0.0960604406085708,-0.011667764722007559,0.16152585216568033,-0.15165134120528853,-0.019772948926933445
92,least_connections,2464,measured,385,333,9,medium,2,69.2,42.15,3,678.0,360.0,0.0,526.0,317.0,0.0,2,1,0,-0.025943624500373463,-0.004795935767141615,-0.007939122098212141,-0.12822181368372004,-0.0661034690659944,-0.05353069095579428,-0.09749465556073622,-0.03810040972595141,-0.034236733127670775,31.23,31.09,3,1093.0,0.0,0.0,995.0,0.0,0.0,3,0,0,0.032760814378481024,-0.055155929782395245,-0.0036764993940872934,0.055304498911519784,-0.12861702319356236,-0.009450088356902954,0.04608102307641815,-0.13471220790362962,-0.010523729852774931,30.26,46.63,4,1128.0,385.0,0.0,1066.0,333.0,0.0,3,1,0,0.041497173640314466,-0.00935295512131823,-0.006051979453674241,0.07849414054597553,-0.017245160550611677,-0.010556549034197315,0.14614243767371077,-0.03677978490002294,-0.017889810933892164
92,least_connections,2465,measured,171,109,6,light,0,80.6,47.6,4,849.0,360.0,0.0,635.0,317.0,0.0,3,1,0,0.019611097107371855,-0.004339179979794799,-0.007183015231715747,-0.012867355237651479,-0.05980790058351876,-0.0484325299123853,-0.03889992645971374,-0.034471799275860804,-0.030976091877416415,31.23,31.09,3,1093.0,0.0,0.0,995.0,0.0,0.0,3,0,0,0.029640736818625682,-0.04990298408883379,-0.0033263565946504083,0.05003740377708932,-0.11636778288941356,-0.008550079941959816,0.04169235421199735,-0.12188247381756966,-0.009521469866796367,30.26,46.63,4,1128.0,385.0,0.0,1066.0,333.0,0.0,3,1,0,0.037545061865046414,-0.0084621974907165,-0.005475600458086218,0.07101850811302549,-0.015602764307696276,-0.00955116341189281,0.1322241102762145,-0.0332769482428779,-0.016186019416378625
92,least_connections,2466,measured,400,321,9,medium,1,68.33,41.7,3,665.0,360.0,0.0,517.0,317.0,0.0,2,1,0,-0.02534052665342093,-0.003925924743623868,-0.006498918542980914,-0.12262601981819254,-0.054111910051755086,-0.043819908015967655,-0.08857612393974096,-0.031188770773397878,-0.028025987889091043,42.66,41.12,4,1093.0,400.0,0.0,995.0,321.0,0.0,3,1,0,0.026817809502566084,-0.0020664187107589244,-0.0030095607284932263,0.04527193675069985,-0.001883776355727923,-0.00773578661415412,0.03772165381085474,-0.01951569059684874,-0.00861466321281576,30.26,46.63,4,1513.0,0.0,0.0,1399.0,0.0,0.0,4,0,0,0.07705324191418031,-0.05074017414692944,-0.004954114700173245,0.13392150734035638,-0.08378345342124902,-0.008641528801236352,0.2200599092975274,-0.13053628650546095,-0.0146444937576759
92,least_connections,2467,measured,175,125,3,light,0,47.07,27.55,3,346.0,360.0,0.0,234.0,317.0,0.0,2,1,0,-0.02292714316261893,-0.0035520271489930255,-0.0058799739198398746,-0.30336004967677743,-0.048958394808730765,-0.03964658344301836,-0.2081641121359561,-0.02821841165212191,-0.025356846185368088,42.66,41.12,4,1093.0,400.0,0.0,995.0,321.0,0.0,3,1,0,0.0242637324070836,-0.0018696169287818892,-0.0027229358972081573,0.04096032372682368,-0.0017043690837538344,-0.006999045031853728,0.0341291153526781,-0.01765705339714886,-0.007794219097309497,30.26,46.63,4,1513.0,0.0,0.0,1399.0,0.0,0.0,4,0,0,0.06971483792235361,-0.045907776609126635,-0.004482294252537698,0.12116707806984625,-0.07580407690493958,-0.007818526058261461,0.1991018226977629,-0.11810425921922657,-0.01324978006646867
92,least_connections,2468,measured,395,334,11,medium,0,73.4,44.25,4,706.0,395.0,0.0,551.0,334.0,0.0,3,1,0,0.022340294508197384,-0.003213738849088932,-0.005319976403664648,-0.057325759231370066,-0.023184579430121532,-0.035870718353207084,-0.044934196694436435,-0.01784046768525313,-0.02294190845342827,32.06,31.19,3,1122.0,0.0,0.0,998.0,0.0,0.0,3,0,0,0.021952900749266105,-0.04477545840041717,-0.0024636086689026186,0.04455593915420103,-0.1049434087628521,-0.006332469314534325,0.03172693770004209,-0.10673435783551563,-0.007051912516613354,23.08,36.6,3,1154.0,0.0,0.0,1098.0,0.0,0.0,3,0,0,0.019991429322038762,-0.04153560740825743,-0.004055409085629346,0.044665451587003774,-0.06858464100923105,-0.0070739045289032266,0.0893619665678172,-0.10685623453168118,-0.011987896250614511
92,least_connections,2469,measured,384,307,10,medium,1,73.4,44.25,4,706.0,395.0,0.0,551.0,334.0,0.0,3,1,0,0.020212647412178583,-0.002907668482509035,-0.004813311984268015,-0.05186616311409675,-0.020976524246300476,-0.03245445946242546,-0.04065474939020436,-0.01614137552475281,-0.020756964791197006,32.63,29.84,3,758.0,384.0,0.0,648.0,307.0,0.0,2,1,0,-0.02322175192980233,0.002572771197808507,-0.002228979271864274,-0.0537827217176276,0.004316507717963741,-0.005729376998864389,-0.070253008747581,-0.009768585660704626,-0.006380301800745416,23.08,36.6,3,1154.0,0.0,0.0,1098.0,0.0,0.0,3,0,0,0.018087483672320784,-0.03757983527413768,-0.0036691796489027417,0.04041159905490818,-0.06205277043692333,-0.006400199335674348,0.08085130308516791,-0.09667945029056868,-0.010846191845794082
92,least_connections,2470,measured,177,106,4,light,1,61.73,38.0,3,531.0,395.0,0.0,426.0,334.0,0.0,2,1,0,-0.024796266853833876,-0.002630747674651032,-0.0043549013190996326,-0.15248208408735742,-0.018978760032367092,-0.029363558561242082,-0.09333048754351828,-0.014604101665252528,-0.018780111001559196,37.69,33.16,4,935.0,384.0,0.0,754.0,307.0,0.0,3,1,0,0.022073743718840966,0.0023277453694457856,-0.002016695531686724,-0.0029054557037039297,0.0039054117448243386,-0.00518372204659159,-0.033592007914478056,-0.008838244169208948,-0.005772654010198233,7.7,11.1,1,385.0,0.0,0.0,333.0,0.0,0.0,1,0,0,-0.06980293427379593,-0.034000803343267424,-0.0033197339680548616,-0.10258950561698783,-0.056142982776263964,-0.005790656541800601,-0.15756310673246715,-0.0874718835962288,-0.009813221193813693
92,least_connections,2471,measured,399,301,12,medium,2,50.33,32.55,2,360.0,395.0,0.0,317.0,334.0,0.0,1,1,0,-0.06551861785641659,-0.002380200277065217,-0.003940148812518716,-0.24110283798379956,-0.01717125907690359,-0.02656702917445712,-0.13375139349175466,-0.013213234839990373,-0.0169915290014107,27.46,22.94,3,577.0,384.0,0.0,427.0,307.0,0.0,2,1,0,-0.02311241781447268,0.002106055334260476,-0.0018246292905737026,-0.0951729633237593,0.0035334677691267885,-0.004690034232630486,-0.1228481262083373,-0.007996506629284292,-0.005222877437798402,15.68,21.13,2,385.0,399.0,0.0,333.0,301.0,0.0,1,1,0,-0.06315503577152964,0.012321268630467792,-0.003003568828240113,-0.09281907651060804,0.021403967964332596,-0.005239165442581496,-0.1425570965674703,0.011636549762142193,-0.00887862869916477
92,least_connections,2472,measured,169,122,7,light,0,61.6,38.65,3,924.0,0.0,0.0,773.0,0.0,0.0,3,0,0,0.02688905096437591,-0.04523741476314971,-0.0035648965446597905,0.12204981325275283,-0.2537898693235477,-0.02403683591974692,0.08527254874555534,-0.16305006961713417,-0.01537328814413349,27.46,22.94,3,961.0,0.0,0.0,734.0,0.0,0.0,3,0,0,0.022172665061282085,-0.04117842159099789,-0.0016508550724238262,0.013156434543809603,-0.09606835909323902,-0.004243364305713297,-0.02434770942659087,-0.09403552980744768,-0.004725460538960459,15.68,21.13,2,385.0,399.0,0.0,333.0,301.0,0.0,1,1,0,-0.057140270459955386,0.011147814475185147,-0.0027175146541220073,-0.08397916446197871,0.019365494824872348,-0.004740197305192782,-0.1289802302277112,0.010528306927652456,-0.00803304501353003
92,least_connections,2473,measured,191,124,8,light,2,61.6,38.65,3,924.0,0.0,0.0,773.0,0.0,0.0,3,0,0,0.02432818896776867,-0.04092908954761164,-0.0032253825880255247,0.1104260215143954,-0.2296194055784479,-0.021747613451199594,0.07715135362693104,-0.14752149155835947,-0.013909165463739825,27.46,22.94,3,961.0,0.0,0.0,734.0,0.0,0.0,3,0,0,0.020060982674493313,-0.03725666715376,-0.0014936307798120332,0.011903440777732477,-0.0869189915605496,-0.0038392343718358403,-0.022028879957391723,-0.08507976506388124,-0.0042754166781070815,11.8,14.17,2,0.0,590.0,0.0,0.0,425.0,0.0,0,2,0,-0.094782240166717,0.05317001808525822,-0.0024587037346818163,-0.1456478154655998,0.05208306674631308,-0.00428874994279347,-0.21712497020602442,0.04692243642660619,-0.007267993107479552
92,least_connections,2474,measured,190,119,4,light,2,61.6,38.65,3,924.0,0.0,0.0,773.0,0.0,0.0,3,0,0,0.022011218589885945,-0.03703108101926767,-0.002918203293927856,0.0999092575606434,-0.20775089076145287,-0.019676412170132968,0.06980360566246141,-0.13347182569565857,-0.012584483038621747,22.4,19.62,2,784.0,0.0,0.0,628.0,0.0,0.0,2,0,0,-0.024933487330787235,-0.03370841313911619,-0.0013513802293537444,-0.034985322289534576,-0.07864099236430677,-0.00347359300308957,-0.04990112948525918,-0.07697693029589255,-0.0038682341373349784,15.6,18.13,3,381.0,399.0,0.0,243.0,301.0,0.0,2,1,0,0.00041244030267553744,0.005022306612285782,-0.002224541474235929,-0.06283373780220934,0.012560869913330885,-0.0038802975672893297,-0.12316068732926018,0.005056807560580204,-0.0065758032877195945
92,least_connections,2475,measured,392,320,11,medium,1,37.6,22.8,2,564.0,0.0,0.0,456.0,0.0,0.0,2,0,0,-0.02316898816924151,-0.033504311398385035,-0.0026402791706966315,-0.12674876696894166,-0.1879650916413145,-0.01780246815392983,-0.0802491186863444,-0.120760223248453,-0.011385960844467295,22.17,19.59,2,384.0,392.0,0.0,307.0,320.0,0.0,1,1,0,-0.06564276971651724,0.012585812148509387,-0.0012226773503676736,-0.13505474737760614,0.030181959289436733,-0.0031427746218429444,-0.13590756953428212,0.02083039639895437,-0.0034998308861602183,15.6,18.13,3,381.0,399.0,0.0,243.0,301.0,0.0,2,1,0,0.00037316027384928785,0.004543991696829994,-0.002012680381451555,-0.056849572297237014,0.011364596588251757,-0.003510745418023679,-0.11143109805980682,0.0045752068405249535,-0.005949536307936776
92,least_connections,2476,measured,391,339,13,medium,0,63.67,39.75,3,564.0,391.0,0.0,456.0,339.0,0.0,2,1,0,-0.02096241786740899,0.012770475628218522,-0.0023888240115826666,-0.11467745582904243,0.06577761549912814,-0.016106994996412702,-0.07260634547812114,0.04409789325139968,-0.010301583621184695,22.17,19.59,2,384.0,392.0,0.0,307.0,320.0,0.0,1,1,0,-0.059391077362563216,0.011387163372460873,-0.001106231888427895,-0.12219239048450081,0.027307486976157036,-0.002843462753095997,-0.12296399148339814,0.018846549122863487,-0.003166513658906864,15.6,18.13,3,780.0,0.0,0.0,544.0,0.0,0.0,3,0,0,0.04342152142690672,-0.03897266964391118,-0.001820996535599026,0.020764672683452223,-0.06191774594396269,-0.0031763887115452334,-0.010040834752523625,-0.08663830492206472,-0.005382913802418988
92,least_connections,2477,measured,177,106,5,light,1,63.67,39.75,3,564.0,391.0,0.0,456.0,339.0,0.0,2,1,0,-0.018965997118131933,0.011554239854102477,-0.002161316962860508,-0.1037557933691336,0.05951308068968736,-0.014572995472944826,-0.06569145543258578,0.03989809389412352,-0.009320480419167105,27.23,22.91,3,561.0,392.0,0.0,413.0,320.0,0.0,2,1,0,-0.010650884053656967,0.010302671622702694,-0.0010008764704823813,-0.06479991792135106,0.024706773930808737,-0.0025726567766106642,-0.08128289705640784,0.01705163968259077,-0.002864940929487163,15.6,18.13,3,780.0,0.0,0.0,544.0,0.0,0.0,3,0,0,0.03928613843386798,-0.035260986820681545,-0.0016475682941134045,0.01878708480883773,-0.05602081775882339,-0.002873875500921878,-0.00908456477609279,-0.07838703778662998,-0.004870255345045751
92,least_connections,2478,measured,165,104,3,light,0,74.67,44.95,4,729.0,391.0,0.0,560.0,339.0,0.0,3,1,0,0.025924188548447524,0.010453836058473664,-0.001955477252111888,0.005649520285069598,0.05384516824305047,-0.013185091142188176,-0.012387507296149014,0.036098275428016524,-0.008432815617341665,27.23,22.91,3,561.0,392.0,0.0,413.0,320.0,0.0,2,1,0,-0.009636514143784886,0.009321464801492915,-0.0009055549018650116,-0.05862849716693666,0.02235374784216028,-0.0023276418455048867,-0.0735416687653214,0.015427673998534508,-0.0025920894123931475,11.8,14.17,2,590.0,0.0,0.0,425.0,0.0,0.0,2,0,0,-0.007539298786591098,-0.03190279759966425,-0.001490657028007366,-0.01738311374438492,-0.05068550178179259,-0.0026001730722626515,-0.044108257019639524,-0.07092160561647474,-0.004406421502660442
92,least_connections,2479,measured,458,428,18,heavy,2,37.07,22.15,2,165.0,391.0,0.0,104.0,339.0,0.0,1,1,0,-0.06271258224301458,0.009458232624333318,-0.0017692413233393273,-0.3350790054563656,0.04871705698180756,-0.011929368176265493,-0.21749345898223005,0.03266034443487209,-0.007629690320451983,16.26,13.31,2,569.0,0.0,0.0,426.0,0.0,0.0,2,0,0,-0.008718750891995836,-0.03465019397778759,-0.0008193115778778677,-0.0509768035592012,-0.08110851385709308,-0.0021059616697425166,-0.06286210507338602,-0.07651781876323069,-0.0023452237540699905,20.96,28.43,3,590.0,0.0,458.0,425.0,0.0,428.0,2,0,1,-0.006821270330725271,-0.028864435923505752,0.041735210534750704,-0.015727579102062544,-0.04585831113590758,0.08052365293461951,-0.03990747063681671,-0.06416716698633429,0.1250926027674342
92,least_connections,2480,measured,408,424,15,heavy,0,64.27,43.35,3,165.0,391.0,408.0,104.0,339.0,424.0,1,1,1,-0.05673995536272748,0.008557448564873005,0.041483158077069406,-0.303166719222426,0.044077337269254446,0.2353020002214741,-0.19677979622201766,0.029549835441074757,0.1849064706624482,16.26,13.31,2,569.0,0.0,0.0,426.0,0.0,0.0,2,0,0,-0.0078883936641867,-0.03135017550371258,-0.0007412819037942613,-0.046121869886896344,-0.07338389348975088,-0.0019053938916718006,-0.05687523792353974,-0.06923040745244681,-0.0021218691108252294,20.96,28.43,3,590.0,0.0,458.0,425.0,0.0,428.0,2,0,1,-0.006171625537322867,-0.026115442026029015,0.03776042857906016,-0.014229714425675638,-0.04149085293248781,0.07285473360751289,-0.03610675914759609,-0.05805600822573102,0.1131790215514881
92,least_connections,2481,measured,196,101,6,light,1,53.27,38.15,2,0.0,799.0,0.0,0.0,763.0,0.0,0,2,0,-0.09442005031684414,0.0508263536902139,-0.005551519109408858,-0.37381750786790924,0.2859747337198016,-0.03320295218057107,-0.22508648229611122,0.21854508920859145,-0.024513193210165908,21.86,16.47,3,765.0,0.0,0.0,527.0,0.0,0.0,3,0,0,0.035946782149636064,-0.028364444503359,-0.0006706836272424269,0.008937355816617615,-0.06639495125263176,-0.0017239278067506768,-0.022902000978440723,-0.06263703531411854,-0.0019197863383656837,17.14,24.3,2,399.0,0.0,458.0,301.0,0.0,428.0,1,0,1,-0.04866775190338281,-0.02362825707116911,0.034164197285816336,-0.047436408289896995,-0.037539343129393735,0.06591618754965452,-0.07006484557798379,-0.05252686458518521,0.10240006711801303
92,least_connections,2482,measured,478,432,19,heavy,0,85.13,59.75,3,391.0,408.0,478.0,339.0,424.0,432.0,1,1,1,-0.04234376434562542,0.0029018483501028203,0.0380610972230065,-0.10237457061064803,0.02289777495283643,0.2582766940588484,-0.0502925316012435,0.044374128331582746,0.17324996804794512,16.8,13.16,2,588.0,0.0,0.0,421.0,0.0,0.0,2,0,0,-0.010560621138991394,-0.025663068836372427,-0.0006068089960764815,-0.03766892296863847,-0.060071622561904923,-0.0015597442061077553,-0.050691096123351126,-0.05667160337944059,-0.0017369495442356186,17.14,24.3,2,399.0,0.0,458.0,301.0,0.0,428.0,1,0,1,-0.044032727912584446,-0.021377946873914908,0.030910464210976686,-0.042918655119430604,-0.033964167593261,0.05963845540206838,-0.06339200314198534,-0.04752430605326281,0.09264767977344036
92,least_connections,2483,measured,443,416,19,heavy,1,85.13,59.75,3,391.0,408.0,478.0,339.0,424.0,432.0,1,1,1,-0.03831102488413729,0.0026254818405692243,0.0344362308208154,-0.092624611504872,0.02071703448113771,0.2336789136722914,-0.04550276668683936,0.040148020871432016,0.15674997109099797,29.46,26.16,3,588.0,0.0,443.0,421.0,0.0,416.0,2,0,1,-0.009554847697182678,-0.023218967042432197,0.042534882563640554,-0.03408140649543481,-0.054350515651247315,0.1131058096638617,-0.04586337268303198,-0.05127430781949387,0.11604752184092969,9.16,14.27,1,0.0,458.0,0.0,0.0,428.0,0.0,0,1,0,-0.08292303500480996,0.02374194829321531,-0.015117289750159413,-0.11103116415567531,0.05214670551085909,-0.028917587969557183,-0.14813244728719308,0.0860811834121273,-0.04525527385577618
92,least_connections,2484,measured,368,331,13,medium,2,85.13,59.75,3,391.0,408.0,478.0,339.0,424.0,432.0,1,1,1,-0.034662355847552784,0.0023754359509911976,0.031156589790261556,-0.0838032199329794,0.018743983578172196,0.21142377903683507,-0.04116916985952135,0.036324399836057536,0.14182140241566482,29.46,26.16,3,588.0,0.0,443.0,421.0,0.0,416.0,2,0,1,-0.008644862202212888,-0.021007636847914846,0.038483941367103355,-0.03083555825777437,-0.04917427606541424,0.10233382779111297,-0.04149543242750511,-0.046391040408113496,0.10499537690369828,16.52,25.3,2,0.0,826.0,0.0,0.0,759.0,0.0,0,2,0,-0.07502560309958997,0.06456471058728551,-0.01367754786919185,-0.10045676756942051,0.11377082879553918,-0.026163531972456498,-0.13402459516460327,0.177708372293512,-0.040945247774273684
92,least_connections,2485,measured,155,119,2,light,2,85.13,59.75,3,391.0,408.0,478.0,339.0,424.0,432.0,1,1,1,-0.031361179100166794,0.0021492039556587073,0.02818929552452236,-0.07582196089174326,0.01695884228501293,0.19128818103332698,-0.03724829653956693,0.032864933185004414,0.12831460218560153,29.46,26.16,3,588.0,0.0,443.0,421.0,0.0,416.0,2,0,1,-0.007821541992478337,-0.019006909529065814,0.03481880409404589,-0.02789883842370064,-0.04449101167823193,0.09258774895386412,-0.03754348648202843,-0.04197284608353126,0.09499581719858416,19.62,29.27,3,155.0,826.0,0.0,119.0,759.0,0.0,1,2,0,-0.02479640733953832,0.05841569053135355,-0.01237492426260215,-0.06284183732471381,0.1029355117673926,-0.023671767022698735,-0.08537145911718073,0.16078376540841563,-0.0370457003672
92,least_connections,2486,measured,377,332,13,medium,0,100.0,76.35,4,391.0,785.0,478.0,339.0,756.0,432.0,1,2,1,-0.028374400138246145,0.04502841809140096,0.025504600712663087,-0.06860082175919624,0.2427405398451704,0.173070259030153,-0.033700839726274856,0.17992541573881352,0.1160941638822109,18.26,16.16,2,196.0,0.0,443.0,101.0,0.0,416.0,1,0,1,-0.05016053345804729,-0.017196727669154786,0.03150272751366057,-0.12657513952620536,-0.040253772470781275,0.08376986810111516,-0.12444410681707335,-0.037975432170814,0.08594859651300471,19.62,29.27,3,155.0,826.0,0.0,119.0,759.0,0.0,1,2,0,-0.022434844735772758,0.0528522914331294,-0.011196360047116232,-0.05685690043664583,0.09313212969430759,-0.02141731302053695,-0.07724084396316352,0.14547102584570937,-0.033517538427466666
92,least_connections,2487,measured,157,111,2,light,1,100.0,76.35,4,391.0,1263.0,0.0,339.0,1188.0,0.0,1,3,0,-0.025672076315556028,0.08382389754754871,-0.02000830910577648,-0.062067410163082315,0.5079398535107097,-0.13173008309970283,-0.030491235942820105,0.3582182332874979,-0.09039099458276156,17.14,16.47,2,157.0,0.0,443.0,111.0,0.0,416.0,1,0,1,-0.04538333979537612,-0.015558944081616235,0.028502467750454803,-0.12460199698629464,-0.03642007985451639,0.07579178542481847,-0.10976490616782827,-0.03435872434502219,0.07776301589271856,16.52,25.3,2,0.0,826.0,0.0,0.0,759.0,0.0,0,2,0,-0.06338209308293272,0.04781873986806946,-0.010130040042628971,-0.07948957658553671,0.08426240305675449,-0.019377568923342955,-0.10577346199841779,0.1316166424318323,-0.03032539191056508
92,least_connections,2488,measured,394,320,14,medium,1,100.0,76.35,4,799.0,855.0,0.0,763.0,764.0,0.0,2,2,0,0.019856783560301905,0.03275676898292956,-0.018102755857607292,0.18993900985244927,0.21346939127159448,-0.11918436089973113,0.16422221509935322,0.1322926872601172,-0.08178232843202236,28.4,26.47,3,157.0,837.0,0.0,111.0,736.0,0.0,1,2,0,-0.041061116957721244,0.07209066057014767,-0.017295953214441117,-0.11273514013045703,0.18341584611802259,-0.04594348665645677,-0.09931110558041606,0.1770087732116466,-0.04726203323992131,16.52,25.3,2,0.0,826.0,0.0,0.0,759.0,0.0,0,2,0,-0.057345703265510556,0.04326457416634856,-0.009165274324283355,-0.07191914072024749,0.07623741228944454,-0.017532086168738865,-0.09569979895094943,0.11908172410499113,-0.02743725934765412
92,least_connections,2489,measured,417,407,13,heavy,2,84.2,59.4,3,408.0,855.0,0.0,424.0,764.0,0.0,1,2,0,-0.02511823891029373,0.029637076698841025,-0.016378683871168503,-0.06399168949857759,0.19313897305525213,-0.10783346938547102,-0.004775138719632782,0.1196933837115346,-0.07399353524802023,23.91,23.0,2,0.0,837.0,0.0,0.0,736.0,0.0,0,2,0,-0.08023443461707659,0.06522488337299075,-0.015648719574970535,-0.142583494131638,0.16594767029725851,-0.04156791649869898,-0.12123683362037645,0.1601507948105374,-0.04276088721707166,24.86,38.87,3,0.0,1243.0,0.0,0.0,1166.0,0.0,0,3,0,-0.05188420771641431,0.08222803875821559,-0.008292391055303988,-0.06506969874689059,0.14443384921425934,-0.01586236367647802,-0.08658553238419235,0.23048663926959512,-0.02482418702882992
92,least_connections,2490,measured,398,338,11,medium,1,84.2,59.4,3,408.0,855.0,0.0,424.0,764.0,0.0,1,2,0,-0.022726025680741946,0.026814497965618078,-0.014818809216771504,-0.05789724287966547,0.17474478514522812,-0.0975636151582833,-0.00432036360347729,0.10829401383424558,-0.06694653189106592,35.29,33.56,3,0.0,1235.0,0.0,0.0,1074.0,0.0,0,3,0,-0.07259305989164072,0.10209688994517757,-0.014158365329735245,-0.12900411373814868,0.25302748401044484,-0.0376090673083467,-0.10969046851367392,0.24046381435239098,-0.03868842176782674,24.86,38.87,3,826.0,417.0,0.0,759.0,407.0,0.0,2,1,0,0.0392249458529494,-0.01177100348179587,-0.007502639526227419,0.09059408208614662,-0.01878842213947965,-0.014351662373956305,0.15056547070001644,-0.020369231137032984,-0.022459978740369927
92,least_connections,2491,measured,425,448,15,heavy,0,100.0,81.8,4,408.0,855.0,425.0,424.0,764.0,448.0,1,2,1,-0.020561642282576037,0.02426073625460684,0.029676406173487914,-0.05238321974826876,0.1581024246552064,0.1680773640631405,-0.003908900403146093,0.09798029823098409,0.14209599495570227,35.29,33.56,3,0.0,1235.0,0.0,0.0,1074.0,0.0,0,3,0,-0.06567943514005589,0.09237337661706542,-0.012809949584046174,-0.11671800766784882,0.22892962839040246,-0.03402725137421844,-0.09924375722665736,0.2175624986997823,-0.03500381017089086,24.86,38.87,3,826.0,417.0,0.0,759.0,407.0,0.0,2,1,0,0.03548923672409708,-0.010649955531148642,-0.006788102428491474,0.08196607426841837,-0.016999048602386352,-0.012984837385960466,0.13622590206191965,-0.01842930436207746,-0.02032093314604898
92,least_connections,2492,measured,188,121,6,light,1,100.0,81.8,4,785.0,903.0,0.0,756.0,880.0,0.0,2,2,0,0.024480509590140948,0.02195018994464429,-0.016233818450744494,0.1800024837198203,0.17199743183090105,-0.10427921029207922,0.14665385201620115,0.14112503173279511,-0.07410362361150748,40.66,37.34,4,188.0,1235.0,0.0,121.0,1074.0,0.0,1,3,0,-0.01634035061424559,0.0835759121773449,-0.011589954385565586,-0.057003367481795186,0.20712680663893557,-0.030786560767150018,-0.055580661300309045,0.19684226072837446,-0.03167011396413935,24.86,38.87,3,826.0,417.0,0.0,759.0,407.0,0.0,2,1,0,0.03210930941704021,-0.00963567405199163,-0.006141616482920858,0.07415978148094995,-0.015380091592635273,-0.011748186206345183,0.12325200662745112,-0.016674132518070067,-0.018385606179758603
92,least_connections,2493,measured,199,121,7,light,2,100.0,81.8,4,785.0,903.0,0.0,756.0,880.0,0.0,2,2,0,0.022149032486318,0.019859695664201982,-0.014687740503054542,0.16285939003221833,0.1556167240374819,-0.09434785693092881,0.13268681849084865,0.127684552520148,-0.06704613564850677,40.66,37.34,4,188.0,1235.0,0.0,121.0,1074.0,0.0,1,3,0,-0.014784126746222204,0.07561630149378824,-0.010486149205987911,-0.05157447534067183,0.18740044410189408,-0.027854507360754777,-0.050287264985993896,0.17809537875424356,-0.028653912634221318,28.84,42.9,4,1025.0,417.0,0.0,880.0,407.0,0.0,3,1,0,0.07213518017550803,-0.008717990808944809,-0.005556700627404585,0.10310646895895469,-0.013915320964765249,-0.010629311329550403,0.14800578377404308,-0.015086119897301492,-0.016634596067400642
92,least_connections,2494,measured,387,314,10,medium,0,100.0,97.5,5,1263.0,812.0,0.0,1188.0,762.0,0.0,3,2,0,0.06312350104771175,0.017968296077135126,-0.013288908074192205,0.43566643225137214,0.08590719476407094,-0.08536234674703083,0.31547855006314873,0.062143166565848174,-0.06066078939626803,40.66,37.34,4,586.0,837.0,0.0,459.0,736.0,0.0,2,2,0,0.029707785551603944,0.025330848743812945,-0.009487468329227158,0.05622173319517447,0.06666842901735992,-0.02520169713592099,0.05006747453648171,0.0655684379205061,-0.025924968573819287,28.84,42.9,4,1025.0,417.0,0.0,880.0,407.0,0.0,3,1,0,0.06526516301593584,-0.007887705969997688,-0.0050274910438422435,0.09328680524857805,-0.012590052301454269,-0.009616995964831317,0.13390999484318183,-0.013649346573748972,-0.015050348822886295
92,least_connections,2495,measured,169,115,5,light,1,100.0,76.3,4,855.0,812.0,0.0,764.0,762.0,0.0,2,2,0,0.014027838816410398,0.016257029784074645,-0.012023297781411995,0.14807915298933666,0.07772555716749274,-0.0772325994377898,0.09362345005713457,0.05622476975005308,-0.05488357135852822,45.49,40.94,5,1592.0,0.0,0.0,1310.0,0.0,0.0,5,0,0,0.15613017332219947,-0.06324941349482684,-0.00858389991691981,0.31092170418338916,-0.1560482921135451,-0.022801535503928515,0.28590926267586436,-0.1487714133100183,-0.02345592394774126,28.84,42.9,4,1442.0,0.0,0.0,1287.0,0.0,0.0,4,0,0,0.1021333334316517,-0.05022039610437432,-0.004548682373000125,0.1598594904629992,-0.08684814255845863,-0.008701091587228335,0.2439026937470058,-0.13509544055085224,-0.013616982268325696
92,least_connections,2496,measured,384,325,7,medium,0,100.0,92.55,5,1239.0,812.0,0.0,1089.0,762.0,0.0,3,2,0,0.05577575439398583,0.014708741233210393,-0.0108782218022299,0.36559542413320933,0.07032312315154104,-0.06987711377704792,0.23173074052788367,0.05087002977385757,-0.04965656456247791,45.49,40.94,5,1592.0,0.0,0.0,1310.0,0.0,0.0,5,0,0,0.14126063300579955,-0.05722565982865285,-0.007766385639117923,0.28131011330878064,-0.1411865500074932,-0.02062996069403056,0.25867980908768684,-0.13460270728049276,-0.02122202642890876,28.84,42.9,4,1442.0,0.0,0.0,1287.0,0.0,0.0,4,0,0,0.09240634929530392,-0.04543750123729105,-0.004115474527952494,0.1446347770855707,-0.07857689088622448,-0.007872416197968494,0.22067386577110049,-0.12222920811743773,-0.01232012681419944
92,least_connections,2497,measured,169,114,5,light,2,100.0,92.55,5,1626.0,425.0,0.0,1403.0,448.0,0.0,4,1,0,0.09354767801179216,-0.029775991491947956,-0.009842200678208004,0.48820538373957034,-0.16980288857717718,-0.06322215056018621,0.35170876523951383,-0.09602235401412887,-0.04492736793748001,45.49,40.94,5,1592.0,0.0,0.0,1310.0,0.0,0.0,5,0,0,0.1278072393861996,-0.05177559698782877,-0.007026729863963835,0.25451867394603966,-0.12774021191154147,-0.018665202532694318,0.23404363679362142,-0.12178340182520773,-0.019200881054726972,15.7,21.4,3,785.0,0.0,0.0,642.0,0.0,0.0,3,0,0,0.040521844373755694,-0.041110120167072856,-0.0037235245729094,0.011974322125040182,-0.07109337746848882,-0.007122662274352447,0.005133497602424236,-0.11058833115387223,-0.011146781403323303
92,least_connections,2498,measured,453,418,17,heavy,2,100.0,92.55,5,1626.0,425.0,0.0,1403.0,448.0,0.0,4,1,0,0.08463837534400243,-0.026940182778429106,-0.008904848232664384,0.4417096329072303,-0.1536311849031603,-0.057200993363978,0.3182126923595601,-0.08687736791754516,-0.040648570991053345,40.11,37.16,4,1404.0,0.0,0.0,1189.0,0.0,0.0,4,0,0,0.07255122112266131,-0.046844587750892695,-0.006357517495967279,0.1816801607811107,-0.11557447744377562,-0.01688756419624724,0.17754245709899083,-0.11018498260375938,-0.017372225716181546,24.76,35.33,4,785.0,0.0,453.0,642.0,0.0,418.0,3,0,1,0.03666262110006467,-0.037194870627351634,0.0397149970417441,0.010833910494083998,-0.06432257961434702,0.07552711508510969,0.0046445930688600034,-0.10005610913921774,0.11597830888905669
92,least_connections,2499,measured,408,426,17,heavy,1,100.0,75.95,4,1674.0,0.0,0.0,1519.0,0.0,0.0,4,0,0,0.07657757769219267,-0.06745835131200274,-0.008056767448601109,0.39964204882082743,-0.39534884983301805,-0.05175327971026581,0.34038291213484007,-0.28126999954444565,-0.03677727851571493,51.77,50.47,5,1404.0,0.0,408.0,1189.0,0.0,426.0,4,0,1,0.06564158101574119,-0.04238319844128387,0.03733186058754888,0.1643772883257668,-0.10456738435389223,0.09019016300611644,0.1606336516609917,-0.09969117473673468,0.10472870054250241,24.76,35.33,4,785.0,0.0,453.0,642.0,0.0,418.0,3,0,1,0.03317094290005851,-0.03365250199617529,0.0359326163711018,0.009802109494647437,-0.05819661965107588,0.06833405650557543,0.0042022508718257134,-0.09052695588786366,0.10493275566152749
92,least_connections,2500,measured,152,120,7,light,0,100.0,81.95,5,1826.0,0.0,0.0,1639.0,0.0,0.0,5,0,0,0.11236837528159835,-0.06103374642514534,-0.007289456263020051,0.36158090131408194,-0.3576965784203497,-0.04682439592833573,0.36225120621723633,-0.2544823805402127,-0.03327468056183732,46.94,46.88,4,1235.0,0.0,408.0,1074.0,0.0,426.0,3,0,1,0.016306101644627535,-0.038346703351637784,0.033776445293496604,0.10503523365528564,-0.09460858584399774,0.08160062367220058,0.11282032769327818,-0.09019677714275995,0.0947545385860736,20.78,31.3,3,586.0,0.0,453.0,521.0,0.0,418.0,2,0,1,-0.01307209474575205,-0.030447501806063357,0.032510462430996874,-0.027140948552461852,-0.05265408444621151,0.061826051124092056,-0.0326900269889831,-0.08190534104140046,0.09493915988423915
92,least_connections,2501,measured,477,418,19,heavy,2,89.87,60.35,4,1348.0,0.0,0.0,1207.0,0.0,0.0,4,0,0,0.05858272502802209,-0.055221008670369595,-0.006595222333208617,0.2354620853159154,-0.32363023761841164,-0.04236492964944662,0.13232251991083294,-0.23024596334590675,-0.030105663365471862,35.57,36.31,3,837.0,0.0,408.0,736.0,0.0,426.0,2,0,1,-0.02833076064352294,-0.03469463636576752,0.030559640979830258,-0.007852475672428666,-0.08559824433504558,0.07382913570341958,0.00651005838915647,-0.08160660789106852,0.08573029681597136,30.32,45.23,4,586.0,453.0,477.0,521.0,418.0,418.0,2,1,1,-0.011827133341394708,0.015536160497461954,0.029414227913759076,-0.02455609630937025,0.034332018834380064,0.060280712921797576,-0.029576691085270446,0.05195865969270118,0.08589733513335923
92,least_connections,2502,measured,151,106,4,light,1,89.87,60.35,4,1348.0,0.0,0.0,1207.0,0.0,0.0,4,0,0,0.053003417882496184,-0.049961864987477254,-0.0059671059205220825,0.21303712480963777,-0.292808310226182,-0.038330174444737415,0.11972037515742029,-0.2083177763605823,-0.027238457330665017,15.97,16.62,2,151.0,408.0,0.0,106.0,426.0,0.0,1,1,0,-0.06871649318994479,0.011693514943443895,-0.015434701245006182,-0.1844379541798164,0.02802335716625129,-0.038671598309151,-0.1722349471717156,0.04661187857474752,-0.04288092192840686,18.6,27.87,2,0.0,453.0,477.0,0.0,418.0,418.0,0,1,1,-0.09686854014334804,0.014056526164370337,0.02661287287435345,-0.12825551570847785,0.031062302754915297,0.05453969264353114,-0.18388684748984785,0.047010215912443934,0.07771663654922978
92,least_connections,2503,measured,153,107,7,light,1,64.27,44.1,3,964.0,0.0,0.0,882.0,0.0,0.0,3,0,0,0.004871573095501097,-0.04520359213152704,-0.005398810118567599,-0.03887117279128005,-0.26492180449035513,-0.03467968164047671,-0.03870537485757214,-0.18847798813576494,-0.02464431853726835,20.34,19.97,3,304.0,408.0,0.0,213.0,426.0,0.0,2,1,0,-0.01908816504033553,0.01057984685359209,-0.013964729697862737,-0.12732141432595634,0.025354466007560694,-0.034988588946374716,-0.12557864267917127,0.04217265204381919,-0.038797024601891925,18.6,27.87,2,0.0,453.0,477.0,0.0,418.0,418.0,0,1,1,-0.08764296489160062,0.01271780938681126,0.024078313552986456,-0.11604070468862282,0.028103988206828127,0.049345436201290074,-0.16637381439557664,0.042533052492211176,0.0703150521159698
92,least_connections,2504,measured,469,450,13,heavy,2,38.47,28.4,2,577.0,0.0,0.0,568.0,0.0,0.0,2,0,0,-0.03867628647368496,-0.04089848811900065,-0.004884637726323066,-0.26859772776353924,-0.23969115644365463,-0.031376854817574164,-0.17706676772827956,-0.17052770355140637,-0.02229724058133803,20.34,19.97,3,304.0,408.0,0.0,213.0,426.0,0.0,2,1,0,-0.01727024456030357,0.009572242391345229,-0.012634755440923429,-0.11519556534253192,0.022939754959221584,-0.03165634238005331,-0.11361877194782163,0.03815620899202689,-0.035102069877902216,27.98,42.87,3,0.0,922.0,477.0,0.0,868.0,418.0,0,2,1,-0.07929601585430532,0.05459048967196756,0.021785140833654414,-0.10498920900399207,0.1102940845680826,0.044645870848786254,-0.15052868921504553,0.1741965713024768,0.06361838048587745
92,least_connections,2505,measured,388,319,14,medium,0,64.33,44.35,3,577.0,388.0,0.0,568.0,319.0,0.0,2,1,0,-0.03499283061904829,0.006080506214328207,-0.004419434133339917,-0.24301699178605923,0.01716831877320138,-0.02838858293018615,-0.160203266039872,-0.009977446070320056,-0.020173693859305838,20.34,19.97,3,304.0,408.0,0.0,213.0,426.0,0.0,2,1,0,-0.015625459364084188,0.008660600258836165,-0.011431445398930722,-0.10422455911943362,0.02075501639167668,-0.028641452629572045,-0.10279793652421956,0.03452228432611956,-0.03175901560381629,27.98,42.87,3,0.0,922.0,477.0,0.0,868.0,418.0,0,2,1,-0.07174401434437148,0.04939139541749446,0.01971036551616352,-0.0949902367178976,0.09978988603778902,0.04039388314890185,-0.1361926235755174,0.15760642165462185,0.05755948710627008
92,least_connections,2506,measured,186,124,4,light,0,48.4,28.15,3,338.0,388.0,0.0,244.0,319.0,0.0,2,1,0,-0.03166018008390084,0.005501410384392183,-0.003998535644450401,-0.3640312465365932,0.015533240794801256,-0.025684908365406517,-0.2915172407027413,-0.009027213111241966,-0.01825238968222909,16.03,16.66,2,153.0,408.0,0.0,107.0,426.0,0.0,1,1,0,-0.05722122060378591,0.007835781186566054,-0.010342736313318272,-0.1333324242373107,0.01877834816389795,-0.02591369523627947,-0.12297789495048436,0.031234447723631986,-0.02873434745107188,27.98,42.87,3,0.0,1399.0,0.0,0.0,1286.0,0.0,0,3,0,-0.06491125107347896,0.08777135322353807,-0.0252507123787999,-0.08594354750666926,0.1766003730818091,-0.04976743905575547,-0.12322189752070621,0.2686597783224356,-0.07398586087210485
92,least_connections,2507,measured,171,102,6,light,1,38.27,22.15,2,186.0,388.0,0.0,124.0,319.0,0.0,1,1,0,-0.07172882506457241,0.0049774665382595895,-0.0036177227259313154,-0.4210441436918383,0.014053884528629712,-0.023238726616320184,-0.3180394082548612,-0.008167478529218924,-0.01651406685535013,20.91,19.84,3,324.0,408.0,0.0,209.0,426.0,0.0,2,1,0,-0.008687680319525132,0.0070895163116549975,-0.00935771380728796,-0.0764300164868185,0.016989934053050534,-0.02344572426139571,-0.08242642876472395,0.028259738416619412,-0.02599774293192218,27.98,42.87,3,0.0,1399.0,0.0,0.0,1286.0,0.0,0,3,0,-0.058729227161719064,0.07941217672605826,-0.022845882628438004,-0.07775844774412932,0.1597812899311606,-0.045027682955207336,-0.11148647870921038,0.24307313276791795,-0.06693958840809486
92,least_connections,2508,measured,350,333,14,medium,0,61.6,38.8,3,186.0,738.0,0.0,124.0,652.0,0.0,1,2,0,-0.064897508391756,0.04758732233280176,-0.0032731777044140474,-0.38094470143547277,0.223826530446538,-0.021025514557623023,-0.2877499408020173,0.14325323371165907,-0.01494129858341202,20.91,19.84,3,324.0,408.0,0.0,209.0,426.0,0.0,2,1,0,-0.007860282193856066,0.0064143242819735685,-0.008466502968498631,-0.06915096729759769,0.015371845095617148,-0.021212798141262784,-0.07457629269189309,0.02556833475789376,-0.02352176741459626,27.98,42.87,3,453.0,946.0,0.0,418.0,868.0,0.0,1,2,0,-0.01005206720527417,0.0287652120492001,-0.02067008428287248,0.011618547279121094,0.06259259565200248,-0.04073933219756854,0.025194773231349346,0.09385981853605277,-0.06056438951208582
92,least_connections,2509,measured,427,409,17,heavy,0,90.07,59.25,4,186.0,738.0,427.0,124.0,652.0,409.0,1,2,1,-0.058716793306826845,0.04305519639634445,0.04012245373228752,-0.3446642536797135,0.20250971802305817,0.2385324709558014,-0.26034518453515854,0.12961006859626298,0.1715054917578653,20.91,19.84,3,732.0,0.0,0.0,635.0,0.0,0.0,3,0,0,0.03597221633707806,-0.03728046397163842,-0.007660169352451143,0.042904226866799344,-0.09156152790668654,-0.01919253165161871,0.052972639945430056,-0.0973131733142866,-0.021281599089396617,27.98,42.87,3,453.0,946.0,0.0,418.0,868.0,0.0,1,2,0,-0.009094727471438538,0.02602566804451438,-0.018701504827360816,0.010512018966823841,0.05663139606609749,-0.03685939579780011,0.022795271018839894,0.08492078819928583,-0.0547963524156967
92,least_connections,2510,measured,463,414,13,heavy,1,77.67,53.05,3,0.0,738.0,427.0,0.0,652.0,409.0,0,2,1,-0.09620861798055308,0.0389547015014545,0.03630126766254585,-0.4240295628530741,0.18322307821133832,0.2158150927695346,-0.2916456431508577,0.11726625253947603,0.15517163539997336,29.77,29.44,3,579.0,463.0,0.0,528.0,414.0,0.0,2,1,0,-0.010537609255115321,0.009353956633370228,-0.006930629414122463,-0.0007329103858209896,0.03684569243816796,-0.01736467149432169,0.01767465042681768,0.029008319382312117,-0.0192547801285017,27.98,42.87,3,922.0,477.0,0.0,868.0,418.0,0.0,2,1,0,0.034855337276408216,-0.0195368672341015,-0.01692040912951693,0.09437754096998348,-0.03362873689257846,-0.03334897715039057,0.15633857854085514,-0.058881191629217566,-0.049577652185630344
92,least_connections,2511,measured,410,416,14,heavy,0,100.0,73.85,4,0.0,1148.0,427.0,0.0,1068.0,409.0,0,3,1,-0.08704589245859565,0.07832863015664478,0.032844004075636715,-0.3836457949623051,0.4130748485404172,0.19526127441053132,-0.2638698676126808,0.2942885142023831,0.14039338440949972,29.77,29.44,3,579.0,463.0,0.0,528.0,414.0,0.0,2,1,0,-0.009534027421294805,0.008463103620668308,-0.006270569469920323,-0.0006631093966951718,0.033336578872628156,-0.015710893256767243,0.01599135038616839,0.026245622298282395,-0.017420991544834872,27.98,42.87,3,922.0,477.0,0.0,868.0,418.0,0.0,2,1,0,0.03153578134532173,-0.017676213211806124,-0.01530894159337246,0.08538920373474695,-0.030426000045666243,-0.03017288408844861,0.14144919010839274,-0.053273459093101605,-0.04485597102509412
92,least_connections,2512,measured,166,110,6,light,1,100.0,73.85,4,388.0,1187.0,0.0,319.0,1158.0,0.0,1,3,0,-0.03567190723578155,0.0708687606179167,-0.013367896539276527,-0.11307635417224432,0.39725819629847275,-0.08089059299364629,-0.09442988022099688,0.30697532237358466,-0.05800122362950024,34.51,32.88,4,745.0,463.0,0.0,638.0,414.0,0.0,3,1,0,0.03445787541701445,0.007657093752033231,-0.005673372377546959,0.04231160850503091,0.030161666599044526,-0.014214617708503696,0.04556955511129518,0.023746039222255502,-0.01576184949294584,27.98,42.87,3,922.0,477.0,0.0,868.0,418.0,0.0,2,1,0,0.028532373598148225,-0.01599276433449126,-0.013850947155908417,0.077256898617152,-0.027528285755602788,-0.027299276080024932,0.1279778386694982,-0.04819979632233001,-0.04058397378460897
92,least_connections,2513,measured,416,412,19,heavy,2,100.0,73.85,4,388.0,1187.0,0.0,319.0,1158.0,0.0,1,3,0,-0.03227458273713568,0.06411935484478178,-0.012094763535535905,-0.10230717758441149,0.3594240823652849,-0.0731867269942514,-0.08543655829518768,0.2777395773856242,-0.05247729756954784,29.63,29.69,3,574.0,463.0,0.0,536.0,414.0,0.0,2,1,0,-0.011907727230410947,0.006927846728030068,-0.005133051198732963,-0.005922150128101267,0.02728912692294505,-0.012860844593408105,0.0123903117673623,0.021484511677278786,-0.01426072096980814,36.3,56.6,4,1399.0,0.0,416.0,1286.0,0.0,412.0,3,0,1,0.06889890491079624,-0.05755354414843994,0.03055209089522118,0.1562133844631375,-0.11122082996935491,0.05057684545140601,0.24185296514541899,-0.16967283159321922,0.08753513482979824
92,least_connections,2514,measured,482,449,15,heavy,1,100.0,73.85,4,388.0,1187.0,0.0,319.0,1158.0,0.0,1,3,0,-0.029200812952646565,0.058012749621469226,-0.010942881294056295,-0.09256363686208657,0.3251932173781149,-0.06621656251860841,-0.07729974321945551,0.2512881890631838,-0.04747945970578138,43.4,43.72,4,574.0,463.0,482.0,536.0,414.0,449.0,2,1,1,-0.010773657970371803,0.006268051801551017,0.038439711046951354,-0.00535813583018685,0.02469016245409314,0.11296263720460355,0.01121028207523253,0.019438367708014145,0.11404684769398313,36.3,56.6,4,1399.0,0.0,416.0,1286.0,0.0,412.0,3,0,1,0.06233710444310135,-0.0520722542295409,0.027642367952819165,0.14133591927617203,-0.1006283699722735,0.04576000302746258,0.21881934941728384,-0.15351351429862692,0.07919845532219841
92,least_connections,2515,measured,178,108,4,light,0,100.0,79.25,5,916.0,837.0,0.0,760.0,825.0,0.0,3,2,0,0.059748017305882126,0.009403825621238593,-0.009900702123193791,0.23472813807715975,0.0831113236595643,-0.0599102232311219,0.1295621370871593,0.0767131234381187,-0.04295760640046887,43.4,43.72,4,574.0,945.0,0.0,536.0,863.0,0.0,2,2,0,-0.009747595306526857,0.048754994713874955,-0.008305114041420428,-0.004847837179692865,0.14693735786662848,-0.022394348651617192,0.010142636163305602,0.14453649935486998,-0.023764161610205753,27.24,42.67,3,946.0,0.0,416.0,868.0,0.0,412.0,2,0,1,0.013316337126524802,-0.04711299192196557,0.025009761481122102,0.045903926964155656,-0.09104471568919983,0.041401907501037574,0.07191591931405047,-0.1388931796035196,0.07165574529151283
92,least_connections,2516,measured,488,434,19,heavy,2,100.0,79.25,5,916.0,837.0,0.0,760.0,825.0,0.0,3,2,0,0.05405772994341716,0.008508223181120628,-0.008957778111461048,0.21237307730790644,0.07519595950151053,-0.05420448768530076,0.11722288593600128,0.06940711168210745,-0.03886640579090041,31.74,30.41,3,629.0,482.0,0.0,524.0,449.0,0.0,2,1,0,-0.008819252896381441,0.001027761657224735,-0.007514150799380388,0.009831548674155421,0.013256248954160457,-0.020261553541939363,0.0057838136715621935,0.013717547035358546,-0.021500908123519492,37.0,57.13,4,946.0,0.0,904.0,868.0,0.0,846.0,2,0,2,0.012048114543046246,-0.042626040310349805,0.06571177966205832,0.04153212439614082,-0.08237379038546652,0.12576363059617685,0.06506678414128375,-0.12566525773651774,0.1957202774859719
92,least_connections,2517,measured,469,427,16,heavy,1,100.0,79.25,5,916.0,837.0,0.0,760.0,825.0,0.0,3,2,0,0.04890937471071076,0.007697916211490102,-0.008104656386559996,0.19214706994524866,0.06803443954898569,-0.049042155524795926,0.106058801561144,0.0627969105695258,-0.03516484333462418,45.14,43.75,4,629.0,482.0,469.0,524.0,449.0,427.0,2,1,1,-0.007979324049107006,0.0009298795946319077,0.03628538283684178,0.008895210705188228,0.011993749053764213,0.10290621346205486,0.005232974274270552,0.01241111398437203,0.10127596407872044,27.62,42.13,3,477.0,0.0,904.0,418.0,0.0,846.0,1,0,2,-0.03218322516400124,-0.03856641742364982,0.05945351493233848,-0.04728998268920594,-0.07452866749161256,0.11378614196796953,-0.07684433815788613,-0.11369713795208748,0.17708025105873648
92,least_connections,2518,measured,489,446,14,heavy,2,100.0,79.25,5,1326.0,427.0,0.0,1176.0,409.0,0.0,4,1,0,0.08733523925073378,-0.03611911889255204,-0.0073327843497447585,0.4211489362996694,-0.18574661818583837,-0.04437147404624393,0.2841484395077017,-0.13137422377042904,-0.03181581063608854,40.4,40.31,3,463.0,482.0,469.0,414.0,449.0,427.0,1,1,1,-0.0503032886521399,0.0008413196332383993,0.032829632090475895,-0.034863516844965775,0.010851487239119995,0.09310562170376394,-0.026366594704231416,0.011229103128717555,0.09163063416646136,37.4,57.0,4,477.0,905.0,488.0,418.0,858.0,434.0,1,2,1,-0.02911815610076303,0.05127437516545061,0.010707375188215545,-0.04278617481404347,0.09633120560282672,0.02767317606625816,-0.06952582976189697,0.15589306566239702,0.035961496989650496
92,least_connections,2519,measured,392,316,13,medium,1,79.13,57.9,3,1187.0,0.0,0.0,1158.0,0.0,0.0,3,0,0,0.03593369719057318,-0.07576310303430445,-0.006634423935483353,0.2971982439536691,-0.42561201962845696,-0.04014561937517308,0.24894382622125388,-0.3038862024589596,-0.02878573343265154,51.6,50.19,4,463.0,1343.0,0.0,414.0,1192.0,0.0,1,3,0,-0.045512499256697994,0.0869289944073971,-0.013380899763945844,-0.031543181907350004,0.2323894408353943,-0.03699967560135645,-0.023855490446685557,0.22023406949741112,-0.03782525956367781,37.4,57.0,4,477.0,905.0,488.0,418.0,858.0,434.0,1,2,1,-0.026344998376880827,0.0463911013401696,0.00968762517029026,-0.03871130102222979,0.08715680506922419,0.025037635488519283,-0.06290432216552583,0.14104610702788303,0.032536592514445684
92,least_connections,2520,measured,426,435,14,heavy,0,100.0,79.65,4,1187.0,426.0,0.0,1158.0,435.0,0.0,3,1,0,0.0325114403152805,-0.025463669185232365,-0.006002574036865891,0.2688936492914149,-0.12812516061622298,-0.03632222705372803,0.22523489039065825,-0.07815894508191581,-0.02604423501049425,51.6,50.19,4,463.0,1343.0,0.0,414.0,1192.0,0.0,1,3,0,-0.04117797551796484,0.07865004255907357,-0.012106528357855764,-0.02853906934474526,0.21025711313678533,-0.033475896972655836,-0.021583538975572636,0.1992593962119434,-0.03422285389094659,27.86,43.07,3,0.0,905.0,488.0,0.0,858.0,434.0,0,2,1,-0.06691985113917336,0.0419729012125344,0.00876499420169119,-0.12133879616296982,0.07885615696739331,0.02265309877532698,-0.18297692640372973,0.12761314445379895,0.029437869417831802
92,least_connections,2521,measured,415,426,18,heavy,2,100.0,79.65,4,1187.0,426.0,0.0,1158.0,435.0,0.0,3,1,0,0.029415112666206167,-0.023038557834257845,-0.005430900319069139,0.24328473031128017,-0.1159227643670589,-0.03286296733432536,0.2037839484486908,-0.07071523602649524,-0.023563831676161464,51.6,50.19,4,463.0,1343.0,0.0,414.0,1192.0,0.0,1,3,0,-0.037256263563872946,0.07115956231535228,-0.010953525657107596,-0.02582106274048382,0.1902326261713772,-0.030287716308593376,-0.019527963835041906,0.180282310858425,-0.030963534472761203,36.16,57.27,4,0.0,1393.0,415.0,0.0,1292.0,426.0,0,3,1,-0.060546531983061605,0.08105938227619325,0.007930232849149177,-0.10978272033792508,0.15965080868478446,0.007286136987200598,-0.16555055246051736,0.24634840053756413,0.024221564393911307
92,least_connections,2522,measured,366,348,15,medium,0,100.0,80.4,4,837.0,426.0,366.0,825.0,435.0,348.0,2,1,1,-0.01647022686209465,-0.020844409469090427,0.038170228509504335,0.009003644884809092,-0.10488250109400565,0.1910287438403723,0.033733096215482206,-0.06398045164301949,0.13610891419775867,51.6,50.19,4,945.0,861.0,0.0,863.0,743.0,0.0,2,2,0,0.009375852240396138,0.02129856091570423,-0.009910332737383063,0.10123672554772553,0.047516593746892266,-0.02740317189825115,0.10928124700639069,0.036163162205241656,-0.028014626427736326,36.16,57.27,4,0.0,1393.0,415.0,0.0,1292.0,426.0,0,3,1,-0.0547801956037224,0.07333944110703199,0.0071749725778016415,-0.0993272231628846,0.14444596976242402,0.0065922191788957835,-0.14978383317856334,0.22288664810541517,0.021914748737348333
92,least_connections,2523,measured,379,331,13,medium,0,100.0,96.95,5,837.0,1171.0,0.0,825.0,1114.0,0.0,2,3,0,-0.01490163382760945,0.06730857283862339,-0.008548931575301063,0.008146154895779634,0.35447138789907423,-0.04792637462061554,0.030520420385436287,0.24927959137060146,-0.03428241096393262,38.37,37.25,3,482.0,861.0,0.0,449.0,743.0,0.0,1,2,0,-0.03460098629497038,0.019270126542780014,-0.008966491524298962,-0.028091942191513647,0.04299120386623584,-0.024793346003179614,-0.018180062232313193,0.03271905151902815,-0.025346566767951915,36.16,57.27,4,0.0,1393.0,415.0,0.0,1292.0,426.0,0,3,1,-0.0495630341176536,0.0663547324301718,0.006491641856106248,-0.08986748762356225,0.13068921073743126,0.005964388780905716,-0.13551870620917636,0.20165934828585183,0.01982762980998183
92,least_connections,2524,measured,377,342,13,medium,1,100.0,96.95,5,837.0,1171.0,0.0,825.0,1114.0,0.0,2,3,0,-0.01348243060593235,0.060898232568278296,-0.007734747615748581,0.00737033061999115,0.3207122080991624,-0.043361957990080725,0.027613713682061447,0.22553867790673465,-0.031017419443558087,49.14,47.94,4,482.0,1238.0,0.0,449.0,1085.0,0.0,1,3,0,-0.031305654266877966,0.06051877662260595,-0.008112539950556203,-0.025416519125655207,0.13635258581094806,-0.022432074955257744,-0.016448627733997634,0.12629937994578738,-0.02293260802814697,36.16,57.27,4,0.0,1393.0,415.0,0.0,1292.0,426.0,0,3,1,-0.04484274515406755,0.060035234103488766,0.005873390250762792,-0.08130867927846108,0.11824261923862828,0.0053963517541527894,-0.12261216276068337,0.18245369606815165,0.017939284113793086
92,least_connections,2525,measured,430,427,15,heavy,1,100.0,76.15,4,427.0,1171.0,0.0,409.0,1114.0,0.0,1,3,0,-0.055282289822600916,0.05509840089510894,-0.006998104985677287,-0.24063319293111912,0.2901681882801946,-0.039232247705311134,-0.16320664000194443,0.20405880382037894,-0.028063379496552555,61.43,61.28,5,874.0,846.0,430.0,765.0,769.0,427.0,2,2,1,0.014759736842439197,0.011671183384171835,0.03574398312863509,0.07833743507678814,0.022033291924191095,0.0908607757207532,0.0744631463359069,0.02492562947476004,0.09998061654596226,36.16,57.27,4,905.0,903.0,0.0,858.0,860.0,0.0,2,2,0,0.04559579293316791,0.011233692533542006,-0.037769880476067226,0.0901969092242495,0.01831475073971131,-0.07021282460338557,0.14782709083557216,0.034791439299756255,-0.11224540961133006
92,least_connections,2526,measured,386,307,16,medium,0,100.0,71.05,4,0.0,1171.0,386.0,0.0,1114.0,307.0,0,3,1,-0.09310121006625344,0.049850934143193804,0.0367522814301922,-0.47527130154085384,0.26253312272969986,0.19732955366344868,-0.33268696000175924,0.18462463202796187,0.11349027569359531,61.43,61.28,5,1343.0,807.0,0.0,1192.0,769.0,0.0,3,2,0,0.05643794784610712,0.010559642109488815,-0.010744105967516097,0.19211482221233214,0.009853250516445006,-0.028949094075781123,0.18810058478010624,0.022551760000973392,-0.030270513601272232,36.16,57.27,4,905.0,903.0,0.0,858.0,860.0,0.0,2,2,0,0.041253336463342394,0.01016381705415706,-0.03417274900215606,0.0816067273933686,0.016570488764500707,-0.06352588892687266,0.13374832027980338,0.03147796889025567,-0.1015553706007272
92,least_connections,2527,measured,365,307,11,medium,0,100.0,86.4,5,426.0,1110.0,386.0,435.0,986.0,307.0,1,3,1,-0.041150527928424316,0.04510322612955629,0.033252064151126276,-0.17305498710839157,0.20073631739036335,0.17853626283835833,-0.10421677333492499,0.10913657183482256,0.102681678008491,61.43,61.28,5,1343.0,807.0,0.0,1192.0,769.0,0.0,3,2,0,0.05106290519409691,0.009553961908585124,-0.009720857780133612,0.17381817247782433,0.008914845705355001,-0.026192037497135303,0.1701862433724771,0.020403973334214037,-0.02738760754400821,36.16,57.27,4,905.0,903.0,0.0,858.0,860.0,0.0,2,2,0,0.037324447276357406,0.009195834477570664,-0.0309182014781412,0.07383465811780969,0.014992346977405396,-0.057475804267170506,0.1210103850150602,0.02848006709118367,-0.09188343054351508
92,least_connections,2528,measured,368,324,7,medium,2,100.0,86.4,5,426.0,1496.0,0.0,435.0,1293.0,0.0,1,4,0,-0.03723143003047914,0.08389158101064163,-0.012998699328119305,-0.15657355976473525,0.41444396970239217,-0.0712925875906917,-0.09429136635064642,0.23762356499341086,-0.04597848180184148,61.43,61.28,5,1343.0,807.0,0.0,1192.0,769.0,0.0,3,2,0,0.046199771366087675,0.008644060774434165,-0.008795061801073268,0.15726406081326963,0.008065812781035492,-0.02369755773550337,0.15397802971795546,0.018460737778574626,-0.024779263968388383,43.52,68.07,5,1761.0,415.0,0.0,1616.0,426.0,0.0,4,1,0,0.11993753846545716,-0.03476385950895533,-0.02797361086117537,0.22169802401135164,-0.07474025749663323,-0.0520019181464876,0.3380887610453719,-0.10512120913972273,-0.08313262763460888
92,least_connections,2529,measured,390,350,10,medium,0,100.0,100.0,6,805.0,1507.0,0.0,766.0,1312.0,0.0,2,4,0,0.009398320675371469,0.07590190662867577,-0.011760727963536515,0.08694138243508082,0.37738581385771997,-0.06450281734395916,0.0644268590160818,0.22358798737499086,-0.04159957877309467,47.66,47.25,4,861.0,807.0,0.0,743.0,769.0,0.0,2,2,0,-0.0012841070860113712,0.007820816891154714,-0.007957436867637719,0.01768789175622351,0.007297640135222577,-0.02144064747497924,0.012364050697197787,0.016702572275853228,-0.022419334066637108,43.52,68.07,5,1761.0,415.0,0.0,1616.0,426.0,0.0,4,1,0,0.10851491575446123,-0.031453015746197674,-0.025309457445825335,0.200583926486461,-0.06762213773504912,-0.04704935451348878,0.30588983142200316,-0.09510966541213009,-0.07521523452655089
92,least_connections,2530,measured,193,113,4,light,1,100.0,100.0,6,1171.0,1141.0,0.0,1114.0,964.0,0.0,3,3,0,0.05158714274256965,0.025589253389663558,-0.010640658633675894,0.2994231555365017,0.12490462523634982,-0.05835969188262971,0.2157195391097883,0.04486532191070597,-0.037637714128038034,53.17,50.78,5,1431.0,430.0,0.0,1198.0,427.0,0.0,4,1,0,0.08500598928045683,-0.03600792303952215,-0.007199585737386507,0.16335026941209338,-0.09085315552391426,-0.01939868104879074,0.13983235539270278,-0.08158457746470424,-0.02028415939362405,43.52,68.07,5,1761.0,415.0,0.0,1616.0,426.0,0.0,4,1,0,0.09818016187308397,-0.028457490437035993,-0.022899032927175305,0.18148069539251233,-0.06118193414123492,-0.04256846360744223,0.27675746652466954,-0.08605160203954626,-0.06805187885735557
92,least_connections,2531,measured,180,125,4,light,1,100.0,100.0,6,1536.0,776.0,0.0,1421.0,657.0,0.0,4,2,0,0.08975798175574895,-0.019931718588490327,-0.009627262573325808,0.4693511089774698,-0.10714978351631843,-0.052801625989045926,0.33405577348028465,-0.098288518271266,-0.03405316992536775,58.31,54.69,6,1611.0,430.0,0.0,1323.0,427.0,0.0,5,1,0,0.11999408100431355,-0.03257859703575813,-0.006513910905254459,0.1943237131415539,-0.08220047404544625,-0.017551187615572575,0.16185725011720725,-0.07381461770616096,-0.01835233468946938,43.52,68.07,5,1761.0,415.0,0.0,1616.0,426.0,0.0,4,1,0,0.0888296702661236,-0.025747253252556376,-0.020718172648396704,0.16419681964084448,-0.055355083270641134,-0.03851432421625726,0.25039961256993915,-0.07785621136911328,-0.06157074753760742
92,least_connections,2532,measured,150,102,5,light,2,100.0,100.0,6,1926.0,386.0,0.0,1771.0,307.0,0.0,5,1,0,0.12429350276767309,-0.06111735990205813,-0.008710380423485256,0.42465100336056794,-0.3321831374671452,-0.047772899704374885,0.460574271244067,-0.24726104034066929,-0.030810010884856534,47.11,44.81,5,1219.0,430.0,0.0,1007.0,427.0,0.0,4,1,0,0.06548217306285965,-0.02947587350854307,-0.005893538438087368,0.07448335950902496,-0.07437185746968947,-0.015879645937898996,0.05709703582033038,-0.06678465411509801,-0.016604493290472297,28.42,42.87,4,1421.0,0.0,0.0,1286.0,0.0,0.0,4,0,0,0.08036970166934992,-0.06637903412192742,-0.0187450133485494,0.08703521777028786,-0.1251784086734372,-0.03484629333851847,0.12702822089661164,-0.19891752457205486,-0.05570686681974005
92,least_connections,2533,measured,486,421,14,heavy,2,100.0,100.0,6,1926.0,386.0,0.0,1771.0,307.0,0.0,5,1,0,0.11245602631360899,-0.05529665895900497,-0.007880820383153327,0.38420805065956143,-0.30054664818455984,-0.043223099732529656,0.41671005493510827,-0.22371236983203416,-0.027875724133917815,33.71,31.47,4,1180.0,0.0,0.0,1007.0,0.0,0.0,4,0,0,0.05924577562830158,-0.06975254768686777,-0.005332249063031428,0.057308073569389884,-0.17844528600999116,-0.014367298705718139,0.05165922288506081,-0.18115337753270772,-0.015023112977093984,38.14,56.9,5,1421.0,486.0,0.0,1286.0,421.0,0.0,4,1,0,0.07271544436750707,-0.016973321121653145,-0.016959773982020886,0.07874614941121283,-0.025313798323586045,-0.031527598734850046,0.11493029509693437,-0.053004744454081376,-0.05040145093214576
92,least_connections,2534,measured,479,419,16,heavy,1,100.0,82.15,5,1500.0,386.0,0.0,1336.0,307.0,0.0,4,1,0,0.0586620283426984,-0.050030310486718785,-0.007130266060948248,0.34761680773960324,-0.27192315788126836,-0.039106614043717305,0.18023766875081232,-0.20240642984803095,-0.02522089326402088,41.89,41.03,4,987.0,0.0,479.0,894.0,0.0,419.0,3,0,1,0.010519420579801209,-0.06310944790716608,0.038259484407824174,0.0019590053382915196,-0.16145049686618249,0.11082414470843188,0.014789892134102645,-0.16390067491054508,0.10487492159215307,38.14,56.9,5,1421.0,486.0,0.0,1286.0,421.0,0.0,4,1,0,0.06579016395155401,-0.01535681434816237,-0.01534455741230461,0.07124651613395447,-0.02290296038800642,-0.028524970283911946,0.10398455270675017,-0.04795667355369268,-0.045601312748131874
92,least_connections,2535,measured,499,448,16,heavy,1,100.0,82.15,5,1886.0,0.0,0.0,1643.0,0.0,0.0,5,0,0,0.09615906872729402,-0.08834941923855055,-0.0064511931027627,0.3145104450977363,-0.47885111109892536,-0.03538217461098232,0.30195312886978254,-0.3220105793863137,-0.022818903429352225,51.0,51.12,4,807.0,0.0,978.0,769.0,0.0,867.0,2,0,2,-0.03356632922598485,-0.05709902429695978,0.07769962421478877,-0.044758178843586544,-0.1460742590694032,0.22926266153892136,-0.021960930926288064,-0.1482910868238265,0.2215535004881385,21.02,31.63,3,565.0,486.0,0.0,528.0,421.0,0.0,2,1,0,-0.02664336640210871,-0.013894260600718342,-0.013883170992085124,-0.09043410445023166,-0.020721726065339133,-0.025808306447348904,-0.13452191263040064,-0.04338937131048384,-0.041258330581643125
92,least_connections,2536,measured,424,426,15,heavy,2,100.0,65.6,4,1507.0,0.0,0.0,1312.0,0.0,0.0,4,0,0,0.04391716195508005,-0.07993518883487907,-0.005836793759642443,0.2845570693741424,-0.43324624337521817,-0.03201244369565067,0.12345759278694612,-0.29134290515904576,-0.02064567453131868,51.0,51.12,4,807.0,479.0,499.0,769.0,419.0,448.0,2,1,1,-0.03036953596636724,-0.008577121756206244,0.027215759777099127,-0.04049549514419734,-0.0083392956206165,0.0836049930930377,-0.01986941369521303,-0.01570086426917633,0.08198590520355388,29.5,45.83,4,565.0,486.0,424.0,528.0,421.0,426.0,2,1,1,-0.024105902935241202,-0.012570997686364216,0.03052293599582321,-0.08182133259782863,-0.018748228344830642,0.053373437023827186,-0.1217103019036958,-0.0392570502332949,0.09114722471184669
92,least_connections,2537,measured,399,344,9,medium,0,100.0,65.4,4,1141.0,399.0,0.0,964.0,344.0,0.0,3,1,0,-0.0033493251245420574,-0.029238413480990363,-0.005280908639676497,0.04091671356073201,-0.15131802972043545,-0.028963639534160132,-0.04572884462133453,-0.10797691419151761,-0.018679419814050233,40.23,40.44,3,430.0,978.0,0.0,427.0,867.0,0.0,1,2,0,-0.07056109943442296,0.03532364720923743,-0.018460117571286728,-0.1340945636338656,0.12144812028882995,-0.05335058448044888,-0.1146735171528118,0.11246112280407855,-0.05248894291107031,26.5,42.43,3,415.0,910.0,0.0,426.0,847.0,0.0,1,2,0,-0.06489400288245178,0.031710140415284985,-0.015467910516250653,-0.10117168187422591,0.059761126735629416,-0.02843355697844207,-0.14088074934143904,0.0929579069317808,-0.0460096538321387
92,least_connections,2538,measured,377,302,10,medium,1,78.33,50.05,3,776.0,399.0,0.0,657.0,344.0,0.0,2,1,0,-0.04611424200610495,-0.026453802673276988,-0.004777964959707307,-0.18313884646092504,-0.13690678879467966,-0.02620519767376393,-0.18025466894311215,-0.0976933985542302,-0.016900427450807352,51.0,49.88,4,430.0,1355.0,0.0,427.0,1169.0,0.0,1,3,0,-0.06384099472638267,0.07504339055892457,-0.016702011135926086,-0.12132365281159269,0.2073374149551999,-0.04826957643469185,-0.10375222980492493,0.18713744444178534,-0.04748999596715885,26.5,42.43,3,415.0,910.0,0.0,426.0,847.0,0.0,1,2,0,-0.05871362165555161,0.028690127042400704,-0.013994776181369638,-0.09153628360049011,0.05406959085604565,-0.025725599170971395,-0.1274635351184448,0.08410477293827787,-0.041627782038601686
92,least_connections,2539,measured,199,119,7,light,0,65.6,38.5,3,984.0,0.0,0.0,770.0,0.0,0.0,3,0,0,0.0013614907926624287,-0.06701829312162702,-0.00432292067783042,-0.04023673409956707,-0.36453471367137685,-0.023709464561976888,-0.1119685099961491,-0.24400831297763684,-0.015290862931682843,51.0,49.88,4,430.0,1355.0,0.0,427.0,1169.0,0.0,1,3,0,-0.0577608999905367,0.06789640098188414,-0.01511134340869503,-0.10976901921048862,0.1875909944832761,-0.04367247391710215,-0.09387106506159873,0.16931483068542483,-0.04296713920838182,18.2,28.23,2,0.0,910.0,0.0,0.0,847.0,0.0,0,2,0,-0.09620574839130407,0.025957733990743498,-0.01266194035457253,-0.15791378040044343,0.048920106012612735,-0.023275542107069357,-0.24380034129764053,0.07609479456320378,-0.03766323136825867
92,least_connections,2540,measured,435,406,21,heavy,2,65.6,38.5,3,984.0,0.0,0.0,770.0,0.0,0.0,3,0,0,0.001231825002885073,-0.06063559853861492,-0.003911213946608476,-0.03640466418532262,-0.3298171218931505,-0.02145142031797909,-0.10130484237746823,-0.22076942602738572,-0.013834590271522573,38.71,36.53,3,0.0,1355.0,0.0,0.0,1169.0,0.0,0,3,0,-0.09534376212295724,0.06143007707884755,-0.01367216784596217,-0.21047128948976182,0.16972518548486887,-0.03951319068690194,-0.2056601302938274,0.15318960871538437,-0.03887503071234546,26.9,41.77,3,486.0,424.0,435.0,421.0,426.0,406.0,1,1,1,-0.04395939593680345,-0.019598331377989442,0.0316278589535727,-0.0549315156004012,-0.04368180884573132,0.05765546190312772,-0.09361300720580173,-0.058120582696783885,0.08836818749221041
92,least_connections,2541,measured,482,405,20,heavy,0,97.73,58.75,4,984.0,0.0,482.0,770.0,0.0,405.0,3,0,1,0.001114508335943648,-0.0548607796301754,0.039545182846492555,-0.03293755331052994,-0.29840596742713615,0.27132173082341576,-0.09165676215104268,-0.19974376640572994,0.17069727546862246,38.71,36.53,3,377.0,978.0,0.0,302.0,867.0,0.0,1,2,0,-0.04317950359877537,0.012495693320771384,-0.012370056622537201,-0.09297062246352598,0.05610509979243239,-0.035750029669101756,-0.10068654645632004,0.0532132174091573,-0.035172646834979227,26.9,41.77,3,486.0,424.0,435.0,421.0,426.0,406.0,1,1,1,-0.03977278679996503,-0.01773182362770473,0.0286156819103753,-0.04969994268607726,-0.03952163657470929,0.05216446553140127,-0.0846974827100111,-0.052585289106614,0.07995216963580942
92,least_connections,2542,measured,455,415,16,heavy,1,72.0,43.4,3,598.0,0.0,482.0,463.0,0.0,405.0,2,0,1,-0.042075535541855974,-0.049635943474920605,0.03577897495635041,-0.26262604029682873,-0.26998635148169464,0.24548156598309046,-0.22180849908903863,-0.1807205505575652,0.1544403920906584,51.71,49.5,4,377.0,978.0,455.0,302.0,867.0,415.0,1,2,1,-0.039067169922701525,0.01130562729022172,0.03189194423493799,-0.08411627746699972,0.05076175695505786,0.0852737826803365,-0.09109735155571815,0.04814529194161851,0.08551343857787595,26.9,41.77,3,486.0,424.0,435.0,421.0,426.0,406.0,1,1,1,-0.0359849023428255,-0.016043078520304274,0.02589037887129194,-0.044966614811212766,-0.035757671186641735,0.04719642119507734,-0.07663105578524812,-0.047577166334555526,0.07233767728954185
92,least_connections,2543,measured,464,432,18,heavy,0,100.0,65.0,4,598.0,0.0,946.0,463.0,0.0,837.0,2,0,2,-0.03806834168072684,-0.044908710763023406,0.07545535375869344,-0.2376140364590355,-0.24427336562629515,0.501975385095812,-0.2006838801281778,-0.1635090695520828,0.3351603547486909,51.71,49.5,4,856.0,499.0,455.0,721.0,448.0,415.0,2,1,1,0.007737413153836942,-0.032854999345128186,0.028854616212562946,0.04771792582917714,-0.07789582533998166,0.07715247004411399,0.0360458485924455,-0.07490723586234516,0.0773693015704592,26.9,41.77,3,486.0,424.0,435.0,421.0,426.0,406.0,1,1,1,-0.03255776878636593,-0.014515166280275299,0.02342462850259747,-0.04068408006728773,-0.032352178692675856,0.042701523938403305,-0.06933285999617686,-0.04304600763602642,0.06544837469053787
92,least_connections,2544,measured,479,404,18,heavy,2,100.0,65.0,4,598.0,0.0,946.0,463.0,0.0,837.0,2,0,2,-0.03444278533018144,-0.04063169069035451,0.06826912959119884,-0.21498412822484164,-0.221009235566648,0.4541682055628775,-0.18157112963977992,-0.1479367772137892,0.3032403209631013,51.71,49.5,4,1355.0,455.0,0.0,1169.0,415.0,0.0,3,1,0,0.050084416889752695,-0.029725951788449306,-0.016977342701105177,0.17216655874340514,-0.08185132496746639,-0.04781443186484926,0.15927957729792686,-0.07710357054212183,-0.04733551286482264,36.48,55.23,4,910.0,0.0,914.0,847.0,0.0,810.0,2,0,2,0.01362687132480725,-0.05621666971843502,0.06427761172910745,0.03991440374864444,-0.10599482834099244,0.1253109026109363,0.06574646000345902,-0.16742257833735724,0.18105646598985173
92,least_connections,2545,measured,184,113,6,light,0,100.0,70.65,5,782.0,0.0,946.0,576.0,0.0,837.0,3,0,2,0.011921380166117018,-0.036762005862701695,0.06176730772537038,-0.08352532236215826,-0.19996073694125296,0.4109140907473654,-0.11315959348361043,-0.13384756033628548,0.2743602903951869,51.71,49.5,4,1355.0,455.0,0.0,1169.0,415.0,0.0,3,1,0,0.04531447242406196,-0.026894908760977942,-0.015360452920047542,0.1557697436249856,-0.07405596068485054,-0.04326067644914933,0.14411009374574335,-0.06976037334763405,-0.04282736878245858,36.48,55.23,4,910.0,0.0,914.0,847.0,0.0,810.0,2,0,2,0.012329074055777989,-0.05086270117382216,0.05815593442157342,0.03611303196305923,-0.09590008278470745,0.11337653093370428,0.05948489238408197,-0.15147757087665656,0.16381299303843727
92,least_connections,2546,measured,375,306,9,medium,1,75.33,47.5,3,184.0,0.0,946.0,113.0,0.0,837.0,1,0,2,-0.07538178982702791,-0.033260862447206295,0.05588470698962082,-0.43626894245465103,-0.1809168572325622,0.3717794154380925,-0.31183487029469514,-0.12110017363759162,0.24823073892897862,62.43,59.06,5,1355.0,830.0,0.0,1169.0,721.0,0.0,3,2,0,0.0409988083836751,0.01875041134777733,-0.013897552641947777,0.14093452994641556,0.029935763462005965,-0.039140612025420816,0.1303853229128154,0.023401328875950145,-0.038748571755557765,36.48,55.23,4,910.0,0.0,914.0,847.0,0.0,810.0,2,0,2,0.011154876526656282,-0.046018634395362905,0.05261727400047119,0.03267369558562502,-0.08676674156711627,0.1025787660828753,0.05381966453797893,-0.13705113555507023,0.14821175560620514
92,least_connections,2547,measured,190,108,9,light,0,88.0,52.9,4,184.0,1136.0,0.0,113.0,945.0,0.0,1,3,0,-0.06820257174826334,0.09915853941851402,-0.03560544651052447,-0.3947195193637318,0.5215196688530785,-0.23423132254013856,-0.2821363112190099,0.31793317623265516,-0.15405314096901931,62.43,59.06,5,1355.0,830.0,0.0,1169.0,721.0,0.0,3,2,0,0.03709415996618223,0.016964657886084256,-0.012573976199857513,0.12751219376104267,0.02708473837038633,-0.035412934689666456,0.1179676731115949,0.021172630887764415,-0.035058231588361785,26.76,41.2,3,424.0,435.0,479.0,426.0,406.0,404.0,1,1,1,-0.032991392893115964,0.0014479929166671263,0.004522204821287998,-0.058380942089196405,0.00021104334403765357,0.014095074074982422,-0.07827427176722543,-0.0015542020101429188,0.011651905865931608
92,least_connections,2548,measured,380,342,13,medium,2,88.0,52.9,4,184.0,1136.0,0.0,113.0,945.0,0.0,1,3,0,-0.06170708872461922,0.08971486899770317,-0.03221445160476023,-0.3571271841862335,0.4718511289623092,-0.21192357753631585,-0.25526618634100895,0.2876538261152594,-0.13938141325768413,51.66,49.62,4,1353.0,455.0,0.0,1173.0,415.0,0.0,3,1,0,0.03356138282654583,-0.02773492404410971,-0.011376454657013941,0.11485116850488897,-0.07243353603223551,-0.032040274243031554,0.10786360900572872,-0.06736166729202267,-0.031719352389470185,34.36,52.6,4,424.0,1294.0,0.0,426.0,1152.0,0.0,1,3,0,-0.029849355474723963,0.08747788928288024,-0.03899238157892537,-0.0528208523664158,0.15562903921603405,-0.07392350440834923,-0.07081957921796586,0.2235779442130453,-0.11129906929590314
92,least_connections,2549,measured,418,417,17,heavy,0,100.0,73.75,5,374.0,946.0,418.0,221.0,837.0,417.0,2,2,1,-0.012746322905040963,0.038086695533069315,0.013937491631974303,-0.2085118968034176,0.31230975160081953,0.06038660445126981,-0.18209797811805573,0.211401080770949,0.06253586419542864,51.66,49.62,4,1353.0,455.0,0.0,1173.0,415.0,0.0,3,1,0,0.03036506065258908,-0.025093502706575455,-0.010292982784917375,0.10391296198061384,-0.06553510402916546,-0.028988819553219025,0.09759088433851648,-0.060946270407068154,-0.028698461685711118,34.36,52.6,4,424.0,1294.0,0.0,426.0,1152.0,0.0,1,3,0,-0.027006559715226433,0.07914666173212974,-0.03527882142855153,-0.047790294998185726,0.14080722595736414,-0.06688317065517312,-0.0640748573876834,0.20228480666894577,-0.10069915793438855
92,least_connections,2550,measured,172,106,8,light,1,100.0,73.75,5,374.0,946.0,418.0,221.0,837.0,417.0,2,2,1,-0.01153238739027515,0.034459391196586524,0.012610111476548183,-0.18865362091737783,0.28256596573407483,0.054635499265434595,-0.16475531353538375,0.19126764450704908,0.056580067605387835,42.89,39.84,4,874.0,627.0,0.0,754.0,521.0,0.0,2,2,0,-0.015610750112510091,0.02038025492080814,-0.009312698710163339,-0.029806639840669114,-0.014831080516183731,-0.026227979595769595,-0.030170747503247025,-0.025171625606394993,-0.025965274858500535,34.36,52.6,4,424.0,1294.0,0.0,426.0,1152.0,0.0,1,3,0,-0.024434506409014387,0.07160888442430786,-0.03191893367345138,-0.043238838331691856,0.1273970139614247,-0.060513344878489965,-0.057972490017427825,0.18301958698618903,-0.09110876194063726
92,least_connections,2551,measured,485,426,14,heavy,1,100.0,68.1,4,190.0,946.0,418.0,108.0,837.0,417.0,1,2,1,-0.05351796500843488,0.03117754441595924,0.011409148478781689,-0.28167073638556406,0.2556549213784487,0.04943211838301226,-0.20018337891296623,0.1730516783635206,0.05119148973820806,42.49,39.16,4,1002.0,485.0,0.0,827.0,426.0,0.0,3,1,0,0.02895988822020061,-0.024644621965073804,-0.008425775023481116,0.006120523137353784,-0.05012607965069685,-0.02373007677712487,-0.0066574620267473295,-0.04963444697721453,-0.02349239153864334,25.88,38.4,3,0.0,1294.0,0.0,0.0,1152.0,0.0,0,3,0,-0.06519131078729419,0.06478899066961187,-0.028879035228360776,-0.1158446632524831,0.11526396501271757,-0.05475016917577664,-0.18092749096814897,0.16558915013036152,-0.0824317369939099
92,least_connections,2552,measured,416,406,16,heavy,2,100.0,68.1,4,190.0,1364.0,0.0,108.0,1254.0,0.0,1,3,0,-0.04842101596001251,0.07129215469833954,-0.03276133731738346,-0.25484495196789125,0.4834338177551043,-0.207402686542354,-0.18111829520696945,0.3452134232812806,-0.1423267473797165,42.49,39.16,4,1002.0,485.0,0.0,827.0,426.0,0.0,3,1,0,0.026201803627800543,-0.022297515111257243,-0.0076233202593400575,0.005537616171891524,-0.04535216730301145,-0.02147006946501774,-0.006023418024199978,-0.04490735678890839,-0.021255020915915402,34.2,51.93,4,0.0,1294.0,416.0,0.0,1152.0,406.0,0,3,1,-0.058982614521837604,0.05861861060583931,0.016955249305859524,-0.10481183818081805,0.10428644453531588,0.02574032312667828,-0.16369630135213478,0.1498187548798509,0.04786334906900215
92,least_connections,2553,measured,196,124,6,light,0,100.0,74.3,5,386.0,1364.0,0.0,232.0,1254.0,0.0,2,3,0,-0.0007255904037301308,0.06450242567945005,-0.029641209953823133,-0.11235178193920325,0.4373925017784277,-0.18765004972879648,-0.10777369566344856,0.31233595439734907,-0.12877181905783874,42.49,39.16,4,1002.0,485.0,0.0,827.0,426.0,0.0,3,1,0,0.023706393758486197,-0.020173942243518456,-0.006897289758450528,0.0050102241555208815,-0.04103291327415323,-0.019425300944539863,-0.005449759164752377,-0.04063046566615522,-0.019230733209637745,34.2,51.93,4,0.0,1294.0,416.0,0.0,1152.0,406.0,0,3,1,-0.053365222662614974,0.05303588578623557,0.015340463657682428,-0.09482975835407347,0.09435440219861913,0.023288863781280353,-0.14810617741383622,0.13555030203415083,0.04330493487195432
92,least_connections,2554,measured,400,323,6,medium,1,100.0,74.3,5,1332.0,418.0,0.0,1069.0,417.0,0.0,4,1,0,0.0855113138977589,-0.027808462934012304,-0.02681823757726855,0.4689515623724669,-0.17486710156554952,-0.16977861642129205,0.28113332297116556,-0.0960531841166842,-0.11650783629042553,53.91,49.25,5,1402.0,485.0,0.0,1150.0,426.0,0.0,4,1,0,0.06453254219872107,-0.018252614410802406,-0.006240405019550478,0.10793442049445084,-0.037125016771852926,-0.017575272283155113,0.08639367027950978,-0.03676089750747377,-0.017399234808719865,34.2,51.93,4,815.0,895.0,0.0,748.0,810.0,0.0,2,2,0,0.037884979949244044,0.0049009488179319605,-0.02920443310790184,0.06167783767964782,0.01316826865589349,-0.05420531372169873,0.09158647440335452,0.019497892316612697,-0.08326378908410483
92,least_connections,2555,measured,175,124,5,light,2,100.0,74.3,5,1332.0,418.0,0.0,1069.0,417.0,0.0,4,1,0,0.07736737924082948,-0.02516003789267779,-0.024264119712766784,0.42428950881318434,-0.15821309189264005,-0.153609224381169,0.25435872078343547,-0.08690526181985711,-0.10541185188181358,43.2,39.69,4,1027.0,485.0,0.0,844.0,426.0,0.0,3,1,0,0.0153026855720855,-0.016514270181202176,-0.005646080731974242,0.0007161763657276277,-0.03358930088881931,-0.015901436827616532,-0.008352155461395894,-0.03325985964961914,-0.015742164826937022,37.7,56.07,5,1469.0,416.0,0.0,1276.0,406.0,0.0,4,1,0,0.12044468707425934,-0.03864970843910463,-0.0264230585261969,0.17414661504349088,-0.07476204264466779,-0.04904290289106075,0.24210204826970172,-0.10420031965004886,-0.07533390440942818
92,least_connections,2556,measured,172,106,3,light,1,100.0,68.9,4,1142.0,418.0,0.0,961.0,417.0,0.0,3,1,0,0.026915157181612165,-0.022763843807660847,-0.021953251168693757,0.269277809561135,-0.14314517837905527,-0.13897977444010529,0.1812769378516797,-0.07862857021796596,-0.09537262789306943,48.11,43.0,5,1199.0,485.0,0.0,950.0,426.0,0.0,4,1,0,0.05692918717292997,-0.014941482544897203,-0.0051083587575005045,0.045110554126814806,-0.030390319851788916,-0.014387014272605435,0.022413526011118012,-0.03009225396870302,-0.0142429110338954,37.7,56.07,5,1469.0,416.0,0.0,1276.0,406.0,0.0,4,1,0,0.10897376449575845,-0.03496878382585657,-0.023906576761797197,0.15756122313458698,-0.06764184810708038,-0.04437215023476925,0.21904471033925393,-0.09427647968337755,-0.0681592468466255
92,least_connections,2557,measured,392,314,11,medium,0,100.0,84.6,5,1142.0,810.0,0.0,961.0,731.0,0.0,3,2,0,0.024351808878601486,0.02248804154363565,-0.019862465343103874,0.24363230388864598,0.10693214019672781,-0.12574360544580954,0.16401246758009114,0.070907484088507,-0.08628952047468186,48.11,43.0,5,1199.0,485.0,0.0,950.0,426.0,0.0,4,1,0,0.0515073598231271,-0.013518484207287948,-0.004621848399643314,0.040814310876642,-0.027496003675428066,-0.013016822437119203,0.020278904486249638,-0.027226325019302722,-0.012886443316381554,37.7,56.07,5,1469.0,416.0,0.0,1276.0,406.0,0.0,4,1,0,0.09859531073425765,-0.031638423461489276,-0.02162975992734032,0.14255539235986442,-0.06119976733497748,-0.04014623116479123,0.19818330935456308,-0.08529776733257968,-0.06166789000408974
92,least_connections,2558,measured,449,413,18,heavy,0,100.0,100.0,6,1142.0,810.0,449.0,961.0,731.0,413.0,3,2,1,0.022032588985401336,0.02034632330138464,0.025113098249663388,0.22042922732782255,0.0967481268446585,0.15705737285061677,0.14839223257246337,0.06415439036579207,0.10876186242766879,30.2,26.72,3,1057.0,0.0,0.0,855.0,0.0,0.0,3,0,0,0.0035179967560719227,-0.05531490974763694,-0.0041816723615820455,0.00021975065709783914,-0.15025148631858457,-0.01177712506215547,-0.008512538798155111,-0.1450797702555596,-0.011659163000535691,37.7,56.07,5,1469.0,416.0,0.0,1276.0,406.0,0.0,4,1,0,0.08920528114051883,-0.028625240274680774,-0.01956978279140315,0.12897868832559162,-0.05537121806497963,-0.03632278057766825,0.17930870846365232,-0.07717417044376257,-0.05579475762274786
92,least_connections,2559,measured,401,420,18,heavy,1,100.0,99.05,5,1364.0,392.0,449.0,1254.0,314.0,413.0,3,1,1,0.01993424717726787,-0.024675322001695074,0.022721374606838304,0.3333407294870776,-0.1645929646008646,0.1420995278172247,0.2668072580417526,-0.1305984087166643,0.09840358981550985,36.74,36.53,3,885.0,0.0,401.0,749.0,0.0,420.0,2,0,1,-0.039900950780787536,-0.05004682310500485,0.039300482375802186,-0.044263763010925106,-0.13594182095490984,0.09300436984172328,-0.037672058912616546,-0.13126264927883963,0.10820123347570582,37.7,56.07,5,1469.0,416.0,0.0,1276.0,406.0,0.0,4,1,0,0.08070954007951704,-0.025899026915187362,-0.01770599395412666,0.1166950037231543,-0.050097768725457764,-0.032863468141699846,0.16223168860997117,-0.06982424944911853,-0.05048097118248616
92,least_connections,2560,measured,390,323,13,medium,1,100.0,99.05,5,1364.0,392.0,449.0,1254.0,314.0,413.0,3,1,1,0.018035747446099495,-0.022325291334866965,0.0205574341680918,0.30159399334545123,-0.14891744416268704,0.12856623945367948,0.24139704299015707,-0.11816046502936292,0.08903181935688986,36.46,36.53,3,485.0,390.0,401.0,426.0,323.0,420.0,1,1,1,-0.07918476045699371,-0.002196558773008922,0.03555757929239245,-0.1434495270779118,-0.02217865433335378,0.08414681080917821,-0.1254086485399864,-0.027437039823712053,0.09789635409706716,34.2,51.93,4,1294.0,416.0,0.0,1152.0,406.0,0.0,3,1,0,0.029939016988043757,-0.02343245292326475,-0.016019708815638405,0.07391452717809194,-0.04532655265636654,-0.029733614032966527,0.10938422620267235,-0.06317432093015488,-0.045673259641297
92,least_connections,2561,measured,379,310,11,medium,1,83.93,57.2,3,810.0,0.0,449.0,731.0,0.0,413.0,2,0,1,-0.026765843013619728,-0.06328297333925605,0.0185995832949402,-0.06128797427475041,-0.37117927487735175,0.1163218356961862,-0.01818838967557218,-0.24895470645513787,0.08055259846575749,47.29,46.22,4,485.0,769.0,401.0,426.0,633.0,420.0,1,2,1,-0.07164335469918479,0.041096537527368346,0.032171143169307456,-0.12978766735620595,0.07790638757594523,0.07613282882735171,-0.11346496772665438,0.06282482111187956,0.0885728918021084,17.9,27.0,2,895.0,0.0,0.0,810.0,0.0,0.0,2,0,0,-0.015996218189955863,-0.06428469096685405,-0.01449402226176808,-0.005324951600773953,-0.11628592859385543,-0.026901841267922097,-0.004176176292820244,-0.17960216338125123,-0.04132342538974491
92,least_connections,2562,measured,465,418,21,heavy,2,83.93,57.2,3,810.0,449.0,0.0,731.0,413.0,0.0,2,1,0,-0.02421671510756071,-0.014172123270664763,-0.026255705817049568,-0.055451024343821764,-0.06500347092077852,-0.1655818311955141,-0.016456162087422455,-0.038411401078458085,-0.11395241091193369,47.29,46.22,4,485.0,769.0,401.0,426.0,633.0,420.0,1,2,1,-0.06482017806116719,0.037182581572380885,0.029107224772230558,-0.11742693713180535,0.0704867316163314,0.06888208322474679,-0.10265878032411588,0.05684150481551009,0.08013737829714568,17.62,27.47,2,416.0,0.0,465.0,406.0,0.0,418.0,1,0,1,-0.05755666906528886,-0.05816233944620128,0.02997026103753863,-0.09149400382927167,-0.10521107825158349,0.05980309599568953,-0.1256197150585834,-0.16249719544017968,0.08867563099658
92,least_connections,2563,measured,364,340,16,medium,2,83.93,57.2,3,810.0,449.0,0.0,731.0,413.0,0.0,2,1,0,-0.02191036128779303,-0.012822397244887165,-0.02375516240590199,-0.05016997440631488,-0.058812664166418616,-0.14981213298641752,-0.014888908555286962,-0.034753172404319216,-0.10309980034889238,47.29,46.22,4,485.0,1170.0,0.0,426.0,1053.0,0.0,1,3,0,-0.05864682776962746,0.07672528355414959,-0.01674879209950115,-0.10624341930972866,0.16743357350321142,-0.04133797912318828,-0.09288175362658102,0.17017802816641386,-0.04624475296924915,24.9,38.8,3,416.0,0.0,829.0,406.0,0.0,758.0,1,0,2,-0.052075081535261344,-0.05262306902275354,0.07019985068929233,-0.08278028917886485,-0.09519097556095649,0.11997422971038577,-0.11365593267205165,-0.14702127206492446,0.18277001534611204
92,least_connections,2564,measured,362,300,9,medium,0,100.0,72.2,4,810.0,811.0,0.0,731.0,713.0,0.0,2,2,0,-0.019823660212765132,0.031482683671859454,-0.021492765986292277,-0.04539188160571339,0.16513774829387518,-0.1355443107972349,-0.013470917264307214,0.104270939253235,-0.09328077174423596,47.29,46.22,4,485.0,1170.0,0.0,426.0,1053.0,0.0,1,3,0,-0.05306141560109151,0.06941811369184964,-0.015153669042405801,-0.09612499842308786,0.15148751888385795,-0.03740102873050369,-0.0840358723288114,0.1539705969124697,-0.041840490781701614,24.9,38.8,3,416.0,0.0,829.0,406.0,0.0,758.0,1,0,2,-0.04711554996047454,-0.04761134816344367,0.06351415062364543,-0.07489645211421106,-0.08612516836467492,0.10854811259511093,-0.10283155813185627,-0.13301924615397928,0.1653633472179109
92,least_connections,2565,measured,164,104,5,light,2,100.0,72.2,4,810.0,811.0,0.0,731.0,713.0,0.0,2,2,0,-0.017935692573454176,0.028484332845968074,-0.01944583589235968,-0.041068845262312026,0.1494103436944585,-0.12263532881654586,-0.012187972762944588,0.09434037361006975,-0.0843968887209754,33.43,32.91,3,379.0,791.0,0.0,310.0,743.0,0.0,1,2,0,-0.048007947448606605,0.019722964542058963,-0.013710462466938581,-0.11437159721272575,0.039087347017368074,-0.03383902599426524,-0.10883007496416268,0.05165792101604402,-0.03785568213582527,28.18,42.27,4,580.0,364.0,465.0,510.0,340.0,418.0,2,1,1,0.00045554550061374655,6.966174117856161e-06,0.014381283670826597,-0.038087266198571904,-0.012056104710896354,0.03234353044319561,-0.06167299703993345,-0.01781106398058442,0.04707477446699877
92,least_connections,2566,measured,193,119,8,light,1,80.2,51.35,3,754.0,449.0,0.0,614.0,413.0,0.0,2,1,0,-0.016227531375982346,-0.01731236098516721,-0.01759385152165876,-0.07093530444367913,-0.08316841919707718,-0.11095577369116054,-0.06395578488075937,-0.05035870959088931,-0.07635908979516821,38.94,36.62,4,769.0,594.0,0.0,633.0,539.0,0.0,2,2,0,-0.0003518617505533783,0.017844586966624776,-0.012404704136753954,-0.0026627376142348558,-0.015560427528503729,-0.03061626161385903,-0.0071409011580519655,-0.010940452414055418,-0.03425037907527048,28.18,42.27,4,580.0,364.0,465.0,510.0,340.0,418.0,2,1,1,0.00041216021484100085,6.302728963777926e-06,0.013011637606938353,-0.034459907512993646,-0.01090790426223956,0.02926319421051031,-0.055799378274225514,-0.016114772172909728,0.0425914626129989
92,least_connections,2567,measured,365,324,6,medium,0,100.0,67.55,4,1119.0,449.0,0.0,938.0,413.0,0.0,3,1,0,0.02840184802944,-0.015663564700865565,-0.015918246614834115,0.15597916899540143,-0.0752476173687841,-0.10038855714914525,0.0887066708221701,-0.04556264201080465,-0.06908679552896171,38.94,36.62,4,962.0,401.0,0.0,752.0,420.0,0.0,3,1,0,0.04276554911911383,-0.026938797733144476,-0.011223303742777387,0.047482012906848725,-0.06396963851218362,-0.027700427174443883,0.02718501799985773,-0.043544337898431096,-0.030988438210959007,28.18,42.27,4,580.0,364.0,465.0,510.0,340.0,418.0,2,1,1,0.00037290686104662907,5.702469062465743e-06,0.01177243402532517,-0.031178011559375204,-0.009869056237264362,0.026476223333318852,-0.05048515177191834,-0.014580031965965953,0.038535132840332345
92,least_connections,2568,measured,494,448,17,heavy,0,100.0,74.25,4,727.0,449.0,494.0,624.0,413.0,448.0,2,1,1,-0.017386990104883093,-0.014171796634116468,0.028681677099050312,-0.09532043440098603,-0.06808117761937604,0.20714051178569395,-0.06178920258946513,-0.04122334277168041,0.14015956594998702,38.94,36.62,4,962.0,401.0,0.0,752.0,420.0,0.0,3,1,0,0.038692639679198226,-0.024373197949035474,-0.010154417672036684,0.04295991643952979,-0.05787729198721375,-0.025062291253068275,0.024595968666537932,-0.03939725809858052,-0.028037158381343862,19.86,28.73,3,164.0,364.0,465.0,104.0,340.0,418.0,1,1,1,-0.04274650830485803,5.159376770799695e-06,0.010651249832437065,-0.10348486760133949,-0.00892914611942966,0.023954678253955156,-0.16812148652379916,-0.013191457493016825,0.034865120188872126
92,least_connections,2569,measured,373,327,10,medium,2,100.0,74.25,4,1176.0,0.0,494.0,1037.0,0.0,448.0,3,0,1,0.027352813941386944,-0.05590600194333893,0.025950088803902663,0.18458309903402847,-0.33242265276673705,0.18741284399658026,0.13092881670476963,-0.2241306434600918,0.1268110358595121,38.94,36.62,4,962.0,401.0,0.0,752.0,420.0,0.0,3,1,0,0.03500762637641744,-0.022051941001508285,-0.009187330274699857,0.03886849582624122,-0.052365168940812445,-0.022675406371823678,0.022253495460200973,-0.035645138279668115,-0.025366952821215875,27.32,39.63,4,164.0,1202.0,0.0,104.0,1085.0,0.0,1,3,0,-0.038675412275823925,0.08617246846106927,-0.03344705514026669,-0.09362916592502143,0.14355934398718267,-0.0624695768178501,-0.15210991637867544,0.2127474114745721,-0.09451885951165538
92,least_connections,2570,measured,445,440,17,heavy,0,100.0,96.25,5,1176.0,0.0,939.0,1037.0,0.0,888.0,3,0,2,0.024747784042207233,-0.05058162080587808,0.06656255200171692,0.16700375626888286,-0.30076335250323827,0.4379767001238901,0.11845940559002971,-0.202784867892464,0.3137814133967014,38.94,36.62,4,1363.0,0.0,0.0,1172.0,0.0,0.0,4,0,0,0.07475746694827791,-0.06303565637097915,-0.008312346439014157,0.13882659826455834,-0.15103787393964663,-0.020515843860221424,0.13888411494018188,-0.15100036320541402,-0.022951052552528647,24.04,36.17,3,0.0,1202.0,0.0,0.0,1085.0,0.0,0,3,0,-0.07807593990488378,0.07796556670287219,-0.03026162131738415,-0.1143882929797813,0.12988702551221293,-0.056520093311388186,-0.16898833704102378,0.19248575323889858,-0.0855170633676882
92,least_connections,2571,measured,182,113,5,light,2,100.0,96.25,5,1176.0,494.0,445.0,1037.0,448.0,440.0,3,1,1,0.022390852228663688,-0.0026804233595132815,0.01713936110812937,0.1510986366242274,0.025849030274847862,0.09829637947717043,0.1071775574385983,0.0191946433353897,0.08123080259701554,38.94,36.62,4,1363.0,0.0,0.0,1172.0,0.0,0.0,4,0,0,0.06763770819129906,-0.057032260526123986,-0.007520694397203285,0.12560501747745756,-0.13665331451682314,-0.018561953968771763,0.1256570563744503,-0.1366193762334698,-0.020765238023716395,27.68,39.93,4,182.0,1202.0,0.0,113.0,1085.0,0.0,1,3,0,-0.02755623587766129,0.07054027463593199,-0.027379562144299943,-0.07056083650551641,0.11751683260628788,-0.051137227281732166,-0.11881484462441834,0.17415377673995586,-0.07737258114219409
92,least_connections,2572,measured,191,118,2,light,1,100.0,96.25,5,1176.0,494.0,445.0,1037.0,448.0,440.0,3,1,1,0.020258390111648095,-0.0024251449443215417,0.015507041002593237,0.13670829027906284,0.023387217867719468,0.08893481952696372,0.09697017101587468,0.017366582065352576,0.07349453568301406,33.57,30.63,4,1175.0,0.0,0.0,980.0,0.0,0.0,4,0,0,0.061196021696889646,-0.05160061666649313,-0.006804437787945829,0.06504399540477451,-0.12363871313426855,-0.016794148828888737,0.05940400338640742,-0.12360800706837745,-0.018787596307171976,27.68,39.93,4,919.0,465.0,0.0,780.0,418.0,0.0,3,1,0,0.06123596799277356,-0.022345647211481023,-0.02477198479722376,0.06952114792358038,-0.027037151451453828,-0.04626701515966244,0.09365958502235167,-0.04359102739400822,-0.07000376389055656
92,least_connections,2573,measured,396,335,14,medium,1,92.53,65.05,3,449.0,939.0,0.0,413.0,888.0,0.0,1,2,0,-0.06783878082869027,0.04088972146760931,-0.029053720272030154,-0.31481948339830823,0.28957256219777794,-0.18794786169782648,-0.19455079765230385,0.21476024091627138,-0.13255256295346346,33.74,31.0,4,785.0,396.0,0.0,657.0,335.0,0.0,3,1,0,0.012283928927571353,-0.003602371995307843,-0.00615639609385575,-0.041966997354863894,-0.009496250658896033,-0.015194706083280286,-0.037577925507536164,-0.017118554014246265,-0.016998301420774645,27.68,39.93,4,919.0,465.0,0.0,780.0,418.0,0.0,3,1,0,0.05540397104108084,-0.02021749033419712,-0.022412748149869117,0.06290008621657274,-0.02446218464655346,-0.04186063276350411,0.08473962454403247,-0.039439500975531255,-0.0633367387581226
92,least_connections,2574,measured,362,326,12,medium,0,100.0,81.35,4,449.0,1301.0,0.0,413.0,1214.0,0.0,1,3,0,-0.0613779445592912,0.08007936250697531,-0.026286699293741566,-0.2848366754556122,0.480343429290053,-0.17004806534565253,-0.17602215025684634,0.3417830751147217,-0.1199285093388479,22.77,23.59,2,401.0,396.0,0.0,420.0,335.0,0.0,1,1,0,-0.07505376951904541,-0.0032592889481356663,-0.005570072656345679,-0.13723544658637346,-0.008591845834239262,-0.013747591218205972,-0.10100800403062798,-0.015488215536699004,-0.01537941557117706,27.68,39.93,4,919.0,465.0,0.0,780.0,418.0,0.0,3,1,0,0.050127402370501714,-0.01829201506427358,-0.02027820070702444,0.05690960181499438,-0.02213245277545313,-0.037873905833646575,0.07666918411126747,-0.035683358025480644,-0.057304668400206156
92,least_connections,2575,measured,479,405,19,heavy,1,100.0,81.35,4,449.0,1301.0,0.0,413.0,1214.0,0.0,1,3,0,-0.055532426029834894,0.07245275655393005,-0.023783204122909036,-0.2577093730312682,0.43459643602433373,-0.15385301150320943,-0.15925813594667051,0.3092323060561768,-0.1085067465446719,36.46,36.25,3,401.0,396.0,479.0,420.0,335.0,405.0,1,1,1,-0.06790579146961251,-0.002948880476884644,0.038044310680539845,-0.12416540405433787,-0.007773574802406952,0.11138483243522859,-0.09138819412294913,-0.014013147390346717,0.10059421924512552,27.68,39.93,4,919.0,465.0,0.0,780.0,418.0,0.0,3,1,0,0.04535336404950155,-0.01654991839148562,-0.018346943496831636,0.05148963973737586,-0.020024600130171877,-0.03426686718282309,0.06936735705305153,-0.032284942975434855,-0.051847080933519855
92,least_connections,2576,measured,354,316,12,medium,1,86.73,60.7,3,0.0,1301.0,0.0,0.0,1214.0,0.0,0,3,0,-0.09332752377756037,0.06555249402498432,-0.021518137063584367,-0.5039910200441633,0.3932062992601115,-0.13920034374099902,-0.33092402776127333,0.2797816102413028,-0.09817277068327458,46.57,46.12,4,401.0,750.0,479.0,420.0,651.0,405.0,1,2,1,-0.06143857323441132,0.04041586550957602,0.03442104299667891,-0.11234012747773425,0.08447696973659777,0.10077675315568302,-0.08268455658743018,0.07666667617063869,0.09101381741225642,24.04,36.17,3,1202.0,0.0,0.0,1085.0,0.0,0.0,3,0,0,0.04103399604478711,-0.05805763591429197,-0.016599615544752432,0.09779538833381626,-0.10226035249872693,-0.031003356022554225,0.15474506907974506,-0.15527367856507598,-0.04690926370175606
92,least_connections,2577,measured,462,437,19,heavy,0,100.0,82.55,4,0.0,1301.0,462.0,0.0,1214.0,437.0,0,3,1,-0.08443918817969748,0.059309399355938194,0.023615109550181035,-0.4559918752780525,0.3557580802829581,0.15272349852004852,-0.2994074536887711,0.25313574259927396,0.108867493191323,35.11,33.0,3,0.0,750.0,479.0,0.0,651.0,405.0,0,2,1,-0.09867118077217714,0.036566735461044976,0.03114284842556663,-0.20530093166352828,0.07643154404739796,0.09117896714085608,-0.19355983691243683,0.06936508796391119,0.08234583480156533,24.04,36.17,3,1202.0,0.0,0.0,1085.0,0.0,0.0,3,0,0,0.037125996421474045,-0.052528337255787975,-0.015018699778585535,0.08848154182583379,-0.09252127130837198,-0.028050655448977634,0.14000744345310268,-0.14048570917792588,-0.0424417147777793
92,least_connections,2578,measured,355,327,9,medium,1,100.0,82.55,4,494.0,807.0,462.0,448.0,766.0,437.0,1,2,1,-0.03331346050725463,0.01057698490480577,0.02136605149778284,-0.11459582366426979,0.023908104382993955,0.13817840342290105,-0.06822579143269761,0.026360909970771673,0.09849916050643509,45.26,43.22,4,0.0,1105.0,479.0,0.0,978.0,405.0,0,3,1,-0.08927392546054122,0.0761680894534171,0.028176862861226955,-0.1857484619812875,0.16092105685921043,0.08249525598458407,-0.1751255667303,0.1552142462530625,0.0745033743442734,24.04,36.17,3,1202.0,0.0,0.0,1085.0,0.0,0.0,3,0,0,0.03359018723847651,-0.04752563846952246,-0.013588347418720245,0.08005472831861155,-0.0837097216599556,-0.025379164453836908,0.12667340121947385,-0.12710611782764722,-0.038399646703705076
92,least_connections,2579,measured,366,336,13,medium,2,100.0,82.55,4,856.0,445.0,462.0,774.0,440.0,437.0,2,1,1,0.012943150244003165,-0.03351424721764738,0.01933118945037495,0.11466727065296223,-0.19671806428840233,0.12501855547786286,0.08574809346565454,-0.12362584335977803,0.08911828807725078,45.26,43.22,4,0.0,1105.0,479.0,0.0,978.0,405.0,0,3,1,-0.08077164684525158,0.06891398569594881,0.025493352112538673,-0.16805813226878394,0.145595241920238,0.07463856493843321,-0.1584469413274143,0.14043193708610416,0.06740781488291403,16.62,25.13,2,465.0,366.0,0.0,418.0,336.0,0.0,1,1,0,-0.0557766786663217,8.451304004657156e-05,-0.01229421909312784,-0.060931436283161,-0.009508795787578878,-0.02296210117251911,-0.08654946238873001,-0.01366743993929985,-0.034742537493828406
92,least_connections,2580,measured,394,306,12,medium,2,100.0,82.55,4,1301.0,0.0,462.0,1214.0,0.0,437.0,3,0,1,0.05479436949514119,-0.07340631437605738,0.01749012378843448,0.37215927662252135,-0.44639570895934816,0.11311202638473308,0.27662922742130647,-0.3108995725636087,0.08063083206989355,45.26,43.22,4,751.0,833.0,0.0,662.0,721.0,0.0,2,2,0,0.013088691403049024,0.01926684873624393,-0.02001848641065095,0.04208345855953563,0.061416103233956826,-0.05629299906930872,0.04381586260852993,0.054393776411237105,-0.0535209055821254,24.5,35.33,3,465.0,760.0,0.0,418.0,642.0,0.0,1,2,0,-0.050464614031433916,0.043160364405847126,-0.011123341084258522,-0.055128442351431384,0.06269204190647625,-0.020775234394183956,-0.0783066564469462,0.07991993529301442,-0.03143372439917808
92,least_connections,2581,measured,160,118,7,light,2,100.0,82.55,4,1301.0,0.0,462.0,1214.0,0.0,437.0,3,0,1,0.04957585811465155,-0.06641523681643287,0.015824397713345484,0.33671553599180504,-0.40388183191560073,0.10233945244332995,0.2502835867145154,-0.2812900894623126,0.07295170520609415,45.26,43.22,4,1105.0,479.0,0.0,978.0,405.0,0.0,3,1,0,0.054926049591420764,-0.025651989465393807,-0.018111963895350858,0.1295857142069268,-0.035943253536624115,-0.05093176106270789,0.12898816140771754,-0.040131821342214075,-0.048423676479065834,27.7,39.27,4,625.0,760.0,0.0,536.0,642.0,0.0,2,2,0,-0.002574560087397121,0.03904985351005216,-0.01006397526671009,-0.02092573355605698,0.056721371248716596,-0.018796640642356914,-0.03526157805517355,0.0723085128841559,-0.028440036361161124
92,least_connections,2582,measured,172,109,2,light,0,100.0,88.0,5,1473.0,462.0,0.0,1323.0,437.0,0.0,4,1,0,0.08793824804477544,-0.017006075940491416,-0.028766588009920976,0.408393421452903,-0.08675022887601969,-0.18607382874174908,0.2757565784559901,-0.05681008094209236,-0.13168655243258148,45.26,43.22,4,1105.0,479.0,0.0,978.0,405.0,0.0,3,1,0,0.04969499724938069,-0.023208942849642006,-0.016387014952936492,0.1172442176157909,-0.03252008653313612,-0.046081117151973806,0.11670357460698252,-0.03630974311914606,-0.04381189776677385,27.7,39.27,4,625.0,760.0,0.0,536.0,642.0,0.0,2,2,0,-0.002329363888597391,0.03533081984242815,-0.00910550143178532,-0.018932806550718217,0.05131933589169596,-0.017006484390703874,-0.031903332526109385,0.06542198784756961,-0.02573146146962197
92,least_connections,2583,measured,390,328,7,medium,1,100.0,88.0,5,1473.0,462.0,0.0,1323.0,437.0,0.0,4,1,0,0.07956317680241588,-0.015386449660444612,-0.026026912961357073,0.36949880988595984,-0.07848830231639875,-0.16835251171872537,0.24949404717446722,-0.051399597042845496,-0.11914497601043086,56.4,53.47,5,1495.0,479.0,0.0,1306.0,405.0,0.0,4,1,0,0.08804604059524465,-0.02099856734015229,-0.014826346862180635,0.2068944281829945,-0.029422935434742198,-0.041692439327976304,0.19832704369203186,-0.03285167234589406,-0.039639336074700146,18.4,25.33,3,160.0,760.0,0.0,118.0,642.0,0.0,1,2,0,-0.045191419935488336,0.03196597985743499,-0.008238310819234337,-0.10127253926017363,0.046431780092486816,-0.015386819210636839,-0.15492841196806723,0.05919132233827726,-0.023280846091562734
92,least_connections,2584,measured,158,115,3,light,2,100.0,82.55,4,1301.0,462.0,0.0,1214.0,437.0,0.0,3,1,0,0.028901831165904626,-0.013921073502307035,-0.023548159345989732,0.23056241529364618,-0.07101322590531317,-0.15231893917408484,0.17642318553880365,-0.04650439732447928,-0.10779783543800887,56.4,53.47,5,1495.0,479.0,0.0,1306.0,405.0,0.0,4,1,0,0.07966070339569754,-0.018998703783947316,-0.01341431382768724,0.18719019692747121,-0.026620751107623908,-0.03772173082054999,0.17943875381660027,-0.02972294164628511,-0.03586416121044299,21.56,29.17,4,318.0,760.0,0.0,233.0,642.0,0.0,2,2,0,0.0021964250470298263,0.028921600823393567,-0.007453709788831067,-0.06303705933063326,0.04200970579796426,-0.013921407857242855,-0.1054907854314259,0.0535540535441556,-0.021063622654271044
92,least_connections,2585,measured,465,448,18,heavy,0,100.0,82.55,4,807.0,462.0,465.0,766.0,437.0,448.0,2,1,1,-0.016934624409986526,-0.012595256978277791,0.021778422723242846,-0.08936416394066926,-0.06425006153337859,0.14266381693773278,-0.043045689274415766,-0.04207540710310029,0.10513529174656341,56.4,53.47,5,1495.0,479.0,0.0,1306.0,405.0,0.0,4,1,0,0.07207396973896445,-0.017189303423571375,-0.012136760129812265,0.16936255912485487,-0.02408544147832639,-0.03412918502811666,0.1623493486912098,-0.02689218529901985,-0.032448526809448416,21.56,29.17,4,1078.0,0.0,0.0,875.0,0.0,0.0,4,0,0,0.08815504216273219,-0.0600006378037777,-0.006743832666085251,0.08049027965323657,-0.09951502808755615,-0.012595559489886393,0.09817500365728135,-0.14516538012671637,-0.019057563353864278
92,least_connections,2586,measured,200,111,5,light,0,100.0,71.8,4,645.0,462.0,465.0,551.0,437.0,448.0,2,1,1,-0.015321803037606857,-0.011395708694632287,0.019704287225791147,-0.17856757689870079,-0.05813100805400917,0.1290767867531868,-0.13620800458161425,-0.03806822547423358,0.09512240681831927,56.4,53.47,5,1495.0,479.0,0.0,1306.0,405.0,0.0,4,1,0,0.06520978214477735,-0.015552226907040764,-0.010980878212687287,0.15323279158915437,-0.02179158990896199,-0.030878786454010314,0.14688750595871364,-0.024331024794351314,-0.02935819092283428,21.56,29.17,4,1078.0,0.0,0.0,875.0,0.0,0.0,4,0,0,0.0797593238615196,-0.054286291346275065,-0.0061015628883628464,0.07282453873388073,-0.09003740636493175,-0.011395982395611499,0.08882500330896884,-0.13134010582893385,-0.01724255732016292
92,least_connections,2587,measured,398,311,9,medium,0,100.0,65.35,4,200.0,860.0,465.0,111.0,748.0,448.0,1,2,1,-0.056946483927449276,0.03277349712209006,0.017827688442382465,-0.42997383941628486,0.18746877049081712,0.1167837594433595,-0.3222834327166986,0.10624779599950296,0.08606312997847934,34.94,32.78,3,1223.0,0.0,0.0,1049.0,0.0,0.0,3,0,0,0.015915426475660244,-0.05715496266646092,-0.009935080287669451,0.06832626722011925,-0.14353932964552343,-0.027937949648866475,0.060234529200740905,-0.136522712909175,-0.026562172739707207,18.4,25.33,3,920.0,0.0,0.0,760.0,0.0,0.0,3,0,0,0.02907929755271274,-0.049116168360915535,-0.005520461660899719,0.03729839218779682,-0.0814624152825573,-0.010310650738886595,0.04568293950176544,-0.11883152432141635,-0.015600409003956928
92,least_connections,2588,measured,168,125,3,light,1,100.0,65.35,4,200.0,860.0,465.0,111.0,748.0,448.0,1,2,1,-0.051523009267692196,0.029652211681891,0.01612981335263175,-0.3890239499480672,0.16961460187264404,0.10566149663923002,-0.2915897724579654,0.09612895828526458,0.07786664140910035,29.63,26.81,3,1037.0,0.0,0.0,858.0,0.0,0.0,3,0,0,0.014399671573216422,-0.05171163288870274,-0.008988882165034266,0.013737371022284783,-0.12986891729833072,-0.02527719253945062,0.0004949311816226931,-0.12352054977496786,-0.024032442002592237,15.2,21.4,2,760.0,0.0,0.0,642.0,0.0,0.0,2,0,0,-0.0167740595838268,-0.044438438040828344,-0.004994703407480698,0.004793783408006652,-0.07370409001755183,-0.009328684001849778,0.005744881771438531,-0.10751423629080527,-0.014114655765484839
92,least_connections,2589,measured,491,422,17,heavy,2,100.0,65.35,4,1060.0,465.0,0.0,859.0,448.0,0.0,3,1,0,0.03955174444941227,-0.01625570870504646,-0.02849025957437626,0.16675610877714553,-0.08479313798824273,-0.18487769351688713,0.07456163444279323,-0.04874046631333204,-0.13221589586795682,29.63,26.81,3,1037.0,0.0,0.0,858.0,0.0,0.0,3,0,0,0.013028274280529134,-0.04678671547073105,-0.008132798149316717,0.012429049972543404,-0.11750044898420399,-0.022869840869026752,0.00044779487861101863,-0.11175668789163759,-0.021743638002345356,25.02,35.47,3,760.0,0.0,491.0,642.0,0.0,422.0,2,0,1,-0.015176530099652807,-0.04020620584646374,0.038564882858084355,0.0043372326072441125,-0.0666846528730231,0.08040738114118354,0.005197750174158661,-0.09727478521549048,0.1144994384344026
92,least_connections,2590,measured,437,424,17,heavy,1,100.0,65.35,4,1060.0,465.0,0.0,859.0,448.0,0.0,3,1,0,0.03578491164470633,-0.014707545971232514,-0.025776901519673757,0.15087457460789355,-0.0767176010369815,-0.16727029413432645,0.06746052640062244,-0.04409851714063376,-0.11962390578529426,30.97,29.81,3,647.0,0.0,437.0,530.0,0.0,424.0,2,0,1,-0.0312964139729453,-0.0423308378068519,0.03572565428213748,-0.089570995603073,-0.10630993003332742,0.09227422560829553,-0.0923329474907805,-0.10111319380671972,0.10020813704549707,25.02,35.47,3,760.0,0.0,491.0,642.0,0.0,422.0,2,0,1,-0.013731146280638262,-0.036377043384895766,0.034892036871600134,0.003924162835125616,-0.0603337335517828,0.07274953531821367,0.004702726348048303,-0.08801051995687234,0.10359473001207856
92,least_connections,2591,measured,392,347,13,medium,1,88.33,59.8,3,860.0,465.0,0.0,748.0,448.0,0.0,2,1,0,-0.010707075405356398,-0.013306827307305605,-0.023321958517800067,0.015870646867459204,-0.06941116284298326,-0.15133978993105726,0.010821428648182252,-0.03989865836533532,-0.10823115285336148,37.37,36.75,3,479.0,392.0,437.0,405.0,347.0,424.0,1,1,1,-0.07139970334513644,0.004784570782462791,0.032323211017172004,-0.12446899602182793,0.005148158541275191,0.0834862041217912,-0.11888159534880141,0.006626753222491691,0.09066450494592593,25.02,35.47,3,760.0,0.0,491.0,642.0,0.0,422.0,2,0,1,-0.01242341806343461,-0.03291256306252474,0.03156898574097155,0.0035504330413041185,-0.05458766368970825,0.06582100814505046,0.004254847648234167,-0.07962856567526545,0.09372856524902345
92,least_connections,2592,measured,399,324,11,medium,0,100.0,76.0,4,860.0,864.0,0.0,748.0,772.0,0.0,2,2,0,-0.0096873539381796,0.031044389805861827,-0.021100819611342917,0.014359156689605856,0.17786609076111037,-0.13692647660428992,0.009790816395974455,0.11047264243136329,-0.0979234240101842,37.37,36.75,3,479.0,392.0,437.0,405.0,347.0,424.0,1,1,1,-0.06459973159798059,0.004328897374609189,0.029244809967917527,-0.11261480592451098,0.0046578577278204025,0.07553513706257298,-0.10755953864891557,0.005995633867968669,0.08202979018917107,9.82,14.07,1,0.0,491.0,0.0,0.0,422.0,0.0,0,1,0,-0.09740803584424129,0.013305866979711173,-0.014521484556354538,-0.1343115129626296,0.03945878047121634,-0.029295278344954337,-0.18976942355635956,0.05522494851602967,-0.04246780604453433
92,least_connections,2593,measured,420,449,18,heavy,2,100.0,76.0,4,860.0,864.0,0.0,748.0,772.0,0.0,2,2,0,-0.008764748801210115,0.028087781252922606,-0.019091217743595974,0.012991617957262336,0.1609264630695761,-0.12388585978483373,0.00885835769159593,0.09995143839028109,-0.08859738362826189,37.37,36.75,3,479.0,829.0,0.0,405.0,771.0,0.0,1,2,0,-0.058447376207696716,0.04700052166092759,-0.016624310255784366,-0.1018895863126528,0.11718023862449056,-0.04462467190937275,-0.09731577306330455,0.1253055734995907,-0.04566352316217856,18.22,29.03,2,0.0,491.0,420.0,0.0,422.0,449.0,0,1,1,-0.08813108004955164,0.012038641553072015,0.029945414199579454,-0.12151994029952203,0.035700801378719546,0.04949474816408894,-0.17169614512242057,0.04996542960974114,0.0969894453247864
92,least_connections,2594,measured,194,103,3,light,2,100.0,76.0,4,860.0,864.0,0.0,748.0,772.0,0.0,2,2,0,-0.007930010820142497,0.025412754466929977,-0.017273006529920167,0.011754321008951574,0.14560013325342602,-0.11208720647199243,0.008014704578110599,0.0904322537816829,-0.08015953756842742,23.69,24.09,2,0.0,829.0,0.0,0.0,771.0,0.0,0,2,0,-0.09596485965276869,0.04252428150274401,-0.015041042612376331,-0.2160089454393389,0.10602021589834862,-0.04037470315609915,-0.20255653277156124,0.11337170935677254,-0.04131461619435203,22.1,32.47,3,194.0,491.0,420.0,103.0,422.0,449.0,1,1,1,-0.03665374362759888,0.010892104262303248,0.027093469990095695,-0.07484185074718659,0.03230072505693672,0.0447809626246519,-0.12428063923774563,0.04520681726595627,0.08775235529385436
92,least_connections,2595,measured,440,444,19,heavy,1,100.0,76.0,4,860.0,864.0,0.0,748.0,772.0,0.0,2,2,0,-0.007174771694414633,0.022992492136746173,-0.01562795828897539,0.010634861865241874,0.13173345389595692,-0.10141223442704077,0.007251399380195311,0.0818196581834274,-0.07252529589524385,36.26,37.97,3,0.0,829.0,440.0,0.0,771.0,444.0,0,2,1,-0.08682534920964786,0.03847434993105411,0.029475337863178783,-0.19543666492130662,0.09592305247945829,0.0772120032669307,-0.18326543441236492,0.1025744037037466,0.08815582344320531,22.1,32.47,3,194.0,491.0,420.0,103.0,422.0,449.0,1,1,1,-0.033162910901160886,0.009854760999226747,0.024513139514848487,-0.06771405543793073,0.02922446552770465,0.04051610904135172,-0.11244438788176986,0.04090140609776996,0.07939498812301109
92,least_connections,2596,measured,366,345,7,medium,1,57.6,38.6,2,864.0,0.0,0.0,772.0,0.0,0.0,2,0,0,-0.006491460104470381,-0.06536506947264915,-0.014139581309072972,0.01203471629077435,-0.4019554464750866,-0.09175392638637021,0.017417932772557654,-0.2752107854530895,-0.06561812485760159,46.71,48.75,4,366.0,829.0,440.0,345.0,771.0,444.0,1,2,1,-0.03547236810578118,0.03481012612809657,0.026668162828590327,-0.08221140431655632,0.08678752367189083,0.06985847914627064,-0.06826694065880634,0.09280541287481836,0.07976003073432862,22.1,32.47,3,194.0,491.0,420.0,103.0,422.0,449.0,1,1,1,-0.03000453843438365,0.008916212332633719,0.022178554799148632,-0.061265097777175426,0.02644118309649468,0.03665743198979442,-0.10173539855969654,0.03700603408845854,0.07183356068272431
92,least_connections,2597,measured,446,435,17,heavy,0,87.33,60.35,3,864.0,0.0,446.0,772.0,0.0,435.0,2,0,1,-0.0058732258088065314,-0.05913982476096828,0.03029094570902468,0.010888552834510179,-0.3636739753822212,0.1860004158091571,0.015759082032314076,-0.2490002344575572,0.13741693465264618,46.71,48.75,4,758.0,437.0,440.0,692.0,424.0,444.0,2,1,1,0.010989852892955343,-0.011589024206098558,0.02412833779729601,0.026951586570734765,-0.022811288106384497,0.06320529065614962,0.0363447917848895,-0.014143316922783367,0.07216383733105923,18.22,29.03,2,0.0,911.0,0.0,0.0,871.0,0.0,0,2,0,-0.0702308635721521,0.05115094948009264,-0.023017588741813366,-0.09053508846506349,0.09992297518254281,-0.04283375200923363,-0.12310980504607465,0.16889434830225614,-0.0704204292235669
92,least_connections,2598,measured,164,120,1,light,2,87.33,60.35,3,864.0,0.0,446.0,772.0,0.0,435.0,2,0,1,-0.0053138709698725695,-0.053507460498018924,0.027406093736736616,0.009851547802652072,-0.3290383586791525,0.16828609049399929,0.014258217076855595,-0.22528592641398032,0.12432960754287035,46.71,48.75,4,758.0,437.0,440.0,692.0,424.0,444.0,2,1,1,0.009943200236483402,-0.010485307615041559,0.0218304008642202,0.024384768802093365,-0.02063878447720502,0.05718573916508775,0.032883383043471465,-0.01279633435870875,0.06529109091857739,21.5,33.03,3,164.0,911.0,0.0,120.0,871.0,0.0,1,2,0,-0.020458309671856426,0.04627943048198858,-0.020825437433069235,-0.05223650861124792,0.09040650135563397,-0.03875434705597328,-0.07519458551787706,0.15280917227346985,-0.06371372167846528
92,least_connections,2599,measured,427,426,18,heavy,0,100.0,81.65,4,864.0,0.0,873.0,772.0,0.0,861.0,2,0,2,-0.004807788020360887,-0.04841151187915998,0.0678798897980905,0.008913305154780504,-0.29770137213828085,0.4098143993358406,0.012900291640964567,-0.20383012389836314,0.3052029782530732,46.71,48.75,4,758.0,437.0,440.0,692.0,424.0,444.0,2,1,1,0.008996228785389748,-0.00948670688979951,0.019751315067627798,0.022062409868560645,-0.01867318595556644,0.05173947829222225,0.029751632277426582,-0.011577635848355528,0.059072891783474774,18.22,29.03,2,491.0,420.0,0.0,422.0,449.0,0.0,1,1,0,-0.018509899226917717,-0.0012120345525772208,-0.018842062439443596,0.011909825542204253,-0.007051260678235929,-0.035063456860166306,0.023046168658428692,0.010986076501393355,-0.057645748185278116
92,least_connections,2600,measured,378,310,9,medium,2,100.0,81.65,4,864.0,446.0,427.0,772.0,435.0,426.0,2,1,1,-0.004349903446993181,-0.0007169914734349997,0.018331238161991177,0.008064418949563334,-0.0003329874901905616,0.10176858352607801,0.011671692437063175,0.01236798313957621,0.07935031365754242,46.71,48.75,4,1195.0,440.0,0.0,1116.0,444.0,0.0,3,1,0,0.05122334531830047,-0.008583210995532886,-0.02521366278461793,0.13292721437087457,-0.016119277089049894,-0.06692958766758124,0.14679909587005263,-0.004820241958035931,-0.07208881219590378,25.78,39.37,3,491.0,798.0,0.0,422.0,759.0,0.0,1,2,0,-0.016747051681496983,0.04198729753633036,-0.01704758030235373,0.010775556442946713,0.062020287957786524,-0.031724080016340944,0.020851295452864058,0.10343184699332417,-0.05215567692953734
92,least_connections,2601,measured,372,346,11,medium,2,100.0,81.65,4,864.0,446.0,427.0,772.0,435.0,426.0,2,1,1,-0.003935626928231933,-0.0006487065712030976,0.016585405956087255,0.007296379049604895,-0.0003012743958866748,0.09207633747597535,0.010560102681152372,0.011190079983426082,0.07179314092825265,46.71,48.75,4,1195.0,440.0,0.0,1116.0,444.0,0.0,3,1,0,0.04634493147846233,-0.007765762329291659,-0.022812361567035273,0.12026747966888651,-0.014584107842473715,-0.060555341223049695,0.1328182295967143,-0.00436117129536584,-0.06522321103438913,33.22,50.9,4,491.0,1170.0,0.0,422.0,1105.0,0.0,1,3,0,-0.015152094378497266,0.08107240752153246,-0.015424001225939088,0.00974931297218988,0.1234278795808545,-0.028702739062403712,0.018865457790686532,0.19793040124792824,-0.047188469602914736
92,least_connections,2602,measured,351,333,9,medium,0,100.0,98.3,5,864.0,797.0,427.0,772.0,768.0,426.0,2,2,1,-0.0035608053160193776,0.04249697523376409,0.015005843484078948,0.006601485806785434,0.21144170411800728,0.08330716247826342,0.009554378616280723,0.1607672152230998,0.06495569893508571,46.71,48.75,4,1195.0,440.0,0.0,1116.0,444.0,0.0,3,1,0,0.04193112848051353,-0.007026165916978161,-0.020639755703508105,0.10881343398613541,-0.013195145190809554,-0.054788165868473536,0.12016887439702723,-0.00394582164818813,-0.0590114766501616,33.22,50.9,4,869.0,792.0,0.0,732.0,795.0,0.0,2,2,0,0.029374862455736034,0.030267325626057717,-0.013955048728230604,0.07722080697483848,0.04327284343029693,-0.02596914486598431,0.11056081101697035,0.08558782335130016,-0.04269432964073238
92,least_connections,2603,measured,199,125,1,light,1,81.6,59.7,3,0.0,1224.0,0.0,0.0,1194.0,0.0,0,3,0,-0.08938948145372275,0.08153354448587725,-0.02950718469354308,-0.5151700842700513,0.4488599545194668,-0.18218240855141246,-0.3405936574424127,0.33817033758280457,-0.13394484382063673,41.94,41.88,4,1028.0,440.0,0.0,896.0,444.0,0.0,3,1,0,0.03793768767284557,-0.0063570072582183335,-0.01867406468412638,0.05528018176976876,-0.011938464696446743,-0.0495702453095713,0.04652183874016749,-0.003570029110265438,-0.053391336016812875,33.22,50.9,4,869.0,792.0,0.0,732.0,795.0,0.0,2,2,0,0.0265772565075707,0.027384723185480797,-0.012625996468399119,0.06986644440580624,0.03915162024645913,-0.023495892973985806,0.1000312099677351,0.07743660207974778,-0.03862820300828168
92,least_connections,2604,measured,496,414,14,heavy,0,100.0,80.4,4,351.0,1369.0,0.0,333.0,1275.0,0.0,1,3,0,-0.03779229727899178,0.0737684450110318,-0.026696976627491358,-0.25439198100623683,0.4935717048826922,-0.16483170297508748,-0.15751330911456388,0.34260649590825176,-0.12118819202819514,25.06,27.12,2,437.0,440.0,0.0,424.0,444.0,0.0,1,1,0,-0.05184322589236874,-0.005751577995530874,-0.016895582333257202,-0.10276010765048132,-0.010801468058689923,-0.0448492695658026,-0.09136119352080085,-0.00323002633785921,-0.048306446872354504,33.22,50.9,4,1289.0,372.0,0.0,1181.0,346.0,0.0,3,1,0,0.06712998944789277,-0.018307245916084264,-0.011423520614265869,0.13921249731953894,-0.04057710549129889,-0.021258188881225253,0.22591712647874446,-0.06535101081673615,-0.03494932653130247
92,least_connections,2605,measured,407,432,18,heavy,1,100.0,80.4,4,351.0,1369.0,0.0,333.0,1275.0,0.0,1,3,0,-0.034193030871468744,0.06674287881950496,-0.024154407424873132,-0.23016417329135716,0.4465648758462453,-0.14913344554888866,-0.1425120415798435,0.3099773058217516,-0.10964645945408132,36.69,40.62,3,437.0,440.0,407.0,424.0,444.0,432.0,1,1,1,-0.04690577580738124,-0.005203808662623169,0.027797420972857992,-0.09297343073138786,-0.009772756815005168,0.06463297379420581,-0.08266012747120077,-0.0029224047818726118,0.07843702425834592,33.22,50.9,4,1661.0,0.0,0.0,1527.0,0.0,0.0,4,0,0,0.10382055734627939,-0.05964759891273837,-0.010335566270050072,0.19326844995577336,-0.10402690496831804,-0.019233599463965707,0.30875041602045133,-0.1634763113738724,-0.031620819242607
92,least_connections,2606,measured,500,423,14,heavy,1,100.0,80.4,4,351.0,1369.0,0.0,333.0,1275.0,0.0,1,3,0,-0.030936551740852664,0.060386414170028296,-0.02185398767012331,-0.20824377583503742,0.4040348876704124,-0.13493026025851831,-0.12893946619128696,0.2804556576482514,-0.09920393950607358,50.97,53.84,4,437.0,940.0,407.0,424.0,867.0,432.0,1,2,1,-0.042438559063821116,0.03837569238914593,0.025150047546871515,-0.0841188182807795,0.12040968260955315,0.058477452480471925,-0.07478773437870545,0.11695413376878191,0.0709668314718368,23.4,36.83,3,1170.0,0.0,0.0,1105.0,0.0,0.0,3,0,0,0.05084898499130493,-0.053966875206763285,-0.009351226625283399,0.08601431186474734,-0.09411958068562108,-0.017401828086445165,0.1520757732248528,-0.14790713886207502,-0.028609312648073
92,least_connections,2607,measured,180,106,5,light,2,100.0,80.4,4,797.0,923.0,0.0,768.0,840.0,0.0,2,2,0,0.015093686746938284,0.011551426879458704,-0.019772655511063948,0.08060483773655341,0.09653950154307156,-0.12207975928151657,0.08012619725550224,0.05695988072937036,-0.0897559452673999,38.49,40.59,3,440.0,500.0,407.0,444.0,423.0,432.0,1,1,1,-0.03839679153393338,-0.008363035684196773,0.022754804923359944,-0.07533199204995694,-0.004799402809043757,0.05290817129185556,-0.062010331104543015,-0.019720069447292543,0.06420808561737615,27.0,40.37,4,1350.0,0.0,0.0,1211.0,0.0,0.0,4,0,0,0.08909012474269992,-0.04882717280611916,-0.008460633613351646,0.11039390121096188,-0.08515581109651431,-0.01574451112583134,0.16956062021931126,-0.13382074468473454,-0.02588461620539938
92,least_connections,2608,measured,200,107,3,light,1,100.0,80.4,4,797.0,923.0,0.0,768.0,840.0,0.0,2,2,0,0.01365619277103941,0.01045129098617692,-0.01788954546239119,0.07292818652354832,0.08734526330087433,-0.11045311554041976,0.0724951308502163,0.05153513018371608,-0.081207760003838,44.2,43.94,4,640.0,500.0,407.0,551.0,423.0,432.0,2,1,1,0.008343945981770018,-0.007566556095225649,0.020587680644944713,-0.01645683634451886,-0.004342316827230047,0.047869297835488364,-0.02585160909458656,-0.017841967595169456,0.05809302984429271,27.0,40.37,4,1350.0,0.0,0.0,1211.0,0.0,0.0,4,0,0,0.08060535095768089,-0.04417696587220305,-0.007654858983508632,0.09988019633372741,-0.07704573384922724,-0.014245033875752166,0.15341198972223402,-0.12107591185761696,-0.023419414662028012
92,least_connections,2609,measured,462,409,16,heavy,0,100.0,100.0,5,797.0,923.0,462.0,768.0,840.0,409.0,2,2,1,0.012355602983321362,0.009455929939874347,0.026898120998879622,0.06598264494987705,0.07902666679602921,0.17873289546342974,0.06559083267400523,0.046627022547171715,0.1115501219012894,44.2,43.94,4,640.0,907.0,0.0,551.0,855.0,0.0,2,2,0,0.007549284459696687,0.03623796852155321,-0.024456951071807388,-0.014889518597421825,0.10128212151005717,-0.06190056726449012,-0.02338955108557833,0.10600012455675145,-0.0695824968075447,19.44,30.03,3,972.0,0.0,0.0,901.0,0.0,0.0,3,0,0,0.02984475063971581,-0.03996963578913609,-0.006925824794603048,0.021967796682896223,-0.0697080449112056,-0.012888363982823389,0.04530926054233875,-0.109544872633082,-0.021188994218025343
92,least_connections,2610,measured,378,336,8,medium,2,100.0,100.0,5,1224.0,496.0,462.0,1194.0,414.0,409.0,3,1,1,0.05426277911642907,-0.034528535043061526,0.024336395189462515,0.3172541390816348,-0.1860552379781958,0.1617107149431031,0.25205837241933804,-0.15052793198113032,0.10092630076783327,44.2,43.94,4,640.0,907.0,0.0,551.0,855.0,0.0,2,2,0,0.006830304987344632,0.03278673342426243,-0.02212771763639716,-0.013471469207191167,0.09163620517576598,-0.05600527514406249,-0.021161974791713722,0.0959048745989656,-0.0629555923496833,27.0,41.23,4,972.0,378.0,0.0,901.0,336.0,0.0,3,1,0,0.027002393435933345,0.006920896417538999,-0.006266222433212281,0.019875625570239447,0.005330816508909222,-0.011660900746364018,0.0409940928716398,0.0022213057129258085,-0.0191709947686896
92,least_connections,2611,measured,443,414,17,heavy,1,100.0,84.2,4,1369.0,462.0,0.0,1275.0,409.0,0.0,3,1,0,0.04909489539105487,-0.03124010313419852,-0.021065256960100805,0.3744997766294156,-0.18884362801201843,-0.1323569721943353,0.26469567028416296,-0.1384538432210227,-0.0937095374005318,51.14,53.53,4,440.0,907.0,443.0,444.0,855.0,414.0,1,2,1,-0.0369041004763027,0.029664187383856483,0.02306358427001708,-0.06388915241194845,0.08290894753997874,0.06384556738666455,-0.049399524811550494,0.08677107701811174,0.06009374977885795,18.6,26.27,3,930.0,0.0,0.0,788.0,0.0,0.0,3,0,0,0.024430736918225407,-0.03682213680136494,-0.005669439344334921,0.01038270884926426,-0.06357688030146308,-0.010550338770519826,0.003010528471166174,-0.09932358054544808,-0.017345185743100112
92,least_connections,2612,measured,487,410,16,heavy,2,100.0,84.2,4,1369.0,462.0,0.0,1275.0,409.0,0.0,3,1,0,0.04441919106809726,-0.028264855216655796,-0.019059042011519776,0.3388331312361379,-0.1708585205823024,-0.11975154627106525,0.23948655882852837,-0.12526776291425865,-0.0847848195528621,51.14,53.53,4,440.0,907.0,443.0,444.0,855.0,414.0,1,2,1,-0.033389424240464344,0.026839026680632067,0.020867052434777357,-0.05780447122985813,0.075012857298076,0.05776503715936317,-0.04469480816283139,0.07850716492114873,0.054370535514204815,17.3,24.87,2,378.0,0.0,487.0,336.0,0.0,410.0,1,0,1,-0.06406380038464413,-0.03331526662980637,0.03795440748664482,-0.09049183485066567,-0.057521939320371356,0.07857826492191064,-0.13359364884354807,-0.08986419192207208,0.10795753035941735
92,least_connections,2613,measured,422,446,17,heavy,2,100.0,84.2,4,1369.0,462.0,0.0,1275.0,409.0,0.0,3,1,0,0.04018879191875466,-0.025572964243640958,-0.017243895153279797,0.3065633092136485,-0.15458628052684503,-0.10834663710239237,0.21667831513057328,-0.11333749977956734,-0.0767100748335419,51.14,53.53,4,940.0,407.0,443.0,867.0,432.0,414.0,2,1,1,0.012874421152051535,-0.018800971325233118,0.018879714107655703,0.07695241718659093,-0.0613829250296319,0.05226360504894763,0.07916005451934302,-0.048567922214198755,0.049192389274756734,25.74,39.73,3,378.0,0.0,909.0,336.0,0.0,856.0,1,0,2,-0.057962486062297064,-0.030142384093634334,0.07742360223848363,-0.081873564864888,-0.05204365938509789,0.14745652540553816,-0.12087044419178157,-0.08130569745330331,0.2321837973093141
92,least_connections,2614,measured,389,342,14,medium,2,92.33,62.45,3,923.0,462.0,0.0,840.0,409.0,0.0,2,1,0,-0.006722612300265052,-0.02313744383948467,-0.015601619424396007,0.008350930558380432,-0.13986377761952645,-0.09802790975930738,-0.0007434291675765259,-0.10254345218151331,-0.06940435342082363,38.57,39.66,3,500.0,850.0,0.0,423.0,846.0,0.0,1,2,0,-0.031435614422520256,0.026073497599165496,-0.02600225412935459,-0.044117881048866714,0.05898007463305413,-0.06723088794891134,-0.05391471257773725,0.07311116561572495,-0.07254617160855342,33.52,51.13,4,378.0,876.0,422.0,336.0,752.0,446.0,1,2,1,-0.052442249294459245,0.0588961196068932,0.02696602560806116,-0.07407608249680345,0.11142716531824476,0.04528923727167741,-0.1093589733163738,0.15323135309780495,0.08642026105763341
92,least_connections,2615,measured,378,328,6,medium,0,100.0,78.85,4,1301.0,462.0,0.0,1168.0,409.0,0.0,3,1,0,0.037001536716993744,-0.020933877759533745,-0.014115750907786863,0.2355556038385347,-0.12654341784623824,-0.08869191835365905,0.14770832599124023,-0.09277740911660728,-0.06279441499979281,38.57,39.66,3,500.0,850.0,0.0,423.0,846.0,0.0,1,2,0,-0.028441746382280225,0.023590307351625928,-0.023525848974177963,-0.03991617809183179,0.053362924668001355,-0.06082794623949121,-0.048779978046524175,0.06614819746184639,-0.06563701240773881,33.52,51.13,4,378.0,876.0,422.0,336.0,752.0,446.0,1,2,1,-0.04744774936165359,0.053286965358617655,0.02439783269300772,-0.0670212174971079,0.1008150543355548,0.04097597657913671,-0.09894383300052866,0.13863789089801398,0.07818976000452546
92,least_connections,2616,measured,168,118,4,light,1,100.0,78.85,4,1301.0,462.0,0.0,1168.0,409.0,0.0,3,1,0,0.03347758083918481,-0.01894017511576862,-0.012771393678473828,0.21312173680629332,-0.11449166376564412,-0.08024506898664391,0.13364086637302686,-0.08394146539121614,-0.05681399452362207,43.37,43.34,4,1075.0,443.0,0.0,973.0,414.0,0.0,3,1,0,0.06043479182192786,-0.021740288813381525,-0.021285291929018155,0.1125248184611318,-0.05693014298745455,-0.05503480850239681,0.11137168652933527,-0.06229448801071044,-0.059385868368906546,33.52,51.13,4,378.0,1298.0,0.0,336.0,1198.0,0.0,1,3,0,-0.04292891608911516,0.09129591650360191,-0.02100967064736943,-0.06063824440214527,0.16757552535121623,-0.039288402142685835,-0.08952061081000211,0.2599422187489968,-0.06376482031336586
92,least_connections,2617,measured,376,307,9,medium,0,100.0,72.9,4,874.0,838.0,0.0,742.0,716.0,0.0,2,2,0,-0.01279466041987587,0.02594755131249052,-0.01155507047100013,-0.06473112701652828,0.12320595500568704,-0.0726026814641064,-0.0718011209005947,0.06293391226509015,-0.05140313790232473,43.37,43.34,4,1075.0,443.0,0.0,973.0,414.0,0.0,3,1,0,0.05467909736269663,-0.019669785116868996,-0.019258121269111663,0.10180816908388116,-0.051508224607696995,-0.049793398168835205,0.10076485924082715,-0.056361679628738004,-0.05373007138139164,33.52,51.13,4,378.0,1298.0,0.0,336.0,1198.0,0.0,1,3,0,-0.0388404478901518,0.08260106731278269,-0.019008749633334248,-0.05486317350670286,0.15161595150824325,-0.03554664955766814,-0.08099483835190667,0.23518581696337806,-0.057691980283521495
92,least_connections,2618,measured,459,423,17,heavy,0,100.0,73.35,4,840.0,376.0,459.0,737.0,307.0,423.0,2,1,1,-0.011576121332268652,-0.01960754427736118,0.03262931265775725,-0.07907419428479534,-0.16719461213771175,0.21116900248485612,-0.06722482367196664,-0.128083603188728,0.14484954189789667,43.37,43.34,4,1075.0,443.0,0.0,973.0,414.0,0.0,3,1,0,0.04947156428053505,-0.017796472248595763,-0.01742401448157722,0.0921121529806544,-0.04660267940696397,-0.04505116977180328,0.091168205979796,-0.05099390061647724,-0.048612921726021004,25.96,39.93,3,0.0,1298.0,0.0,0.0,1198.0,0.0,0,3,0,-0.07822525784165661,0.07473429899727958,-0.017198392525397652,-0.11803810936320736,0.13717633707888677,-0.03216125436169975,-0.17461437755648698,0.21278716772877063,-0.052197505970805164
92,least_connections,2619,measured,179,125,5,light,2,100.0,73.35,4,1216.0,0.0,459.0,1044.0,0.0,423.0,3,0,1,0.032610266640419064,-0.06082405933484605,0.02952175907130418,0.15525033215502637,-0.37806496653729477,0.19105766891486983,0.0780584928682207,-0.2547661171707539,0.13105434743143032,43.37,43.34,4,1075.0,443.0,0.0,973.0,414.0,0.0,3,1,0,0.0447599867300079,-0.016101570129681886,-0.01576458453095082,0.08333956698249684,-0.04216432898725314,-0.040760582174488684,0.0824855196960059,-0.04613733865300321,-0.043983119656876145,29.54,44.1,4,179.0,1298.0,0.0,125.0,1198.0,0.0,1,3,0,-0.027691333058550996,0.06761674671182438,-0.015560450380121686,-0.07440590847147333,0.1241119240237547,-0.02909827775582358,-0.12028602413840886,0.19252172318317343,-0.04722631492596658
92,least_connections,2620,measured,357,325,6,medium,0,100.0,89.6,5,1573.0,0.0,459.0,1369.0,0.0,423.0,4,0,1,0.07258842718713653,-0.05503129177914643,0.02671016296927521,0.31176617353708735,-0.3420587792480286,0.17286170044678698,0.21764816021410444,-0.23050267744020594,0.11857298100938934,24.29,26.44,2,407.0,443.0,0.0,432.0,414.0,0.0,1,1,0,-0.0456706696025552,-0.014568087260188378,-0.014263195528003123,-0.09727780674372737,-0.03814867860751475,-0.036878621967394526,-0.0783315536083756,-0.041743306400336244,-0.03979425111812604,29.54,44.1,4,179.0,1298.0,0.0,125.0,1198.0,0.0,1,3,0,-0.0250540632434509,0.06117705654879349,-0.014078502724872002,-0.06731963147419015,0.1122917407833971,-0.026327013207649904,-0.10883021231570325,0.17418632097525216,-0.042728570647303094
92,least_connections,2621,measured,161,114,6,light,1,100.0,73.2,4,1195.0,459.0,0.0,1041.0,423.0,0.0,3,1,0,0.022591343418747106,-0.0067063161448513015,-0.018917562302175034,0.0981059030414917,-0.03262460979583537,-0.12045846150052607,0.04853881162228496,-0.017192898636376797,-0.08407682670579059,28.89,30.0,3,1011.0,0.0,0.0,960.0,0.0,0.0,3,0,0,0.044846718432155264,-0.05626455060502304,-0.012904795953907588,0.06812280070125348,-0.1490324779238059,-0.0333663722562141,0.07841430864004112,-0.15482132483839944,-0.03600432244020928,29.54,44.1,4,1055.0,422.0,0.0,877.0,446.0,0.0,3,1,0,0.06349983847134487,-0.03081713024270158,-0.01273769294155086,0.09760604771382796,-0.05691699643406928,-0.023819678616445152,0.12832822060325264,-0.0691965032446131,-0.03865918296660756
92,least_connections,2622,measured,496,446,15,heavy,1,100.0,73.2,4,1195.0,459.0,0.0,1041.0,423.0,0.0,3,1,0,0.02043978690267595,-0.006067619369151178,-0.01711588970196789,0.08876248370420681,-0.029517504100993908,-0.10898622707190454,0.04391606765825784,-0.015555479718626614,-0.07606950987666768,43.06,43.94,4,1011.0,0.0,496.0,960.0,0.0,446.0,3,0,1,0.04057560239099761,-0.05090602197597323,0.031408132458936214,0.06163491492018172,-0.13483890859772915,0.0980290645573029,0.07094627924575148,-0.1400764367585519,0.09352585112552494,29.54,44.1,4,1055.0,422.0,0.0,877.0,446.0,0.0,3,1,0,0.05745223480740726,-0.02788216545768238,-0.011524579328069827,0.08831023364584434,-0.05149633010701507,-0.02155113779583133,0.11610648530770476,-0.06260636007845946,-0.03497735601740684
92,least_connections,2623,measured,190,107,4,light,0,100.0,78.55,5,1385.0,459.0,0.0,1148.0,423.0,0.0,4,1,0,0.06157704075774989,-0.005489750857803441,-0.015485804968447137,0.19491208843079022,-0.02670631323423256,-0.09860658639838983,0.08813834692889994,-0.01407400545970977,-0.06882479465031838,31.43,30.44,3,604.0,496.0,0.0,528.0,446.0,0.0,2,1,0,-0.006372640920616679,-0.002973929180075552,-0.014667018478196032,-0.04944596133071996,0.006220579295932116,-0.03952472390393684,-0.05795336639670101,-0.0006346332577374103,-0.0414825632673822,29.54,44.1,4,1477.0,0.0,0.0,1323.0,0.0,0.0,4,0,0,0.09506449362393536,-0.06831062135513666,-0.010427000344444128,0.15626163996528775,-0.12295382247777555,-0.019498648481942632,0.23955666131014558,-0.19115178610273317,-0.03164617925384428
92,least_connections,2624,measured,352,346,13,medium,1,100.0,78.55,5,1385.0,459.0,0.0,1148.0,423.0,0.0,4,1,0,0.05571256068558322,-0.0049669174427745405,-0.0140109664000236,0.17634903238976252,-0.024162854830972302,-0.08921548293187652,0.07974421864995712,-0.012733623987356446,-0.06227005230266901,41.49,41.25,4,604.0,848.0,0.0,528.0,792.0,0.0,2,2,0,-0.005765722737700818,0.0403932023971652,-0.013270159575510695,-0.04473682215636568,0.0966213404514216,-0.03576046448451428,-0.05243399816844377,0.09725318895728519,-0.037531842956202946,25.96,39.93,3,1298.0,0.0,0.0,1198.0,0.0,0.0,3,0,0,0.042926832099660334,-0.06180484789274269,-0.009433952692592307,0.10898910282573654,-0.1112439346227493,-0.017641634340805238,0.1790433284869571,-0.17294685409294908,-0.028632257420144826
92,least_connections,2625,measured,165,117,6,light,2,92.13,58.1,4,923.0,459.0,0.0,739.0,423.0,0.0,3,1,0,0.007322702298294126,-0.004493877686319828,-0.0126765886476404,-0.11911278021878624,-0.02186163056135587,-0.0807187702716978,-0.11287427836432445,-0.011520897893322474,-0.05633957113098625,41.49,41.25,4,604.0,848.0,0.0,528.0,792.0,0.0,2,2,0,-0.005216606286491204,0.036546230740292326,-0.012006334854033485,-0.04047617242718801,0.08741930802747666,-0.03235470596217959,-0.04744028405716341,0.08799098048516277,-0.03395738172227886,29.26,43.83,4,1463.0,0.0,0.0,1315.0,0.0,0.0,4,0,0,0.08192246260264052,-0.05591867190295767,-0.008535481007583516,0.12846633112804737,-0.10064927418248747,-0.015961478689299976,0.19727729720248502,-0.15647572513171584,-0.025905375761083413
92,least_connections,2626,measured,161,107,7,light,0,54.0,31.85,3,351.0,459.0,0.0,214.0,423.0,0.0,2,1,0,-0.03645859814734839,-0.004065889335241754,-0.011469294490722266,-0.4527845789281081,-0.019779570507893418,-0.07303126834105991,-0.33962434709153166,-0.01042366952252985,-0.050973897689939936,41.49,41.25,4,604.0,848.0,0.0,528.0,792.0,0.0,2,2,0,-0.004719786640158707,0.03306563733645496,-0.010862874391744581,-0.03662129886269391,0.07909365964390744,-0.029273305394352963,-0.042922161766004996,0.07961088710562345,-0.030723345367776107,29.26,43.83,4,1463.0,0.0,0.0,1315.0,0.0,0.0,4,0,0,0.07412032330715095,-0.05059308410267599,-0.007722578054480325,0.1162314424491857,-0.09106362902225057,-0.014441337861747597,0.17848898318320072,-0.14157327511917148,-0.023438197117170708
92,least_connections,2627,measured,395,341,11,medium,0,67.67,43.55,3,161.0,854.0,0.0,107.0,764.0,0.0,1,2,0,-0.07607025093150115,0.039405238447252924,-0.010376980729701097,-0.5242654126809867,0.22035816636587424,-0.06607590945143516,-0.3556839330828144,0.14483096567009207,-0.04611924076708852,36.89,37.69,3,443.0,848.0,0.0,414.0,792.0,0.0,1,2,0,-0.04735418337737715,0.029916529018697346,-0.009828314925864145,-0.07475260373291354,0.07156093015401149,-0.02648537154727173,-0.07106647969305216,0.07202889785746883,-0.027797312475606954,29.26,43.83,4,1463.0,0.0,0.0,1315.0,0.0,0.0,4,0,0,0.06706124489694609,-0.045774695140516374,-0.0069870944302441035,0.10516178126354897,-0.0823909024487029,-0.013065972351104968,0.1614900324038483,-0.12809010606020277,-0.021205987867916356
92,least_connections,2628,measured,465,413,16,heavy,0,98.67,64.2,4,620.0,395.0,465.0,530.0,341.0,413.0,2,1,1,-0.025741564901743674,-0.007431541631623767,0.03369520337607542,-0.19747823052089275,-0.07748546852611382,0.22069322478203485,-0.13045212993207012,-0.06031960248896431,0.14510640121072943,24.23,24.75,2,0.0,848.0,0.0,0.0,792.0,0.0,0,2,0,-0.08592816137771765,0.027067335778821408,-0.008892284932924703,-0.18215031494202383,0.06474560347267705,-0.023962955209436327,-0.18135181496038053,0.06516900282342417,-0.025149949382692008,11.74,18.77,2,587.0,0.0,0.0,563.0,0.0,0.0,2,0,0,-0.025493340784849217,-0.0414152003652291,-0.006321656865458951,-0.06336791219012239,-0.07454414983454072,-0.011821594031952114,-0.08068362147588329,-0.11589104834018346,-0.019186369975733846
92,least_connections,2629,measured,200,108,5,light,1,98.67,64.2,4,620.0,395.0,465.0,530.0,341.0,413.0,2,1,1,-0.02328998729205381,-0.006723775761945314,0.03048613638787776,-0.1786707799950935,-0.07010590009505535,0.19967482242184106,-0.11802811755758724,-0.05457487844239628,0.13128674395256473,29.94,28.12,3,200.0,848.0,0.0,108.0,792.0,0.0,1,2,0,-0.03466062673403479,0.02448949427607651,-0.008045400653598541,-0.11310198562781748,0.05857935552289828,-0.02168076899901382,-0.1335444992498681,0.0589624311259552,-0.02275471610814991,11.74,18.77,2,587.0,0.0,0.0,563.0,0.0,0.0,2,0,0,-0.02306540356724454,-0.037470895568540614,-0.005719594306843813,-0.057332872933920254,-0.06744470699315588,-0.01069572793367096,-0.07299946704960866,-0.10485380564111837,-0.017359096644711577
92,least_connections,2630,measured,358,337,8,medium,2,98.67,64.2,4,620.0,860.0,0.0,530.0,754.0,0.0,2,2,0,-0.021071893264239167,0.0370004840611878,-0.015501205399629868,-0.16165451523365604,0.21704704277114045,-0.09981801780881046,-0.10678734445686466,0.13745606236164146,-0.06805008880482238,29.94,28.12,3,1048.0,0.0,0.0,900.0,0.0,0.0,3,0,0,0.05480818578938802,-0.06401063896563598,-0.007279172019922489,0.11688051640476377,-0.16621051507111925,-0.019615933856250597,0.103102595916786,-0.1705816099336596,-0.02058760028832611,10.46,15.13,2,165.0,358.0,0.0,117.0,337.0,0.0,1,1,0,-0.06395259869235957,0.009181661379030148,-0.0051748710395253545,-0.12823450408307072,0.003759550815716106,-0.00967708717808325,-0.20055507336234435,0.0067671917215278155,-0.015705849345215236
92,least_connections,2631,measured,416,427,16,heavy,2,98.67,64.2,4,1015.0,465.0,0.0,871.0,413.0,0.0,3,1,0,0.024018853940064783,-0.0096072717904446,-0.014024900123474642,0.09199512113780328,-0.041878072413412626,-0.09031153992225709,0.057644783586646264,-0.029896895958514885,-0.06156912796626787,29.94,28.12,3,1048.0,0.0,0.0,900.0,0.0,0.0,3,0,0,0.04958835857135106,-0.057914387635575416,-0.006585917541834634,0.10574903865192911,-0.15038094220720313,-0.017747749679464825,0.0932833010675683,-0.1543357423209301,-0.018626876451342672,15.48,25.47,2,358.0,0.0,416.0,337.0,0.0,427.0,1,0,1,-0.05786187500737294,-0.03477668278858723,0.03840187404813919,-0.08109788464658779,-0.0613794540238759,0.06652073064840086,-0.11510538383577189,-0.09551222336306213,0.11456772360829734
92,least_connections,2632,measured,392,331,10,medium,2,98.67,64.2,4,1015.0,465.0,0.0,871.0,413.0,0.0,3,1,0,0.021731344041010986,-0.008692293524687977,-0.012689195349810391,0.08323368102944106,-0.03788968456451619,-0.08171044088204213,0.052154804197441895,-0.027049572533894423,-0.05570540149328998,29.94,28.12,3,1048.0,0.0,0.0,900.0,0.0,0.0,3,0,0,0.044865657755031915,-0.05239873167028252,-0.005958687299755145,0.09567770163745967,-0.13605894771127902,-0.01605748780523008,0.08439917715637132,-0.13963710019512723,-0.016852888217881466,23.32,36.5,3,358.0,392.0,416.0,337.0,331.0,427.0,1,1,1,-0.05235122024476599,0.011619282465654635,0.03474455271022117,-0.073374276585008,0.01539954159744561,0.060185422967600787,-0.10414296632760316,0.013409575687388237,0.10365651183607855
92,least_connections,2633,measured,172,110,5,light,1,87.93,58.85,3,854.0,465.0,0.0,764.0,413.0,0.0,2,1,0,-0.023422207999175992,-0.00786445604614626,-0.011480700554590354,-0.021804447322569143,-0.03428114317741937,-0.07392849413137145,-0.0012170819166001934,-0.024473422768761632,-0.050400125160595693,34.86,31.56,4,1220.0,0.0,0.0,1010.0,0.0,0.0,4,0,0,0.08367663819559577,-0.04740837627311276,-0.005391193271207036,0.13102812461076285,-0.12310095269115721,-0.014528203252351024,0.10746235076052643,-0.12633832874797227,-0.015247851244749899,23.32,36.5,3,358.0,808.0,0.0,337.0,758.0,0.0,1,2,0,-0.04736538974526447,0.05359658436234965,-0.01164835253655726,-0.06638625024357866,0.08920910906435556,-0.020822712553123096,-0.09422458858211714,0.14091025101874805,-0.03499331468799244
92,least_connections,2634,measured,480,448,15,heavy,0,100.0,81.25,4,854.0,465.0,480.0,764.0,413.0,448.0,2,1,1,-0.021191521523064,-0.0071154602322275745,0.03269659972498514,-0.01972783329184824,-0.03101627239861754,0.2226361243573306,-0.001101169353114495,-0.02214262060030814,0.15706655342612771,29.14,28.19,3,1020.0,0.0,0.0,902.0,0.0,0.0,3,0,0,0.03262353433116262,-0.04289329281853059,-0.004877746292996842,0.06684857532810515,-0.11137705243485653,-0.013144564847365212,0.06669212687857154,-0.1143061069624511,-0.0137956749357261,23.32,36.5,3,358.0,808.0,0.0,337.0,758.0,0.0,1,2,0,-0.04285440024571546,0.04849214775641159,-0.01053898562831371,-0.06006375022038071,0.08071300343917884,-0.018839597071873278,-0.08525081824096313,0.12749022711220062,-0.03166061805104078
92,least_connections,2635,measured,155,103,8,light,1,89.33,60.1,3,395.0,945.0,0.0,341.0,861.0,0.0,1,2,0,-0.06225718160476765,0.03664610287378956,-0.013501262380342239,-0.2947061348831008,0.2614614678298222,-0.0880911255814628,-0.19235343893853216,0.1826328670759117,-0.06055883261445588,33.57,31.41,4,1020.0,155.0,0.0,902.0,103.0,0.0,3,1,0,0.029516531061528087,0.004275682914753498,-0.004413199026997143,0.06048204434447607,-0.060701686896842987,-0.011892701528568524,0.06034049574727901,-0.07429778725174147,-0.012481801132323615,23.32,36.5,3,750.0,416.0,0.0,668.0,427.0,0.0,2,1,0,0.004310871433014812,0.0007899477433293139,-0.009535272711331453,0.016589940276798415,0.002092717397352284,-0.01704534973169487,0.02269370413119212,0.015522903895165668,-0.0286453210937988
92,least_connections,2636,measured,386,344,11,medium,0,100.0,77.3,4,395.0,1331.0,0.0,341.0,1205.0,0.0,1,3,0,-0.05632792621383739,0.07623989806494792,-0.012215427867928692,-0.2666388839418531,0.46938577248095026,-0.07970149457370444,-0.17403406380152905,0.3208583083067773,-0.05479132474641246,33.57,31.41,4,1175.0,0.0,0.0,1005.0,0.0,0.0,4,0,0,0.06978933309194944,-0.03921542520864706,-0.00399289435775932,0.0947898768558865,-0.09498860106993277,-0.010760063287752475,0.08371580567610962,-0.09634383132300418,-0.011293058167340414,23.32,36.5,3,750.0,416.0,0.0,668.0,427.0,0.0,2,1,0,0.003900312248918153,0.0007147146249169983,-0.008627151500728458,0.015009945964722382,0.001893410978556817,-0.015421983090581072,0.0205323989758405,0.014044532095626089,-0.02591719527534177
92,least_connections,2637,measured,350,315,11,medium,2,100.0,77.3,4,860.0,866.0,0.0,754.0,792.0,0.0,2,2,0,-0.007879461585762165,0.025895055165338382,-0.011052053785268816,0.039231485957371026,0.14420617510181222,-0.07211087604287544,0.029373942274807052,0.103467040848989,-0.049573103341992227,9.34,6.66,2,327.0,0.0,0.0,213.0,0.0,0.0,2,0,0,-0.023025070513179535,-0.035480622807823534,-0.0036126187046393848,-0.13344861481746323,-0.08594206763470108,-0.009735295355585573,-0.14818569962637704,-0.08716822833986093,-0.010217528818069898,30.32,47.0,4,750.0,766.0,0.0,668.0,742.0,0.0,2,2,0,0.0035288539394973673,0.04373054679215846,-0.007805518024468605,0.013580427301415482,0.0650464194567895,-0.013953222796240018,0.01857693240671285,0.10770695761032836,-0.02344889096340446
92,least_connections,2638,measured,185,125,5,light,1,88.73,60.25,3,465.0,866.0,0.0,413.0,792.0,0.0,1,2,0,-0.050212936899589805,0.02342885943530615,-0.009999477234290833,-0.20275881429253734,0.13047225366354442,-0.06524317356260159,-0.1276854807989841,0.09361303695860912,-0.044851855404659635,9.71,7.12,2,340.0,0.0,0.0,228.0,0.0,0.0,2,0,0,-0.02083220665478147,-0.0321015158737451,-0.003268559780388015,-0.11737867871239871,-0.0777571088123486,-0.008808124369339329,-0.12983170442386494,-0.07886649230749322,-0.009244430835396574,23.16,35.77,3,392.0,766.0,0.0,331.0,742.0,0.0,1,2,0,-0.03989112761483117,0.03956573281195289,-0.0070621353554715955,-0.05249389910824315,0.058851522365666695,-0.01262434443469335,-0.08482721988598996,0.09744915212363042,-0.021215663252604034
92,least_connections,2639,measured,199,106,7,light,1,88.73,60.25,3,465.0,866.0,0.0,413.0,792.0,0.0,1,2,0,-0.0454307524329622,0.02119753948908651,-0.009047146069120278,-0.18344845102658136,0.11804632474320687,-0.05902953798521096,-0.11552495881812849,0.0846975096292178,-0.04058025012802539,15.4,10.44,3,539.0,0.0,0.0,334.0,0.0,0.0,3,0,0,0.024235713253383653,-0.02904422864767414,-0.0029572683727320135,-0.0547575800595172,-0.07035166987783921,-0.007969255381783202,-0.08749654209778257,-0.07135539780201768,-0.008364008851073091,23.16,35.77,3,392.0,766.0,0.0,331.0,742.0,0.0,1,2,0,-0.036091972603894865,0.03579756778224309,-0.006389551035902872,-0.047494480145553325,0.05324661547369844,-0.011422025917103507,-0.07674843703970519,0.08816828049280848,-0.019195123895213172
92,least_connections,2640,measured,187,123,5,light,0,100.0,66.4,4,1038.0,480.0,0.0,880.0,448.0,0.0,3,1,0,0.045063786347501314,-0.023905174022345765,-0.008185513110156441,0.17964187764261685,-0.12602157920059065,-0.05340767722471468,0.10673932297407424,-0.07898796747832673,-0.03671546440154678,15.4,10.44,3,539.0,0.0,0.0,334.0,0.0,0.0,3,0,0,0.02192755008639473,-0.026278111633609935,-0.002675623765805155,-0.04954257243480126,-0.06365151084185453,-0.0072102786787562306,-0.07916353808846996,-0.06455964563039694,-0.007567436579542321,23.16,35.77,3,808.0,350.0,0.0,758.0,315.0,0.0,2,1,0,0.010429258347042974,-0.010695624614251706,-0.005781022365816884,0.03230499415402319,-0.02710068123808236,-0.010334213924998411,0.05933871569423496,-0.049006476379522504,-0.017367016857573823
92,least_connections,2641,measured,400,317,8,medium,1,100.0,66.4,4,1038.0,480.0,0.0,880.0,448.0,0.0,3,1,0,0.04077199717154881,-0.021628490782122353,-0.007405940432998685,0.16253312739093906,-0.11401952403862964,-0.04832123177474185,0.09657367316701954,-0.07146530390896225,-0.03321875350616137,26.83,20.34,4,539.0,400.0,0.0,334.0,317.0,0.0,3,1,0,0.019839211982928567,0.019308465891586475,-0.0024208024547760928,-0.044824232202915426,0.04581189835396836,-0.006523585471255637,-0.07162415350861567,0.03121686823916467,-0.006846728333871624,23.16,35.77,3,1158.0,0.0,0.0,1073.0,0.0,0.0,3,0,0,0.05251989587408196,-0.05276089392536605,-0.005230448807167657,0.09256166137744956,-0.08785299731064596,-0.009350003074998562,0.1486874094376412,-0.13933919291480606,-0.015713015252090602
92,least_connections,2642,measured,166,108,5,light,2,100.0,66.4,4,1518.0,0.0,0.0,1328.0,0.0,0.0,4,0,0,0.07997285004863486,-0.06265253474391569,-0.0067006127727130965,0.425720448591802,-0.39268433127304586,-0.04371920970095691,0.29004284715111295,-0.26732575115572776,-0.030055062696050766,26.83,20.34,4,939.0,0.0,0.0,651.0,0.0,0.0,4,0,0,0.06103366344940703,-0.025614335848655318,-0.0021902498400355125,0.06284610283681802,-0.061952500128722506,-0.005902291616850339,0.02482517063506201,-0.06138414302170816,-0.006194658968740993,18.64,28.33,3,932.0,0.0,0.0,850.0,0.0,0.0,3,0,0,0.04751800102893129,-0.047736046884855,-0.004732310825532642,0.0428510269605496,-0.07948604518582253,-0.008459526591665366,0.06727273552294519,-0.12606879358958645,-0.014216537609034354
92,least_connections,2643,measured,440,446,16,heavy,2,100.0,66.4,4,1518.0,0.0,0.0,1328.0,0.0,0.0,4,0,0,0.07235638813924106,-0.05668562667306658,-0.006062459175311849,0.3851756439640114,-0.3552858235327558,-0.03955547544372292,0.262419718851007,-0.2418661558075632,-0.02719267577261736,17.11,13.22,2,599.0,0.0,0.0,423.0,0.0,0.0,2,0,0,-0.030946866856432192,-0.023174875291640525,-0.0019816546171749876,-0.031030396753083,-0.056052262021225124,-0.005340168605721735,-0.042003417044467695,-0.055538034162497855,-0.005604691447908518,27.44,43.2,4,932.0,0.0,440.0,850.0,0.0,446.0,3,0,1,0.04299247712141402,-0.043189756705345,0.038802285670323074,0.03876997677383057,-0.07191594564431562,0.07196519022658848,0.06086580833028374,-0.11406224181914965,0.12164535486166733
92,least_connections,2644,measured,415,407,15,heavy,1,70.2,45.75,3,1053.0,0.0,0.0,915.0,0.0,0.0,3,0,0,0.022381403327794064,-0.05128699556134595,-0.005485082110996435,0.07887320168172451,-0.3214490784343981,-0.0357882873062255,0.050594031341387236,-0.21883128382589054,-0.02460289712760618,28.97,25.94,3,599.0,0.0,415.0,423.0,0.0,407.0,2,0,1,-0.02799954620343864,-0.020967744311484286,0.0412909746207419,-0.028075120871837,-0.05071395135253702,0.10244733044516333,-0.038003091611661266,-0.0502486975755933,0.11000349345189231,27.44,43.2,4,932.0,0.0,440.0,850.0,0.0,446.0,3,0,1,0.03889795549080316,-0.039076446542931194,0.035106829892197065,0.035077598033465746,-0.06506680796390461,0.06511136258596101,0.05506906467978054,-0.10319917116970682,0.11006008297007996
92,least_connections,2645,measured,387,339,9,medium,0,83.53,56.55,3,866.0,387.0,0.0,792.0,339.0,0.0,2,1,0,-0.022834059120657973,-0.0033186195668413465,-0.004962693338520584,-0.041432182605423806,-0.05740630905969352,-0.03237987899134688,-0.00986730497684013,-0.04463306631866287,-0.022259764067834163,28.97,25.94,3,599.0,415.0,0.0,423.0,407.0,0.0,2,1,0,-0.025332922755492093,0.024113083944938253,-0.005725399379419455,-0.025401299836423974,0.061394860340901886,-0.014588469733287602,-0.03438374955340781,0.06961129743160607,-0.015547434495906972,27.44,43.2,4,932.0,440.0,0.0,850.0,446.0,0.0,3,1,0,0.03519338830120286,0.007729020021248187,-0.011320577943340975,0.03173687441123091,0.020749078508848204,-0.02070876718413052,0.04982439185313478,0.04113725783058271,-0.034929766201673686
92,least_connections,2646,measured,476,436,15,heavy,0,100.0,78.35,4,866.0,387.0,476.0,792.0,339.0,436.0,2,1,1,-0.020659386823452447,-0.0030025605604755007,0.038593844349048265,-0.03748626045252634,-0.051939041530198904,0.25781503011894014,-0.008927561645712512,-0.04038229809783786,0.177098308700531,23.29,22.62,2,400.0,415.0,0.0,317.0,407.0,0.0,1,1,0,-0.06600416367220259,0.02181659975970604,-0.005180123248046174,-0.07442430529417952,0.05554773078462551,-0.013199091663450688,-0.061079344834035654,0.0629816500571674,-0.014066726448677737,27.44,43.2,4,932.0,440.0,0.0,850.0,446.0,0.0,3,1,0,0.03184163703442164,0.006992922876367408,-0.010242427663022786,0.028714314943494607,0.018772975793719796,-0.018736503642784754,0.045079211676645775,0.03721942375147959,-0.03160312180151429
92,least_connections,2647,measured,408,437,15,heavy,1,89.53,61.15,3,867.0,476.0,0.0,787.0,436.0,0.0,2,1,0,-0.018691826173599824,-0.0027166024118587817,-0.008165660101427982,-0.03331296580625398,0.006690073536169294,-0.053849893384450995,-0.010339222441358986,0.00734458743528954,-0.037006292128091,34.94,36.28,3,400.0,415.0,408.0,317.0,407.0,437.0,1,1,1,-0.05971805284627853,0.01973882835401975,0.038397122049953686,-0.06733627621854339,0.05025747070989926,0.09352735244055142,-0.05526226437365131,0.0569833976707705,0.11082950940357729,15.8,25.37,2,350.0,440.0,0.0,315.0,446.0,0.0,1,1,0,-0.0573587002795142,0.006326930221475277,-0.009266958361782521,-0.07933466743207629,0.016985073337175055,-0.016952074724424303,-0.12056325292747923,0.03367471672752914,-0.028593300677560548
92,least_connections,2648,measured,163,120,7,light,2,89.53,61.15,3,867.0,476.0,0.0,787.0,436.0,0.0,2,1,0,-0.016911652252304593,-0.0024578783726341424,-0.00738797818700627,-0.030140302396134522,0.006052923675581745,-0.048721332109741375,-0.009354534589801011,0.00664510291764292,-0.033481883353987094,34.94,36.28,3,400.0,823.0,0.0,317.0,844.0,0.0,1,2,0,-0.05403061924187104,0.06094284016610857,-0.008343646943465937,-0.060923297531063084,0.15094043268310614,-0.020849402213650756,-0.0499991915761607,0.175112955035459,-0.0232822295872396,12.06,18.87,2,163.0,440.0,0.0,120.0,446.0,0.0,1,1,0,-0.05189596691956047,0.005724365438477638,-0.008384390898755614,-0.10561708005759285,0.015367447305063148,-0.015337591417336274,-0.16789056217248122,0.030467600848716844,-0.025870129184459544
92,least_connections,2649,measured,196,112,9,light,2,57.53,38.75,2,387.0,476.0,0.0,339.0,436.0,0.0,1,1,0,-0.058384918931223426,-0.002223794718097555,-0.006684361216815197,-0.31679360692983594,0.005476454754097804,-0.04408120524214696,-0.21113029320029617,0.00601223597310549,-0.030293132558369275,23.51,26.38,2,0.0,823.0,0.0,0.0,844.0,0.0,0,2,0,-0.09196874620749783,0.05513876015028871,-0.007549013901231086,-0.15852243926279858,0.13656515337995317,-0.018863744859969733,-0.13486533999747874,0.15843553074636768,-0.021064874388454877,15.98,22.6,3,163.0,636.0,0.0,120.0,558.0,0.0,1,2,0,-0.046953493879602334,0.048263088004427614,-0.007585877479826508,-0.0955583105282983,0.04937054756172381,-0.013876868425209011,-0.1519009848227211,0.061343702355188254,-0.023406307357368157
92,least_connections,2650,measured,372,300,12,medium,0,82.33,53.75,3,387.0,848.0,0.0,339.0,736.0,0.0,1,2,0,-0.0528244504615831,0.04107189548181196,-0.006047755386642321,-0.28662278722223256,0.2293358400156123,-0.039882995219085345,-0.19102264622883938,0.14115392778519067,-0.027408072314715058,23.51,26.38,2,0.0,823.0,0.0,0.0,844.0,0.0,0,2,0,-0.08320981799725995,0.04988744965978502,-0.0068300601963519345,-0.14342506409491299,0.12355894829614811,-0.017067197730448805,-0.12202102190248076,0.14334643258004695,-0.0190586958752687,15.98,22.6,3,163.0,636.0,0.0,120.0,558.0,0.0,1,2,0,-0.042481732557735435,0.04366660343257737,-0.006863412957938269,-0.08645751904941273,0.044668590651083445,-0.012555261908522438,-0.13743422436341435,0.055501444988027476,-0.021177135228095
92,least_connections,2651,measured,152,120,4,light,1,82.33,53.75,3,387.0,848.0,0.0,339.0,736.0,0.0,1,2,0,-0.0477935504176228,0.03716028638830606,-0.005471778683152576,-0.25932537891535323,0.20749433144269686,-0.0360846147220296,-0.1728300132546642,0.12771069656755346,-0.024797779713313626,27.86,30.12,3,152.0,823.0,0.0,120.0,844.0,0.0,1,2,0,-0.032201173199334965,0.04513626397790073,-0.006179578272889846,-0.09047301717430903,0.11179142941080067,-0.01544175032754892,-0.07647140076891118,0.12969439138194724,-0.017243581982385965,15.98,22.6,3,359.0,440.0,0.0,232.0,446.0,0.0,2,1,0,0.004648046960234825,-0.0035760209306159446,-0.006209754580991767,-0.04275680294946867,0.004947772493837391,-0.01135952267913935,-0.09056747283673997,0.01643781530662805,-0.01916026520637167
92,least_connections,2652,measured,464,436,15,heavy,0,100.0,75.55,4,387.0,848.0,464.0,339.0,736.0,436.0,1,2,1,-0.043241783711182535,0.03362121149418167,0.038133243322952655,-0.23462772378055768,0.1877329665433924,0.24722503112451294,-0.15637001199231523,0.1155477730849293,0.17480200883081148,27.86,30.12,3,567.0,408.0,0.0,527.0,437.0,0.0,2,1,0,0.013949505427359066,-0.0022463280562757537,-0.005591047008805099,0.025422372216441502,-0.006134284954853825,-0.013971107439210926,0.04588599454241368,0.0022681398217618276,-0.015601336079301588,15.98,22.6,3,799.0,0.0,0.0,678.0,0.0,0.0,3,0,0,0.04728927604792221,-0.04631934773540989,-0.0056183493828020755,0.04093432114095692,-0.07514249155319473,-0.010277663376364174,0.05256593727469558,-0.11963562742098732,-0.01733547804386008
92,least_connections,2653,measured,498,437,15,heavy,1,100.0,75.55,4,387.0,1312.0,0.0,339.0,1172.0,0.0,1,3,0,-0.03912351859583181,0.07350309157863602,-0.008582394363133537,-0.21228222627764742,0.4497266522694185,-0.05619322580798038,-0.14147762989780902,0.30178131850541223,-0.03908389677212294,42.09,43.78,4,567.0,408.0,498.0,527.0,437.0,437.0,2,1,1,0.012620981100943923,-0.002032392050916154,0.038025333885457514,0.023001193910113737,-0.005550067340105838,0.11609416809921733,0.04151589982408857,0.0020521265054035676,0.10944105307110809,15.98,22.6,3,799.0,0.0,0.0,678.0,0.0,0.0,3,0,0,0.04278553547192962,-0.04190798128441847,-0.005083268489201878,0.037035814365627695,-0.06798606378622381,-0.009298838292900919,0.04755965753424837,-0.10824175814279806,-0.015684480134921026
92,least_connections,2654,measured,357,325,14,medium,2,87.47,58.6,3,476.0,836.0,0.0,436.0,736.0,0.0,1,2,0,-0.03539746920575258,0.023418896915818083,-0.007765023471406534,-0.13838233171152226,0.11978443141836276,-0.05084149001674416,-0.08412261752658914,0.07580214531442059,-0.03536162088906362,42.09,43.78,4,567.0,906.0,0.0,527.0,874.0,0.0,2,2,0,0.011418982900854024,0.04124506932354752,-0.008680026711343424,0.020810604013912437,0.12371320437936001,-0.02369711321635439,0.03756200460274681,0.12541323350488895,-0.02453845198328316,23.12,33.43,4,799.0,357.0,0.0,678.0,325.0,0.0,3,1,0,0.03871072256984108,0.005167155255140651,-0.004599147680706461,0.033508593949853616,0.003088799431511788,-0.008413234645957975,0.043030166340510434,8.285374381762634e-05,-0.014190720122071405
92,least_connections,2655,measured,467,406,17,heavy,0,100.0,78.9,4,848.0,464.0,467.0,736.0,436.0,406.0,2,1,1,0.011057618564409788,-0.021895374445779103,0.03605840280024669,0.09917789035624175,-0.11600456205005277,0.23568309633405687,0.05960334604737172,-0.06713139233457185,0.15167281919560913,37.74,40.03,3,823.0,498.0,0.0,844.0,437.0,0.0,2,1,0,0.010331460719820301,-0.005766932743547712,-0.007853357500739289,0.08500551247517249,0.006461606683366566,-0.021440245290987307,0.12361264702153282,-0.010087431590814738,-0.02220145655630381,19.86,29.43,3,636.0,357.0,0.0,558.0,325.0,0.0,2,1,0,-0.00805991313975829,0.004675045230841543,-0.0041611336158772745,0.0008220611927247101,0.0027946280570820964,-0.007611974203485787,0.0027415790699856224,7.496291107308983e-05,-0.012839222967588415
92,least_connections,2656,measured,192,109,4,light,1,100.0,78.9,4,848.0,464.0,467.0,736.0,436.0,406.0,2,1,1,0.010004512034466007,-0.019810100689038226,0.0326242692002232,0.08973237698898062,-0.10495650852147631,0.2132370871593848,0.053926836900002995,-0.06073792639794598,0.1372277887960273,43.23,43.44,4,1015.0,498.0,0.0,953.0,437.0,0.0,3,1,0,0.052431412306594774,-0.005217701053686019,-0.0071054186911450705,0.12654240244352338,0.0058462155706649754,-0.019398317168036135,0.1426584663528154,-0.009126723820260946,-0.020087032122370115,19.86,29.43,3,636.0,357.0,0.0,558.0,325.0,0.0,2,1,0,-0.007292302364543202,0.00422980282790425,-0.003764835176269915,0.0007437696505604441,0.0025284730040266573,-0.006887024279344283,0.0024804763014155684,6.782358620897877e-05,-0.01161643982781809
92,least_connections,2657,measured,399,312,15,medium,2,100.0,78.9,4,848.0,464.0,467.0,736.0,436.0,406.0,2,1,1,0.009051701364516856,-0.017923424432939344,0.029517195943059085,0.08118643632336342,-0.09496065056705,0.1929287931442053,0.04879094767143127,-0.05495336197909398,0.12415847557735803,43.23,43.44,4,1015.0,498.0,0.0,953.0,437.0,0.0,3,1,0,0.04743794446787146,-0.004720777143811167,-0.006428712149131255,0.1144907450679497,0.005289433135363536,-0.017550858390127932,0.12907194574778535,-0.00825751202785513,-0.01817398144404915,27.84,39.83,4,636.0,357.0,399.0,558.0,325.0,312.0,2,1,1,-0.0065977973774438425,0.0038269644633419364,0.03967762078156078,0.0006729344457451769,0.0022876660512622105,0.06596888279487897,0.002244240463185526,6.136419704620699e-05,0.08358512587006935
92,least_connections,2658,measured,481,402,16,heavy,0,100.0,99.0,5,848.0,931.0,481.0,736.0,842.0,402.0,2,2,1,0.008189634567896203,0.026867468596955102,0.026706034424672506,0.07345439476875737,0.19576576059806589,0.18299906681301112,0.04414419075034259,0.13394695820939118,0.11052433504618107,43.23,43.44,4,1015.0,498.0,0.0,953.0,437.0,0.0,3,1,0,0.042920044994740836,-0.004271179320591054,-0.005816453849213993,0.10358686458528782,0.004785677598662247,-0.015879348067258606,0.11677937948609152,-0.0074710823109165325,-0.01644312606842542,23.92,36.1,3,440.0,756.0,0.0,446.0,637.0,0.0,1,2,0,-0.04905333594920655,0.046546391884066736,-0.007185100472011902,-0.03485782121575437,0.07426979309399914,-0.012513867947490445,-0.031747274501562284,0.09415075808304181,-0.018470600403270587
92,least_connections,2659,measured,378,315,13,medium,2,100.0,99.0,5,848.0,931.0,481.0,736.0,842.0,402.0,2,2,1,0.00740966937095372,0.02430866206391176,0.024162602574703696,0.06645873812411379,0.17712140244586916,0.165570584259391,0.03993998210745281,0.12119010504659206,0.09999820789892573,31.37,30.72,3,600.0,498.0,0.0,546.0,437.0,0.0,2,1,0,-0.004251478564849004,-0.003864400337677626,-0.005262505863574565,-0.013557462654127328,0.00432989877974202,-0.014367029203710168,-0.009416870941155259,-0.006759550662257807,-0.014877114061908715,22.68,31.73,3,0.0,1134.0,0.0,0.0,952.0,0.0,0,3,0,-0.08746548989508711,0.08519730240757965,-0.006500805188963149,-0.11115707633806347,0.13559647946599923,-0.011322071000110403,-0.16323166105696904,0.1801840192179902,-0.016711495602959103
92,least_connections,2660,measured,386,304,14,medium,1,100.0,99.0,5,1312.0,948.0,0.0,1172.0,808.0,0.0,3,2,0,0.049787886800477396,0.021993551391158273,-0.021222497897263548,0.3400023503662617,0.17050666570499273,-0.14032502693991608,0.2333742695257906,0.09426723789929758,-0.09138257380573388,36.91,36.81,3,408.0,884.0,0.0,437.0,741.0,0.0,1,2,0,-0.04693047607114456,0.03958753801647761,-0.004761314828948416,-0.061898928795911135,0.1036998403925557,-0.012998740708118723,-0.03933847847056904,0.07983659701986198,-0.013460246056012646,22.68,31.73,3,0.0,1134.0,0.0,0.0,952.0,0.0,0,3,0,-0.07913544323841215,0.07708327360685778,-0.005881680885252373,-0.10057068811539076,0.12268252904066598,-0.010243778523909413,-0.14768578857535294,0.16302363643532447,-0.015119924593153474
92,least_connections,2661,measured,381,332,11,medium,1,100.0,77.2,4,836.0,948.0,0.0,736.0,808.0,0.0,2,2,0,0.0019622830689126625,0.019898927449143206,-0.019201307621333687,0.020510063029792303,0.15426793563785057,-0.12696073865992408,0.013910053380477239,0.08528940571841209,-0.08267947153852112,47.8,47.19,4,906.0,767.0,0.0,874.0,636.0,0.0,2,2,0,0.0006229933052456227,0.0358172963006226,-0.004307856273810471,0.07273090115744094,0.06357876715789054,-0.011760765402583606,0.08796459090758038,0.04254561158939893,-0.012178317860201918,22.68,31.73,3,357.0,777.0,0.0,325.0,627.0,0.0,1,2,0,-0.028514834131806,0.026658109227066337,-0.005321520800942624,-0.02639252734249639,0.04639847865584065,-0.009268180569251373,-0.03560460236182725,0.04948170280656339,-0.013679931774757905
92,least_connections,2662,measured,373,319,5,medium,2,94.13,62.2,3,464.0,948.0,0.0,436.0,808.0,0.0,1,2,0,-0.04130850125964591,0.018003791501605748,-0.017372611657397147,-0.20582422868733075,0.1395757512913886,-0.11486923973993131,-0.12312899932242535,0.07716660517380142,-0.07480523615390006,36.14,33.53,3,498.0,767.0,0.0,437.0,636.0,0.0,1,2,0,-0.04252023961724942,0.032406125224372834,-0.0038975842477332835,-0.03966523908884595,0.057523646476186685,-0.010640692507099453,-0.04396953679790347,0.03849364858088475,-0.01101847806399221,30.14,42.37,4,730.0,777.0,0.0,644.0,627.0,0.0,2,2,0,0.017284764583694795,0.024119241681631445,-0.0048147092960909455,0.04361628478536039,0.041979575926712975,-0.008385496705513147,0.06399266135517218,0.04476915968212877,-0.012377081129542866
92,least_connections,2663,measured,151,110,4,light,0,100.0,67.7,4,615.0,948.0,0.0,546.0,808.0,0.0,2,2,0,0.005709541944220575,0.01628914469192902,-0.015718077213835512,-0.09514255611393424,0.12628282259697066,-0.10392931214565214,-0.06164052319648011,0.0698174046810584,-0.06768092794876672,36.14,33.53,3,498.0,767.0,0.0,437.0,636.0,0.0,1,2,0,-0.03847069298703519,0.029319827583956376,-0.0035263857479491613,-0.03588759727086063,0.0520452039546451,-0.00962729322070903,-0.03978196186476979,0.03482758681127668,-0.009969099200754858,30.14,42.37,4,730.0,777.0,0.0,644.0,627.0,0.0,2,2,0,0.015638596528104814,0.021822171045285582,-0.004356165553606094,0.03946235290104036,0.03798152107654984,-0.007586877971654752,0.057898122178489136,0.040505430188592706,-0.011198311498157832
92,least_connections,2664,measured,463,404,17,heavy,1,100.0,67.7,4,615.0,948.0,0.0,546.0,808.0,0.0,2,2,0,0.005165776044771003,0.014737797578411982,-0.014221117479184512,-0.08608136029355956,0.11425588711154488,-0.0940312824174948,-0.05576999717776776,0.06316812804476712,-0.061235125286979414,49.37,46.16,4,498.0,767.0,463.0,437.0,636.0,404.0,1,2,1,-0.034806817464460404,0.026527463052151007,0.03989336074051765,-0.032469730864112006,0.0470885178637265,0.1109766666778619,-0.03599320359193456,0.031510673781631277,0.10520652929455512,30.14,42.37,4,730.0,777.0,0.0,644.0,627.0,0.0,2,2,0,0.014149206382571028,0.019743869040972667,-0.003941292643738847,0.035704033577131755,0.034364233354973656,-0.00686431816483049,0.05238401530434733,0.036647770170631505,-0.01013180564119042
92,least_connections,2665,measured,496,444,17,heavy,0,100.0,89.9,5,1082.0,481.0,496.0,952.0,402.0,444.0,3,1,1,0.047757697600597795,-0.029749702417717946,0.030217174888447572,0.203799404178843,-0.17830816562923718,0.21409868098734597,0.1332080977915434,-0.12651455081663926,0.14545393426416148,49.37,46.16,4,879.0,386.0,463.0,769.0,304.0,404.0,2,1,1,0.011592017758912249,-0.019082862227192174,0.036093993050944545,0.06911242037464696,-0.055885898803567174,0.10040746032758933,0.061303768178725876,-0.06535939038804792,0.09518685983793083,30.14,42.37,4,1507.0,0.0,0.0,1271.0,0.0,0.0,4,0,0,0.098969463371079,-0.0683042998926347,-0.0035659314395732424,0.17290364942692873,-0.10950855077407147,-0.006210573577703777,0.23649029956107617,-0.155937731750381,-0.009166871770600856
92,least_connections,2666,measured,386,319,7,medium,1,100.0,89.9,5,1082.0,481.0,496.0,952.0,402.0,444.0,3,1,1,0.04320934544815991,-0.026916397425554323,0.02733934870859542,0.18438993711419127,-0.1613264355693098,0.19370833041712254,0.1205216122875869,-0.1144655459769593,0.13160117861995563,60.4,56.12,5,1265.0,386.0,463.0,1088.0,304.0,404.0,3,1,1,0.05357191629434464,-0.017265446776983398,0.032656469903235535,0.1623125980260411,-0.0505634322508465,0.09084484505829511,0.14565876644741868,-0.05913468654156717,0.08612144461527076,30.14,42.37,4,1507.0,0.0,0.0,1271.0,0.0,0.0,4,0,0,0.089543800192881,-0.06179912847428854,-0.003226318921518648,0.15643663519579265,-0.09907916498606466,-0.005619090379827226,0.21396741388859272,-0.14108651920272566,-0.008293836363876966
92,least_connections,2667,measured,371,306,9,medium,2,96.27,62.6,3,948.0,0.0,496.0,808.0,0.0,444.0,2,0,1,-0.003989730535565061,-0.06743683123083033,0.024735601212538715,0.08600359389696666,-0.43608899726112155,0.1752599179964442,0.0439005063554358,-0.28542120826486794,0.1190677330371027,60.4,56.12,5,1651.0,463.0,0.0,1392.0,404.0,0.0,4,1,0,0.09155372925497395,-0.015621118512508789,-0.013537570314306167,0.24663656828206437,-0.025843105369813518,-0.03749411977718878,0.21773888392861687,-0.025229002109036974,-0.03630678820523122,30.1,41.93,4,1134.0,371.0,0.0,952.0,306.0,0.0,3,1,0,0.03793191899537306,-0.012829596964265597,-0.0029190504528025865,0.07404266993905048,-0.022509720701677546,-0.0050839389150817765,0.09738321574047276,-0.035363993564370824,-0.007503947186364874
92,least_connections,2668,measured,165,125,5,light,0,100.0,68.85,4,1113.0,496.0,0.0,933.0,444.0,0.0,3,1,0,0.039474144027912786,-0.017930375648755784,-0.02070407055826996,0.1773365849543984,-0.09538210863307828,-0.14060610593972508,0.09626712479777527,-0.057381093192023364,-0.09312919391881185,46.17,42.47,4,1153.0,463.0,0.0,955.0,404.0,0.0,3,1,0,0.03975042624202858,-0.014133392939888897,-0.012248277903419865,0.09441267742526913,-0.023381857239355097,-0.033923251226980325,0.07344529974493907,-0.022826240003414405,-0.032848998852352054,22.96,31.1,3,777.0,371.0,0.0,627.0,306.0,0.0,2,1,0,-0.008764544945229352,-0.011607730586716491,-0.002641045647773769,0.0023909870877123485,-0.02036593777770826,-0.00459975425650256,-0.009907249250683398,-0.03199599417728789,-0.006789285549568219
92,least_connections,2669,measured,183,111,7,light,2,100.0,68.85,4,1113.0,496.0,0.0,933.0,444.0,0.0,3,1,0,0.03571470173954014,-0.016222720825064763,-0.0187322543146252,0.16044738638731282,-0.0862980982870708,-0.12721504823117985,0.08709882719798717,-0.051916227173735424,-0.084259746878925,46.17,42.47,4,1153.0,463.0,0.0,955.0,404.0,0.0,3,1,0,0.035964671361835385,-0.01278735551704234,-0.011081775245951307,0.08542099386095778,-0.021155013692749858,-0.030692465395839343,0.06645050929304011,-0.02065231238404161,-0.029720522771175668,26.62,34.8,4,1331.0,0.0,0.0,1044.0,0.0,0.0,4,0,0,0.0782379740744977,-0.053586132662358,-0.002389517490842934,0.10241089307935877,-0.0855596579893551,-0.004161682422549935,0.11679820305890548,-0.12123447092230809,-0.0061426869257998175
92,least_connections,2670,measured,154,122,7,light,0,100.0,74.95,5,1267.0,496.0,0.0,1055.0,444.0,0.0,4,1,0,0.07539720180062702,-0.014677699794106214,-0.016948230094184707,0.23805557181074333,-0.07807923178354026,-0.11509932935201987,0.133994176988655,-0.04697182458576063,-0.07623500908093214,46.17,42.47,4,1153.0,463.0,0.0,955.0,404.0,0.0,3,1,0,0.032539464565470105,-0.011569512134466872,-0.01002636807967023,0.07728566111229512,-0.019140250483916543,-0.027769373453378453,0.06012188936036961,-0.01868542549032337,-0.02688999679296846,26.62,34.8,4,1331.0,0.0,0.0,1044.0,0.0,0.0,4,0,0,0.07078673844835506,-0.04848269145641915,-0.00216194439647694,0.0926574746908484,-0.07741111913322604,-0.0037653317156404174,0.10567456467234304,-0.10968833083446922,-0.005557669123342692
92,least_connections,2671,measured,477,439,16,heavy,1,100.0,74.95,5,1267.0,496.0,0.0,1055.0,444.0,0.0,4,1,0,0.06821651591485302,-0.013279823623238957,-0.015334112942357592,0.2153836125906725,-0.07064311447082217,-0.10413748846135132,0.12123282679925929,-0.04249831748235486,-0.06897453202560527,59.8,56.19,5,1153.0,463.0,477.0,955.0,404.0,439.0,3,1,1,0.02944046794018723,-0.010467653835946222,0.03401242434515097,0.06992512195874323,-0.01731736948544832,0.09818145122925623,0.0543959951355725,-0.016905861157911622,0.09979297909207616,26.62,34.8,4,1331.0,0.0,0.0,1044.0,0.0,0.0,4,0,0,0.06404514431041647,-0.04386529227009352,-0.001956044930145803,0.08383295329171997,-0.07003863159672832,-0.003406728695103235,0.09561032041783418,-0.09924182313594834,-0.00502836730207196
92,least_connections,2672,measured,190,101,4,light,2,86.4,54.65,4,800.0,496.0,0.0,649.0,444.0,0.0,3,1,0,0.018635804648585844,-0.012015078516263822,-0.01387372123356163,-0.08681165210050268,-0.0639151988069343,-0.0942196324174131,-0.07397982337209869,-0.03845085867451156,-0.06240552897554763,48.91,45.81,4,772.0,463.0,477.0,623.0,404.0,439.0,2,1,1,-0.016447286376111786,-0.009470734422998964,0.03077314583608897,-0.03522420938426629,-0.01566809620111992,0.08883083682646992,-0.04465362344876775,-0.015295779142872418,0.09028888584521175,14.88,17.27,3,744.0,0.0,0.0,518.0,0.0,0.0,3,0,0,0.014861706530286095,-0.039687645387227466,-0.0017697549367985837,-0.030370185117015253,-0.06336828573037324,-0.003082278343188641,-0.07213034501878493,-0.08979022093252469,-0.004549475178065107
92,least_connections,2673,measured,188,108,3,light,2,75.4,48.4,3,635.0,496.0,0.0,524.0,444.0,0.0,2,1,0,-0.02622293411613208,-0.0108707853242387,-0.012552414449412904,-0.17806768523378813,-0.05782803701579775,-0.0852463340919452,-0.12348174495570835,-0.03478887213408191,-0.05646214526359072,37.89,35.84,3,386.0,940.0,0.0,304.0,843.0,0.0,1,2,0,-0.057964778376572795,0.03451514051071069,-0.015241530184581633,-0.131651835701411,0.10913022588606155,-0.04293536532026871,-0.13059434978698037,0.11028298553740115,-0.04243207947337983,18.64,20.87,4,932.0,0.0,0.0,626.0,0.0,0.0,4,0,0,0.05653020613511145,-0.03590786963606295,-0.001601206847579671,0.00654126108460526,-0.05733321089890912,-0.002788728024789723,-0.03268935977890064,-0.08123877131990329,-0.004116191827773192
92,least_connections,2674,measured,156,116,3,light,0,53.73,34.1,3,310.0,496.0,0.0,238.0,444.0,0.0,2,1,0,-0.023725511819357586,-0.009835472436215964,-0.011356946406611675,-0.3571406041004115,-0.0523206049190551,-0.07712763560699804,-0.2411025311504028,-0.03147564621655033,-0.0510847980956297,26.86,26.34,2,463.0,477.0,0.0,404.0,439.0,0.0,1,1,0,-0.052444323293089665,-0.011855915955161986,-0.013789955881288144,-0.09920880372984808,-0.020950203790161992,-0.03884628290881455,-0.08988298314060128,-0.014446346418541811,-0.03839092904734366,18.64,20.87,4,932.0,0.0,0.0,626.0,0.0,0.0,4,0,0,0.051146376979386565,-0.03248807252786648,-0.001448710957333988,0.0059182838384523595,-0.05187290509901302,-0.0025231348795716545,-0.02957608741900533,-0.07350174547991249,-0.0037241735584614593
92,least_connections,2675,measured,362,349,8,medium,1,53.73,34.1,3,806.0,0.0,0.0,682.0,0.0,0.0,3,0,0,0.021617960961624313,-0.05198266100238134,-0.010275332463124849,-0.02395261005910254,-0.34651229333946254,-0.06978214650156965,-0.01728324246941204,-0.22933510848164076,-0.046219579229379255,37.2,37.25,3,463.0,839.0,0.0,404.0,788.0,0.0,1,2,0,-0.04744962583660493,0.03235711912446795,-0.012476626749736893,-0.08976034623176732,0.07462328500617996,-0.03514663691749888,-0.08132269903197259,0.08560509133560504,-0.03473465009045379,18.64,20.87,4,932.0,0.0,0.0,626.0,0.0,0.0,4,0,0,0.04627529345754022,-0.029393970382355385,-0.0013107384852069416,0.005354637758599734,-0.04693262842291654,-0.0022828363196124492,-0.02675931718862387,-0.06650157924373035,-0.0033694903624175107
92,least_connections,2676,measured,481,435,14,heavy,0,85.8,55.85,4,806.0,481.0,0.0,682.0,435.0,0.0,3,1,0,0.019559107536707712,-0.003948031156349563,-0.009296729371398672,-0.021671409101092776,-0.023384138418243883,-0.06313622778713444,-0.01563721937708712,-0.010707955292913074,-0.04181771454086695,37.2,37.25,3,825.0,477.0,0.0,753.0,439.0,0.0,2,1,0,0.00015328637459099959,-0.013808411495095888,-0.011288376583095285,0.012366489463775138,-0.02606192581073513,-0.03179933816345137,0.025097915161548606,-0.0212233697439764,-0.03142658817707724,0.0,0.0,0,0.0,0.0,0.0,0.0,0.0,0.0,0,0,0,-0.13046747825496927,-0.026594544631654872,-0.0011859062485205661,-0.16380294678983834,-0.04246285428740068,-0.002065423336792216,-0.21300446158335812,-0.06016809550623222,-0.0030485865183777477
92,least_connections,2677,measured,169,118,5,light,2,65.13,43.95,2,496.0,481.0,0.0,444.0,435.0,0.0,1,1,0,-0.06847146506316014,-0.0035720281890781747,-0.008411326574122609,-0.2065915923613061,-0.02115707761650637,-0.05712325371216926,-0.12181462705545978,-0.00968815002692136,-0.03783507506078438,37.2,37.25,3,825.0,477.0,0.0,753.0,439.0,0.0,2,1,0,0.0001386876722490049,-0.012493324686039142,-0.010213293098990972,0.011188728562463224,-0.023579837638284168,-0.02877082976693219,0.02270763752711541,-0.019202096435026267,-0.02843357977926036,3.38,3.93,1,169.0,0.0,0.0,118.0,0.0,0.0,1,0,0,-0.07495810390869101,-0.02406173085721155,-0.0010729627962805122,-0.11762171376223468,-0.038418772926695856,-0.0018687163523358145,-0.15713102079764146,-0.05443780069611487,-0.0027582449451989148
92,least_connections,2678,measured,397,315,11,medium,2,65.13,43.95,2,496.0,481.0,0.0,444.0,435.0,0.0,1,1,0,-0.061950373152382984,-0.0032318350282135866,-0.007610247852777599,-0.18691620261261022,-0.01914211784350578,-0.051682943834819806,-0.11021323400255886,-0.008765469071976478,-0.034231734578804913,37.2,37.25,3,825.0,477.0,0.0,753.0,439.0,0.0,2,1,0,0.0001254793225110018,-0.011303484239749695,-0.009240598518134689,0.01012313536603815,-0.02133413881559043,-0.026030750741510077,0.020545005381675835,-0.01737332534597613,-0.025725619800283185,11.32,14.43,2,169.0,397.0,0.0,118.0,315.0,0.0,1,1,0,-0.06781923686976805,0.021313762784518346,-0.0009707758633014158,-0.106419645784879,0.03707825306632279,-0.0016907433663990703,-0.14216616167405657,0.04574675175113416,-0.002495554950418066
92,least_connections,2679,measured,166,102,5,light,0,76.2,49.05,3,662.0,481.0,0.0,546.0,435.0,0.0,2,1,0,-0.012966437387303437,-0.0029240412160027734,-0.006885462342989256,-0.06898767537966322,-0.017319059001267123,-0.04676075870769411,-0.05357387838326755,-0.007930662493693008,-0.03097156938082349,37.2,37.25,3,825.0,477.0,0.0,753.0,439.0,0.0,2,1,0,0.00011352891084329131,-0.010226961931202108,-0.008360541516407576,0.009159027235939282,-0.019302316071248493,-0.02355163162327102,0.018588338202468607,-0.01571872293207363,-0.023275560771684786,11.32,14.43,2,169.0,397.0,0.0,118.0,315.0,0.0,1,1,0,-0.06136026192979015,0.01928388061456422,-0.0008783210191774715,-0.09628444142441434,0.03354699086953015,-0.001529720188646778,-0.12862652722890833,0.04138991825102614,-0.00225788305037825
92,least_connections,2680,measured,372,311,11,medium,2,76.2,49.05,3,662.0,481.0,0.0,546.0,435.0,0.0,2,1,0,-0.011731538588512641,-0.0026455611001929835,-0.006229704024609327,-0.06241742058160005,-0.015669624810670246,-0.04230735311648515,-0.0484716042515278,-0.00717536130381749,-0.02802189610645935,37.2,37.25,3,1302.0,0.0,0.0,1192.0,0.0,0.0,3,0,0,0.04318661686037749,-0.052336865783559276,-0.007564299467225902,0.13159286137673418,-0.1407701227039187,-0.0213086190877214,0.14094004408794777,-0.13834372550997137,-0.021058840698190997,18.76,24.8,3,169.0,769.0,0.0,118.0,626.0,0.0,1,2,0,-0.055516427460286316,0.06053122078279166,-0.0007946713983034266,-0.08711449462208916,0.09766632507243203,-0.001384032551632799,-0.1163763817785361,0.13124167206838874,-0.0020428465693898452
92,least_connections,2681,measured,158,123,3,light,0,86.73,55.2,4,820.0,481.0,0.0,669.0,435.0,0.0,3,1,0,0.032469651027626875,-0.00239360290017461,-0.005636398879408438,0.038828682965853845,-0.014177279590606384,-0.03827808139110561,0.011787596153379598,-0.006491993560596765,-0.025353144096320362,23.97,24.62,2,839.0,0.0,0.0,788.0,0.0,0.0,2,0,0,-0.004010294495939648,-0.04735240237560125,-0.006843889994156769,-0.000626866917648683,-0.12736344435116453,-0.019279226793652696,0.013290992270047985,-0.12516813260425982,-0.019053236822172807,18.76,24.8,3,169.0,769.0,0.0,118.0,626.0,0.0,1,2,0,-0.05022914865454475,0.05476634261300198,-0.0007189884079888145,-0.0788178760866521,0.08836477030362898,-0.0012522199276677705,-0.10529291684724695,0.11874246520473267,-0.001848289753257479
92,least_connections,2682,measured,403,446,17,heavy,1,53.67,33.0,3,324.0,481.0,0.0,225.0,435.0,0.0,2,1,0,-0.013706596916047337,-0.0021656407192055943,-0.005099598986131444,-0.26404389001502115,-0.012827062486739094,-0.03463254983004793,-0.1901921749088471,-0.00587370845958754,-0.022938558944289852,35.49,38.56,3,839.0,0.0,403.0,788.0,0.0,446.0,2,0,1,-0.003628361686802528,-0.04284264976840113,0.03689180927966315,-0.0005671653064440452,-0.11523359250819648,0.08673376079213735,0.012025183482424373,-0.11324735807052079,0.10886254763708175,15.38,20.87,2,397.0,372.0,0.0,315.0,311.0,0.0,1,1,0,-0.04544542021125478,0.00646660023262538,-0.0006505133215136894,-0.030054268840304266,0.008110982655664317,-0.0011329608869375066,-0.035852321591953604,0.012433658994758137,-0.0016722621577091477
92,least_connections,2683,measured,489,416,18,heavy,2,53.67,33.0,3,805.0,0.0,0.0,660.0,0.0,0.0,3,0,0,0.03068269349319072,-0.04504328944889576,-0.004613922892214164,0.0512301312562507,-0.30173242161498615,-0.031334211750995745,0.02470707984437648,-0.2021000219396268,-0.020753934282928915,25.14,27.66,2,477.0,0.0,403.0,439.0,0.0,446.0,1,0,1,-0.04636670365767394,-0.03876239740950579,0.03337830363398094,-0.09409138085549018,-0.10425896465027301,0.0784734026214576,-0.08779566732542557,-0.10246189539713786,0.09849468595735968,25.16,34.73,3,397.0,372.0,489.0,315.0,311.0,416.0,1,1,1,-0.04111728495304004,0.005850733543803915,0.04249534055491165,-0.027191957522180038,0.00733850811702963,0.08746065443562796,-0.032437814773672316,0.011249500995257372,0.12394731836524728
92,least_connections,2684,measured,460,411,18,heavy,1,32.07,21.75,1,481.0,0.0,0.0,435.0,0.0,0.0,1,0,0,-0.05840726824538979,-0.04075345235852473,-0.0041745016643842435,-0.14907750029196365,-0.27299600050879697,-0.02835000110804377,-0.07943168966461181,-0.1828524008025195,-0.01877736911312616,38.29,40.5,3,477.0,0.0,863.0,439.0,0.0,857.0,1,0,2,-0.041950827118847844,-0.035070740513362376,0.07328331780035918,-0.08513029696449112,-0.09432953944548511,0.18991130985478819,-0.07943417519919455,-0.09270361964502949,0.20531959681856354,25.16,34.73,3,769.0,0.0,489.0,626.0,0.0,416.0,2,0,1,0.0058825471740068525,-0.037790379401410966,0.03844816526396769,0.04271203843231329,-0.060674683132211284,0.07913106829890149,0.06444515171270918,-0.0836155308455608,0.11214281185427134
92,least_connections,2685,measured,428,412,14,heavy,0,60.6,42.35,2,481.0,428.0,0.0,435.0,412.0,0.0,1,1,0,-0.05284467126963838,0.0062117290452349955,-0.00377693007730003,-0.13487964312130046,0.011162348746009076,-0.025650001002515792,-0.07186676683941065,0.0209430659405776,-0.016989048245209384,38.29,40.5,3,477.0,403.0,460.0,439.0,446.0,411.0,1,1,1,-0.03795551025038614,0.011353230238477119,0.023220053973567602,-0.07702264963453959,0.018831096964288974,0.06764764769174712,-0.0718690156564141,0.042226486987830464,0.059664159026319386,25.16,34.73,3,769.0,0.0,489.0,626.0,0.0,416.0,2,0,1,0.005322304586006188,-0.034191295648895635,0.034786435238827906,0.038644225248283454,-0.054896141881524495,0.07159477607995848,0.05830751821626068,-0.07565214695550738,0.10146254405862645
92,least_connections,2686,measured,436,401,16,heavy,0,89.67,62.4,3,481.0,428.0,436.0,435.0,412.0,401.0,1,1,1,-0.047811845434434716,0.005620135802831661,0.03966667777586687,-0.12203396282403373,0.01009926791305582,0.23977698321994606,-0.06502231285470486,0.018948488231951166,0.16603371825433438,38.29,40.5,3,477.0,403.0,460.0,439.0,446.0,411.0,1,1,1,-0.03434069975034937,0.010271970215765008,0.021008620261799258,-0.06968715919315485,0.017037659158166213,0.061205014578247396,-0.06502434749866037,0.038204916798513275,0.05398185816666992,25.16,34.73,3,769.0,0.0,489.0,626.0,0.0,416.0,2,0,1,0.004815418434957974,-0.030934981777572243,0.03147344140655858,0.03496382284368503,-0.04966793789280788,0.0647762259771053,0.05275442124328347,-0.0684471805787924,0.09179944462447155
92,least_connections,2687,measured,460,415,18,heavy,0,100.0,83.15,4,481.0,428.0,896.0,435.0,412.0,816.0,1,1,2,-0.043258336345440934,0.00508488477399055,0.0789727991668274,-0.1104116806503162,0.009137432873717155,0.4944013975164592,-0.058829711630447284,0.017143870305098674,0.3379590784205882,24.66,26.78,2,0.0,403.0,460.0,0.0,446.0,411.0,0,1,1,-0.07415405714374013,0.009293687338073106,0.019007799284485042,-0.18635640933802447,0.015415024952626574,0.05537596557079527,-0.18295357630831177,0.03456635329389296,0.048840728817463264,25.16,34.73,3,769.0,489.0,0.0,626.0,416.0,0.0,2,1,0,0.00435680715543818,0.015095107189906296,-0.01460792943034722,0.03163393495381027,0.04354805619222144,-0.029878652687380918,0.047730190648685056,0.06353191598426719,-0.04240367708579557
92,least_connections,2688,measured,357,339,8,medium,1,100.0,83.15,4,481.0,864.0,460.0,435.0,813.0,415.0,1,2,1,-0.03913849478873227,0.047684510260367866,0.028367679971800747,-0.09989628249314325,0.27125132815558534,0.18433142314981218,-0.05322688195135708,0.19691588265699403,0.12436773761862745,34.86,37.38,3,0.0,1220.0,0.0,0.0,1196.0,0.0,0,3,0,-0.06709176598719345,0.09457637471177135,-0.02588636754079471,-0.16860817987726023,0.22514420624965537,-0.06880950053798794,-0.16552942618371067,0.243327891075427,-0.07201612630800944,25.16,34.73,3,769.0,489.0,0.0,626.0,416.0,0.0,2,1,0,0.003941873140634544,0.013657477933724745,-0.013216698056028438,0.028621179243923572,0.03940062226915273,-0.027033066717154164,0.04318445820595315,0.05748125731909888,-0.03836523164905314
92,least_connections,2689,measured,192,104,6,light,1,100.0,83.15,4,481.0,864.0,460.0,435.0,813.0,415.0,1,2,1,-0.035411019094567286,0.04314312833080902,0.025665996164962582,-0.09038235082712959,0.2454178683312439,0.16677604951649674,-0.04815765509884687,0.17816198907061365,0.11252319117875817,40.34,40.62,4,549.0,863.0,0.0,443.0,857.0,0.0,2,2,0,0.025465726465101618,0.042485200702940526,-0.023420999203576168,-0.010631890637249064,0.11141618660683103,-0.06225621477246528,-0.024511742737643005,0.12430559192538632,-0.06515744761200853,17.22,24.23,2,372.0,489.0,0.0,311.0,416.0,0.0,1,1,0,-0.039517443575707065,0.012356765749560482,-0.011957964907835253,-0.04594274258883105,0.035648182053042946,-0.024458488934568052,-0.05592834733747094,0.05200685186013708,-0.03471140006342903
92,least_connections,2690,measured,390,300,12,medium,2,88.27,61.4,3,0.0,864.0,460.0,0.0,813.0,415.0,0,2,1,-0.07512244131231825,0.03903425896597007,0.02322161557782329,-0.3719014920181966,0.2220447380139826,0.15089261622921132,-0.24035692604181383,0.16119418058769808,0.1018066967807812,40.34,40.62,4,549.0,863.0,0.0,443.0,857.0,0.0,2,2,0,0.02304041918271099,0.03843899111218429,-0.021190427850854628,-0.00961932962417772,0.10080512121570426,-0.05632705146080192,-0.022177291048343678,0.11246696412296858,-0.058951976410864866,25.02,34.23,3,372.0,879.0,0.0,311.0,716.0,0.0,1,2,0,-0.035753877520877816,0.054263831143026374,-0.010819111107089038,-0.04156724329465665,0.10282454566703887,-0.02212910903603776,-0.0506018380672356,0.13753000882583832,-0.03140555243834055
92,least_connections,2691,measured,358,317,12,medium,0,100.0,77.25,4,0.0,1682.0,0.0,0.0,1545.0,0.0,0,4,0,-0.06796792309209747,0.12148451094653528,-0.022073867084917247,-0.3364823023021779,0.5845166677269367,-0.1409384265862691,-0.21746579022830775,0.4769852110079173,-0.09562727434119794,40.34,40.62,4,549.0,863.0,0.0,443.0,857.0,0.0,2,2,0,0.020846093546262323,0.03477813481578579,-0.01917229186505895,-0.008703202993303655,0.09120463348087526,-0.050962570369296974,-0.02006516809135858,0.10175582468268587,-0.053337502466972976,17.58,23.87,2,0.0,879.0,0.0,0.0,716.0,0.0,0,2,0,-0.07543264655517062,0.04909584722464291,-0.009788719573080558,-0.10492274393326077,0.09303173179398755,-0.0200215748421294,-0.13957626618781635,0.12443191274718705,-0.028414547444212877
92,least_connections,2692,measured,435,406,16,heavy,2,100.0,77.25,4,428.0,1254.0,0.0,412.0,1133.0,0.0,1,3,0,-0.01841088733275939,0.06683065729629836,-0.019971594029210844,-0.04627763859085937,0.38046746127675224,-0.1275157192923387,-0.010373810206564166,0.24517709567382995,-0.08651991488013147,40.34,40.62,4,952.0,460.0,0.0,889.0,411.0,0.0,3,1,0,0.06194465153051851,-0.0116179687267607,-0.017346359306481908,0.0963025442305484,-0.02165839283703122,-0.04610899223888774,0.10794699077448511,-0.03403639671566516,-0.04825774032726127,26.28,37.4,3,0.0,879.0,435.0,0.0,716.0,406.0,0,2,1,-0.06824858497848771,0.0444200522508674,0.03422743966063686,-0.0949301016539026,0.08417156686122683,0.06059952752378768,-0.12628328845564338,0.11258125439031208,0.09673604437587088
92,least_connections,2693,measured,157,109,2,light,2,100.0,77.25,4,428.0,1254.0,0.0,412.0,1133.0,0.0,1,3,0,-0.016657469491544216,0.060465832791888996,-0.018069537455000288,-0.04187024443934895,0.34423246496468063,-0.11537136507402074,-0.0093858282821295,0.2218268960858461,-0.07827992298678561,40.34,40.62,4,952.0,460.0,0.0,889.0,411.0,0.0,3,1,0,0.05604516090856436,-0.010511495514688246,-0.015694325086816965,0.08713087335144856,-0.01959568875731396,-0.04171765964470795,0.0976663249864389,-0.030794835123697045,-0.04366176505799829,29.42,41.03,4,157.0,879.0,435.0,109.0,716.0,406.0,1,2,1,-0.018664819515683898,0.04018957108411812,0.03096768350248097,-0.05747961578210237,0.0761552271601576,0.05482814395009361,-0.0813832927297091,0.1018592301626633,0.08752308776864509
92,least_connections,2694,measured,387,330,13,medium,0,100.0,93.75,5,428.0,1641.0,0.0,412.0,1463.0,0.0,1,4,0,-0.015071043825682862,0.09779108227656169,-0.01634862912595264,-0.037882602111791897,0.45982937306328253,-0.1043836160193521,-0.008491939874307658,0.34998623931576556,-0.07082469222613937,40.34,40.62,4,952.0,460.0,0.0,889.0,411.0,0.0,3,1,0,0.05070752653632013,-0.009510400703765562,-0.014199627459501063,0.07883269493702488,-0.017729432685188812,-0.037744549202354816,0.08836477022582567,-0.027861993683344938,-0.03950350171914131,29.42,41.03,4,646.0,825.0,0.0,525.0,706.0,0.0,2,2,0,0.026196682569710028,0.03636199288563068,-0.01506551991498887,0.03648034762571692,0.05913091981157115,-0.02910786975943911,0.05182781451439018,0.08914247808367948,-0.043256888844241746
92,least_connections,2695,measured,378,317,16,medium,1,100.0,93.75,5,864.0,1205.0,0.0,813.0,1062.0,0.0,2,3,0,0.029448193908282405,0.04539374564251274,-0.014791616828242865,0.22870939174012478,0.23809959150170013,-0.09444231925560428,0.17372157820895973,0.13524945461902593,-0.06407948344269752,45.66,47.28,4,1220.0,0.0,378.0,1196.0,0.0,317.0,3,0,1,0.045878238294765825,-0.051688548482545255,0.030236618239589737,0.14060373079336264,-0.13495247991244974,0.06356445548358373,0.16674967306146132,-0.1414138276182645,0.05388671273030071,26.28,37.4,3,879.0,435.0,0.0,716.0,406.0,0.0,2,1,0,0.023701760420213838,-0.010184954282615316,-0.01363070849451374,0.07516793356612483,-0.01707202493238802,-0.026335691687111577,0.10449500678286097,-0.009823472210004291,-0.03913718514479015
92,least_connections,2696,measured,172,117,4,light,2,100.0,93.75,5,1222.0,847.0,0.0,1130.0,745.0,0.0,3,2,0,0.06972750423901287,-0.0020133684549601405,-0.013382891416029259,0.4228640528442399,-0.0005130680063983872,-0.08544781265983245,0.3005814279033445,-0.02103620772564324,-0.05797667549577395,35.46,36.69,3,863.0,0.0,378.0,857.0,0.0,317.0,2,0,1,-0.0015750179600644842,-0.04676582957944571,0.02735694031200976,0.034927185003518546,-0.12209986277793072,0.05751069781848052,0.055020537531798336,-0.12794584403557263,0.04875464485122445,29.72,41.3,4,1051.0,435.0,0.0,833.0,406.0,0.0,3,1,0,0.06452835013076036,-0.009214958636651949,-0.012332545780750527,0.09913289227411293,-0.015446117795970118,-0.023827530574053332,0.12982881566068374,-0.008887903428099114,-0.03540983417861966
92,least_connections,2697,measured,200,125,5,light,1,100.0,93.75,5,1222.0,847.0,0.0,1130.0,745.0,0.0,3,2,0,0.06308678954958308,-0.0018216190782972819,-0.012108330328788377,0.3825912859066932,-0.00046420438674144027,-0.0773099257398484,0.27195462524588315,-0.019032759370820107,-0.05245508735331929,41.17,40.59,4,1063.0,378.0,0.0,982.0,317.0,0.0,3,1,0,0.04165888397717521,0.0007719591786874425,-0.01833238280160568,0.08330146670386374,-0.01275701870384209,-0.045680797211850956,0.08512274824305566,-0.026132549365518093,-0.04551663084889216,29.72,41.3,4,1051.0,435.0,0.0,833.0,406.0,0.0,3,1,0,0.05838279297544985,-0.008337343528399377,-0.011158017611155239,0.08969166443848313,-0.01397505895825868,-0.021558241947953014,0.11746416655014244,-0.008041436434946814,-0.032037469018751125
92,least_connections,2698,measured,365,347,9,medium,1,100.0,93.75,5,1682.0,387.0,0.0,1545.0,330.0,0.0,4,1,0,0.10016242410495158,-0.04473203177378823,-0.010955156011760912,0.513836560264786,-0.27788031190546447,-0.06994707566938665,0.4337922799843705,-0.20495821085931346,-0.04745936474824126,51.6,51.44,5,1063.0,743.0,0.0,982.0,664.0,0.0,3,2,0,0.03769137121744423,0.043782339483665056,-0.01658644158240514,0.07536799368444813,0.08281167695502722,-0.04133024509643658,0.07701581983895511,0.07446638390738838,-0.041181713625188146,29.72,41.3,4,1051.0,435.0,0.0,833.0,406.0,0.0,3,1,0,0.052822526977787956,-0.007543310811408965,-0.010095349267235692,0.0811496011586276,-0.012644100962234048,-0.019505076048147964,0.10627710306917651,-0.0072755853459042785,-0.02898628149315578
92,least_connections,2699,measured,384,342,10,medium,2,100.0,73.15,4,1254.0,387.0,0.0,1133.0,330.0,0.0,3,1,0,0.047539245392008336,-0.04047183827152269,-0.009911807820164636,0.31651879262052063,-0.25141552029542025,-0.06328544941515936,0.20609777712871613,-0.1854383812536646,-0.042939425248408755,40.09,37.5,4,660.0,743.0,0.0,536.0,664.0,0.0,2,2,0,-0.008982183410974481,0.03961259286617315,-0.015006780479318934,-0.03598678122427479,0.07492485057835796,-0.037394031277728335,-0.056420210621897754,0.06737434734477996,-0.037259645660884515,37.4,52.7,5,1051.0,819.0,0.0,833.0,748.0,0.0,3,2,0,0.04779181012276053,0.03625899996881592,-0.009133887432260865,0.07342106771494877,0.05804581341512158,-0.01764744975784816,0.09615547420544543,0.09656018468703897,-0.02622568325571237
92,least_connections,2700,measured,171,111,7,light,0,100.0,78.7,5,1812.0,0.0,0.0,1574.0,0.0,0.0,5,0,0,0.1291794986653318,-0.079701277710516,-0.008967826123006098,0.43475509808523305,-0.4608997564577612,-0.05725826375657275,0.3859694174021718,-0.3170632973247442,-0.03884995617713173,40.09,37.5,4,1025.0,378.0,0.0,883.0,317.0,0.0,3,1,0,0.03495716285492331,-0.007243935252600711,-0.01357756329081237,0.06179427276987384,-0.02656459097332238,-0.03383269496556373,0.047063261818282964,-0.03715237621186576,-0.03371110797889551,33.96,48.8,4,879.0,819.0,0.0,716.0,748.0,0.0,2,2,0,0.00015630893193072093,0.03280576187654774,-0.008263993391093164,0.035304775551620315,0.052517640708919525,-0.015966740257100716,0.05171209570968871,0.08736397662160669,-0.02372799913612072
92,least_connections,2701,measured,373,341,10,medium,1,100.0,78.7,5,1812.0,0.0,0.0,1574.0,0.0,0.0,5,0,0,0.11687668926863355,-0.07211067983332399,-0.008113747444624566,0.3933498506485442,-0.41700454155702205,-0.051805095779756304,0.3492104252686316,-0.2868667928176257,-0.03514996035073823,50.74,48.16,5,1025.0,751.0,0.0,883.0,658.0,0.0,3,2,0,0.03162790924969251,0.03652986356964244,-0.012284462025020716,0.055909103934647764,0.07238713877923894,-0.030610533540271948,0.04258104640701793,0.06279963580831194,-0.030500526266619747,24.18,34.93,3,825.0,384.0,0.0,706.0,342.0,0.0,2,1,0,0.0001414223669849446,-0.013402496624166552,-0.007476946401465244,0.02217098740384696,-0.031198325072882352,-0.014446098327853029,0.04377126119765487,-0.04340084654870506,-0.021468189694585412
92,least_connections,2702,measured,197,109,6,light,2,91.73,58.65,4,1376.0,0.0,0.0,1173.0,0.0,0.0,4,0,0,0.06266167577819681,-0.06524299603967408,-0.00734100959275556,0.2810943093169369,-0.37728982331349614,-0.04687127713406523,0.13454752762400002,-0.25954614588261377,-0.031802345079239354,31.89,31.41,3,365.0,751.0,0.0,347.0,658.0,0.0,1,2,0,-0.05755207303712627,0.03305082894396221,-0.011114513260733028,-0.12002781752851599,0.06549312556216855,-0.02769524463167462,-0.11302191039365043,0.05681871811228223,-0.02759571424122739,20.32,28.57,3,1016.0,0.0,0.0,857.0,0.0,0.0,3,0,0,0.04321185379688661,-0.055209968601003294,-0.006764856267992363,0.054621369555861526,-0.09771277030403641,-0.013070279439486073,0.08514225219470362,-0.14241028973454267,-0.019423600199862993
92,least_connections,2703,measured,169,125,4,light,1,67.87,42.8,3,1018.0,0.0,0.0,856.0,0.0,0.0,3,0,0,0.013609996905896898,-0.05902937736922893,-0.006641865822016935,0.03838691477881595,-0.34135745918840127,-0.04240734597843997,-0.02167128453066669,-0.23482746532236484,-0.028773550309787985,36.71,35.31,4,534.0,751.0,0.0,472.0,658.0,0.0,2,2,0,-0.008987022997309246,0.02990313094929914,-0.010055988188282263,-0.06490952198158248,0.05925568503243819,-0.025057602285800847,-0.06691565702282662,0.05140741162539819,-0.024967550980158112,20.32,28.57,3,1016.0,0.0,0.0,857.0,0.0,0.0,3,0,0,0.039096439149564066,-0.049951876353288696,-0.006120584242469281,0.04941933436006518,-0.08840679217984247,-0.011825490921439781,0.07703346627139851,-0.12884740499791955,-0.017573733514161756
92,least_connections,2704,measured,396,320,10,medium,0,94.27,58.8,4,1018.0,396.0,0.0,856.0,320.0,0.0,3,1,0,0.012313806724382925,-0.01032363167873547,-0.0060093071723010365,0.03473101813321444,-0.06999008212283925,-0.03836855112335045,-0.019607352670603206,-0.0677010400535682,-0.026033212185046273,36.71,35.31,4,1285.0,0.0,0.0,1130.0,0.0,0.0,4,0,0,0.07803668440833018,-0.05911258673748218,-0.009098275027493476,0.1354083916765274,-0.14052376796384844,-0.022671163972867434,0.12549892936029977,-0.1395301990055921,-0.022589688982047815,20.32,28.57,3,1016.0,0.0,0.0,857.0,0.0,0.0,3,0,0,0.03537296875436749,-0.04519455479583263,-0.005537671457472207,0.04471273108767801,-0.07998709768652414,-0.01069925369082647,0.06969694567412246,-0.11657622356954626,-0.01590004460805111
92,least_connections,2705,measured,441,441,15,heavy,2,63.6,38.05,3,558.0,396.0,0.0,441.0,320.0,0.0,2,1,0,-0.03194283699993472,-0.009340428661713043,-0.005436992203510462,-0.24603701533979017,-0.06332436001590219,-0.03471440339731707,-0.20547808098768863,-0.061253321953228385,-0.023553858643613295,36.71,35.31,4,1285.0,0.0,0.0,1130.0,0.0,0.0,4,0,0,0.07060461922658445,-0.05348281657200769,-0.008231772643922669,0.12251235437400099,-0.12714055196729146,-0.02051200549926101,0.11354665037360456,-0.12624160862410713,-0.020438290031376594,29.14,43.27,4,1016.0,0.0,441.0,857.0,0.0,441.0,3,0,1,0.032004114587284874,-0.0408903114819438,0.03807362605094918,0.04045437574599439,-0.07236927885923612,0.070119722851157,0.06305914132420604,-0.10547372608673233,0.11861424535462042
92,least_connections,2706,measured,377,300,13,medium,0,88.73,53.05,4,558.0,773.0,0.0,441.0,620.0,0.0,2,2,0,-0.028900662047559977,0.034633036199493185,-0.004919183422223751,-0.2226049186407626,0.17010335681100913,-0.031408269740429734,-0.1859087399412421,0.08029461347088862,-0.02131063401088822,36.71,35.31,4,1285.0,0.0,0.0,1130.0,0.0,0.0,4,0,0,0.06388036977643355,-0.048389214993721244,-0.007447794296882414,0.11084451110028659,-0.11503192797040655,-0.018558481165998057,0.10273268367135652,-0.11421859827895407,-0.018491786218864537,29.14,43.27,4,1016.0,441.0,0.0,857.0,441.0,0.0,3,1,0,0.028956103674210115,0.006087904124046306,-0.008636333799708108,0.0366015780558997,0.014323033413072075,-0.016358345991810328,0.057053508817138804,0.03757139068343264,-0.02568234944105771
92,least_connections,2707,measured,490,413,14,heavy,0,84.2,51.65,3,396.0,867.0,0.0,320.0,713.0,0.0,1,2,0,-0.06923211826978783,0.03133465179954145,-0.004450689762964346,-0.2991187359130709,0.21060144981313522,-0.028417005955626903,-0.22294124089921905,0.11471893599747063,-0.019281049819375055,21.46,20.56,2,751.0,0.0,0.0,658.0,0.0,0.0,2,0,0,-0.02837127541769391,-0.043780718327652554,-0.006738480554322184,-0.03775292533103325,-0.10407650625893926,-0.01679100676923634,-0.040503762392582215,-0.1033406365381013,-0.016730663721829818,29.14,43.27,4,1016.0,441.0,0.0,857.0,441.0,0.0,3,1,0,0.026198379514761533,0.005508103731279995,-0.007813825818783527,0.03311571347914735,0.012958934992779489,-0.014800408278304584,0.051619841310744624,0.033993162999296195,-0.023236411399052217
92,least_connections,2708,measured,162,113,6,light,1,84.2,51.65,3,396.0,867.0,0.0,320.0,713.0,0.0,1,2,0,-0.0626385831964747,0.028350399247204172,-0.004026814547443932,-0.2706312372546832,0.19054416887855097,-0.025710624436043387,-0.20170874176596007,0.10379332304533057,-0.017444759360386954,26.09,24.09,3,913.0,0.0,0.0,771.0,0.0,0.0,3,0,0,0.017414651039320023,-0.03961112610597136,-0.0060967205015295955,0.007720142387568518,-0.09416445804380219,-0.015191863267404307,-0.004696856450431525,-0.09349867115352023,-0.015137267176893645,16.5,26.1,2,384.0,441.0,0.0,342.0,441.0,0.0,1,1,0,-0.062464504702063814,0.004983522423539041,-0.007069651931280334,-0.08440006875696192,0.011724750707752862,-0.013390845585132718,-0.10861379436964379,0.030755718904125123,-0.02102341983723772
92,least_connections,2709,measured,398,308,16,medium,2,84.2,51.65,3,396.0,867.0,0.0,320.0,713.0,0.0,1,2,0,-0.056673003844429484,0.02565036122366092,-0.0036433084000683197,-0.24485683370661815,0.17239710517583184,-0.02326199353737259,-0.1824983854072972,0.09390824466006098,-0.015783353707016768,26.09,24.09,3,913.0,0.0,0.0,771.0,0.0,0.0,3,0,0,0.015756112845099063,-0.03583863790540266,-0.0055160804537648725,0.006984890731609628,-0.08519641442058294,-0.013745019146699134,-0.004249536788485664,-0.08459403580556592,-0.013695622683856155,16.78,24.97,2,0.0,441.0,398.0,0.0,441.0,308.0,0,1,1,-0.09959940448100559,0.004508901240344851,0.03668754847940849,-0.14584768125629888,0.010608107783204965,0.0599035206610704,-0.2014124806201539,0.027826602818017965,0.07386769951234048
92,least_connections,2710,measured,151,108,7,light,2,84.2,51.65,3,396.0,867.0,0.0,320.0,713.0,0.0,1,2,0,-0.05127557490686477,0.023207469678550363,-0.003296326647680861,-0.22153713525836877,0.1559783332543241,-0.021046565581432343,-0.16511758679707841,0.08496460231148373,-0.014280177163491361,26.09,24.09,3,913.0,0.0,0.0,771.0,0.0,0.0,3,0,0,0.01425553066937535,-0.03242543429536431,-0.004990739458168218,0.006319663042884893,-0.07708247019005124,-0.01243596970415636,-0.0038448189991060755,-0.0765374609669406,-0.012391277666346045,19.8,28.57,3,151.0,441.0,398.0,108.0,441.0,308.0,1,1,1,-0.04702984668462863,0.004079482074597726,0.03319349624327435,-0.10463361637474661,0.009597811803852108,0.05419842345525417,-0.1496589110372821,0.025176450168682918,0.0668326805111652
92,least_connections,2711,measured,418,410,16,heavy,0,100.0,72.15,4,396.0,867.0,418.0,320.0,713.0,410.0,1,2,1,-0.046392186820496686,0.02099723447106938,0.040101509450284206,-0.20043836047185742,0.14112325389676939,0.23308485336283108,-0.1493921023402138,0.07687273542467576,0.17255603018541257,4.63,3.53,1,162.0,0.0,0.0,113.0,0.0,0.0,1,0,0,-0.07326993937169894,-0.029337297695805807,-0.0045154309383426735,-0.18841826404963474,-0.0697412825529035,-0.01125159163709385,-0.18952031242776265,-0.06924817897008911,-0.011211155983836898,19.8,28.57,3,151.0,839.0,0.0,108.0,749.0,0.0,1,2,0,-0.042550813667044954,0.046774860199012454,-0.013051689339985335,-0.09466851005334218,0.08070278210824716,-0.022982378778579563,-0.1354056814146838,0.11566758189864965,-0.03242122556926324
92,least_connections,2712,measured,181,110,5,light,1,100.0,72.15,4,773.0,490.0,418.0,620.0,413.0,410.0,2,1,1,0.0011100169129746595,-0.0240864023719803,0.03628231807406666,0.046047832588954396,-0.09971388139498638,0.2108862958997043,0.000550002644568448,-0.06616276318719813,0.1561221225487066,9.8,6.97,2,343.0,0.0,0.0,223.0,0.0,0.0,2,0,0,-0.023207949680970258,-0.0265432693438243,-0.0040853898965957525,-0.12368455182722055,-0.06309925564310317,-0.01018001148118015,-0.14036956838702336,-0.0626531143062711,-0.010143426842519098,19.8,28.57,3,151.0,839.0,0.0,108.0,749.0,0.0,1,2,0,-0.03849835522256448,0.04232011160863031,-0.01180867130760578,-0.08565246147683339,0.07301680285984266,-0.020793580799667224,-0.12250990223233293,0.10465162171782588,-0.02933348980076198
92,least_connections,2713,measured,469,434,18,heavy,1,100.0,72.15,4,773.0,908.0,0.0,620.0,823.0,0.0,2,2,0,0.0010043010165008692,0.021291440937822814,-0.010257041016887528,0.041662324723339694,0.1619096628648536,-0.06132509736058501,0.0004976214403238366,0.12561464283063029,-0.04422284150355115,23.2,20.53,3,343.0,0.0,469.0,223.0,0.0,434.0,2,0,1,-0.020997668758973104,-0.024015338930126747,0.039387595082218355,-0.11190507070081859,-0.057089802724712396,0.11202760865988463,-0.12700103806444968,-0.05668615103900719,0.11353094714248271,19.8,28.57,3,592.0,398.0,0.0,549.0,308.0,0.0,2,1,0,0.008252055025389504,-0.004794275437996612,-0.010684035944976657,0.002304915806674551,-0.013737178364904262,-0.018813239771127487,0.02215770750407972,-0.03831519939815754,-0.026539824105451314
92,least_connections,2714,measured,200,123,7,light,1,85.67,56.15,3,867.0,418.0,0.0,713.0,410.0,0.0,2,1,0,0.0009086533006436304,-0.023820215568727196,-0.009280179967660144,0.09439289697191056,-0.14906586058259275,-0.05548461189767215,0.0425216574936263,-0.0731819898199059,-0.04001114231273675,24.29,20.84,3,381.0,0.0,469.0,233.0,0.0,434.0,2,0,1,-0.01899789078192804,-0.0217281637939242,0.035636395550578515,-0.09142431566808755,-0.05165267865569217,0.10135831259703848,-0.11207832015354971,-0.051287469987673175,0.1027184759860558,19.8,28.57,3,592.0,398.0,0.0,549.0,308.0,0.0,2,1,0,0.007466145022971465,-0.0043376777772350245,-0.009666508712121737,0.0020854000155626773,-0.012428875663484815,-0.017021502650067726,0.02004744964654831,-0.034666132788809215,-0.024012221809694048
92,least_connections,2715,measured,394,348,9,medium,0,100.0,73.55,4,867.0,812.0,0.0,713.0,758.0,0.0,2,2,0,0.0008221148910585174,0.021532276616956558,-0.008396353304073463,0.08540309726030004,0.10278168169511448,-0.0502003631455129,0.03847197582756662,0.09121629492484706,-0.03620055733057135,24.29,20.84,3,381.0,0.0,469.0,233.0,0.0,434.0,2,0,1,-0.017188567850315833,-0.019658814861169514,0.03224245311719008,-0.08271723798541254,-0.04673337592657863,0.0917051399687491,-0.10140419442464021,-0.046402949036466204,0.09293576398738382,19.8,28.57,3,592.0,398.0,0.0,549.0,308.0,0.0,2,1,0,0.006755083592212274,-0.0039245656079745506,-0.00874588883477681,0.0018867904902709898,-0.011245173219343402,-0.015400407159585086,0.018138168727829418,-0.031364596332732156,-0.02172534354210414
92,least_connections,2716,measured,169,102,8,light,1,100.0,73.55,4,867.0,812.0,0.0,713.0,758.0,0.0,2,2,0,0.0007438182347672406,0.019481583605817837,-0.007596700608447419,0.07726946894979525,0.09299295010510356,-0.04541937617927357,0.0348079781297031,0.08252902874152834,-0.032752885203850265,29.11,24.03,4,381.0,169.0,469.0,233.0,102.0,434.0,2,1,1,-0.015551561388380986,0.025297353447603997,0.029171743296505313,-0.07483940579632563,0.0014044966106465454,0.08297131711458251,-0.09174665209848401,-0.013144334842517043,0.08408473884572822,19.8,28.57,3,592.0,398.0,0.0,549.0,308.0,0.0,2,1,0,0.006111742297715855,-0.003550797454834123,-0.007912947040988542,0.0017070961578642269,-0.010174204341310694,-0.013933701715815079,0.016410724087083745,-0.028377491920090994,-0.01965626320476089
92,least_connections,2717,measured,389,333,8,medium,2,100.0,73.55,4,1261.0,418.0,0.0,1061.0,410.0,0.0,3,1,0,0.043756878629642004,-0.02545770553577932,-0.006873205312404807,0.3075612655577513,-0.15351431498427137,-0.04109372130505704,0.18892150402211233,-0.08275945018623623,-0.029633562803483574,23.94,20.59,3,369.0,469.0,0.0,225.0,434.0,0.0,2,1,0,-0.014070460303773263,0.02288808169068933,-0.016690418196585892,-0.07081388415585926,0.07882175543684349,-0.04616880832490154,-0.08527078047005696,0.08197655419010362,-0.04663166485386495,24.56,36.07,3,441.0,787.0,0.0,441.0,641.0,0.0,1,2,0,-0.03755422862406206,0.039871273958097926,-0.007159333037084872,-0.025779293952408563,0.06118524369119509,-0.01260668250478507,-0.0177236305878766,0.07475369778658433,-0.017784238137640806
92,least_connections,2718,measured,462,433,17,heavy,1,100.0,73.55,4,1261.0,418.0,0.0,1061.0,410.0,0.0,3,1,0,0.03958955685539038,-0.023033162151419387,-0.006218614330271016,0.27826971645701315,-0.13889390403338836,-0.03718003356171828,0.1709289798295302,-0.07487759778754707,-0.02681131872696133,37.14,34.12,4,369.0,469.0,462.0,225.0,434.0,433.0,2,1,1,-0.012730416465318667,0.020708264386814154,0.02798304566794156,-0.06406970471244411,0.07131492158571553,0.07765679246794623,-0.07714975375862296,0.07416926331485565,0.08023504132269363,24.56,36.07,3,1228.0,0.0,0.0,1082.0,0.0,0.0,3,0,0,0.0521901650317443,-0.050093790681902325,-0.0064774917954577415,0.11908540070972559,-0.08705144618415683,-0.01140604607575792,0.17728179454747675,-0.1256831623200745,-0.016090501172151207
92,least_connections,2719,measured,391,306,11,medium,2,86.8,58.55,3,884.0,418.0,0.0,761.0,410.0,0.0,2,1,0,-0.007264777357594648,-0.020839527660808016,-0.005626365346435682,0.02437101330237701,-0.12566591317306564,-0.03363907798441178,0.018935743655289272,-0.06774639799825685,-0.02425785980058406,37.14,34.12,4,369.0,469.0,462.0,225.0,434.0,433.0,2,1,1,-0.011517995849574025,0.01873604873092709,0.025317993699566176,-0.057967828073163724,0.06452302429183787,0.07026090747099897,-0.06980215816256363,0.06710552395153607,0.07259360881577041,32.38,46.27,4,1228.0,391.0,0.0,1082.0,306.0,0.0,3,1,0,0.047219673123959124,-0.0022390532473447328,-0.005860587814937957,0.107743933975466,-0.008008451309475223,-0.010319755973304786,0.16039781411438372,-0.021427623051495995,-0.014558072489089188
92,least_connections,2720,measured,376,331,7,medium,0,100.0,75.1,4,1678.0,0.0,0.0,1502.0,0.0,0.0,4,0,0,0.07959490665378624,-0.06193871096748843,-0.005090521027727521,0.3936055199719919,-0.3658247150930911,-0.030435356271610658,0.3523466252119284,-0.24677055056985142,-0.021947587438623673,37.14,34.12,4,369.0,469.0,462.0,225.0,434.0,433.0,2,1,1,-0.010421043863900303,0.016951663137505464,0.022906756204369397,-0.052447082542386225,0.05837797435928188,0.06356939247376098,-0.06315433357565281,0.06071452167043741,0.06567993178569705,23.56,31.57,3,787.0,391.0,0.0,641.0,306.0,0.0,2,1,0,-0.0003613388288895847,-0.0020258100809309454,-0.005302436594467675,0.01768260693018353,-0.007245741660953778,-0.009336922071085283,0.012121831817775736,-0.01938689704659162,-0.013171589394890217
92,least_connections,2721,measured,152,115,6,light,2,79.2,54.45,3,1188.0,0.0,0.0,1089.0,0.0,0.0,3,0,0,0.028930539126668278,-0.05603978611344192,-0.004605709501277281,0.16792880378418318,-0.33098426603660625,-0.027536750912409643,0.13195647042983993,-0.22326859337272273,-0.01985734101589761,31.43,30.28,3,169.0,931.0,0.0,102.0,867.0,0.0,1,2,0,-0.05251246372266716,0.05842111925592898,-0.02235873985137553,-0.09915280257236303,0.17224673870601695,-0.06191340680945436,-0.09191642085416206,0.17735778151134812,-0.06300089505103601,26.6,35.4,4,939.0,391.0,0.0,756.0,306.0,0.0,3,1,0,0.04275697461966679,-0.0018328757875089446,-0.004797442633089802,0.04350331103207081,-0.0065556710265772256,-0.00844769139764859,0.045649911327193926,-0.01754052589929718,-0.011917152309662577
92,least_connections,2722,measured,164,110,3,light,0,90.13,59.95,4,1352.0,0.0,0.0,1199.0,0.0,0.0,4,0,0,0.06925914991279057,-0.05070266362644745,-0.004167070501155635,0.2508562192968006,-0.2994619549855009,-0.024914203206465868,0.16915109229366476,-0.2020049178134158,-0.01796616568105022,31.43,30.28,3,169.0,931.0,0.0,102.0,867.0,0.0,1,2,0,-0.047511276701460756,0.0528572031363167,-0.020229336056006433,-0.08970967851785228,0.155842287400682,-0.05601689187522061,-0.08316247601090852,0.16046656422455308,-0.0570008098080802,26.6,35.4,4,939.0,391.0,0.0,756.0,306.0,0.0,3,1,0,0.03868488179874614,-0.0016583161886985637,-0.004340543334700297,0.03936013855282597,-0.005931321404998441,-0.007643149359777296,0.04130230072460403,-0.015869999623173647,-0.010782185423028046
92,least_connections,2723,measured,373,330,10,medium,1,90.13,59.95,4,1352.0,0.0,0.0,1199.0,0.0,0.0,4,0,0,0.0626630403972867,-0.045873838519166744,-0.003770206643902718,0.22696515079234336,-0.2709417687964056,-0.022541421948707212,0.1530414644561729,-0.1827663542121381,-0.01625510228285496,42.09,40.59,4,169.0,1304.0,0.0,102.0,1197.0,0.0,1,3,0,-0.04298639320608354,0.09090708401675819,-0.018302732622101057,-0.08116589961139015,0.2374219334985762,-0.050681949791866264,-0.0752422402003458,0.2384876057269766,-0.05157216125492971,26.6,35.4,4,1330.0,0.0,0.0,1062.0,0.0,0.0,4,0,0,0.07808450756848007,-0.04458428154034178,-0.003927158255205031,0.10636393488112827,-0.07611881460452241,-0.006915230373131839,0.129654462560356,-0.10664428537334758,-0.009755310620834899
92,least_connections,2724,measured,374,316,11,medium,0,88.8,58.35,4,958.0,374.0,0.0,851.0,316.0,0.0,3,1,0,0.013611231561263953,0.001578998709416024,-0.0034111393444834115,-0.03230137150534007,-0.019550489228493978,-0.020394619858354144,-0.018962484539653157,-0.022407653810982114,-0.01470699730353544,37.26,37.41,3,469.0,835.0,0.0,434.0,763.0,0.0,1,2,0,-0.038892450995980335,0.03916536626459528,-0.016559615229520003,0.004115206474048366,0.09357222554633088,-0.045855097430736146,0.025792735056829996,0.09306616708631216,-0.046660526849698306,26.6,35.4,4,1330.0,0.0,0.0,1062.0,0.0,0.0,4,0,0,0.07064788780005339,-0.04033815948888066,-0.003553143183280742,0.09623403632102084,-0.06886940368980599,-0.006256637004262141,0.11730641850698875,-0.0964876867663621,-0.008826233418850624
92,least_connections,2725,measured,389,349,7,medium,1,77.87,52.85,3,794.0,374.0,0.0,741.0,316.0,0.0,2,1,0,-0.030768976433232842,0.00142861787994783,-0.003086268930723087,-0.1281456853302284,-0.01768853787339933,-0.018452275109939464,-0.06691843839301953,-0.020273591543269548,-0.013306330893674922,48.37,48.31,4,858.0,835.0,0.0,783.0,763.0,0.0,2,2,0,0.00789549218277516,0.035435331382252876,-0.014982509017184766,0.10428110517720021,0.08466058501810889,-0.04148794529447556,0.12201187933713191,0.08420272260190148,-0.042216667149727036,10.86,14.03,2,543.0,0.0,0.0,421.0,0.0,0.0,2,0,0,-0.02224828292013309,-0.036496430013749165,-0.003214748594396862,-0.05534063380479068,-0.062310412862205414,-0.005660766813380032,-0.08718308166827998,-0.08729838326480381,-0.007985639759912469
92,least_connections,2726,measured,382,319,14,medium,2,77.87,52.85,3,794.0,374.0,0.0,741.0,316.0,0.0,2,1,0,-0.02783859772530589,0.0012925590342385135,-0.002792338556368507,-0.1159413343463972,-0.016003915218789883,-0.016694915575659514,-0.06054525378416048,-0.01834277330105341,-0.0120390612847535,48.37,48.31,4,1231.0,462.0,0.0,1113.0,433.0,0.0,3,1,0,0.05022744077307775,-0.01102336230948095,-0.013555603396500502,0.19077134005828317,-0.019824096548241604,-0.03753671240928741,0.2036952717812146,-0.01712015574113676,-0.03819603218308636,18.5,24.67,3,543.0,382.0,0.0,421.0,319.0,0.0,2,1,0,-0.020129398832501366,0.010063320690508124,-0.002908582061597161,-0.050070097251953494,0.012747721696099862,-0.005121646164486696,-0.0788799310332057,0.017222097681050527,-0.007225102639920805
92,least_connections,2727,measured,378,315,10,medium,0,50.13,31.55,2,0.0,752.0,0.0,0.0,631.0,0.0,0,2,0,-0.11135510315736293,0.04425335840059221,-0.0025264015510000778,-0.5838199374245181,0.2135202671829996,-0.015104923616072893,-0.3899933248523357,0.1259041574895231,-0.010892484019538882,48.37,48.31,4,1231.0,462.0,0.0,1113.0,433.0,0.0,3,1,0,0.04544387498516558,-0.009973518280006574,-0.01226459354921474,0.17260264100511333,-0.017936087353170982,-0.03396178741792671,0.18429572208776557,-0.01548966471817137,-0.034558314832316236,15.46,20.83,2,391.0,382.0,0.0,306.0,319.0,0.0,1,1,0,-0.06129621345616336,0.009104909196174016,-0.0026315742462069552,-0.07280627846605316,0.011533652963137977,-0.004633870339297487,-0.10605009633163055,0.015581897901902855,-0.006536997626595015
92,least_connections,2728,measured,350,323,10,medium,0,73.47,47.7,3,374.0,728.0,0.0,316.0,638.0,0.0,1,2,0,-0.05766595501085671,0.04003875283863105,-0.002285791879476261,-0.3026307370348815,0.17870881316557108,-0.013666359462161189,-0.20989872248544653,0.11707995201433044,-0.009855104589106607,48.37,48.31,4,1693.0,0.0,0.0,1546.0,0.0,0.0,4,0,0,0.08419978711809765,-0.05210755962295379,-0.0110965370207181,0.27559286567129304,-0.13565645998620232,-0.03072733147336226,0.28916934379369263,-0.13644005379263124,-0.031267046753048026,15.46,20.83,2,391.0,382.0,0.0,306.0,319.0,0.0,1,1,0,-0.055458478841290654,0.008237774987014584,-0.0023809481275205787,-0.06587234718357189,0.010435209823791508,-0.004192549354602488,-0.09595008715718954,0.014097907625531161,-0.0059144264240621565
92,least_connections,2729,measured,405,434,19,heavy,2,73.47,47.7,3,374.0,728.0,0.0,316.0,638.0,0.0,1,2,0,-0.05217395929553702,0.036225538282570954,-0.002068097414764236,-0.2738087620791786,0.16168892619742148,-0.012364801418145837,-0.18990836796302304,0.10592948039391803,-0.008916523199667882,48.37,48.31,4,1693.0,0.0,0.0,1546.0,0.0,0.0,4,0,0,0.07618075977351693,-0.047144934896958195,-0.010039723971125899,0.24934592608355083,-0.12273679713037353,-0.027800918952089665,0.26162940628953146,-0.12344576295523779,-0.028289232776567263,23.56,35.3,3,391.0,382.0,405.0,306.0,319.0,434.0,1,1,1,-0.050176718951643925,0.007453224988251295,0.04092970906376256,-0.05959879030894598,0.009441380316763753,0.06949245534583584,-0.08681198361840957,0.012755249756432954,0.12553774117188027
92,least_connections,2730,measured,485,406,19,heavy,0,100.0,68.0,4,752.0,350.0,485.0,631.0,323.0,406.0,2,1,1,-0.0041211105644427815,-0.010308413209193165,0.041212764470542104,-0.019731737119256798,-0.08171001915471388,0.2813524812565982,-0.029321856728449447,-0.04665904154835987,0.17559933615268145,48.37,48.31,4,1693.0,0.0,0.0,1546.0,0.0,0.0,4,0,0,0.06892544931889627,-0.04265494109724789,-0.009083559783399623,0.22559869502797453,-0.11104757835605224,-0.025153212385223982,0.23671231997624276,-0.11168902362616753,-0.025595020131179903,15.74,25.1,2,0.0,382.0,405.0,0.0,319.0,434.0,0,1,1,-0.08848188404014949,0.0067433940369892725,0.03703164153388041,-0.12467509599380827,0.008542201238976727,0.06287412626528005,-0.1708298899404658,0.011540464065344105,0.11358176582217738
92,least_connections,2731,measured,455,429,13,heavy,2,100.0,68.0,4,1102.0,0.0,485.0,954.0,0.0,406.0,3,0,1,0.03935527638273771,-0.052410559796979755,0.037287739282871435,0.1932585870508312,-0.2850392236796618,0.25455700685120786,0.11958974867425998,-0.18833437092470656,0.15887558985242606,34.97,34.75,3,1224.0,0.0,0.0,1112.0,0.0,0.0,3,0,0,0.019277220585577348,-0.038592565754652856,-0.008218458851647278,0.08287500978721507,-0.1004716185126187,-0.022757668348535983,0.0914599561689815,-0.10105197375700872,-0.023157399166305628,24.84,39.4,3,0.0,837.0,405.0,0.0,748.0,434.0,0,2,1,-0.08005503794108763,0.049185066260223856,0.03350481853065371,-0.11280127732773129,0.09006199159716942,0.05688611424001529,-0.1545603766128024,0.13982232463054942,0.10276445479149382
92,least_connections,2732,measured,190,113,4,light,1,100.0,68.0,4,1102.0,0.0,485.0,954.0,0.0,406.0,3,0,1,0.03560715482247698,-0.047419077911553115,0.033736526017836055,0.1748530073317044,-0.2578926309482654,0.23031348238918808,0.10820024880052093,-0.1703977641699726,0.14374458129505216,29.29,27.38,3,1025.0,0.0,0.0,876.0,0.0,0.0,3,0,0,0.017441294815522368,-0.03491708330182877,-0.007435748484823728,0.02353997484149395,-0.09090289293998835,-0.020590271362961127,0.01602329367669758,-0.09142797625634122,-0.020951932579038424,24.84,39.4,3,0.0,837.0,405.0,0.0,748.0,434.0,0,2,1,-0.072430748613365,0.04450077423544063,0.030313883432496212,-0.10205829853461403,0.08148465906410565,0.05146838907429954,-0.13984034074491644,0.12650591276097328,0.0929773638589706
92,least_connections,2733,measured,383,326,6,medium,1,100.0,68.0,4,1102.0,0.0,485.0,954.0,0.0,406.0,3,0,1,0.032215997220336315,-0.04290297525330996,0.03052352353994691,0.15820033996678007,-0.23333142800081158,0.20837886501878922,0.09789546320047132,-0.15416940567759427,0.13005462117171385,29.57,27.25,3,1035.0,0.0,0.0,872.0,0.0,0.0,3,0,0,0.01578021911880595,-0.0315916467968927,-0.006727581962459563,0.0238831064892428,-0.08224547456475137,-0.01862929313791721,0.013366313326535928,-0.08272054994621349,-0.018956510428653813,24.84,39.4,3,382.0,455.0,405.0,319.0,429.0,434.0,1,1,1,-0.02244868185200144,-0.002821294966120602,0.02742684691511562,-0.023214651055126975,0.004600405819905118,0.04656663773389006,-0.03031586384857518,0.018251381386912333,0.08412237682478294
92,least_connections,2734,measured,392,310,10,medium,1,100.0,68.0,4,1102.0,0.0,485.0,954.0,0.0,406.0,3,0,1,0.029147807008875717,-0.03881697761013758,0.027616521298047203,0.14313364092232472,-0.21110938723882952,0.18853325882652358,0.0885720857528074,-0.139486605136871,0.11766846677440779,40.77,36.94,4,1035.0,392.0,0.0,872.0,310.0,0.0,3,1,0,0.014277341107491098,0.014500981696235399,-0.006086859870796748,0.021608524918838745,0.026920761108082086,-0.016855074743829856,0.01209333110496108,0.012806407191521138,-0.017151128483067737,24.84,39.4,3,382.0,860.0,0.0,319.0,863.0,0.0,1,2,0,-0.020310712151810822,0.04053130001931492,-0.01826913397022419,-0.02100373190701965,0.07744798621800938,-0.031153994431242327,-0.027428638720139453,0.1474020434770477,-0.05477816699979957
92,least_connections,2735,measured,192,110,5,light,2,80.87,52.2,3,728.0,485.0,0.0,638.0,406.0,0.0,2,1,0,-0.016712074837774565,0.007963777627109078,-0.01809752381423847,-0.09608543599091252,0.10153595122836057,-0.12196197217282785,-0.06281573193793616,0.057464500114259576,-0.07720472053744058,27.57,23.41,3,573.0,392.0,0.0,439.0,310.0,0.0,2,1,0,-0.030166305891408285,0.013119935820403453,-0.005507158930720867,-0.09987800126390778,0.024356879097788553,-0.015249829530131775,-0.11148400995265428,0.011586749363757226,-0.015517687675156523,28.68,43.07,4,574.0,860.0,0.0,429.0,863.0,0.0,2,2,0,0.024707541613214243,0.03667117620795159,-0.016529216449250456,0.015739480655553653,0.07007198753057992,-0.02818694734255258,0.00835821576114365,0.13336375362209077,-0.049561198714104374
92,least_connections,2736,measured,351,329,10,medium,0,100.0,68.65,4,728.0,836.0,0.0,638.0,735.0,0.0,2,2,0,-0.01512044866274842,0.05028922284176082,-0.01637395011764433,-0.086934442087016,0.3035801463494691,-0.11034654625160616,-0.05683328127718035,0.2008250239129015,-0.0698518900100653,22.14,19.88,2,383.0,392.0,0.0,326.0,310.0,0.0,1,1,0,-0.0703772246046982,0.011870418123222176,-0.004982667603985547,-0.1394814569258485,0.022037176326570596,-0.013797464812976367,-0.1328158899571634,0.010483249424351776,-0.01403981265847495,28.68,43.07,4,574.0,860.0,0.0,429.0,863.0,0.0,2,2,0,0.02235444241195575,0.03317868323576573,-0.01495500535884565,0.014240482497881873,0.06339846490861992,-0.025502476167071384,0.007562195212463291,0.12066244375332022,-0.044841084550856336
92,least_connections,2737,measured,370,345,10,medium,1,79.07,52.9,3,350.0,836.0,0.0,323.0,735.0,0.0,1,2,0,-0.056764306159720224,0.04549977304730741,-0.014814526296916299,-0.30665497141206216,0.2746677514590435,-0.09983735137050082,-0.1939205878222108,0.18169883115929183,-0.06319932905672575,32.71,30.66,3,775.0,370.0,0.0,636.0,345.0,0.0,2,1,0,-0.020590731558445763,0.010739902111486732,-0.0045081278321774,-0.024864175313862924,0.014251322798869995,-0.012483420545073856,-0.03251794805648117,0.01938067805060399,-0.012702687643382098,28.68,43.07,4,1029.0,405.0,0.0,858.0,434.0,0.0,3,1,0,0.06330934812328876,-0.013065091584874094,-0.013530719134193684,0.0952175794028455,-0.024972817463629587,-0.023073668913064584,0.13622293852556203,-0.02021016993747221,-0.0405705050698224
92,least_connections,2738,measured,449,445,16,heavy,0,85.67,59.0,3,0.0,836.0,449.0,0.0,735.0,445.0,0,2,1,-0.09444208199031376,0.04116646132851623,0.029680281196214048,-0.48856084715059594,0.24850891798675367,0.18049636463303895,-0.3215710080296193,0.16439418057269262,0.14412917847248624,32.71,30.66,3,775.0,370.0,0.0,636.0,345.0,0.0,2,1,0,-0.01862970950526044,0.009717054291345145,-0.0040787823243509805,-0.02249615861730453,0.012894053960882376,-0.011294523350304918,-0.029421000622530585,0.017534899188641706,-0.011492907867821898,28.68,43.07,4,1029.0,405.0,0.0,858.0,434.0,0.0,3,1,0,0.057279886397261254,-0.011820797148219417,-0.012242079216651429,0.08614923850733641,-0.022594453895664862,-0.02087617663562986,0.12324932533265137,-0.018285391848189142,-0.03670664744412502
92,least_connections,2739,measured,424,419,18,heavy,0,100.0,79.95,4,351.0,485.0,873.0,329.0,406.0,864.0,1,1,2,-0.04236369776447889,-0.005838054262861728,0.06993748797571293,-0.23031695694577728,0.013127116273729478,0.4190522664140193,-0.14211186440775078,-9.574138661141984e-05,0.3199502090941542,21.77,20.47,2,392.0,370.0,0.0,310.0,345.0,0.0,1,1,0,-0.05993935168389776,0.008791620549312276,-0.0036903268648889823,-0.11936047004150681,0.011666048821750721,-0.010218854459799687,-0.118791619610861,0.015864908789723436,-0.010398345213743622,28.68,43.07,4,1029.0,405.0,0.0,858.0,434.0,0.0,3,1,0,0.05182465912133161,-0.010695006943627086,-0.011076166910303675,0.07794454912568533,-0.02044260114369678,-0.018887969336998447,0.11151129434858933,-0.016543925957885425,-0.03321077625897026
92,least_connections,2740,measured,189,125,7,light,1,100.0,79.95,4,351.0,934.0,424.0,329.0,851.0,419.0,1,2,1,-0.03832905988214756,0.03780185113178723,0.020192874608411477,-0.20838200866522708,0.28270231154924735,0.1083171299301445,-0.12857740113082214,0.2012229006502087,0.08816923679947286,27.17,24.38,3,951.0,0.0,0.0,780.0,0.0,0.0,3,0,0,0.03193695845379771,-0.03512957687261769,-0.003338867163470984,0.036510595132514256,-0.08509126195038881,-0.00924563022553305,0.02540877273303052,-0.08319067776167881,-0.009408026621958514,17.2,28.77,2,455.0,405.0,0.0,429.0,434.0,0.0,1,1,0,-0.039278823153262324,-0.00967643485375784,-0.010021293871227134,-0.03334540793390377,-0.018495686749058993,-0.017089115114427168,-0.028489781303657258,-0.014968313961896351,-0.030047845186687377
92,least_connections,2741,measured,178,111,2,light,2,100.0,79.95,4,351.0,934.0,424.0,329.0,851.0,419.0,1,2,1,-0.03467867322670494,0.03420167483352178,0.01826974369332467,-0.1885361030780626,0.2557782818778905,0.09800121279394025,-0.11633193435645814,0.18205881487399836,0.0797721666280945,27.17,24.38,3,951.0,0.0,0.0,780.0,0.0,0.0,3,0,0,0.028895343362959833,-0.03178390288474934,-0.0030208798145689854,0.033033395596084314,-0.07698733224082797,-0.008365094013577521,0.02298888961559903,-0.07526775607009036,-0.008512024086533895,20.76,32.47,3,1038.0,0.0,0.0,974.0,0.0,0.0,3,0,0,0.05062981760056311,-0.05183876985634779,-0.009066884931110264,0.0753255832978966,-0.09001990705867242,-0.01546158034162458,0.13858861056653232,-0.14443164914012843,-0.027186145645098105
92,least_connections,2742,measured,374,301,10,medium,1,100.0,79.95,4,836.0,449.0,424.0,735.0,445.0,419.0,2,1,1,0.011707957783548134,-0.012139527758332894,0.016529768103484225,0.12195939880238782,-0.06112123703111494,0.08866776395642212,0.07841396415368074,-0.018946786542572897,0.07217481742541884,37.86,33.78,4,951.0,374.0,0.0,780.0,301.0,0.0,3,1,0,0.026143405899820796,0.014327035711984154,-0.002733176975086225,0.029887357920266755,0.02702506674809442,-0.007568418393236805,0.02079947155697054,0.01700476831753729,-0.007701355125911619,20.76,32.47,3,1038.0,0.0,0.0,974.0,0.0,0.0,3,0,0,0.04580793021003328,-0.04690174415574324,-0.008203372080528334,0.06815171822190644,-0.0814465825768941,-0.013989048880517477,0.12538969527448163,-0.13067625398392574,-0.024596988916993523
92,least_connections,2743,measured,412,423,16,heavy,2,100.0,79.95,4,836.0,873.0,0.0,735.0,864.0,0.0,2,2,0,0.010592914185114988,0.03210051796921809,-0.0281283957521764,0.11034421796406518,0.20044586490835625,-0.17552281673784031,0.07094596756761595,0.17240528836624358,-0.12424659375795437,37.86,33.78,4,951.0,374.0,0.0,780.0,301.0,0.0,3,1,0,0.023653557718885485,0.01296255612036662,-0.0024728744060303937,0.027040942880241337,0.024451250867323526,-0.006847616641499966,0.018818569503925714,0.015385266573009926,-0.006967892732967655,25.44,42.87,3,860.0,0.0,412.0,863.0,0.0,423.0,2,0,1,-0.0016386300367272622,-0.04243491137900579,0.035661801677707924,0.029451554581724854,-0.07368976518861847,0.061895622441436565,0.07997162905786437,-0.1182308964616471,0.10531701002748203
92,least_connections,2744,measured,360,303,10,medium,2,100.0,79.95,4,836.0,873.0,0.0,735.0,864.0,0.0,2,2,0,0.009584065215104048,0.029043325781673512,-0.025449500918635792,0.09983524482463041,0.18135578253613183,-0.15880635800090315,0.06418920875165257,0.15598573709326802,-0.11241358482862539,26.66,24.09,3,559.0,374.0,0.0,470.0,301.0,0.0,2,1,0,-0.02168306229062289,0.011728026966045996,-0.002237362557837023,-0.07686771834644832,0.02212256030853081,-0.006195462675642826,-0.07062248473454341,0.013920003089866129,-0.00630428390125645,23.54,38.67,3,405.0,360.0,412.0,434.0,303.0,423.0,1,1,1,-0.04456647025998679,0.004690408979085459,0.03226543961316431,-0.05568668871177272,-0.0015288351706548159,0.05600080125653785,-0.057025668947646546,-0.015589858703394993,0.09528681859629327
92,least_connections,2745,measured,157,109,9,light,1,100.0,79.95,4,836.0,873.0,0.0,735.0,864.0,0.0,2,2,0,0.00867129709937986,0.02627729475484747,-0.023025738926384764,0.09032712626990375,0.1640838032469764,-0.14368194295319808,0.05807595077530475,0.1411299526081949,-0.10170752913066107,31.14,27.5,4,933.0,157.0,0.0,771.0,109.0,0.0,3,1,0,0.023465891487622376,0.01061107201689876,-0.002024280409471592,0.027133288843009334,-0.03607958829228165,-0.005605418611295891,0.02120763285922264,-0.04169142577583539,-0.005703875910660597,23.54,38.67,3,405.0,772.0,0.0,434.0,726.0,0.0,1,2,0,-0.04032204452094043,0.04732760358878707,-0.013891359624370611,-0.05038319454874675,0.07316914913131232,-0.0238849893393229,-0.05159465285739451,0.11346631831597595,-0.04135954507954417
92,least_connections,2746,measured,444,402,15,heavy,2,90.53,63.5,3,485.0,873.0,0.0,406.0,864.0,0.0,1,2,0,-0.035238440946366065,0.023774695254385803,-0.020832811409586215,-0.12998974289865856,0.148456774366312,-0.12999794838622683,-0.09628842548900995,0.12768900474074774,-0.09202109778488382,31.14,27.5,4,933.0,157.0,0.0,771.0,109.0,0.0,3,1,0,0.02123104467927739,0.009600493729575069,-0.001831491799045726,0.024549166096056063,-0.03264343702635007,-0.005071569219743901,0.019187858301201455,-0.0377208137971844,-0.005160649633454826,32.42,52.07,4,405.0,772.0,444.0,434.0,726.0,402.0,1,2,1,-0.03648184980466039,0.04282021277080735,0.030515527233279195,-0.04558479506791373,0.06620065873785401,0.058732628692993574,-0.04668087639478552,0.10266000228588301,0.083817554451841
92,least_connections,2747,measured,462,416,21,heavy,0,100.0,84.3,4,934.0,424.0,462.0,851.0,419.0,416.0,2,1,1,0.011201501275283299,-0.021573461663265445,0.0242351660942746,0.15321562944089628,-0.136507362874924,0.1610494752696043,0.11419142455756243,-0.08578137666313299,0.10493329248034321,15.17,12.81,2,531.0,0.0,0.0,410.0,0.0,0.0,2,0,0,-0.02387485980264925,-0.03439773923333231,-0.0016570640086604187,-0.08170721706955472,-0.07011957227554122,-0.004588562627387339,-0.08470800915605586,-0.06494680772126207,-0.0046691591921734135,32.42,52.07,4,765.0,856.0,0.0,737.0,825.0,0.0,2,2,0,0.010076512308255098,0.0387420972688257,-0.015474613682361905,0.02389947112903043,0.07509583409615361,-0.027203812134910584,0.04914587373805121,0.1227400020681799,-0.045403165019762916
92,least_connections,2748,measured,389,334,7,medium,1,100.0,84.3,4,934.0,424.0,462.0,851.0,419.0,416.0,2,1,1,0.010134691630018233,-0.019518846266763965,0.02192705503767702,0.13862366473223947,-0.12350666164874075,0.14571143000583248,0.10331605079017553,-0.07761172174283462,0.09493964557745338,26.29,23.25,3,920.0,0.0,0.0,744.0,0.0,0.0,3,0,0,0.021482836595788993,-0.031121764068253042,-0.0014992483887879978,0.02663224578060694,-0.06344151777310872,-0.00415155666287426,0.01779394409690188,-0.05876139746209426,-0.004224477364347374,24.32,37.6,3,360.0,856.0,0.0,303.0,825.0,0.0,1,2,0,-0.03396705575738371,0.03505237371941373,-0.01400084095070839,-0.05166238326421056,0.06794384989651993,-0.02461297288396672,-0.08642357455446159,0.11105047806168658,-0.04107905406549978
92,least_connections,2749,measured,364,343,8,medium,1,89.0,64.0,3,449.0,424.0,462.0,445.0,419.0,416.0,1,1,1,-0.03391441732340754,-0.017659908527072152,0.019838764081707778,-0.16711827159146586,-0.11174412244409876,0.13183415095765796,-0.09019023976126975,-0.07022012919589801,0.08589777457007687,36.69,33.97,4,920.0,364.0,0.0,744.0,343.0,0.0,3,1,0,0.019436852158094806,0.014926113688814135,-0.0013564628279510457,0.024095841420549158,0.036695769633854014,-0.003756170314029092,0.016099282754339805,0.043814092772390914,-0.0038221461867904813,24.32,37.6,3,360.0,856.0,0.0,303.0,825.0,0.0,1,2,0,-0.030732098066204305,0.031714052412802896,-0.0126674275268314,-0.0467421562866667,0.06147300704923231,-0.022268880228350843,-0.07819275793022715,0.10047424205581168,-0.037166763202118855
92,least_connections,2750,measured,436,438,21,heavy,0,100.0,85.9,4,873.0,0.0,898.0,864.0,0.0,854.0,2,0,2,0.01239942741034103,-0.059061912703632174,0.06103325820544536,0.1045437860204197,-0.35684785681450204,0.3822626445172461,0.10794692593027971,-0.25308011689152676,0.2758598912776886,36.69,33.97,4,1284.0,0.0,0.0,1087.0,0.0,0.0,4,0,0,0.060669623607890744,-0.02957932117497315,-0.001227275891955708,0.11589623747573496,-0.06089430366460827,-0.003398439807931083,0.1115451843967836,-0.05733784463450346,-0.003458132264239007,24.32,37.6,3,360.0,856.0,0.0,303.0,825.0,0.0,1,2,0,-0.02780523158370865,0.028693666468726425,-0.011461005857609362,-0.042290522354603205,0.05561843494930542,-0.02014803449231743,-0.07074582860353884,0.09090526662192486,-0.03362707146858373
92,least_connections,2751,measured,157,114,8,light,2,100.0,85.9,4,873.0,0.0,898.0,864.0,0.0,854.0,2,0,2,0.011218529561737134,-0.053436968636619585,0.0552205669477839,0.09458723497085592,-0.32286234664169233,0.3458566783727465,0.09766626631787212,-0.22897724861614327,0.2495875206798135,36.69,33.97,4,1284.0,0.0,0.0,1087.0,0.0,0.0,4,0,0,0.05489156421666305,-0.02676224296783285,-0.001110392473674212,0.10485850057328405,-0.05509484617274082,-0.003074778873842409,0.10092183350185183,-0.051877097526455515,-0.0031287863343114827,27.46,41.4,4,360.0,1013.0,0.0,303.0,939.0,0.0,1,3,0,-0.025157114290022112,0.06904483655560509,-0.010369481490217995,-0.03826285355892671,0.07873096495413348,-0.018229174064477674,-0.06400813064129704,0.1166285745626939,-0.030424493233480517
92,least_connections,2752,measured,370,302,10,medium,0,100.0,100.0,5,873.0,370.0,898.0,864.0,302.0,854.0,2,1,2,0.010150098174905031,-0.00526383330161273,0.049961465333709244,0.08557892687839341,-0.06893894854883278,0.3129179470991516,0.08836471714474142,-0.0705508439860344,0.22581728061506937,26.0,24.56,3,910.0,0.0,0.0,786.0,0.0,0.0,3,0,0,0.00657989596927111,-0.02421345792327734,-0.0010046408095147632,-0.001808295399681803,-0.049847717965813124,-0.002781942790619322,0.006206063644532633,-0.04693642157155499,-0.002830806683424675,27.46,41.4,4,929.0,444.0,0.0,840.0,402.0,0.0,3,1,0,0.06340660181016139,-0.02369866261749108,-0.009381911824482947,0.0683431324943044,-0.03172912694626018,-0.016493062248813133,0.1040402627531122,-0.056431289681372176,-0.027526922449339516
92,least_connections,2753,measured,499,428,18,heavy,1,100.0,100.0,5,873.0,370.0,898.0,864.0,302.0,854.0,2,1,2,0.009183422158247412,-0.0047625158443162785,0.04520323054002265,0.07742855288997497,-0.06237333440132489,0.28311623785161333,0.0799490297976232,-0.06383171598736445,0.2043108729374437,40.26,37.94,4,910.0,0.0,499.0,786.0,0.0,428.0,3,0,1,0.005953239210292921,-0.02190741431153664,0.042174939494339245,-0.00163607679018829,-0.0451003162547833,0.12647620142073218,0.00561500996410097,-0.042466286183787845,0.11845069871499674,27.46,41.4,4,929.0,444.0,0.0,840.0,402.0,0.0,3,1,0,0.05736787782824125,-0.021441647130110972,-0.008488396412627428,0.06183426273294208,-0.028707305332330638,-0.014922294415592834,0.09413166630043485,-0.05105688114028911,-0.024905310787497657
92,least_connections,2754,measured,404,430,16,heavy,1,100.0,78.75,4,424.0,832.0,436.0,419.0,718.0,438.0,1,2,1,-0.034775089702628756,0.03877495731999502,-0.0021857392619749755,-0.20077099182970515,0.2222336498273727,-0.0225138800390165,-0.12897468732595999,0.13043797124952738,-0.0033377816280271144,47.31,47.97,4,753.0,0.0,903.0,677.0,0.0,858.0,2,0,2,-0.037697636179349486,-0.019820993900914102,0.08124217881687383,-0.042065293966632944,-0.040805048040042036,0.21886622305413184,-0.025738205270575326,-0.03842187797580805,0.2287470607421399,20.26,31.3,3,1013.0,0.0,0.0,939.0,0.0,0.0,3,0,0,0.0519042704160278,-0.0624834857254292,-0.007679977706662911,0.07114528532980474,-0.1063161333959182,-0.013501123518869706,0.11502388855753626,-0.1674324162697854,-0.022533376426783595
92,least_connections,2755,measured,196,120,1,light,2,100.0,78.75,4,794.0,462.0,436.0,721.0,416.0,438.0,2,1,1,0.011620723829140867,-0.008001795984857105,-0.00197757361797736,0.041524658185822294,-0.022106062854599262,-0.020369700987681594,0.01992766384794098,-0.01860374029804665,-0.0030198976634530916,36.2,37.53,3,364.0,0.0,903.0,343.0,0.0,858.0,1,0,2,-0.0771912853414069,-0.01793328019606514,0.07350482845336204,-0.13861689862287202,-0.03691885298860946,0.19802182085850023,-0.11772147143528243,-0.03476265150192157,0.2069616263857456,24.18,35.3,4,1209.0,0.0,0.0,1059.0,0.0,0.0,4,0,0,0.09004490679363966,-0.05653267756110261,-0.0069485512584093,0.09983621053648997,-0.0961907873582117,-0.012215302231358305,0.14025970869491372,-0.15148647186313915,-0.02038734057661373
92,least_connections,2756,measured,383,321,10,medium,1,100.0,78.75,4,794.0,462.0,436.0,721.0,416.0,438.0,2,1,1,0.01051398822636554,-0.007239720176775474,-0.001789233273408089,0.0375699288347916,-0.020000723535113618,-0.018429729465045286,0.018029791100518056,-0.016831955507756485,-0.0027322883621718475,47.14,47.56,4,364.0,787.0,499.0,343.0,751.0,428.0,1,2,1,-0.069839734356511,0.0699424517046939,0.023420468373903523,-0.12541528923021755,0.17003940511914928,0.07472722567469749,-0.10650990272716031,0.18088438673635665,0.06567361434900795,20.26,31.3,3,1013.0,0.0,0.0,939.0,0.0,0.0,3,0,0,0.038385301157964236,-0.05114861303147379,-0.006286784471894129,0.054861333342538565,-0.08702975999076297,-0.011051940114086086,0.09071116500968385,-0.13705918882855447,-0.01844568909312671
92,least_connections,2757,measured,494,438,18,heavy,2,84.53,57.8,3,370.0,898.0,0.0,302.0,854.0,0.0,1,2,0,-0.03357124421242663,0.0365336772096748,-0.044702730331269445,-0.22175419137169647,0.24488823426188133,-0.27965864411916797,-0.17323495090905508,0.18291394501679176,-0.20061492756577454,36.74,36.84,3,0.0,1286.0,0.0,0.0,1179.0,0.0,0,3,0,-0.1062722313112197,0.10636516605481375,-0.021893952650368465,-0.2075662140654349,0.28283837333909423,-0.061382850239899554,-0.19334526913409741,0.2846692070471798,-0.06159292035089758,30.14,45.9,4,1013.0,0.0,494.0,939.0,0.0,438.0,3,0,1,0.034729558190539064,-0.04627731655228581,0.037395857133138866,0.04963644445277299,-0.07874121142021412,0.07939110180154116,0.082072006437333,-0.12400593274964453,0.11540628129669488
92,least_connections,2758,measured,473,432,17,heavy,0,100.0,79.4,4,370.0,898.0,473.0,302.0,854.0,432.0,1,2,1,-0.030373982858862184,0.03305427938018196,0.002638572784180254,-0.20063474457439204,0.2215655452845593,0.03227709976519727,-0.15673638415581173,0.1654935693009068,0.013919827440489696,36.74,36.84,3,0.0,1286.0,0.0,0.0,1179.0,0.0,0,3,0,-0.09615106642443687,0.09623515024006958,-0.019808814302714327,-0.18779800320206017,0.25590138540203766,-0.055536864502766264,-0.17493143397846908,0.2575578539950675,-0.05572692793652638,30.14,45.9,4,1013.0,0.0,494.0,939.0,0.0,438.0,3,0,1,0.03142198122001154,-0.04186995307111573,0.033834346929982786,0.04490916402869938,-0.07124204842781277,0.07183004448710867,0.0742556248718727,-0.11219584391634504,0.10441520688748585
92,least_connections,2759,measured,175,114,4,light,1,100.0,79.4,4,370.0,898.0,473.0,302.0,854.0,432.0,1,2,1,-0.027481222586589596,0.029906252772545577,0.0023872801380678543,-0.18152667366254518,0.20046406478126794,0.029203090263749898,-0.14180910947430583,0.14973227698653474,0.012594129589014486,41.74,40.41,4,558.0,903.0,0.0,435.0,858.0,0.0,2,2,0,-0.0008260215495471956,0.043985997609496064,-0.017922260559598675,-0.025667581128394595,0.13252302216646944,-0.050247639312026623,-0.035280225980519664,0.14226960599553726,-0.05041960146638101,18.76,28.0,2,444.0,0.0,494.0,402.0,0.0,438.0,1,0,1,-0.0577383888735043,-0.03788233849291423,0.03061202817474633,-0.062329803974033884,-0.06445709143468775,0.0649890878692888,-0.09476872035401993,-0.10151052544812171,0.09447090146963005
92,least_connections,2760,measured,377,306,10,medium,2,100.0,79.4,4,370.0,898.0,473.0,302.0,854.0,432.0,1,2,1,-0.024863963292628674,0.02705803822277933,0.0021599201249185296,-0.16423841902801709,0.18137224908781385,0.0264218435719642,-0.12830348000056244,0.13547206013067425,0.011394688675775005,41.74,40.41,4,558.0,903.0,0.0,435.0,858.0,0.0,2,2,0,-0.0007473528305426969,0.03979685498002025,-0.01621537860154166,-0.02322304959235702,0.11990178196013901,-0.04546214985373837,-0.031920204458565415,0.128720119710248,-0.04561773466005901,26.3,38.2,3,444.0,377.0,494.0,402.0,306.0,438.0,1,1,1,-0.052239494695075314,0.00880940349507306,0.027696596920008587,-0.05639363216698305,0.00990072679718726,0.05879965092935653,-0.08574312793935135,0.000442857927889867,0.08547367275823671
92,least_connections,2761,measured,480,442,19,heavy,2,100.0,79.4,4,832.0,909.0,0.0,718.0,870.0,0.0,2,2,0,0.02058793343818857,0.024481082201562254,-0.041129686780402505,0.130070001831794,0.1707336221905617,-0.2613961097840959,0.07210637523758634,0.12980805440394338,-0.18511909119810832,41.74,40.41,4,558.0,903.0,0.0,435.0,858.0,0.0,2,2,0,-0.0006761763704909995,0.03600667831525642,-0.014671056829966262,-0.02101133058356111,0.10848256463060196,-0.04113242129623948,-0.02888018498632111,0.11646106069022438,-0.04127318850195815,27.02,39.53,3,0.0,871.0,480.0,0.0,744.0,442.0,0,2,1,-0.09034820495087313,0.05105431291277585,0.025058825784769673,-0.13136566719869897,0.09834827662602658,0.05066635084084639,-0.19881521099274646,0.13249591907761465,0.0785396721780872
92,least_connections,2762,measured,450,429,17,heavy,2,91.4,64.3,3,462.0,909.0,0.0,416.0,870.0,0.0,1,2,0,-0.02445672235411056,0.022149550563318243,-0.037212573753697506,-0.10549222056488478,0.154473277220032,-0.23650124218561056,-0.0713799462136124,0.11744538255594877,-0.16748870156019324,41.74,40.41,4,558.0,903.0,0.0,435.0,858.0,0.0,2,2,0,-0.0006117786209204334,0.03257747085666057,-0.013273813322350428,-0.01901025148036481,0.09815089180863987,-0.03721504783945477,-0.026129691178100073,0.1053695311006792,-0.0373424086446288,36.02,53.83,4,0.0,871.0,930.0,0.0,744.0,871.0,0,2,2,-0.08174361400317093,0.04619199739727339,0.0657561711748823,-0.11885465127501335,0.08898177409021452,0.12726955552267055,-0.17988042899343729,0.11987726011784183,0.20044065578017412
92,least_connections,2763,measured,182,116,8,light,0,100.0,70.1,4,462.0,1091.0,0.0,416.0,986.0,0.0,1,3,0,-0.02212751070133813,0.0631239697840453,-0.03366851911048822,-0.09544534241584812,0.24953931431018778,-0.21397731435840955,-0.06458185609803027,0.15873629850300125,-0.15153739664969865,36.74,36.84,3,787.0,499.0,0.0,751.0,428.0,0.0,2,1,0,-0.00055351399035658,-0.0136090456421597,-0.012009640624983721,0.04199752757218697,-0.015632186322795227,-0.033670757569030506,0.06570408893409993,-0.026243043289861684,-0.03378598877371177,36.02,53.83,4,377.0,494.0,930.0,306.0,438.0,871.0,1,1,2,-0.030874607680873467,-0.0012911406768433414,0.05949367868203638,-0.039316113058345425,0.01228827179590837,0.11514864547289239,-0.07046324527977658,0.016174663916142612,0.18135106951539565
92,least_connections,2764,measured,395,338,12,medium,1,100.0,70.1,4,1080.0,473.0,0.0,970.0,432.0,0.0,3,1,0,0.06614767172373262,-0.029055637315568983,-0.03046199348091791,0.28640659495708976,-0.14698823943363964,-0.19359852251475151,0.19218784448273452,-0.10700049183061791,-0.13710526363544162,48.03,47.41,4,1286.0,395.0,0.0,1179.0,338.0,0.0,3,1,0,0.04258310185452999,-0.012312946057192103,-0.010865865327366223,0.16699096032041405,-0.04102776041450182,-0.03046401875293236,0.18045846141656657,-0.04919013440511294,-0.030568275557167793,36.02,53.83,4,377.0,494.0,930.0,306.0,438.0,871.0,1,1,2,-0.027934168854123614,-0.0011681748980963552,0.053827614045651964,-0.035571721338503004,0.011117960196298043,0.1041821078088074,-0.06375246001503594,0.014634219733652837,0.16407953908535797
92,least_connections,2765,measured,440,448,16,heavy,0,100.0,92.5,5,1080.0,473.0,440.0,970.0,432.0,448.0,3,1,1,0.059847893464329505,-0.026288433761705268,0.015523048982117357,0.2591297763897479,-0.13298935948757873,0.09023625740728833,0.17388424024628363,-0.09680996879913048,0.0786190471869814,48.03,47.41,4,1286.0,395.0,0.0,1179.0,338.0,0.0,3,1,0,0.03852756834457474,-0.01114028452793571,-0.009831021010474202,0.15108705933751748,-0.03712035466073976,-0.02756268363360547,0.16327194128165548,-0.04450535969986408,-0.02765701121838991,36.02,53.83,4,377.0,944.0,480.0,306.0,867.0,442.0,1,2,1,-0.025273771820397556,0.042026980080860664,0.005617274385975368,-0.03218393835388368,0.09148767827284109,0.012831430874635272,-0.057680797156461086,0.14262143690187637,0.019071963934371522
92,least_connections,2766,measured,465,434,15,heavy,1,100.0,92.5,5,1080.0,473.0,440.0,970.0,432.0,448.0,3,1,1,0.05414809408677432,-0.023784773403447618,0.01404466336477285,0.23445075006691474,-0.12032370620304739,0.08164232813040373,0.15732383641330427,-0.08758997177064184,0.07113151888345934,50.37,50.94,4,903.0,395.0,465.0,858.0,338.0,434.0,2,1,1,-0.008225624105475449,-0.010079305049084691,0.03418916693156642,0.03769101286999879,-0.03358508278828837,0.09526641548796241,0.05696330401673594,-0.040266754014162714,0.09768532318336151,36.02,53.83,4,377.0,1424.0,0.0,306.0,1309.0,0.0,1,3,0,-0.022866745932740642,0.08110831077610749,-0.03800160435373203,-0.029118801367799527,0.1696317089135229,-0.07524775301818713,-0.05218738790346479,0.26234003021280883,-0.11604600088477499
92,least_connections,2767,measured,366,313,12,medium,1,100.0,92.5,5,1080.0,913.0,0.0,970.0,880.0,0.0,3,2,0,0.04899113274517676,0.021564343337923814,-0.03037682384910574,0.21212210720339908,0.15653251978454447,-0.19152995708836487,0.1423406138977515,0.12341859696941931,-0.1383095781530606,60.83,60.72,5,903.0,1226.0,0.0,858.0,1085.0,0.0,2,3,0,-0.007442231333525395,0.07704842921862859,-0.012150844431530604,0.03410139259666556,0.1844298230554942,-0.03401065809592518,0.051538227443713475,0.17477353208242422,-0.03432637426267292,36.02,53.83,4,377.0,1424.0,0.0,306.0,1309.0,0.0,1,3,0,-0.02068896060581296,0.07338370974981154,-0.03438240393909089,-0.02634558218991387,0.15347630806461593,-0.06808130034978836,-0.04721716048408718,0.23735526543063656,-0.1049940008005107
92,least_connections,2768,measured,398,318,13,medium,2,100.0,71.7,4,1091.0,440.0,0.0,986.0,448.0,0.0,3,1,0,0.04432531057896945,-0.02357330387339772,-0.027483793006333766,0.19855492239037698,-0.14367692654414232,-0.1732890087942349,0.13602246019320374,-0.08376412655147772,-0.12513723737657864,60.83,60.72,5,903.0,1226.0,0.0,858.0,1085.0,0.0,2,3,0,-0.006733447396999159,0.0697104835787592,-0.010993621152337213,0.030853640920792652,0.16686507800258998,-0.03077154780107516,0.04662982483002648,0.15812843378886002,-0.031057195761465973,43.98,64.43,5,871.0,1328.0,0.0,744.0,1189.0,0.0,2,3,0,0.02436531682149802,0.06639478501173425,-0.03110788927822509,0.06555399706626841,0.12148808824893823,-0.06159736698314185,0.08937495003820684,0.178559525865814,-0.09499457215284302
92,least_connections,2769,measured,451,410,17,heavy,0,100.0,92.2,5,1091.0,440.0,451.0,986.0,448.0,410.0,3,1,1,0.04010385242859141,-0.021328227314026504,0.01821761131626491,0.1796449297817696,-0.12999340973041446,0.11524645236077163,0.12306794017480338,-0.07578659068943219,0.07225678523071455,60.83,60.72,5,1298.0,831.0,0.0,1196.0,747.0,0.0,3,2,0,0.03699173353423432,0.019987489677834286,-0.009946609614019383,0.13002404246575117,0.04886432227445214,-0.027840924200972766,0.13775436532240493,0.04750310676134953,-0.02809936759370731,43.98,64.43,5,871.0,1328.0,0.0,744.0,1189.0,0.0,2,3,0,0.022044810457545833,0.060071472153473846,-0.028145233156489365,0.05931075925043333,0.10991779412999172,-0.055730951079985484,0.08086305003456809,0.16155385673573647,-0.08594747004304844
92,least_connections,2770,measured,498,420,14,heavy,0,100.0,100.0,6,1091.0,938.0,451.0,986.0,868.0,410.0,3,2,1,0.0362844379115827,0.02378693265692386,0.016482600714715873,0.16253588885017245,0.18276786738676787,0.10427059975498387,0.11134718396767923,0.12143117985241847,0.06537518663731318,49.29,47.28,4,894.0,831.0,0.0,766.0,747.0,0.0,2,2,0,-0.009615188933878693,0.018083919232326245,-0.00899931346030325,0.013205426176495977,0.04421057729593289,-0.025189407610403933,0.0030575210059853863,0.042979001355506696,-0.025423237346687565,36.44,54.23,4,494.0,1328.0,0.0,438.0,1189.0,0.0,1,3,0,-0.023138595527073036,0.05435037956742872,-0.025464734760633236,-0.014556932106750797,0.09944943278427823,-0.0504232414533202,-0.01912390711158124,0.1461677751418568,-0.07776199670561526
92,least_connections,2771,measured,417,427,16,heavy,1,100.0,85.5,4,473.0,938.0,451.0,432.0,868.0,410.0,1,2,1,-0.053339023295416094,0.0215215104991216,0.014912829218076268,-0.2257056243736536,0.16536140382612335,0.09434006644498541,-0.14987635736257596,0.10986630558075955,0.0591489783861405,46.94,47.25,4,395.0,831.0,417.0,338.0,747.0,427.0,1,2,1,-0.051783356881219045,0.016361641210199923,0.034941664238863954,-0.1170454307382724,0.040000046124891664,0.08500550195793385,-0.1182455762326799,0.0388857631311727,0.09772719001966362,36.44,54.23,4,494.0,1328.0,0.0,438.0,1189.0,0.0,1,3,0,-0.02093491976258989,0.049174152941959315,-0.023039521926287214,-0.013170557620393583,0.08997805823339458,-0.04562102798157542,-0.017302582624763974,0.13224703465215615,-0.07035609225746142
92,least_connections,2772,measured,408,405,15,heavy,0,100.0,100.0,5,473.0,1389.0,408.0,432.0,1278.0,405.0,1,3,1,-0.04825911631490028,0.06255574305929595,0.013492559768735674,-0.20420985062378183,0.42164444473157203,0.05941879027562172,-0.13560241856614016,0.284879038382592,0.051253837587460466,46.94,47.25,4,761.0,465.0,417.0,651.0,434.0,427.0,2,1,1,-0.003767708380059853,-0.02828051056038601,0.03161388669230548,-0.011286001960477743,-0.058421726975438154,0.07690973986670208,-0.018487068972424664,-0.053314666690843726,0.08841983858921947,36.44,54.23,4,944.0,878.0,0.0,867.0,760.0,0.0,2,2,0,0.024142782346318892,0.001407000054062968,-0.02084528174283129,0.06951235262916772,-1.9852074547771492e-05,-0.04127616817380633,0.1137262347680707,-0.009728873409953931,-0.0636555120424651
92,least_connections,2773,measured,460,433,21,heavy,1,100.0,100.0,5,473.0,1797.0,0.0,432.0,1683.0,0.0,1,4,0,-0.04366300999919548,0.09968195347088228,-0.030876346150282234,-0.18476129342151693,0.4484402118999937,-0.19233538022681845,-0.12268790251222209,0.44096198710805945,-0.1368417659922977,60.09,60.78,5,761.0,882.0,460.0,651.0,861.0,433.0,2,2,1,-0.00340887901053033,0.01749677162450336,0.02860304034065734,-0.010211144630908442,0.054938165389569554,0.08070064899504337,-0.01672639573695564,0.07249208727971279,0.08169533015215097,36.44,54.23,4,1424.0,398.0,0.0,1309.0,318.0,0.0,3,1,0,0.06492736996866494,-0.04181090017784325,-0.018860016814942596,0.14974927142638983,-0.08687510425792419,-0.03734510453820573,0.23619675209174656,-0.14210390133916467,-0.05759308232413509
92,least_connections,2774,measured,401,403,20,heavy,2,100.0,100.0,5,913.0,1357.0,0.0,880.0,1235.0,0.0,2,3,0,0.00357927213224718,0.04710453386594565,-0.02793574175501726,0.0982318456345006,0.31947765203650225,-0.17401772496712145,0.09166332629846574,0.1962989407168157,-0.1238092168501741,60.09,60.78,5,1226.0,417.0,460.0,1085.0,427.0,433.0,3,1,1,0.03999967636008707,-0.027253487804587653,0.025878941260594736,0.11096542696659306,-0.07049812247066158,0.07301487290027733,0.10757492766656393,-0.05712025436597412,0.07391482251861278,44.46,67.67,5,1822.0,0.0,401.0,1627.0,0.0,403.0,4,0,1,0.10182771115078755,-0.08091280991147269,0.026020075489428352,0.20750648367149555,-0.15062033242383618,0.03877347684638529,0.3096065852258659,-0.22447495835448233,0.06943165567498889
92,least_connections,2775,measured,398,343,11,medium,0,100.0,100.0,5,440.0,1755.0,0.0,448.0,1578.0,0.0,1,4,0,-0.039845511154724206,0.08570228801023201,-0.02527519492120609,-0.19642515553703915,0.37530517723937507,-0.1574446083035861,-0.11249508572995956,0.33277047017235706,-0.11201786286444324,60.09,60.78,5,1226.0,417.0,460.0,1085.0,427.0,433.0,3,1,1,0.03619018337341211,-0.02465791753748406,0.023414280188157142,0.10039729106501277,-0.06378401556869383,0.0660610754812033,0.09732969646022452,-0.05168023014064324,0.06687531561207823,34.58,53.07,4,1328.0,0.0,401.0,1189.0,0.0,403.0,3,0,1,0.04904593367157423,-0.07320682801514196,0.023541973061863748,0.09835348522659121,-0.13627553885966132,0.03508076476577717,0.14802500568054533,-0.20309639089215067,0.06281911703927567
92,least_connections,2776,measured,455,409,18,heavy,2,100.0,100.0,5,440.0,1755.0,0.0,448.0,1578.0,0.0,1,4,0,-0.036050700568559996,0.07754016534259087,-0.022868033500138846,-0.17771799786684495,0.33956182702610127,-0.14244988370324455,-0.10178126804139195,0.3010780444416564,-0.1013494949725915,48.8,50.22,4,831.0,417.0,460.0,747.0,427.0,433.0,2,1,1,-0.010340400984146403,-0.022309544438676054,0.021184348741665984,-0.01127319924049866,-0.05770934741929441,0.05976954448299346,-0.007505274631225439,-0.04675830346058196,0.060506237934737445,43.68,66.7,5,1328.0,0.0,856.0,1189.0,0.0,812.0,3,0,2,0.04437489236951954,-0.06623474915655701,0.06438378061606266,0.08898648663358252,-0.12329691611112215,0.1140730728833222,0.13392738609192195,-0.1837538774738506,0.18018555033712244
92,least_connections,2777,measured,464,424,15,heavy,1,100.0,100.0,5,938.0,1257.0,0.0,868.0,1158.0,0.0,2,3,0,0.010466599712345953,0.027071487464158175,-0.02069012554774467,0.1395884781204736,0.16065117683313923,-0.12888322811245936,0.09791218605778823,0.08240394497102238,-0.09169716211805898,62.06,63.47,5,831.0,417.0,924.0,747.0,427.0,857.0,2,1,2,-0.009355600890418175,-0.020184825920706903,0.06225069194540754,-0.010199561217594022,-0.05221321909364733,0.17402278514447708,-0.006790486571108756,-0.0423051317024313,0.17462469146476245,43.68,66.7,5,1328.0,0.0,856.0,1189.0,0.0,812.0,3,0,2,0.040148712143851004,-0.05992667780831349,0.058251991985961454,0.08051158314466991,-0.11155435267196766,0.10320897070395818,0.12117239694031035,-0.16625350819062673,0.16302502173358696
92,least_connections,2778,measured,438,431,19,heavy,0,100.0,100.0,6,938.0,1257.0,438.0,868.0,1158.0,431.0,2,3,1,0.009469780692122537,0.02449325056280978,0.024364262826416953,0.12629433734709516,0.14535106475379267,0.14758184123158438,0.0885872159570465,0.07455595021187744,0.11201209141699425,62.06,63.47,5,831.0,881.0,460.0,747.0,851.0,433.0,2,2,1,-0.008464591281806932,0.02482143867945112,0.013238154390516121,-0.009228174434966013,0.0727050466703735,0.03750360832799626,-0.006143773564336513,0.0816048808406574,0.03811281608716603,43.68,66.7,5,1328.0,0.0,856.0,1189.0,0.0,812.0,3,0,2,0.036325025273008044,-0.05421937515990268,0.0527041832253937,0.07284381332136802,-0.10093012860797074,0.09337954492262883,0.1096321686602808,-0.15041984074390038,0.14749882918753107
92,least_connections,2779,measured,177,100,3,light,1,100.0,100.0,6,1787.0,408.0,438.0,1621.0,405.0,431.0,4,1,1,0.09473569727019703,-0.06400724042049635,0.022043856842948673,0.4532504322029274,-0.3805871318894256,0.1335264277809573,0.4207931953897087,-0.27318747361782514,0.10134427318680432,56.66,56.81,5,642.0,881.0,460.0,534.0,851.0,433.0,2,2,1,-0.0076584397311586505,0.022457492138551027,0.011977377781895539,-0.05720644353639781,0.06578075651129031,0.03393183610628234,-0.06578186655820922,0.07383298742726144,0.0344830240788645,34.68,52.4,4,878.0,0.0,856.0,760.0,0.0,812.0,2,0,2,-0.010218401170226293,-0.049055625144673855,0.04768473720392763,-0.015522264137809882,-0.09131773540721162,0.0844862549299975,-0.030189942640698242,-0.13609414162543368,0.13345132164586143
92,least_connections,2780,measured,173,120,6,light,2,100.0,100.0,6,2195.0,0.0,438.0,2026.0,0.0,431.0,5,0,1,0.128797150137888,-0.10099521298815883,0.019944441905524992,0.41008372437407714,-0.5904359764713851,0.12080962513515184,0.5521700339240222,-0.4303839047018418,0.0916924376452039,56.66,56.81,5,1059.0,924.0,0.0,961.0,857.0,0.0,3,2,0,0.03615483570809001,0.02031868336345094,-0.03224722509075664,0.05603770754870124,0.0706315688163375,-0.08821133195826156,0.06121223978066784,0.0684977029103794,-0.09122666869055117,28.54,41.67,4,571.0,856.0,0.0,438.0,812.0,0.0,2,2,0,-0.009245220106395224,0.04178413960833363,-0.04302446679281831,-0.06959633421992326,0.07227442986966566,-0.07845529315857368,-0.12442582111936193,0.12175609408492508,-0.12414721692358568
92,least_connections,2781,measured,167,108,6,light,2,100.0,100.0,5,1755.0,0.0,438.0,1578.0,0.0,431.0,4,0,1,0.07344685465990322,-0.09137662127500085,0.018044971247855944,0.371028131576546,-0.5342039787122056,0.10930394655085166,0.30867764974078205,-0.3893949613969045,0.08295982453613687,43.37,43.25,4,594.0,924.0,0.0,527.0,857.0,0.0,2,2,0,-0.010372382205152103,0.01838357066216989,-0.029176060796398867,-0.06950329861239954,0.06390475273859109,-0.07981025272414141,-0.06732583067463385,0.06197411215700993,-0.0825384145295463,23.92,34.67,4,340.0,856.0,0.0,228.0,812.0,0.0,2,2,0,-0.008364722953405207,0.037804697740873285,-0.03892689852683561,-0.10476811191326388,0.0653911508344594,-0.07098336047680476,-0.17590907625085123,0.11016027560064648,-0.11232367245467276
92,least_connections,2782,measured,350,310,14,medium,1,100.0,100.0,5,1755.0,0.0,438.0,1578.0,0.0,431.0,4,0,1,0.06645191612086482,-0.08267408591547695,0.016326402557583948,0.3356921190454464,-0.4833274093110432,0.09889404687934197,0.279279778336898,-0.35230972697815166,0.0750588888660286,48.31,49.81,4,417.0,1274.0,0.0,427.0,1167.0,0.0,1,3,0,-0.05246843650760927,0.059716654635387265,-0.026397388339598975,-0.10863903888060637,0.1482947762872967,-0.07220927627422319,-0.08918765632466871,0.14372062528491375,-0.07467761314577999,23.92,34.67,4,340.0,856.0,0.0,228.0,812.0,0.0,2,2,0,-0.007568082672128523,0.034204250336980595,-0.03521957485761317,-0.09479019649295303,0.05916342218355851,-0.06422304043139478,-0.15915583089362734,0.09966882078153727,-0.10162617983994202
92,least_connections,2783,measured,480,404,14,heavy,1,100.0,100.0,5,1755.0,438.0,0.0,1578.0,431.0,0.0,4,1,0,0.06012316220459196,-0.03171646322057892,-0.028312393150848082,0.3037214410411182,-0.17310575128142003,-0.17471490996630962,0.25268170420957436,-0.1237802291707086,-0.12706576721645033,62.03,62.44,5,417.0,1754.0,0.0,427.0,1571.0,0.0,1,4,0,-0.047471442554503626,0.09711325442067918,-0.02388335135487526,-0.09829246374912005,0.2582530969129963,-0.06533220234334479,-0.08069359381755739,0.24425913716254105,-0.06756545951284856,23.92,34.67,4,340.0,856.0,0.0,228.0,812.0,0.0,2,2,0,-0.006847312893830559,0.030946702685839586,-0.03186532963307859,-0.0857625587317194,0.053528810547029126,-0.05810656039030956,-0.14399813271328188,0.09017655213567657,-0.09194749604566183
92,least_connections,2784,measured,356,313,12,medium,2,100.0,79.45,4,1257.0,438.0,0.0,1158.0,431.0,0.0,3,1,0,0.01131324652977822,-0.028695847675761874,-0.02561597475552922,0.1282241609419641,-0.1566194892546181,-0.15807539473142299,0.038616779999138595,-0.11199163591635539,-0.11496426557678839,62.03,62.44,5,417.0,1754.0,0.0,427.0,1571.0,0.0,1,4,0,-0.04295035278740804,0.08786437304728116,-0.02160874646393476,-0.08893127672539435,0.23365756387366332,-0.05911008783445481,-0.07300848964445666,0.22099636219468,-0.06113065384495822,31.04,45.1,5,340.0,1212.0,0.0,228.0,1125.0,0.0,2,3,0,-0.006195187856322892,0.07108329789489795,-0.02883053633469015,-0.07759469599536517,0.11284987620921685,-0.05257260225789912,-0.13028402483582646,0.17598513447196135,-0.0831905916603607
92,least_connections,2785,measured,457,425,15,heavy,0,100.0,100.0,5,1257.0,438.0,457.0,1158.0,431.0,425.0,3,1,1,0.010235794479323157,-0.02596290980187979,0.019907542114611883,0.11601233609034844,-0.14170334742084495,0.1326301984176014,0.03493899142779211,-0.1013257658290834,0.08824661685909621,62.03,62.44,5,881.0,1290.0,0.0,851.0,1147.0,0.0,2,3,0,0.004224057228626288,0.0364124372922113,-0.019550770610226687,0.03948394690831669,0.09145888432106952,-0.05348055565974483,0.053825652226443976,0.08006813722375805,-0.05530868681210506,31.04,45.1,5,340.0,1212.0,0.0,228.0,1125.0,0.0,2,3,0,-0.005605169965244516,0.06431346000014576,-0.026084770969481565,-0.07020472494818752,0.1021022689511962,-0.04756568775714683,-0.11787602247050964,0.15922464547463172,-0.07526767816889778
92,least_connections,2786,measured,403,411,15,heavy,0,100.0,83.6,4,408.0,895.0,403.0,405.0,856.0,411.0,1,2,1,-0.07690684354365092,0.01959364850124709,0.018011585722744083,-0.40713169591825604,0.14744300312717207,0.08742732237782988,-0.309031388708188,0.10058621186892452,0.07350884382489656,62.03,62.44,5,881.0,1290.0,0.0,851.0,1147.0,0.0,2,3,0,0.0038217660639952022,0.03294458612152451,-0.017688792456871764,0.035723571012286515,0.08274851438572961,-0.048387169406435795,0.0486993996334493,0.07244260034530486,-0.05004119282999982,27.58,41.1,4,167.0,1212.0,0.0,108.0,1125.0,0.0,1,3,0,-0.04815524448102622,0.05818836857156044,-0.02360050706762618,-0.09482332257216965,0.09237824333679656,-0.04303562225646618,-0.14284021080665157,0.14406039352466682,-0.06809932786709799
92,least_connections,2787,measured,413,405,15,heavy,0,100.0,83.6,4,0.0,1298.0,413.0,0.0,1267.0,405.0,0,3,1,-0.11266628248053677,0.06081148696598092,0.016296196606292265,-0.6144524867831841,0.3764801774325207,0.08513265675454448,-0.4628141135931225,0.276935144071884,0.06379371584157309,50.11,49.09,4,924.0,830.0,0.0,857.0,714.0,0.0,2,2,0,0.0034577883436147094,-0.01327689373585425,-0.01600414555621731,0.04343697241247693,-0.04404386113399972,-0.043778867558203816,0.04575779014454939,-0.056882290163771804,-0.045275364941428406,24.24,37.5,3,856.0,356.0,0.0,812.0,313.0,0.0,2,1,0,-0.000485130494171121,-0.03352118126972195,-0.021352839727852256,0.038883660529941744,-0.07131492269527932,-0.03893699156537416,0.08308107911144222,-0.11454853284276176,-0.06161367759404104
92,least_connections,2788,measured,182,119,3,light,2,100.0,83.6,4,0.0,1711.0,0.0,0.0,1672.0,0.0,0,4,0,-0.10193616033953327,0.09810381700550201,-0.028339722344873888,-0.5559332023276428,0.4624661922802171,-0.172086326428428,-0.4187365789652061,0.43377465416027605,-0.12549616185762436,50.11,49.09,4,924.0,830.0,0.0,857.0,714.0,0.0,2,2,0,0.0031284751680323575,-0.012012427665772901,-0.014479941217529947,0.03930011789700294,-0.03984920769266642,-0.03960945160027964,0.041399905368878026,-0.05146492919579351,-0.04096342542319713,27.88,41.47,4,1038.0,356.0,0.0,931.0,313.0,0.0,3,1,0,0.04264497263679301,-0.030328687815462718,-0.019319235944247278,0.06811378809851873,-0.06452302529572891,-0.03522870665438615,0.11105748427543186,-0.10363914876249875,-0.055745708299370464
92,least_connections,2789,measured,179,105,6,light,0,100.0,88.85,5,179.0,1711.0,0.0,105.0,1672.0,0.0,1,4,0,-0.04914405436615368,0.08876059633831135,-0.025640701169171613,-0.39501892909008945,0.4184217930154346,-0.15569715248286342,-0.33135690477804364,0.3924627823354878,-0.11354414644261251,50.11,49.09,4,1274.0,480.0,0.0,1167.0,404.0,0.0,3,1,0,0.045914425378786636,-0.05395228716245666,-0.013100899196812808,0.12603344000205025,-0.12653023553146012,-0.035837122876443486,0.12510586676231822,-0.13421231689143223,-0.03706214681146407,27.88,41.47,4,1394.0,0.0,0.0,1244.0,0.0,0.0,4,0,0,0.08166744689814152,-0.0705241415836046,-0.017479308711461822,0.12604580827961218,-0.12279702288661187,-0.0318735917349208,0.19487740640793041,-0.18816557903908618,-0.05043659322323994
92,least_connections,2790,measured,388,323,9,medium,1,100.0,88.85,5,617.0,1273.0,0.0,536.0,1241.0,0.0,2,3,0,-0.0013797680092864362,0.03722330598409576,-0.023198729629250507,-0.09320760251008098,0.24165146352190114,-0.14086885224640025,-0.10482291384680137,0.16010918401782237,-0.10273041820998276,61.2,59.19,5,1754.0,388.0,0.0,1571.0,323.0,0.0,4,1,0,0.08462552318851671,-0.048813974099365554,-0.011853194511402064,0.2381118878930114,-0.13826204983458634,-0.03242406355487744,0.22741721278495458,-0.1443319771874863,-0.03353241854370558,27.88,41.47,4,1394.0,0.0,0.0,1244.0,0.0,0.0,4,0,0,0.07388959481260424,-0.06380755667088035,-0.015814612643703554,0.11404144558631579,-0.11110206832598217,-0.028838011569690247,0.17631765341669894,-0.17024504770203036,-0.04563310815435995
92,least_connections,2791,measured,467,400,16,heavy,2,100.0,88.85,5,617.0,1273.0,0.0,536.0,1241.0,0.0,2,3,0,-0.0012483615322115282,0.03367822922370568,-0.020989326807417125,-0.0843306879853114,0.21863703842457727,-0.1274527710800764,-0.09483977919472503,0.1448606903018393,-0.09294656885665106,61.2,59.19,5,1754.0,388.0,0.0,1571.0,323.0,0.0,4,1,0,0.07656594955151512,-0.04416502418514026,-0.010724318843649487,0.21543456523653415,-0.12509423556462573,-0.029336057502031967,0.2057584306149589,-0.13058607459820187,-0.030338854872876478,33.58,50.83,4,1212.0,0.0,467.0,1125.0,0.0,400.0,3,0,1,0.0237685903179798,-0.05773064651174889,0.028775441168168436,0.07024702219714285,-0.10052091896160292,0.05841322762742311,0.12363660705955298,-0.15403123363517032,0.07934782278097592
92,least_connections,2792,measured,387,311,11,medium,2,100.0,88.85,5,617.0,1273.0,0.0,536.0,1241.0,0.0,2,3,0,-0.001129469957715179,0.030470778821447997,-0.018990343301948827,-0.07629919389147227,0.1978144633365223,-0.11531441192959295,-0.08580741927141788,0.13106443408261653,-0.08409451467982715,47.94,45.94,4,1678.0,0.0,0.0,1470.0,0.0,0.0,4,0,0,0.06927395435613273,-0.08304273163236046,-0.009702955144254299,0.1752707290915581,-0.21347981857207637,-0.02654214726374321,0.15760584198496275,-0.20947371035075407,-0.02744944012307872,41.32,61.2,5,1212.0,387.0,467.0,1125.0,311.0,400.0,3,1,1,0.021504915049600767,-0.009148589474348767,0.026034922961676206,0.06355682960693876,-0.020918926679545508,0.05285006309147805,0.11186169210150032,-0.04556794154293188,0.07179088727802584
92,least_connections,2793,measured,193,120,9,light,1,100.0,88.85,5,1074.0,816.0,0.0,961.0,816.0,0.0,3,2,0,0.042061998836443626,-0.015515100340685373,-0.017181739177953702,0.20661818965374734,-0.09667580301298784,-0.10433208698391744,0.11462662065919327,-0.07367979773477562,-0.07608551328174837,53.46,49.69,5,1678.0,193.0,0.0,1470.0,120.0,0.0,4,1,0,0.06267643489364388,-0.03204999982156877,-0.008778864178134841,0.1585782787018859,-0.14325725081691265,-0.024014323714815284,0.14259576179591865,-0.15559526174592034,-0.024835207730404554,41.32,61.2,5,1212.0,854.0,0.0,1125.0,711.0,0.0,3,2,0,0.019456827902019733,0.03480660498806087,-0.019528493737621753,0.05750379821580173,0.0655781139566017,-0.03668803815532938,0.10120819761564315,0.07940678304845844,-0.05568126071670678
92,least_connections,2794,measured,420,430,15,heavy,0,100.0,100.0,6,1477.0,413.0,420.0,1372.0,405.0,430.0,4,1,1,0.08113999441211113,-0.05712137196356794,0.027538517160989734,0.4300196319089461,-0.3305479487577827,0.15893763558597948,0.2896383710726035,-0.25259124556955886,0.12568453560222767,40.31,36.16,4,1218.0,193.0,0.0,1037.0,120.0,0.0,3,1,0,0.013623350391301386,-0.028997618886181256,-0.007942781875455333,0.024564020866332137,-0.12961370312006382,-0.021727245265785258,0.006589617815354998,-0.140776665389166,-0.022469949851318408,24.2,34.13,3,356.0,854.0,0.0,313.0,711.0,0.0,1,2,0,-0.06856400378025879,0.03149169022729317,-0.017668637191181585,-0.10286799209046511,0.0593325792940682,-0.03319393928339325,-0.1533195672366403,0.07184423228193859,-0.05037828350559185
92,least_connections,2795,measured,457,427,14,heavy,2,100.0,100.0,5,1711.0,420.0,0.0,1672.0,430.0,0.0,4,1,0,0.07341237589667197,-0.051681241300370995,-0.018168098985861893,0.40293839712396706,-0.2948449695110097,-0.10953261542220906,0.3977680500180697,-0.21722541265817233,-0.08080922969322259,40.31,36.16,4,1411.0,0.0,0.0,1157.0,0.0,0.0,4,0,0,0.05540978867603005,-0.06931984112377851,-0.007186326458745301,0.07211574677021892,-0.16716069738073802,-0.019657983811900946,0.039890606594845,-0.16129793535210257,-0.02032995462738332,33.34,48.37,4,356.0,1311.0,0.0,313.0,1138.0,0.0,1,3,0,-0.06203409865832937,0.07157638186097501,-0.01598590983964048,-0.09307104046280178,0.13637709555177596,-0.030032611732593896,-0.13871770369029363,0.19377970222334132,-0.04558035174315453
92,least_connections,2796,measured,170,107,4,light,1,100.0,100.0,5,1711.0,420.0,0.0,1672.0,430.0,0.0,4,1,0,0.06642072104936989,-0.046759218319383275,-0.016437803844351236,0.36456331168358924,-0.2667644962242468,-0.09910093776295105,0.35988537858777736,-0.1965372781192988,-0.07311311257958233,35.17,29.81,4,1231.0,0.0,0.0,954.0,0.0,0.0,4,0,0,0.05013266594497956,-0.06271795149294246,-0.006501914415055272,0.018716968166252512,-0.15124063096352489,-0.01778579487743419,-0.021304332128473602,-0.1459362272233309,-0.018393768472394434,26.22,37.93,3,387.0,924.0,0.0,311.0,827.0,0.0,1,2,0,-0.05612608926229801,0.02167568336174383,-0.014463442235865197,-0.07859760803777302,0.053360229308749674,-0.02717236299615638,-0.12610966841820215,0.08153084169413419,-0.0412393658628541
92,least_connections,2797,measured,372,315,12,medium,2,100.0,83.55,4,1273.0,420.0,0.0,1241.0,430.0,0.0,3,1,0,0.017011037865529682,-0.042305959431822956,-0.014872298716317785,0.19292236136451724,-0.24135835372669945,-0.08966275321409857,0.13063439015084627,-0.17781944210793701,-0.0661499590005745,21.46,17.19,3,751.0,0.0,0.0,550.0,0.0,0.0,3,0,0,0.002274226104414634,-0.05674481325551937,-0.005882684470764294,-0.10714723288359462,-0.13683676134795109,-0.016091909651011885,-0.13350153859242847,-0.132037538916347,-0.01664198099883306,33.66,48.43,4,387.0,1296.0,0.0,311.0,1142.0,0.0,1,3,0,-0.05078074742779343,0.06269523279214465,-0.013085971546735178,-0.0711121215579851,0.11559258842220207,-0.024584518901284345,-0.1140992238069448,0.16876599962802613,-0.03731180720924895
92,least_connections,2798,measured,362,317,11,medium,1,100.0,83.55,4,1273.0,420.0,0.0,1241.0,430.0,0.0,3,1,0,0.01539093902119354,-0.03827682043831601,-0.01345588931476371,0.1745488031393252,-0.21837184384796615,-0.08112344338418442,0.1181930196602895,-0.16088425714527635,-0.05984996290528168,31.8,27.09,4,751.0,362.0,0.0,550.0,317.0,0.0,3,1,0,0.0020576331420894545,-0.008256645099664922,-0.00532242880688198,-0.09694273451372848,-0.030226457546105423,-0.01455934682710599,-0.12078710634553053,-0.029834559019552065,-0.015057030427515624,33.66,48.43,4,387.0,1296.0,0.0,311.0,1142.0,0.0,1,3,0,-0.04594448576800357,0.05672425824051182,-0.011839688542284208,-0.06433953855246269,0.10458377047723044,-0.022243136148781074,-0.10323263106342624,0.15269304728249983,-0.033758301760749045
92,least_connections,2799,measured,399,349,14,medium,0,100.0,100.0,5,1273.0,819.0,0.0,1241.0,779.0,0.0,3,2,0,0.013925135304889397,0.008452491258757161,-0.012174376046690976,0.15792510760224665,0.04309214128041161,-0.07339740115711924,0.10693654159740473,0.01231900543998804,-0.054149966438112,20.71,17.0,3,363.0,362.0,0.0,227.0,317.0,0.0,2,1,0,-0.04122223214581927,-0.007470297947315879,-0.004815530825274173,-0.1880094128593598,-0.02734774730361919,-0.01317274236738161,-0.20060797716976575,-0.0269931724462614,-0.013623027529656993,33.66,48.43,4,387.0,1296.0,0.0,311.0,1142.0,0.0,1,3,0,-0.04156882045676513,0.05132194793189164,-0.01071209915730476,-0.05821196345222815,0.09462341138416089,-0.020124742229849543,-0.0934009519145285,0.1381508523032141,-0.030543225402582468
92,least_connections,2800,measured,479,447,16,heavy,1,100.0,79.75,4,816.0,819.0,0.0,816.0,779.0,0.0,2,2,0,-0.030484968284238384,0.00764749209125648,-0.011014911661291836,-0.13276617248685618,0.03898812782513428,-0.06640717247548883,-0.09550979569758627,0.011145766826655856,-0.048992826777339425,29.54,27.62,3,193.0,362.0,479.0,120.0,317.0,447.0,1,1,1,-0.08038020550154623,-0.006758840999952456,0.03872699138484264,-0.21404933272309418,-0.024743199941369753,0.11190493377645064,-0.21175543172502612,-0.02442239411804603,0.11405833223507224,33.66,48.43,4,854.0,829.0,0.0,711.0,742.0,0.0,2,2,0,0.005474015051588926,0.0033502431401922217,-0.00969189923756145,0.03183679497179359,0.0011068960142408268,-0.018208100112721014,0.03612929747415672,0.004358707639415954,-0.02763434679281271
92,least_connections,2801,measured,494,443,18,heavy,1,82.13,59.2,3,413.0,819.0,0.0,405.0,779.0,0.0,1,2,0,-0.07066553819821114,0.006919159511136808,-0.009965872455454518,-0.3632011401865207,0.035274972794169135,-0.060082679858775606,-0.27234219610733995,0.01008426522411715,-0.04432684327473567,43.66,41.47,4,193.0,362.0,973.0,120.0,317.0,890.0,1,1,2,-0.0727249478347323,-0.00611514185709984,0.07812260671780547,-0.1936636819875614,-0.02238670470885834,0.22894800130794518,-0.19158824775121408,-0.02209645182108927,0.22844861011744633,33.66,48.43,4,854.0,829.0,0.0,711.0,742.0,0.0,2,2,0,0.004952680284770944,0.00303117236493583,-0.00876886121493655,0.028804719260194178,0.0010014773462178883,-0.016473995340080917,0.03268841200042749,0.003943592626138248,-0.02500250424111626
92,least_connections,2802,measured,157,115,8,light,0,65.07,44.7,3,420.0,556.0,0.0,430.0,464.0,0.0,1,2,0,-0.06393548694123864,0.006260191938647575,-0.009016741745411231,-0.3243883331846298,-0.12671946905924386,-0.05436051987222555,-0.2350953202875933,-0.13337614098770353,-0.04010523915333227,38.14,37.72,3,362.0,479.0,494.0,317.0,447.0,443.0,1,1,1,-0.06579876232666255,-0.005532747394518908,0.027598458232209487,-0.13153244696833788,0.009990260365454695,0.08332030050310685,-0.11764234320347941,0.016763924542823994,0.0803076710586419,33.66,48.43,4,1683.0,0.0,0.0,1453.0,0.0,0.0,4,0,0,0.09064879690164082,-0.08342531117095374,-0.007933731575418783,0.17607093647350902,-0.14910342525818382,-0.014905043402930354,0.25335300768292646,-0.22020976540174791,-0.02262131336100995
92,least_connections,2803,measured,379,328,9,medium,0,90.33,61.1,4,577.0,778.0,0.0,545.0,677.0,0.0,2,2,0,-0.014762492720077597,0.005663983182585902,-0.008158004436324447,-0.19879579351625237,0.019253813708303258,-0.04918332750344217,-0.16068148026020346,-0.024316508512684132,-0.036285692567300624,38.14,37.72,3,362.0,479.0,494.0,317.0,447.0,443.0,1,1,1,-0.05953221353364707,-0.0050058190712313905,0.024970033638665727,-0.1190055472570676,0.009038806997316157,0.07538503378852524,-0.10643831051743374,0.015167360300650273,0.07265932143400934,25.92,38.07,3,1296.0,0.0,0.0,1142.0,0.0,0.0,3,0,0,0.038931677922346225,-0.07548004344038672,-0.007178138092045566,0.0892737044284129,-0.1349030990431187,-0.01348551545979413,0.13543049901471124,-0.19923740679205765,-0.02046690256472329
92,least_connections,2804,measured,192,108,4,light,1,90.33,61.1,4,577.0,778.0,0.0,545.0,677.0,0.0,2,2,0,-0.013356541032451152,0.005124556212815823,-0.007381051632864976,-0.17986286080041874,0.017420117164655302,-0.044499201074542916,-0.14537848214018406,-0.02200065055909517,-0.03282991232279581,43.63,41.09,4,554.0,479.0,494.0,425.0,447.0,443.0,2,1,1,-0.010778578684637607,-0.0045290743977807885,0.022591935196888038,-0.05803903255231288,0.008177968235666994,0.06820550676104664,-0.06576561427767816,0.013722849795826442,0.06573938605934178,25.92,38.07,3,1296.0,0.0,0.0,1142.0,0.0,0.0,3,0,0,0.03522389907259896,-0.06829146787463561,-0.006494505892803131,0.08077144686380214,-0.12205518484853597,-0.01220118065409945,0.1225323562514054,-0.18026241566900453,-0.01851767374903536
92,least_connections,2805,measured,365,343,9,medium,2,90.33,61.1,4,956.0,399.0,0.0,873.0,349.0,0.0,3,1,0,0.030999410721206322,-0.038447396986590665,-0.006678094334496883,0.06587011006946242,-0.21284211621610555,-0.04026118192458645,0.016848039968404838,-0.16828630288680047,-0.029703254006339063,43.63,41.09,4,554.0,973.0,0.0,425.0,890.0,0.0,2,2,0,-0.00975204738133878,0.03898616624781284,-0.022643577905763428,-0.05251150564256879,0.1350997943900933,-0.06599093605973332,-0.05950222244170883,0.13766888791050966,-0.06577448404154791,33.22,49.5,4,1296.0,365.0,0.0,1142.0,343.0,0.0,3,1,0,0.03186924201806572,-0.018703618326484373,-0.005875981522059976,0.0730789281148686,-0.04438326248200873,-0.011039163448947122,0.11086260803698583,-0.05965012211322633,-0.016754085772936755
92,least_connections,2806,measured,439,400,17,heavy,0,100.0,81.1,5,1355.0,0.0,439.0,1222.0,0.0,400.0,4,0,1,0.07113098611737262,-0.07786964035748226,0.03704181487649828,0.3002634329199898,-0.43323810514790506,0.2283668671475964,0.173124417114271,-0.3101399883261528,0.15407800827997895,43.63,41.09,4,554.0,973.0,0.0,425.0,890.0,0.0,2,2,0,-0.008823280964068425,0.03527319803373543,-0.0204870466766431,-0.047510409867086045,0.12223314730532248,-0.05970608500642538,-0.05383534411392704,0.12455756525236589,-0.059510247466162396,33.22,49.5,4,1296.0,365.0,0.0,1142.0,343.0,0.0,3,1,0,0.02883407611158327,-0.016922321343009666,-0.0053163642342447396,0.06611903019916682,-0.04015628510276979,-0.009987814549047395,0.10030426441441576,-0.05396915810244286,-0.015158458556466588
92,least_connections,2807,measured,487,431,16,heavy,1,100.0,81.1,5,1355.0,0.0,439.0,1222.0,0.0,400.0,4,0,1,0.06435660648714664,-0.07045348413296014,0.03351402298349845,0.27166691549903843,-0.391977333229057,0.20661764170496819,0.15663637738910235,-0.2806028465808049,0.13940391225331428,57.54,54.56,5,554.0,973.0,487.0,425.0,890.0,431.0,2,2,1,-0.007982968491300008,0.031913845840046334,0.024548000852651703,-0.042985608927363556,0.11059189518100604,0.07187136526629541,-0.04870816848402923,0.1126949399902358,0.06801751419728164,23.88,36.17,3,1194.0,0.0,0.0,1085.0,0.0,0.0,3,0,0,0.02608797362476581,-0.05839457191805183,-0.004810043830983336,0.04136483684686523,-0.10237949604536314,-0.009036594115804786,0.07356100113685238,-0.15227368272760702,-0.013714795836803103
92,least_connections,2808,measured,171,124,4,light,2,100.0,81.1,5,1355.0,0.0,439.0,1222.0,0.0,400.0,4,0,1,0.05822740586932315,-0.06374362850124965,0.03032221127078431,0.2457938759277014,-0.35464615863581345,0.1869397710663998,0.1417186271615688,-0.2538787659540616,0.12612734918157006,52.06,51.19,4,362.0,973.0,487.0,317.0,890.0,431.0,1,2,1,-0.05030658600460022,0.028874431950518115,0.02221009600954202,-0.0885243944716963,0.10005933373519593,0.06502647333617204,-0.07460500958078836,0.10196208856259431,0.06153965570230244,27.3,40.3,4,1365.0,0.0,0.0,1209.0,0.0,0.0,4,0,0,0.06668730493487882,-0.05283318411633261,-0.004351944418508733,0.06836818571859238,-0.09262906785056665,-0.008175966104775759,0.10395201690159656,-0.1377714272297397,-0.012408624804726617
92,least_connections,2809,measured,377,312,14,medium,1,91.6,59.6,4,935.0,439.0,0.0,792.0,400.0,0.0,3,1,0,0.009598038416915977,-0.01458890651246851,-0.01564951860080966,-0.030948397970175012,-0.05607668321018039,-0.09565766744786053,-0.06630219447286628,-0.04874745491081767,-0.06683716026429376,52.49,51.03,4,479.0,1358.0,0.0,447.0,1186.0,0.0,1,3,0,-0.04551548257559067,0.06920838627722614,-0.02298905145621935,-0.049848601800922515,0.1900536829032725,-0.06705768058700082,-0.030743818192141836,0.17594188965187102,-0.06618138293601207,10.72,15.57,2,536.0,0.0,0.0,467.0,0.0,0.0,2,0,0,-0.02583166741719581,-0.047801452295729505,-0.0039374735215079015,-0.08815259387365453,-0.0838072518647984,-0.007397302666225687,-0.12972595296204753,-0.12465033892214544,-0.011226851013800273
92,least_connections,2810,measured,362,329,11,medium,2,81.13,53.85,3,778.0,439.0,0.0,677.0,400.0,0.0,2,1,0,-0.03439996070669052,-0.013199486844614361,-0.014159088257875407,-0.12269934419523765,-0.05073604671397275,-0.08654741340520715,-0.11201150928497422,-0.044104840157406455,-0.060471716429599115,52.49,51.03,4,479.0,1358.0,0.0,447.0,1186.0,0.0,1,3,0,-0.0411806747112487,0.06261711139368079,-0.02079961798419846,-0.045101115915120366,0.17195333215057987,-0.06067123481681026,-0.027815835507175923,0.15918551920883567,-0.0598783940849633,17.96,26.53,3,536.0,362.0,0.0,467.0,329.0,0.0,2,1,0,-0.023371508615558118,-0.0001650328027121839,-0.003562476043269054,-0.07975710874283028,-0.01032084692529378,-0.006692797650394669,-0.11737110029899539,-0.013556655850195082,-0.010157627107724056
92,least_connections,2811,measured,390,318,8,medium,0,100.0,69.75,4,778.0,829.0,0.0,677.0,718.0,0.0,2,2,0,-0.03112377397271998,0.031141507367344376,-0.012810603661887273,-0.11101369236711978,0.1893340529730722,-0.07830480260471123,-0.10134374649592903,0.10395276366710843,-0.054712505341065865,52.49,51.03,4,479.0,1358.0,0.0,447.0,1186.0,0.0,1,3,0,-0.03725870569112977,0.05665357697523499,-0.01881870198570337,-0.04080577154225176,0.1555768243267151,-0.05489302197711405,-0.025166708316016306,0.14402499356989892,-0.054175689886395366,17.96,26.53,3,536.0,362.0,0.0,467.0,329.0,0.0,2,1,0,-0.021145650652171638,-0.00014931539293007445,-0.003223192610576763,-0.07216119362446548,-0.009337909122884847,-0.006055388350357081,-0.10619290027051964,-0.012265545769224118,-0.009190234049845574
92,least_connections,2812,measured,361,332,11,medium,2,81.87,53.35,3,789.0,439.0,0.0,667.0,400.0,0.0,2,1,0,-0.02815960502293713,-0.014908250703921974,-0.011590546170278961,-0.09380603912580676,-0.06393585683388703,-0.07084720235664349,-0.09621577063917391,-0.04980464239642568,-0.04950179054667864,52.49,51.03,4,973.0,864.0,0.0,890.0,743.0,0.0,2,2,0,0.009373642696687584,0.008174097988931428,-0.01702644465373162,0.09078117268626204,0.013059303642538156,-0.049665115122150806,0.10248309723789004,0.005055351325146645,-0.049016100373405334,21.76,33.47,3,365.0,723.0,0.0,343.0,661.0,0.0,1,2,0,-0.06221567938824599,0.04294880534743968,-0.002916221885759928,-0.09623155613642116,0.056875225079294656,-0.005478684697942121,-0.13347611611777177,0.08902958557387658,-0.008314973664145995
92,least_connections,2813,measured,399,336,12,medium,0,81.87,52.7,3,390.0,838.0,0.0,318.0,736.0,0.0,1,2,0,-0.06856163810465286,0.02959548292320892,-0.010486684630252393,-0.32553879730430135,0.18281993905505456,-0.06409984975124887,-0.24493331629258594,0.10693865687942439,-0.04478733430413782,52.49,51.03,4,973.0,864.0,0.0,890.0,743.0,0.0,2,2,0,0.008480914820812563,0.007395612466176066,-0.015404878496233369,0.08213534671614184,0.011815560438486916,-0.044935104158136445,0.0927228022628529,0.004573889294180289,-0.04434790033784292,21.76,33.47,3,365.0,723.0,0.0,343.0,661.0,0.0,1,2,0,-0.05629037658936541,0.03885844293339781,-0.0026384864680685065,-0.08706664602819057,0.05145853697650468,-0.004956905202900014,-0.12076410505893635,0.08055057742398355,-0.007523071410417805
92,least_connections,2814,measured,193,118,4,light,0,94.73,58.6,4,583.0,838.0,0.0,436.0,736.0,0.0,2,2,0,-0.018948058058404743,0.026776865501950936,-0.009487952760704547,-0.17812240391024098,0.16540851628790648,-0.057995102155891834,-0.16822538140757778,0.09675402289090779,-0.04052187389421993,52.49,51.03,4,973.0,864.0,0.0,890.0,743.0,0.0,2,2,0,0.007673208647401841,0.006691268421778335,-0.01393774721087781,0.07431293274317594,0.010690268968154837,-0.040655570428790117,0.08389205919020026,0.004138280789972637,-0.040124290781857884,14.46,22.03,2,362.0,361.0,0.0,329.0,332.0,0.0,1,1,0,-0.050929388342759174,-0.007926261382254593,-0.0023872020425381724,-0.07931744164455336,-0.018947037973638628,-0.004484818993100013,-0.11348498394221226,-0.02634312836242758,-0.0068065884189494425
92,least_connections,2815,measured,156,116,4,light,2,94.73,58.6,4,583.0,838.0,0.0,436.0,736.0,0.0,2,2,0,-0.017143481100461433,0.02422668783509846,-0.00858433821206602,-0.16115836544259904,0.14965532426048683,-0.05247175909342595,-0.152203916511618,0.0875393540441547,-0.03666264780905613,52.49,51.03,4,973.0,864.0,0.0,890.0,743.0,0.0,2,2,0,0.0069424268714587956,0.006054004762561349,-0.012610342714603734,0.06723551057715918,0.009672148114044848,-0.036783611340333915,0.07590233926732406,0.003744158809975251,-0.03630292975501428,17.58,25.9,3,518.0,361.0,0.0,445.0,332.0,0.0,2,1,0,-0.002995070178596182,-0.007171379345849396,-0.0021598494670583466,-0.04353482815459589,-0.017142558166625424,-0.004057693374709535,-0.06769276324930315,-0.023834258994577334,-0.00615834190285902
92,least_connections,2816,measured,392,307,12,medium,2,94.73,58.6,4,1022.0,399.0,0.0,836.0,336.0,0.0,3,1,0,0.027573131612054158,-0.021164515995001618,-0.007766782191869256,0.11898370110748979,-0.1293912145579722,-0.04747444870357586,0.04324407553710752,-0.10175010824576478,-0.033170967065336496,38.8,37.06,3,1358.0,0.0,0.0,1186.0,0.0,0.0,3,0,0,0.04936514358664866,-0.08069036757310209,-0.011409357694165283,0.16035593814123925,-0.2145959476247077,-0.033280410260302117,0.1523640212418646,-0.2066868325052605,-0.03284550787358435,25.42,36.13,4,879.0,392.0,0.0,777.0,307.0,0.0,3,1,0,0.0403740748270751,-0.006488390836720884,-0.0019541495178146944,0.02593515547917516,-0.009900409769803956,-0.0036712463866419606,0.03888115071094794,-0.02910401210620489,-0.00557183315020578
92,least_connections,2817,measured,397,305,5,medium,1,94.73,58.6,4,1022.0,399.0,0.0,836.0,336.0,0.0,3,1,0,0.024947119077572813,-0.019148847805001465,-0.007027088649786469,0.10765192004963364,-0.11706824174292724,-0.04295307263656863,0.039125592152621125,-0.09205962174616814,-0.030011827344828258,50.14,46.59,4,1755.0,0.0,0.0,1491.0,0.0,0.0,4,0,0,0.08774760156705853,-0.07300557066137808,-0.010322752199482876,0.24770979437268587,-0.1941582383271165,-0.030110847378368583,0.2240882811235918,-0.18700237226666425,-0.029717364266576313,25.42,36.13,4,879.0,392.0,0.0,777.0,307.0,0.0,3,1,0,0.03652892484354413,-0.005870448852271282,-0.0017680400399275806,0.02346514067163466,-0.008957513601251202,-0.0033216038736284407,0.035178183976571936,-0.02633220142942347,-0.005041182373995706
92,least_connections,2818,measured,353,303,10,medium,0,100.0,67.85,4,1228.0,353.0,0.0,1054.0,303.0,0.0,3,1,0,0.02257120297494683,-0.01732514801404894,-0.006357842111711568,0.22165332448935104,-0.13366491713248968,-0.03886230381403829,0.13401839289999057,-0.09822061015129499,-0.027153558073892234,50.14,46.59,4,1755.0,0.0,0.0,1491.0,0.0,0.0,4,0,0,0.07939068713210058,-0.06605265916981827,-0.009339632942389268,0.224118385384811,-0.1756669775340578,-0.027243147628047765,0.20274654006420212,-0.16919262252698195,-0.02688713909833095,25.42,36.13,4,879.0,392.0,0.0,777.0,307.0,0.0,3,1,0,0.033049979620349446,-0.005311358485388301,-0.0015996552742201919,0.021230365369574206,-0.0081044170677987,-0.003005260647568589,0.03182788074070794,-0.023824372721859333,-0.004561069766948496
92,least_connections,2819,measured,468,402,19,heavy,0,100.0,72.05,4,838.0,353.0,468.0,736.0,303.0,402.0,2,1,1,-0.022662335630376895,-0.015675133917472855,0.03733156688758976,-0.03469461117630135,-0.12093492502463349,0.24712458226348916,-0.02260240642381811,-0.08886626632736214,0.15728963793314513,36.03,32.75,3,1261.0,0.0,0.0,1048.0,0.0,0.0,3,0,0,0.028745769083238393,-0.05976192972507367,-0.008450144090733146,0.07507309698081538,-0.15893678919748086,-0.024648562139662263,0.058184369581897155,-0.15307903942917414,-0.024326459184204192,22.3,32.27,3,723.0,392.0,0.0,661.0,307.0,0.0,2,1,0,-0.013181537713107871,-0.004805514820113224,-0.0014473071528658878,-0.009020145618004294,-0.007332567823246441,-0.002719045347800152,-0.006187472980629355,-0.021555384843587017,-0.004126682170096259
92,least_connections,2820,measured,172,109,5,light,1,100.0,72.05,4,838.0,353.0,468.0,736.0,303.0,402.0,2,1,1,-0.02050401795129339,-0.014182264020570684,0.033776179564962164,-0.03139036249284399,-0.1094173131175255,0.22358890776220447,-0.020449796288216415,-0.08040281239142288,0.14230967241570275,40.94,36.16,4,1433.0,0.0,0.0,1157.0,0.0,0.0,4,0,0,0.06909197701635401,-0.05407031737030475,-0.007645368463044275,0.11238586325475136,-0.14379995213105412,-0.022301080031123,0.08346145343124028,-0.13850008329306232,-0.022009653547613316,22.3,32.27,3,723.0,392.0,0.0,661.0,307.0,0.0,2,1,0,-0.011926153169002363,-0.004347846742007208,-0.00130946837640247,-0.008161084130575313,-0.0066342280305562995,-0.0024600886480096616,-0.005598189839617046,-0.01950249104895968,-0.0037336648205632816
92,least_connections,2821,measured,354,301,13,medium,2,100.0,72.05,4,1191.0,0.0,468.0,1039.0,0.0,402.0,3,0,1,0.02453264588987286,-0.05591547243584513,0.03055940055877529,0.18451983076044287,-0.31191725155077704,0.20229472607056595,0.11856923192970897,-0.2098168302589064,0.12875637028087392,40.94,36.16,4,1433.0,0.0,0.0,1157.0,0.0,0.0,4,0,0,0.0625117887290822,-0.048920763335037636,-0.006917238133230535,0.10168244770667983,-0.13010471859476325,-0.020177167647206524,0.07551274358064597,-0.12530959916991352,-0.019913496066888237,22.14,31.33,3,753.0,354.0,0.0,639.0,301.0,0.0,2,1,0,-0.010790329057668802,-0.003933766099911279,-0.0011847571024593776,-0.0019552665943300407,-0.012878587265741412,-0.0022257944910563606,-0.011699949537431309,-0.01945463475858257,-0.00337807769479535
92,least_connections,2822,measured,190,104,5,light,2,100.0,72.05,4,1191.0,0.0,468.0,1039.0,0.0,402.0,3,0,1,0.022196203424170682,-0.050590189346717024,0.02764898145793955,0.16694651354516266,-0.28221084664117924,0.183028561682893,0.10727692412687956,-0.1898342749961534,0.11649385882555259,29.6,26.62,3,1036.0,0.0,0.0,852.0,0.0,0.0,3,0,0,0.013474384813840806,-0.044261643017415,-0.006258453549113341,-0.010627445272187674,-0.1177137930143096,-0.018255532633186855,-0.017914065331796514,-0.11337535162992175,-0.0180169726319465,25.94,34.8,4,943.0,354.0,0.0,743.0,301.0,0.0,3,1,0,0.033321221555533215,-0.003559121709443544,-0.0010719230927013416,0.03261190165274899,-0.011652055145194615,-0.0020138140633367075,0.020779410735974863,-0.01760181240062232,-0.0030563560095767453
92,least_connections,2823,measured,375,316,9,medium,1,81.33,52.05,3,752.0,0.0,468.0,639.0,0.0,402.0,2,0,1,-0.023001620938222,-0.04577207607560112,0.025015745128611974,-0.11374680520517033,-0.2553336231515431,0.16559727009404604,-0.08389230674234699,-0.171754820234615,0.10539920560407139,15.63,13.28,2,172.0,375.0,0.0,109.0,316.0,0.0,1,1,0,-0.07397669038384924,0.0030376517824295124,-0.00566241035395969,-0.2329622464027276,-0.009564180074171286,-0.01651691047764525,-0.22628236863353018,-0.01323246099850063,-0.016301070476523027,18.72,23.73,3,582.0,354.0,0.0,411.0,301.0,0.0,2,1,0,-0.012936128343179698,-0.003220157737115592,-0.0009698351791107377,-0.03581780326656042,-0.010542335607557032,-0.0018220222477808305,-0.08132656488967355,-0.015925449314848766,-0.0027652744848551507
92,least_connections,2824,measured,491,432,16,heavy,1,81.33,52.05,3,752.0,468.0,0.0,639.0,402.0,0.0,2,1,0,-0.020810990372677057,0.0016710694916896862,-0.020450607015156056,-0.10291377613801123,0.051269579053365766,-0.1324596127720536,-0.07590256324307582,0.026459924549634084,-0.08649595683441161,29.66,26.78,3,172.0,375.0,491.0,109.0,316.0,432.0,1,1,1,-0.06693129129967312,0.002748351612674324,0.03796076704936527,-0.21077536579294404,-0.008653305781393061,0.11198129868349103,-0.20473166685890826,-0.01197222661769104,0.10739426956886013,18.72,23.73,3,582.0,354.0,0.0,411.0,301.0,0.0,2,1,0,-0.01170411612001973,-0.0029134760478664867,-0.0008774699239573341,-0.032406583907840375,-0.009538303644932564,-0.0016484963194207515,-0.0735811777573237,-0.014408739856291736,-0.002501915010107041
92,least_connections,2825,measured,358,324,8,medium,0,78.6,51.45,3,353.0,826.0,0.0,303.0,726.0,0.0,1,2,0,-0.061912891516322316,0.044595820243048034,-0.018502930156569765,-0.33377913079153393,0.26232326993717214,-0.11984441155566754,-0.22067374769611622,0.17051136030681177,-0.07825824665970574,24.74,23.38,2,375.0,0.0,491.0,316.0,0.0,432.0,1,0,1,-0.06055688260446615,-0.0405972963867187,0.03434545590180667,-0.1382253309555208,-0.10476795693146447,0.10131641309458714,-0.12670662715805986,-0.10017725265410142,0.09716624389563536,18.72,23.73,3,582.0,354.0,0.0,411.0,301.0,0.0,2,1,0,-0.010589438394303569,-0.0026360021385458676,-0.0007939013597709213,-0.02932024258328414,-0.00862989377398661,-0.0014914966699521085,-0.06657344654234051,-0.01303647891759728,-0.0022636373900968465
92,least_connections,2826,measured,381,301,14,medium,1,78.6,51.45,3,711.0,468.0,0.0,627.0,402.0,0.0,2,1,0,-0.012932525430867592,-0.002735300959237713,-0.01674074633213455,-0.08605413420821328,0.021403593435219304,-0.10843065807417539,-0.05308577172505752,0.007700754563305934,-0.07080508031116234,35.63,32.78,3,375.0,872.0,0.0,316.0,733.0,0.0,1,2,0,-0.05478956045165985,0.049436913246483534,-0.012009440125122759,-0.12506101372166173,0.13062490971506957,-0.03525793917292457,-0.11463932933348275,0.11661046188438443,-0.03423054123728231,18.72,23.73,3,582.0,354.0,0.0,411.0,301.0,0.0,2,1,0,-0.009580920451988939,-0.00238495431582722,-0.000718291706459405,-0.026527838527733272,-0.007807999128845028,-0.0013494493680519077,-0.06023311830021286,-0.011794909496873729,-0.0020480528767542897
92,least_connections,2827,measured,178,123,8,light,0,90.47,57.6,4,711.0,646.0,0.0,627.0,525.0,0.0,2,2,0,-0.011700856342213545,0.04060910412078039,-0.015146389538597926,-0.0778585023788596,0.12673023533027777,-0.09810392873377773,-0.0480299839417187,0.06261020650965776,-0.06406173932914688,35.63,32.78,3,375.0,872.0,0.0,316.0,733.0,0.0,1,2,0,-0.049571507075311286,0.044728635794437484,-0.010865683922730116,-0.11315044098626538,0.11818444212315818,-0.031900040204074616,-0.10372129796838916,0.10550470360968114,-0.03097048969087447,14.92,20.27,2,746.0,0.0,0.0,608.0,0.0,0.0,2,0,0,-0.008668451837513802,-0.04524171603631533,-0.0006498829725108902,0.005674812760622261,-0.07112152302133598,-0.0012209303806183928,0.0049160675696486855,-0.10144936256066353,-0.0018530002218253097
92,least_connections,2828,measured,386,334,13,medium,2,66.93,42.45,3,536.0,468.0,0.0,447.0,402.0,0.0,2,1,0,-0.01058648907152654,-0.006342329831765581,-0.013703876249207648,-0.17599896246976182,0.007295609743267206,-0.0887606974257989,-0.12488427118536458,0.00100447255635705,-0.05796062129779956,35.63,32.78,3,375.0,872.0,0.0,316.0,733.0,0.0,1,2,0,-0.044850411163376874,0.04046876571877677,-0.009830856882470105,-0.10237420851138297,0.1069287809685717,-0.02886194113701989,-0.09384307911425688,0.09545663659923531,-0.02802091924412452,14.8,21.17,2,354.0,386.0,0.0,301.0,334.0,0.0,1,1,0,-0.05092678522260319,0.002150919051043504,-0.0005879893560812817,-0.06579897893086556,0.0054995744092674465,-0.0011046512967499743,-0.08813943092904802,0.008942640222891735,-0.0016765240102228993
92,least_connections,2829,measured,464,443,15,heavy,2,66.93,42.45,3,536.0,468.0,0.0,447.0,402.0,0.0,2,1,0,-0.009578252017095445,-0.005738298419216484,-0.01239874517785454,-0.15923715652026077,0.006600789767717941,-0.08030729767096091,-0.11299053107247273,0.0009088085033706617,-0.052440562126580555,35.63,32.78,3,375.0,872.0,0.0,316.0,733.0,0.0,1,2,0,-0.04057894343353145,0.03661459755508375,-0.008894584798425333,-0.09262428389125128,0.09674508754299344,-0.02611318483825609,-0.08490564300813719,0.08636552835168909,-0.025352260268493614,24.08,35.93,3,354.0,386.0,464.0,301.0,334.0,443.0,1,1,1,-0.04607661520140288,0.0019460696176107906,0.04255190985696954,-0.059532409508878364,0.004975805417908638,0.08296245835055954,-0.07974519941199584,0.008090960201663958,0.13208631954630626
92,least_connections,2830,measured,170,102,4,light,0,78.27,47.55,4,706.0,468.0,0.0,549.0,402.0,0.0,3,1,0,0.03441786268748054,-0.005191793807862527,-0.011217912303773154,-0.04153203050245813,0.005972143123173401,-0.07265898360705987,-0.05608667097033243,0.0008222553125734611,-0.04744622287643003,35.63,32.78,3,375.0,872.0,0.0,316.0,733.0,0.0,1,2,0,-0.0367142821541475,0.03312749302602815,-0.008047481484289588,-0.08380292352065592,0.08753126968175595,-0.023626214853660274,-0.07681939129307652,0.0781402399372425,-0.022937759290541843,24.08,35.93,3,354.0,850.0,0.0,301.0,777.0,0.0,1,2,0,-0.0416883661346026,0.04484462988078618,-0.004584553213308735,-0.05386265622231852,0.0884638239495364,-0.008900632920922313,-0.0721504185156153,0.14092356716658483,-0.014096504537468933
92,least_connections,2831,measured,468,403,19,heavy,1,78.27,47.55,4,1174.0,0.0,0.0,951.0,0.0,0.0,4,0,0,0.07422387122971595,-0.04778123748149013,-0.010149539703413805,0.24470911525968064,-0.2768823466980812,-0.0657390804063875,0.13111205959827066,-0.1811131975743383,-0.042927534983436696,49.0,45.38,4,375.0,872.0,468.0,316.0,733.0,403.0,1,2,1,-0.0332176838537525,0.029972493690215957,0.03580284555049536,-0.0758216927091649,0.07919495828349346,0.099603492683423,-0.06950325878897401,0.07069831232417179,0.09319024159427167,24.08,35.93,3,354.0,850.0,0.0,301.0,777.0,0.0,1,2,0,-0.037718045550354726,0.04057371274928273,-0.004147929097755522,-0.04873287943924057,0.08003869785910438,-0.008052953595120187,-0.0652789500855567,0.12750227505548153,-0.012753980295805226
92,least_connections,2832,measured,184,100,1,light,2,78.27,47.55,4,1174.0,0.0,0.0,951.0,0.0,0.0,4,0,0,0.06715493111260015,-0.043230643435633924,-0.009182916874517253,0.22140348523494913,-0.25051259939350207,-0.059478215605779164,0.11862519677938776,-0.16386432161487752,-0.038839198318347486,38.29,35.5,3,0.0,872.0,468.0,0.0,733.0,403.0,0,2,1,-0.07313799514205725,0.027117970481623954,0.03239305073616247,-0.16553935462801994,0.07165258130411312,0.09011744576119224,-0.15222913890430984,0.06396513972186971,0.08431498049005533,27.76,39.27,4,538.0,850.0,0.0,401.0,777.0,0.0,2,2,0,0.008958049490722153,0.03670954963030342,-0.0037528882313026153,-0.010796414730741472,0.07241596472966587,-0.00728600563368017,-0.028903177061535446,0.11535920124067378,-0.011539315505728537
92,least_connections,2833,measured,378,313,13,medium,1,54.4,31.35,3,816.0,0.0,0.0,627.0,0.0,0.0,3,0,0,0.017675323160833256,-0.039113439298906885,-0.008308353362658467,-0.015619068914411116,-0.22665425659412092,-0.053813623643324,-0.039243869580553925,-0.14825819574679394,-0.03514022704993344,49.09,45.28,4,872.0,378.0,468.0,733.0,313.0,403.0,2,1,1,0.019995328658320072,-0.018548593600526173,0.029307998285099376,0.07564126418009079,-0.06287215433029221,0.08153483187917393,0.06951589813419587,-0.060876778346879795,0.07628498234814529,24.08,35.93,3,354.0,850.0,0.0,301.0,777.0,0.0,1,2,0,-0.034978998306580175,0.033213402046465,-0.00339547030451189,-0.043063422851623234,0.06551920618398341,-0.006592100335234439,-0.05630922369059557,0.10437261064632389,-0.010440333076611533
92,least_connections,2834,measured,493,438,17,heavy,0,75.93,48.15,3,646.0,0.0,493.0,525.0,0.0,438.0,2,0,1,-0.027091941176479672,-0.03538834984186814,0.03556681861292352,-0.11667122108129269,-0.20506813691849035,0.24867656273540525,-0.08164921533478692,-0.13413836758043263,0.16634931838339356,49.09,45.28,4,872.0,378.0,468.0,733.0,313.0,403.0,2,1,1,0.018091011643241978,-0.016782060876666532,0.02651676035318515,0.06843733425817736,-0.056884330108359624,0.07376960979544309,0.0628953364071296,-0.05507898993289123,0.06901974593403623,17.0,25.9,2,386.0,464.0,0.0,334.0,443.0,0.0,1,1,0,-0.03164766513452491,-0.013033679327574751,-0.0030720921802726625,-0.03317166829432579,-0.010568337262110275,-0.005964281255688302,-0.040994059529586485,-0.0062977967168180715,-0.009446015640743767
92,least_connections,2835,measured,166,121,3,light,2,64.07,42.0,2,468.0,0.0,493.0,402.0,0.0,438.0,1,0,1,-0.06759565652928659,-0.03201803080930927,0.03217950255454985,-0.212924755581487,-0.1855378381643484,0.22499308057012857,-0.12951595673147387,-0.12136328495372475,0.1505065261564037,49.09,45.28,4,872.0,378.0,468.0,733.0,313.0,403.0,2,1,1,0.016368058153409415,-0.015183769364603056,0.023991354605262756,0.061919492900255696,-0.05146677485994443,0.06674393267206756,0.056905304368355364,-0.04983337184404443,0.06244643679746134,20.32,29.93,3,552.0,464.0,0.0,455.0,443.0,0.0,2,1,0,0.014450298438377696,-0.01179237653447239,-0.002779511972627647,2.5633447990947023e-05,-0.009561828951433107,-0.005396254469432273,-0.0005977998918481053,-0.005698006553311569,-0.008546395103530075
92,least_connections,2836,measured,196,114,3,light,0,77.13,47.7,3,664.0,0.0,493.0,516.0,0.0,438.0,2,0,1,-0.018074074728311462,-0.028968694541756004,0.029114788025545103,-0.07442398520864701,-0.1678675678629819,0.20356516813487824,-0.0656096751380002,-0.10980487686289382,0.13617257128436522,49.09,45.28,4,872.0,846.0,0.0,733.0,716.0,0.0,2,2,0,0.01480919547213233,0.029346204134973658,-0.02137743653628154,0.05602239833832656,0.07441441458249926,-0.06059222418105451,0.05148575157136914,0.06885611595062646,-0.057444295278487364,20.32,29.93,3,552.0,464.0,0.0,455.0,443.0,0.0,2,1,0,0.013074079539484584,-0.010669293054998835,-0.002514796546663109,2.3192167229901806e-05,-0.008651178575106153,-0.004882325472343485,-0.0005408665688149683,-0.005155339262519987,-0.007732452712717687
92,least_connections,2837,measured,383,310,13,medium,0,100.0,63.2,4,664.0,876.0,0.0,516.0,748.0,0.0,2,2,0,-0.016352734277996078,0.05995802920144978,-0.016741949156026083,-0.0673359866173473,0.3765007719334925,-0.11318707010018952,-0.05936113464866688,0.23903368283833415,-0.0749391021712886,49.09,45.28,4,872.0,846.0,0.0,733.0,716.0,0.0,2,2,0,0.013398795903357824,0.02655132755069045,-0.01934149019949282,0.05068693182991449,0.06732732747940409,-0.054821536163811226,0.046582346659810175,0.06229839062199538,-0.05197341001386952,20.32,29.93,3,1016.0,0.0,0.0,898.0,0.0,0.0,3,0,0,0.05491282933391009,-0.05273707013366107,-0.002275292113647575,0.08398288815130324,-0.09178916156795318,-0.004417342094025058,0.13311381913615153,-0.13826752917402602,-0.006996028644839812
92,least_connections,2838,measured,198,125,8,light,2,71.47,43.1,3,196.0,876.0,0.0,114.0,748.0,0.0,1,2,0,-0.05787923124018239,0.05424774070607361,-0.015147477807833123,-0.34320874979664756,0.3406435555588742,-0.10240734913826671,-0.23556483611069862,0.21626857018706425,-0.06780204482164207,49.09,45.28,4,872.0,846.0,0.0,733.0,716.0,0.0,2,2,0,0.012122720103038026,0.024022629688719932,-0.01749944351382684,0.04585960498897024,0.06091520105279416,-0.04960043748154349,0.042145932692209204,0.05636521056275773,-0.04702356144112004,20.96,30.07,3,850.0,198.0,0.0,777.0,125.0,0.0,2,1,0,0.00659913583725652,-0.00463059179893599,-0.00205859762663352,0.045946422613083904,-0.0472187652281481,-0.0039966428469750525,0.08394424905969264,-0.0874007803638013,-0.006329740202474116
92,least_connections,2839,measured,378,344,7,medium,0,83.6,54.6,3,378.0,876.0,0.0,344.0,748.0,0.0,1,2,0,-0.05236692350302216,0.049081289210257076,-0.013704860873753779,-0.20074442441918905,0.3082013121723148,-0.0926542682679556,-0.10908247076682259,0.1956715635025819,-0.061344707219580914,49.09,45.28,4,1250.0,468.0,0.0,1046.0,403.0,0.0,3,1,0,0.05405207555807748,-0.02134914003220123,-0.01583282984584333,0.13920630927573502,-0.0426005323808053,-0.044876586292825066,0.12662905815009406,-0.037499928538457294,-0.04254512701815623,20.96,30.07,3,1048.0,0.0,0.0,902.0,0.0,0.0,3,0,0,0.04905454693665612,-0.047273483282937546,-0.00186254070981128,0.07739914426898067,-0.0785503113968959,-0.0036160101948821905,0.11364797137146798,-0.11677530921804244,-0.0057269078022384855
92,least_connections,2840,measured,382,329,9,medium,0,100.0,71.05,4,378.0,1258.0,0.0,344.0,1077.0,0.0,1,3,0,-0.04737959745511529,0.08749078094079948,-0.012399636028634371,-0.18162590780783772,0.5092615046638405,-0.08383005224243602,-0.0986936640271252,0.3258695098356693,-0.0555023541510494,24.17,22.38,2,378.0,468.0,0.0,313.0,403.0,0.0,1,1,0,-0.03726354161525415,-0.01931588860056302,-0.014324941289096345,-0.09946640045120574,-0.038543338820728607,-0.04060262569350839,-0.09267787595943872,-0.033928506772889944,-0.038493210159284204,20.96,30.07,3,1048.0,0.0,0.0,902.0,0.0,0.0,3,0,0,0.044382685323641244,-0.04277124677980064,-0.0016851558803054438,0.07002779719574442,-0.0710693293590963,-0.0032716282715600773,0.10282435505037579,-0.1056538511972765,-0.005181488011549106
92,least_connections,2841,measured,476,450,16,heavy,1,100.0,71.05,4,378.0,1258.0,0.0,344.0,1077.0,0.0,1,3,0,-0.0428672548403424,0.07915832561310429,-0.011218718311621575,-0.16432820230232936,0.4607604089815699,-0.0758462377431564,-0.08929426745311325,0.29483431842274843,-0.05021641566047327,37.77,36.44,3,378.0,468.0,476.0,313.0,403.0,450.0,1,1,1,-0.03371463288999185,-0.017476280162414162,0.030123239060432103,-0.08999340993204329,-0.03487254464732589,0.08631191008682576,-0.0838514115823493,-0.030697220413567095,0.09240495271302858,13.24,18.93,2,662.0,0.0,0.0,568.0,0.0,0.0,2,0,0,-0.0029281373148914713,-0.03869779470553391,-0.0015246648440858778,-0.006489135870516971,-0.06430082180108712,-0.002960044626649594,-0.007698599398866385,-0.09559157965467874,-0.004688012962830144
92,least_connections,2842,measured,176,125,5,light,2,100.0,71.05,4,760.0,876.0,0.0,673.0,748.0,0.0,2,2,0,0.0042992410854952035,0.028535537232717942,-0.010150268948609997,0.0817348010915433,0.18646576685634098,-0.06862278652952246,0.06804328182813568,0.11792152619201052,-0.045433899883285334,37.77,36.44,3,378.0,468.0,476.0,313.0,403.0,450.0,1,1,1,-0.030503715471897383,-0.01581187252789852,0.02725435914991476,-0.08142260898613442,-0.03155134991900915,0.07809172817379473,-0.07586556286022078,-0.027773675612275006,0.08360448102607348,16.76,23.1,3,838.0,0.0,0.0,693.0,0.0,0.0,3,0,0,0.040434633132331754,-0.03501229044786401,-0.0013794586684586514,0.025976496117151332,-0.05817693401050739,-0.002678135614587728,0.03073301324229552,-0.08648761968756648,-0.004241535537798702
92,least_connections,2843,measured,383,303,12,medium,1,100.0,71.05,4,1143.0,493.0,0.0,983.0,438.0,0.0,3,1,0,0.04697368978030064,-0.01726603320667923,-0.009183576667789997,0.30496640733679314,-0.062308750622040665,-0.06208728305052032,0.20180106451117036,-0.03354719058818098,-0.04110686179916292,48.71,45.91,4,846.0,859.0,0.0,716.0,753.0,0.0,2,2,0,0.015485300514088307,0.028777920320563477,-0.018425194329215442,0.04731151703975592,0.0725283704814407,-0.052393198318947634,0.04530318122170501,0.07382976968413213,-0.05158999335736209,16.76,23.1,3,838.0,0.0,0.0,693.0,0.0,0.0,3,0,0,0.0365837156911573,-0.031677786595686486,-0.0012480816524149702,0.02350254410599406,-0.05263627362855431,-0.002423075079865087,0.027806059600172156,-0.07825070352684586,-0.0038375797722940636
92,least_connections,2844,measured,401,414,18,heavy,2,100.0,71.05,4,1636.0,0.0,0.0,1421.0,0.0,0.0,4,0,0,0.085583905266077,-0.058705549318514766,-0.008308950318476664,0.4912553209237652,-0.35373966326121137,-0.056174208474280285,0.38072477265296367,-0.22849507719883042,-0.03719192258019502,48.71,45.91,4,846.0,859.0,0.0,716.0,753.0,0.0,2,2,0,0.014010509988937048,0.026037166004319337,-0.01667041391690921,0.04280565827406488,0.0656209066260654,-0.047403369907619286,0.04098859253392359,0.06679836304754813,-0.04667666065666094,15.5,22.13,3,374.0,0.0,401.0,250.0,0.0,414.0,2,0,1,-0.009984347934757914,-0.02866085453895444,0.04195468349362001,-0.06269769818981491,-0.04762329518773961,0.07036959873726492,-0.1084453111553998,-0.07079825557190816,0.12138504687268634
92,least_connections,2845,measured,171,104,5,light,2,100.0,71.05,4,1636.0,0.0,0.0,1421.0,0.0,0.0,4,0,0,0.07743305714549824,-0.05311454462151336,-0.007517621716716982,0.44446909988340666,-0.3200501715220484,-0.050824283857682166,0.3444652704955386,-0.20673364127513227,-0.033649834715414544,48.71,45.91,4,846.0,859.0,0.0,716.0,753.0,0.0,2,2,0,0.012676175704276371,0.023557435908669877,-0.015082755448632143,0.03872892891463012,0.05937129647120201,-0.042888763249750786,0.03708491705450229,0.06043661418587687,-0.042231264403645614,18.92,25.6,4,545.0,0.0,401.0,354.0,0.0,414.0,3,0,1,0.03405044257150021,-0.025931249344768304,0.03795899935137049,-0.02578363169554683,-0.04308774326509775,0.06366773219085874,-0.0667521069183776,-0.06405556456505977,0.10982456621814478
92,least_connections,2846,measured,373,327,11,medium,0,100.0,70.2,4,1258.0,373.0,0.0,1077.0,327.0,0.0,3,1,0,0.02697458004774103,-0.004972116335564242,-0.006801657743696317,0.25617045545006634,-0.06458507582153586,-0.04598387587123624,0.15604000663882062,-0.03911615162988158,-0.03044508855204173,37.91,36.12,3,468.0,859.0,0.0,403.0,753.0,0.0,1,2,0,-0.031614979351459696,0.02131387058403464,-0.013646302548762415,-0.06267382622009657,0.05371688728346849,-0.0388041191307269,-0.054944003617355075,0.05468074616817431,-0.03820923922234603,14.96,21.43,3,347.0,0.0,401.0,229.0,0.0,414.0,2,0,1,-0.01227635694778098,-0.023461606550028467,0.03434385655600187,-0.05915661915311381,-0.03898414866842177,0.05760413864887219,-0.09809317610075433,-0.05795503460648265,0.09936508372117861
92,least_connections,2847,measured,419,403,16,heavy,1,100.0,70.2,4,1258.0,373.0,0.0,1077.0,327.0,0.0,3,1,0,0.02440557242414665,-0.004498581446462882,-0.0061538808157252396,0.2317732692167267,-0.05843411621948483,-0.041604459121594696,0.14117905362559963,-0.03539080385560714,-0.027545556308990138,49.89,48.72,4,468.0,859.0,419.0,403.0,753.0,403.0,1,2,1,-0.028604028937034953,0.019283978147459913,0.030737245539781848,-0.056704890389611184,0.04860099325647149,0.07320443643274369,-0.049711241368083164,0.04947305605691962,0.07937318832263932,11.44,17.27,2,171.0,0.0,401.0,104.0,0.0,414.0,1,0,1,-0.05419108032236873,-0.021227167830978135,0.031073013074477882,-0.08537027447186488,-0.035271372604762555,0.05211803020612246,-0.12644938155147617,-0.05243550750110335,0.08990174241439969
92,least_connections,2848,measured,369,303,13,medium,2,100.0,70.2,4,1258.0,373.0,0.0,1077.0,327.0,0.0,3,1,0,0.02208123219327554,-0.004070145118228327,-0.005567796928513312,0.20969962452941937,-0.05286896229381963,-0.03764212968144282,0.12773342947078065,-0.03202025110745407,-0.02492216999384822,49.89,48.72,4,851.0,476.0,419.0,706.0,450.0,403.0,2,1,1,0.017204064521820994,-0.025636491426674582,0.027809888821707388,0.047702378082868785,-0.055034475489042806,0.06623258534391095,0.04069280542887713,-0.04090830642469179,0.07181383705381653,18.82,27.37,3,171.0,770.0,0.0,104.0,717.0,0.0,1,2,0,-0.04903002505357171,0.06696226765405833,-0.014970221730801187,-0.07723977214121108,0.1074211390718815,-0.02540749648017491,-0.11440658330847843,0.1687964455942398,-0.043517471148876476
92,least_connections,2849,measured,448,401,16,heavy,2,83.27,53.75,3,876.0,373.0,0.0,748.0,327.0,0.0,2,1,0,-0.023105642528079506,-0.0036825122498256313,-0.005037530554369187,-0.04068446669560466,-0.04783382302774156,-0.03405716494987684,-0.033264992383579384,-0.028970703382934643,-0.022548629994434105,49.89,48.72,4,851.0,895.0,0.0,706.0,853.0,0.0,2,2,0,0.015565582186409466,0.01988897941214704,-0.017922572245212588,0.04315929445592889,0.0585198282990293,-0.04838820509700574,0.03681730014993645,0.07693117513956457,-0.04896902837988029,27.78,40.73,4,171.0,770.0,448.0,104.0,717.0,401.0,1,2,1,-0.04436049885799345,0.0605849088298623,0.029539413898889626,-0.06988360336585767,0.09719055439836896,0.05807893175603222,-0.10351071823148049,0.15272059363288365,0.0815635578494292
92,least_connections,2850,measured,359,327,9,medium,0,81.67,54.6,3,866.0,359.0,0.0,765.0,327.0,0.0,2,1,0,-0.020905105144452873,-0.0033317967974612894,-0.0045577657396673596,-0.042841501613483546,-0.05172266527906777,-0.030813625430840947,-0.022406421680381317,-0.0262115887750361,-0.020401141423535617,36.51,36.12,3,859.0,419.0,0.0,753.0,403.0,0.0,2,1,0,0.01408314578770381,-0.0250891093300529,-0.016215660602811387,0.0411169126710105,-0.07010110772944969,-0.04377980461157662,0.04659958108803777,-0.057627746302298694,-0.04430531139132026,24.36,37.27,3,0.0,770.0,448.0,0.0,717.0,401.0,0,2,1,-0.08321958966970383,0.054814917512732556,0.02672613638470966,-0.09417087923577598,0.08793431112233382,0.052547604922124395,-0.12501763395546647,0.13817577519165664,0.07379559995900738
92,least_connections,2851,measured,454,443,19,heavy,0,79.07,54.85,3,373.0,359.0,454.0,327.0,327.0,443.0,1,1,1,-0.06199804297650044,-0.0030144828167506937,0.03896020741467737,-0.3361264379677549,-0.04679669715725182,0.2459622754038423,-0.2184153339012974,-0.023715246986937416,0.18194658633108682,36.51,36.12,3,859.0,419.0,0.0,753.0,403.0,0.0,2,1,0,0.012741893807922483,-0.022699670346238335,-0.014671311973972208,0.03720101622615235,-0.06342481175521639,-0.03961029941047409,0.0421615257463199,-0.0521393895116036,-0.040085757925480234,24.36,37.27,3,0.0,1218.0,0.0,0.0,1118.0,0.0,0,3,0,-0.07529391446306537,0.09267834940494396,-0.018903110164401007,-0.08520222407046399,0.16062628149163538,-0.033523595546649354,-0.11311119262637442,0.2459526854908639,-0.054169060354548874
92,least_connections,2852,measured,390,336,10,medium,0,100.0,71.65,4,732.0,390.0,454.0,654.0,336.0,443.0,2,1,1,-0.013009567228171592,-0.0027273892151553902,0.035249711470422385,-0.08757471371685766,-0.0236414561581485,0.22253729679395257,-0.049685302101173834,-0.017385223464371963,0.16461834001384046,36.51,36.12,3,859.0,419.0,0.0,753.0,403.0,0.0,2,1,0,0.011528380111929859,-0.020537796979929912,-0.013274044166927236,0.03365806229985213,-0.057384353492814844,-0.03583788994280989,0.038146142341908496,-0.04717373336764136,-0.03626806669448212,24.36,37.27,3,0.0,1218.0,0.0,0.0,1118.0,0.0,0,3,0,-0.06812306546658295,0.08385183993780644,-0.017102813958267578,-0.07708772653994361,0.14532854039719392,-0.03033087216125418,-0.10233869809052924,0.2225286202060197,-0.04901010222554422
92,least_connections,2853,measured,192,123,4,light,1,100.0,71.65,4,732.0,390.0,454.0,654.0,336.0,443.0,2,1,1,-0.01177056082548858,-0.0024676378613310707,0.03189259609228692,-0.07923426479144258,-0.021389888904991494,0.20134326852786183,-0.04495336856772869,-0.01572948789633652,0.14894040286966517,42.0,39.97,4,1051.0,419.0,0.0,876.0,403.0,0.0,3,1,0,0.053514339375646286,-0.01858181631517468,-0.012009849484362737,0.08008518561823352,-0.051919176969689645,-0.03242475756730419,0.06928996211886956,-0.04268099685643742,-0.03281396510453144,24.36,37.27,3,0.0,1218.0,0.0,0.0,1118.0,0.0,0,3,0,-0.06163515446976552,0.07586595041992011,-0.015473974533670666,-0.06974603829804422,0.13148772702603262,-0.02744221766970616,-0.09259215541524074,0.20133541828163687,-0.04434247344215906
92,least_connections,2854,measured,494,400,17,heavy,2,100.0,71.65,4,732.0,390.0,454.0,654.0,336.0,443.0,2,1,1,-0.010649555032584912,-0.0022326247316804965,0.028855205988259598,-0.07168814433511472,-0.01935275662832564,0.18216771914425595,-0.04067209537080213,-0.014231441430018782,0.1347556025963637,42.0,39.97,4,1051.0,419.0,0.0,876.0,403.0,0.0,3,1,0,0.048417735625584726,-0.016812119523253274,-0.010866054295375809,0.07245802508316365,-0.046974493448766835,-0.029336685418037124,0.06269091810754865,-0.038616140012967204,-0.02968882557076654,34.24,50.6,4,369.0,849.0,494.0,303.0,815.0,400.0,1,2,1,-0.012681239531601912,0.025556721581741784,0.02908363755343629,0.0036678701112933254,0.052193657785458064,0.06456180306074205,0.00760709748144886,0.09077966415957622,0.08051553990153863
92,least_connections,2855,measured,389,330,16,medium,0,100.0,88.15,5,1122.0,0.0,843.0,990.0,0.0,773.0,3,0,2,0.033448588530609114,-0.04510389403161115,0.06919099135899225,0.17037739322061052,-0.2527477321875327,0.39945333319400944,0.11520143752165518,-0.1648760660557313,0.2712074499681386,31.06,30.5,3,668.0,419.0,0.0,573.0,403.0,0.0,2,1,0,0.0007226224821050009,-0.01521096528294344,-0.009831191981530494,-0.033449541931559384,-0.042500732167931904,-0.026542715378224065,-0.028949288378884525,-0.03493841239268461,-0.02686131837355068,34.24,50.6,4,770.0,448.0,494.0,717.0,401.0,400.0,2,1,1,0.03161039779340326,-0.019961152128990994,0.02631376731025188,0.07588045391021776,-0.02533907152744272,0.05841305991209994,0.131739754864168,-0.04272316099847867,0.07284739324424924
92,least_connections,2856,measured,161,117,2,light,1,100.0,88.15,5,1122.0,454.0,389.0,990.0,443.0,330.0,3,1,1,0.030263008670551095,0.0022756151505377575,0.019517472907568948,0.1541509748186476,0.04516475024302591,0.08756888876283392,0.10422987204340228,0.05123117833052884,0.04497340711403017,35.66,34.16,4,1248.0,0.0,0.0,1093.0,0.0,0.0,4,0,0,0.08682160174684783,-0.05684620214942048,-0.008894887983289494,0.1196681015177048,-0.14676596856010166,-0.024014837723155106,0.12083159622862827,-0.14555439692671465,-0.024303097576069663,34.24,50.6,4,770.0,448.0,494.0,717.0,401.0,400.0,2,1,1,0.028599883717841043,-0.018060090021468037,0.023807694233085035,0.06865374401400655,-0.02292582662006723,0.05284991134904281,0.11919311154377105,-0.03865428852243308,0.06590954626860646
92,least_connections,2857,measured,385,335,11,medium,1,100.0,71.8,4,749.0,843.0,0.0,663.0,773.0,0.0,2,2,0,-0.01570308285816352,0.045142790124862955,-0.025425234262766414,-0.085514197386303,0.2754982660928965,-0.1554059260399757,-0.053625353865493164,0.19563773277524038,-0.10859548880159176,27.57,26.72,3,580.0,385.0,0.0,520.0,335.0,0.0,2,1,0,-0.007614922682557174,-0.008348377908432597,-0.00804775579440478,-0.06440913264044401,-0.03326444774485389,-0.021727710320949858,-0.05268510341219346,-0.03697481150512276,-0.02198851685453922,34.24,50.6,4,770.0,942.0,0.0,717.0,801.0,0.0,2,2,0,0.02587608526852285,0.026743818778762474,-0.021543605444442337,0.06211529220314879,0.06864806162946299,-0.041573889731818414,0.10784138663484047,0.08566199292414786,-0.061002474010943365
92,least_connections,2858,measured,173,117,4,light,1,100.0,71.8,4,749.0,843.0,0.0,663.0,773.0,0.0,2,2,0,-0.014207551157386034,0.04084347677963791,-0.023003783380598185,-0.07736998811141699,0.24926033598881114,-0.1406053616552161,-0.0485181773068748,0.17700556774902704,-0.09825306129667825,27.91,26.72,3,592.0,385.0,0.0,520.0,335.0,0.0,2,1,0,-0.0068896919508850685,-0.007553294298105681,-0.007281302861604325,-0.05517288871550374,-0.03009640510248686,-0.01965840457609749,-0.04766747451579409,-0.03345340088558725,-0.019894372392202153,34.24,50.6,4,1218.0,494.0,0.0,1118.0,400.0,0.0,3,1,0,0.06649559642208756,-0.018887111807877027,-0.01949183349735259,0.13726621675522988,-0.018956515668581114,-0.037614471662121424,0.21850728632041122,-0.04343280005275513,-0.05519271458132971
92,least_connections,2859,measured,159,106,9,light,1,82.2,55.45,3,390.0,843.0,0.0,336.0,773.0,0.0,1,2,0,-0.05593835127391615,0.03695362184824383,-0.02081294686816026,-0.2865411003547741,0.22552125637082915,-0.1272143748309098,-0.1918259699443153,0.16014789463007206,-0.0888956268874708,32.46,30.03,4,592.0,544.0,0.0,520.0,441.0,0.0,2,2,0,-0.006233530812705529,0.03624996729037604,-0.006587845446213437,-0.04991832788545575,0.013871960009314621,-0.01778617556885011,-0.04312771503809942,-0.000297124610769417,-0.017999670259611474,34.24,50.6,4,1218.0,494.0,0.0,1118.0,400.0,0.0,3,1,0,0.06016268247712685,-0.017088339254745885,-0.017635468402366627,0.12419324373092228,-0.01715113322395434,-0.03403214102763367,0.19769706857561015,-0.03929634290487369,-0.04993626557358402
92,least_connections,2860,measured,162,102,4,light,0,93.0,60.55,4,552.0,843.0,0.0,438.0,773.0,0.0,2,2,0,-0.007526989021071517,0.03343422929126823,-0.018830761452145,-0.16153718603527178,0.2040430414783692,-0.11509872008510887,-0.12741397280676145,0.14489571418911285,-0.08042937670771168,32.46,30.03,4,592.0,544.0,0.0,520.0,441.0,0.0,2,2,0,-0.005639861211495484,0.03279758945319737,-0.00596043159419311,-0.045164201420174244,0.012550820960808479,-0.01609225408610248,-0.03902031360589947,-0.0002688270287913852,-0.016285415949172287,34.24,50.6,4,1218.0,494.0,0.0,1118.0,400.0,0.0,3,1,0,0.054432903193590954,-0.015460878373341522,-0.015955899983093616,0.11236531575654873,-0.015517691964530123,-0.030790984739287604,0.17886877633031395,-0.035553834056790495,-0.04518043075705221
92,least_connections,2861,measured,179,108,4,light,0,100.0,65.95,5,731.0,843.0,0.0,546.0,773.0,0.0,3,2,0,0.03627376730293075,0.030250016977814112,-0.017037355599559764,-0.03818443815889666,0.18461037086138166,-0.1041369372198604,-0.06642216587278416,0.1310961223615783,-0.07276943606888199,32.46,30.03,4,1136.0,0.0,0.0,961.0,0.0,0.0,4,0,0,0.0810650688812093,-0.056493790948240925,-0.005392771442365195,0.09976300143616887,-0.12927034566130932,-0.014559658458854624,0.08938340673751952,-0.12493072445462078,-0.014734423954013021,26.86,40.5,3,849.0,494.0,0.0,815.0,400.0,0.0,2,1,0,0.006164916948396354,-0.013988413766356608,-0.014436290460894225,0.03489242854163932,-0.01403981653933678,-0.027858510002212594,0.0704527023940936,-0.03216775462281046,-0.04087753258971391
92,least_connections,2862,measured,498,442,14,heavy,2,78.93,49.15,4,341.0,843.0,0.0,210.0,773.0,0.0,2,2,0,-0.010264777428867639,0.027369062979927056,-0.015414750304363596,-0.2697859202390017,0.16702843077934532,-0.0942191336751118,-0.21209624531347143,0.11861077737476133,-0.06583901358613133,27.51,26.38,3,963.0,0.0,0.0,844.0,0.0,0.0,3,0,0,0.030260685903860565,-0.051113429905551316,-0.004879174162139939,0.04554067476877863,-0.11695888416975606,-0.013173024319916089,0.047790344191089074,-0.11303256022084737,-0.013331145482202258,28.8,41.43,3,448.0,992.0,0.0,401.0,842.0,0.0,1,2,0,-0.037506118225827334,0.030427716342910915,-0.013061405655094775,-0.04099256465280253,0.07741159455964768,-0.025205318573430443,-0.06111422164343913,0.10419742835713974,-0.036984434247836394
92,least_connections,2863,measured,431,402,20,heavy,1,78.93,49.15,4,795.0,389.0,0.0,653.0,330.0,0.0,3,1,0,0.033796720648258075,-0.018321414673490036,-0.01394667884680516,0.029749246767887372,-0.12272030865995748,-0.08524588284891067,0.008508159002097282,-0.0930902490418826,-0.0595686313398331,27.86,26.34,3,544.0,0.0,431.0,441.0,0.0,402.0,2,0,1,-0.01570518440897875,-0.046245484200260714,0.03866940931815457,-0.06710945752212547,-0.10581994282025547,0.09949651541123238,-0.07070456954139559,-0.10226755448552857,0.1015992017065789,28.8,41.43,3,448.0,992.0,0.0,401.0,842.0,0.0,1,2,0,-0.03393410696622473,0.027529838595967027,-0.011817462259371463,-0.03708851087634514,0.07003906174444313,-0.022804812042627545,-0.055293819582159204,0.09427386375169788,-0.03346210717661388
92,least_connections,2864,measured,354,333,8,medium,1,68.13,44.05,3,1022.0,0.0,0.0,881.0,0.0,0.0,3,0,0,0.030577985348423972,-0.059660418264676926,-0.012618423718538002,0.16383662009158062,-0.3456675808510727,-0.07712722733949061,0.1108407152876118,-0.23351022532360807,-0.053895428355087094,37.97,36.75,4,544.0,354.0,431.0,441.0,333.0,402.0,2,1,1,-0.01420945256050457,0.0012427478550929155,0.034986608430711275,-0.060718080615256353,-0.004231648946217539,0.09002065680063882,-0.06397080101364364,0.001623998322617004,0.09192308725833329,28.8,41.43,3,942.0,498.0,0.0,801.0,442.0,0.0,2,1,0,0.012381612971601647,-0.018175951020882444,-0.010691989663240847,0.05583420444521156,-0.02602180127883716,-0.02063292518142492,0.07060717910820519,-0.03533952009767016,-0.030275239826460177
92,least_connections,2865,measured,350,348,12,medium,0,79.53,56.05,3,843.0,350.0,0.0,773.0,348.0,0.0,2,1,0,-0.015418103959135676,-0.010894573441283667,-0.01141666907867724,0.040264878495557044,-0.10163574775414508,-0.06978177711668199,0.05142731383164878,-0.05384258481659779,-0.04876253041650737,37.97,36.75,4,898.0,0.0,431.0,774.0,0.0,402.0,3,0,1,0.030227728862491324,-0.04195950931024473,0.03165455048492925,0.036574797810686455,-0.09533883884249614,0.0814472609148637,0.03627344194003673,-0.09268245389858462,0.0831685075194444,19.84,28.07,2,494.0,498.0,0.0,400.0,442.0,0.0,1,1,0,-0.03188148849054635,-0.016444908066512692,-0.009673704933408385,-0.030550005501951444,-0.023543534490376467,-0.01866788468795588,-0.05705382207670326,-0.03197385151693968,-0.02739188365251159
92,least_connections,2866,measured,367,327,14,medium,2,79.53,56.05,3,843.0,350.0,0.0,773.0,348.0,0.0,2,1,0,-0.013949713105884665,-0.009856995018304268,-0.010329367261660359,0.0364301281626469,-0.09195615272994079,-0.06313589358175989,0.04652947441911082,-0.04871471959596943,-0.04411847990064952,37.97,36.75,4,898.0,0.0,431.0,774.0,0.0,402.0,3,0,1,0.027348897542254058,-0.0379633655664119,0.028639831391126462,0.03309148373347823,-0.08625894942892508,0.07369037892297192,0.03281882842193801,-0.08385555352729085,0.07524769727949732,27.18,38.97,3,494.0,865.0,0.0,400.0,769.0,0.0,1,2,0,-0.02884515625335146,0.028205173880864937,-0.008752399701655205,-0.027640481168432263,0.04510823069918318,-0.01688999090815056,-0.051620124736064865,0.06969032481800697,-0.024783132828462867
92,least_connections,2867,measured,364,336,8,medium,0,100.0,72.85,4,843.0,714.0,0.0,773.0,684.0,0.0,2,2,0,-0.012621169000562316,0.03416566663876779,-0.009345617998645087,0.03296059214715674,0.13635713165703767,-0.057122951335878,0.04209809590300506,0.10792477750840862,-0.039916719910111476,37.97,36.75,4,898.0,0.0,431.0,774.0,0.0,402.0,3,0,1,0.02474424063346796,-0.03434780694103934,0.02591222840149537,0.02993991385409936,-0.07804381138807508,0.0666722475969746,0.029693225715086757,-0.07586931033421553,0.0680812499195452,27.18,38.97,3,494.0,865.0,0.0,400.0,769.0,0.0,1,2,0,-0.026097998514937035,0.025518966844592095,-0.007918837825307092,-0.02500805439048634,0.040812208727832394,-0.015281420345469553,-0.046703922380249174,0.06305315102581582,-0.022422834463847355
92,least_connections,2868,measured,454,422,16,heavy,2,100.0,72.85,4,1207.0,350.0,0.0,1109.0,348.0,0.0,3,1,0,0.03166474732148669,-0.01217210660120556,-0.008455559141631269,0.2493770436886973,-0.09618481738966428,-0.05168267025627057,0.1900887534360522,-0.05435377273048747,-0.03611512753771991,22.43,22.97,2,354.0,0.0,431.0,333.0,0.0,402.0,1,0,1,-0.06378015416609134,-0.031076587232368925,0.02344439712516248,-0.11353735685309377,-0.07061106744635365,0.060322509730596066,-0.09782220054349292,-0.0686436617309569,0.061597321355779,36.26,53.03,4,494.0,865.0,454.0,400.0,769.0,422.0,1,2,1,-0.023612474846847795,0.023088589049869046,0.0359192374324319,-0.02262633492472574,0.036925331706134074,0.06832633397314661,-0.04225592977260642,0.057048089023357174,0.10698251485016985
92,least_connections,2869,measured,378,322,12,medium,1,100.0,72.85,4,1207.0,350.0,0.0,1109.0,348.0,0.0,3,1,0,0.028649057100392714,-0.011012858353471697,-0.007650267794809243,0.2256268490516785,-0.08702435859064861,-0.0467605111842448,0.17198506263261865,-0.049177222946631516,-0.032675591581746585,33.23,33.03,3,354.0,809.0,0.0,333.0,724.0,0.0,1,2,0,-0.057705853769320734,0.05805088819565714,-0.021872302827800838,-0.1027242752480372,0.145243047820646,-0.05683745718252192,-0.08850580049173168,0.14259621081484852,-0.057929804487628515,36.26,53.03,4,992.0,367.0,454.0,842.0,327.0,422.0,2,1,1,0.02172023250818078,-0.022194224419732983,0.0324983576769622,0.06964283983001004,-0.05670565226587869,0.06181906407094216,0.09507003179303863,-0.08168664961378798,0.09679370391205844
92,least_connections,2870,measured,365,320,7,medium,1,73.53,50.7,3,1103.0,0.0,0.0,1014.0,0.0,0.0,3,0,0,0.025920575471783877,-0.053047914927517474,-0.006921670861970268,0.14140841898326473,-0.28984743555026937,-0.042307129166697675,0.1126293423818931,-0.2019222493326666,-0.0295636304787231,43.66,43.03,4,719.0,809.0,0.0,653.0,724.0,0.0,2,2,0,-0.009126157945485214,0.05252223217702313,-0.019789226368010282,0.0014127305578983118,0.13141037659963212,-0.05142436602228174,0.010399513840814195,0.12901561930867247,-0.05241268025071152,36.26,53.03,4,992.0,821.0,0.0,842.0,749.0,0.0,2,2,0,0.019651638935973076,0.023003411466046564,-0.013680624233315376,0.06301018841762812,0.030847266997538342,-0.0262208467929571,0.08601574305084447,0.05336287257165215,-0.039694585349407445
92,least_connections,2871,measured,483,438,16,heavy,0,79.8,56.1,3,714.0,0.0,483.0,684.0,0.0,438.0,2,0,1,-0.01963195099038148,-0.047995732553468194,0.03682143611354617,-0.10669397012625248,-0.26224291787881515,0.253055454563464,-0.047382975940191974,-0.18269155892003167,0.17139481051925054,43.66,43.03,4,719.0,809.0,0.0,653.0,724.0,0.0,2,2,0,-0.008257000045915203,0.04752011482683045,-0.017904538142485493,0.0012781847904794197,0.11889510263776239,-0.046526807353493,0.009409083951212843,0.11672841746975128,-0.04742099641731042,26.38,39.7,3,498.0,821.0,0.0,442.0,749.0,0.0,1,2,0,-0.025303845951353154,0.02081261037404214,-0.012377707639666292,-0.032381258098336474,0.02790943204539184,-0.023723623288865948,-0.04281115311272801,0.04828069423149478,-0.03591414864946388
92,least_connections,2872,measured,366,341,11,medium,0,100.0,73.15,4,714.0,366.0,483.0,684.0,341.0,438.0,2,1,1,-0.01776224137224991,-0.0003408101787614748,0.03331463267416082,-0.09653263963803793,-0.016505497128451785,0.22895493508122935,-0.04287031156493559,-0.011030458070504845,0.15507149523170285,33.54,32.62,3,365.0,809.0,0.0,320.0,724.0,0.0,1,2,0,-0.05055451931591874,0.04299438960522755,-0.01619934403367735,-0.09035375117596081,0.10757175952940407,-0.042095682843636524,-0.08563880499652171,0.10561142532977497,-0.04290471104423324,26.38,39.7,3,498.0,821.0,0.0,442.0,749.0,0.0,1,2,0,-0.02289395586074809,0.018830457005085732,-0.011198878340650455,-0.029297328755637758,0.025251390898211656,-0.021464230594688237,-0.03873390043532535,0.043682532876114316,-0.03249375353999113
92,least_connections,2873,measured,183,118,5,light,1,100.0,73.15,4,714.0,849.0,0.0,684.0,779.0,0.0,2,2,0,-0.016070599336797525,0.04277554816025889,-0.012942089712040432,-0.08733905491060578,0.2763997883123531,-0.08418363016460202,-0.03878742474922747,0.18816291888859085,-0.05784007574274504,38.77,36.31,4,548.0,809.0,0.0,438.0,724.0,0.0,2,2,0,-0.0026559029638357767,0.03889968583330112,-0.014656549363803317,-0.03444250956736589,0.0973268300504132,-0.03808657019186162,-0.044119633092091076,0.09555319434598689,-0.0388185480876396,26.38,39.7,3,865.0,454.0,0.0,769.0,422.0,0.0,2,1,0,0.022370321114651953,-0.026046820079298844,-0.010132318498683745,0.03990241684013726,-0.0435630272825704,-0.01942001815709888,0.0635740900823247,-0.05909675596922992,-0.029399110345706258
92,least_connections,2874,measured,186,117,6,light,2,100.0,73.15,4,714.0,849.0,0.0,684.0,779.0,0.0,2,2,0,-0.014540066066626334,0.038701686430710425,-0.011709509739465152,-0.0790210496810243,0.25007599894927185,-0.07616614157749707,-0.035093384296920105,0.17024264089920124,-0.05233149710057884,38.77,36.31,4,926.0,431.0,0.0,760.0,402.0,0.0,3,1,0,0.040680940402334526,-0.00788894637758017,-0.013260687519631572,0.06655201515333561,-0.009656677573435662,-0.0344592777926367,0.05112390339286996,-0.004588776544107109,-0.0351215435078644,30.1,43.6,4,1051.0,454.0,0.0,886.0,422.0,0.0,3,1,0,0.06332371456858532,-0.02356617054793704,-0.009167335784523388,0.06975932952202896,-0.03941416754137321,-0.01757049261832756,0.09280512912210326,-0.05346849349596994,-0.026599195074686614
92,least_connections,2875,measured,402,433,20,heavy,0,100.0,78.0,4,350.0,849.0,402.0,348.0,779.0,433.0,1,2,1,-0.05623919809656214,0.03501581153254753,0.0324895818910508,-0.29105079098124426,0.2262592371445793,0.17356396714416933,-0.18375115722102298,0.15402905605165826,0.14853340738519055,38.77,36.31,4,926.0,431.0,0.0,760.0,402.0,0.0,3,1,0,0.03680656512592172,-0.007137618151143957,-0.01199776489871428,0.06021372799587507,-0.008736993995013237,-0.03117744181238559,0.04625496021259662,-0.0041517502065731016,-0.031776634602353505,30.1,43.6,4,1051.0,454.0,0.0,886.0,422.0,0.0,3,1,0,0.057292884609672426,-0.02132177335289541,-0.008294256185997351,0.06311558385326427,-0.03566043729933767,-0.01589711236896303,0.08396654539618864,-0.048376256020163294,-0.024065938400906935
92,least_connections,2876,measured,399,340,14,medium,0,100.0,95.0,5,716.0,882.0,402.0,689.0,778.0,433.0,2,2,1,-0.007799183765370282,0.031680972338971575,0.02939533599666501,-0.04256976326874479,0.224615500273667,0.1570340655113913,-0.011989142247592233,0.13890724118959558,0.134387368586601,38.77,36.31,4,1357.0,0.0,0.0,1162.0,0.0,0.0,4,0,0,0.0763850781978294,-0.04954174522064952,-0.010855120622646253,0.16589405322075776,-0.11931986531521606,-0.02820816163977744,0.1555104401923493,-0.11741705971070898,-0.02875028844974841,20.14,28.87,3,553.0,454.0,0.0,444.0,422.0,0.0,2,1,0,0.008752519181993879,-0.019291128271667277,-0.007504327025426175,-0.033009709847046625,-0.032264205175591226,-0.014383101667157028,-0.05733185575265473,-0.04376899354205252,-0.021773944267487227
92,least_connections,2877,measured,161,120,9,light,2,100.0,77.6,4,366.0,882.0,402.0,341.0,778.0,433.0,1,2,1,-0.05014030458590191,0.02866373687811713,0.02659578018745882,-0.249626611211404,0.2032235478666511,0.14207844022459212,-0.16827589060496437,0.12567798012391984,0.12158857157835327,28.34,26.31,3,992.0,0.0,0.0,842.0,0.0,0.0,3,0,0,0.02602640861889781,-0.04482348377106385,-0.009821299610965659,0.055740878084086926,-0.10795606861852881,-0.02552167005503673,0.05022373160260177,-0.10623448259540337,-0.026012165740248564,23.36,32.87,4,1007.0,161.0,0.0,866.0,120.0,0.0,3,1,0,0.05100284615332326,-0.01745387796007991,-0.006789629213480825,0.052286452995529226,-0.08221047134934445,-0.013013282460761121,0.07539816225553464,-0.13067988304598402,-0.0197002352896313
92,least_connections,2878,measured,185,117,5,light,1,100.0,77.6,4,366.0,882.0,402.0,341.0,778.0,433.0,1,2,1,-0.045365037482482676,0.025933857175439307,0.02406284874103417,-0.22585264823888934,0.18386892426030338,0.1285471602032024,-0.15224961530925343,0.11370864868354652,0.1100087076185101,28.4,26.28,3,994.0,0.0,0.0,841.0,0.0,0.0,3,0,0,0.02354770303614563,-0.040554580554772054,-0.008885937743254644,0.050949229831180665,-0.09767453827390703,-0.023091034811699898,0.045157780973782535,-0.09611691282441258,-0.023534816622129653,23.36,32.87,4,1007.0,161.0,0.0,866.0,120.0,0.0,3,1,0,0.046145432233959144,-0.015791603868643728,-0.006142997859815985,0.04730679080547881,-0.07438090264940686,-0.01177392222640292,0.06821738489786469,-0.11823417989874746,-0.01782402240490451
92,least_connections,2879,measured,425,448,17,heavy,1,100.0,77.6,4,366.0,882.0,402.0,341.0,778.0,433.0,1,2,1,-0.04104455772224623,0.023463966015873666,0.021771148860935677,-0.20434287221613795,0.1663575981402745,0.1163045735171831,-0.13774965194646735,0.10287925357082783,0.09953168784531866,40.54,40.28,4,994.0,0.0,425.0,841.0,0.0,448.0,3,0,1,0.021305064651750805,-0.036692239549555666,0.035044242268574596,0.046096922228211074,-0.0883722012954397,0.08897205693907424,0.04085703992866038,-0.08696292112684947,0.10537326115140652,23.36,32.87,4,1168.0,0.0,0.0,986.0,0.0,0.0,4,0,0,0.08483452939081564,-0.057371541822196934,-0.005557950444595415,0.07193471549067132,-0.0964303404923205,-0.010652596300078832,0.09791096728854423,-0.14316425800362867,-0.01612649646158027
92,least_connections,2880,measured,399,323,13,medium,0,100.0,93.75,5,849.0,798.0,402.0,779.0,663.0,433.0,2,2,1,0.005948348001867915,0.02122930258579045,0.019697706112275136,0.10645168704254182,0.0998473506983436,0.10522794746792755,0.07351221966748195,0.041057419897415626,0.09005247947909784,40.54,40.28,4,994.0,0.0,425.0,841.0,0.0,448.0,3,0,1,0.019276010875393587,-0.03319774054483608,0.031706695385853204,0.04170673915885764,-0.0799558011720645,0.08049852770678145,0.036965893268787964,-0.07868073816238762,0.09533771247032018,12.3,18.07,2,615.0,0.0,0.0,542.0,0.0,0.0,2,0,0,-0.009412750052300578,-0.051907585458178175,-0.005028621830824423,-0.03498287646082118,-0.08724649854067092,-0.009638063319118944,-0.045318648643698056,-0.12952956676518784,-0.014590639655715483
92,least_connections,2881,measured,464,441,14,heavy,2,100.0,93.75,5,849.0,1200.0,0.0,779.0,1096.0,0.0,2,3,0,0.0053818386683566755,0.062291364471043956,-0.025262166125175102,0.09631343113372831,0.33281426967945377,-0.1472699522909227,0.06651105588962652,0.23302814181194753,-0.11440489951891149,29.74,30.22,3,616.0,0.0,425.0,519.0,0.0,448.0,2,0,1,-0.025643699910925077,-0.030036050969137407,0.02868701011101004,-0.059979616951509745,-0.0723409629652012,0.07283200125851656,-0.057596334661572796,-0.07118733452787451,0.08625793033028968,21.58,32.77,3,615.0,464.0,0.0,542.0,441.0,0.0,2,1,0,-0.00851629766636719,-0.0038801056639752723,-0.004549705465984002,-0.03165117394074296,0.005024596558440592,-0.008720152526821902,-0.04100258686810776,0.01580658245054431,-0.013201054926599723
92,least_connections,2882,measured,460,406,16,heavy,1,100.0,93.75,5,849.0,1200.0,0.0,779.0,1096.0,0.0,2,3,0,0.004869282604703651,0.05635885356903976,-0.022856245541825092,0.08714072340670659,0.30111767256712485,-0.13324424254893008,0.06017666961442397,0.21083498544890494,-0.10350919480282468,42.89,42.91,4,616.0,425.0,460.0,519.0,448.0,406.0,2,1,1,-0.023201442776551257,0.015908425540394955,0.025954913909961467,-0.05426727247993737,0.04441259813352544,0.07494323923389593,-0.05211096945570873,0.06225907828430402,0.06616788934645254,21.58,32.77,3,615.0,464.0,0.0,542.0,441.0,0.0,2,1,0,-0.007705221698141751,-0.003510571791215722,-0.0041164001835093346,-0.02863677642257695,0.004546063552874818,-0.007889661809981722,-0.03709757859495463,0.01430119364573057,-0.011943811600256891
92,least_connections,2883,measured,384,347,12,medium,2,100.0,76.7,4,882.0,801.0,0.0,778.0,756.0,0.0,2,2,0,0.004405541404255697,0.007907443478564313,-0.020679460252127465,0.09874636879654408,0.03177313232263679,-0.12055431468712721,0.05399317727019309,0.036945939215675905,-0.09365117625017472,25.29,26.69,2,0.0,425.0,460.0,0.0,448.0,406.0,0,1,1,-0.10715958201325158,0.01439333739369067,0.023483017347107994,-0.20833705605327665,0.04018282688271349,0.0678057878782868,-0.1938890914123079,0.05632964225722745,0.059866185599171354,29.26,44.33,4,615.0,848.0,0.0,542.0,788.0,0.0,2,2,0,-0.006971391060223486,0.03990766860613362,-0.0037243620707941598,-0.02590946438233152,0.07359881940498197,-0.00713826544712632,-0.033564475871625615,0.11758996885407369,-0.010806305733565759
92,least_connections,2884,measured,158,124,4,light,1,100.0,76.7,4,882.0,801.0,0.0,778.0,756.0,0.0,2,2,0,0.003985966032421823,0.00715435362346295,-0.018709987847162945,0.08934195272068274,0.02874711972048094,-0.10907295138359129,0.048850969911127085,0.03342727833799253,-0.08473201660730094,29.8,30.56,3,158.0,885.0,0.0,124.0,854.0,0.0,1,2,0,-0.05387000730904168,0.05610644358295369,-0.021837360722231088,-0.1476518942522843,0.15526745561497207,-0.0575634708312099,-0.14036393984923096,0.16575658108987243,-0.06062702255313067,20.18,30.27,3,161.0,848.0,0.0,120.0,788.0,0.0,1,2,0,-0.04939134928124528,0.036106938262692324,-0.003369660921194716,-0.10559427729829993,0.06658940803307892,-0.006458430642638099,-0.15763770039178826,0.10639092420130475,-0.009777133758940449
92,least_connections,2885,measured,371,309,13,medium,1,100.0,76.7,4,882.0,801.0,0.0,778.0,756.0,0.0,2,2,0,0.0036063502198102337,0.006472986611704562,-0.016928084242671237,0.08083319531871302,0.026009298794720803,-0.09868505125182069,0.04419849658625785,0.03024372802008851,-0.07666230073993895,40.4,40.22,4,158.0,1256.0,0.0,124.0,1163.0,0.0,1,3,0,-0.04873953042246627,0.0938468729922869,-0.019757612082018604,-0.1335898090854001,0.23638484079449856,-0.052081235513951815,-0.12699594557787564,0.23733631146226558,-0.05485302040521346,20.18,30.27,3,161.0,848.0,0.0,120.0,788.0,0.0,1,2,0,-0.044687411254460005,0.03266818223767401,-0.0030487408334618857,-0.09553767946036659,0.06024755964897616,-0.005843342010005899,-0.14262458606876083,0.0962584552297519,-0.008845978162850883
92,least_connections,2886,measured,443,442,16,heavy,2,100.0,76.7,4,1281.0,402.0,0.0,1101.0,433.0,0.0,3,1,0,0.04634678852087139,-0.03722738853045324,-0.015315885743369215,0.31380146243121654,-0.21713444394763354,-0.08928647494212348,0.18610816357804277,-0.11875567464849132,-0.06936112924089714,40.4,40.22,4,158.0,1256.0,0.0,124.0,1163.0,0.0,1,3,0,-0.04409767038223139,0.08490907556445006,-0.017875934740873976,-0.12086697012488581,0.21387199881407012,-0.047121117845956406,-0.11490109361807796,0.2147328532277641,-0.04962892322376456,25.82,41.0,3,0.0,848.0,443.0,0.0,788.0,442.0,0,2,1,-0.08351536755222118,0.029556926786466958,0.04032551566314899,-0.11557218617842692,0.05450969682526413,0.07487507151475656,-0.16523176834792647,0.08709098330310885,0.12529808324948413
92,least_connections,2887,measured,151,102,4,light,2,80.0,54.8,3,798.0,402.0,0.0,663.0,433.0,0.0,2,1,0,-0.001151091565016582,-0.03368192295612435,-0.013857229958286433,-0.007417724466994513,-0.19645497309547794,-0.08078300113811172,-0.029759280572247027,-0.10744561039625403,-0.06275530740843074,40.4,40.22,4,158.0,1256.0,0.0,124.0,1163.0,0.0,1,3,0,-0.0398978922505903,0.07682249693926434,-0.016173464765552644,-0.10935583011299194,0.19350323702225394,-0.0426333923368177,-0.10395813232111814,0.19428210530131035,-0.04490235910721556,28.84,44.4,4,151.0,848.0,443.0,102.0,788.0,442.0,1,2,1,-0.032477622796680844,0.026741981378232013,0.03648499036189671,-0.07724150178048149,0.049318297127619926,0.06774411232287499,-0.11873350469574298,0.07879660394090801,0.11336493246381898
92,least_connections,2888,measured,395,335,8,medium,0,100.0,71.55,4,1200.0,395.0,0.0,1096.0,335.0,0.0,3,1,0,0.0420424364298376,-0.030474120769826793,-0.012537493771782964,0.23576491595843352,-0.18196719788003562,-0.07308938198210109,0.16895588900606223,-0.1415460284537536,-0.05677861146477067,35.89,36.34,3,0.0,1256.0,0.0,0.0,1163.0,0.0,0,3,0,-0.07918199321538669,0.0695060686593344,-0.014633134787880964,-0.13978452656481585,0.1750743573058488,-0.03857306925712078,-0.1291168816238688,0.1757790476535665,-0.04062594395414741,28.84,44.4,4,999.0,443.0,0.0,890.0,442.0,0.0,3,1,0,0.056783284589851116,-0.01888877421788078,-0.010073670851707963,0.08356245077004057,-0.02866439783691531,-0.018869612660255965,0.13022524178321668,-0.033057040878860994,-0.03073331507241776
92,least_connections,2889,measured,188,108,5,light,1,100.0,71.55,4,1595.0,0.0,0.0,1431.0,0.0,0.0,4,0,0,0.08112229509184853,-0.07065572378041018,-0.011343446745898872,0.3942634953909636,-0.4028909568120957,-0.06612848845999622,0.30441247100548485,-0.27961307336291996,-0.05137112465860204,41.26,39.72,4,613.0,831.0,0.0,556.0,715.0,0.0,2,2,0,0.014526949449117255,0.019802542845973742,-0.013239502903320873,0.03199087052298974,0.048536663412774766,-0.03489944361358546,0.04038234519745201,0.03237151930560778,-0.0367568064347048,28.84,44.4,4,999.0,443.0,0.0,890.0,442.0,0.0,3,1,0,0.051375352724151,-0.01708984333998738,-0.009114273627735776,0.07560412212527479,-0.02593445518578051,-0.01707250669261254,0.11782283780386271,-0.029908751271350426,-0.02780633268456845
92,least_connections,2890,measured,377,340,7,medium,0,100.0,71.55,4,1573.0,0.0,0.0,1431.0,0.0,0.0,4,0,0,0.07339636222595819,-0.06392660722989493,-0.010263118484384694,0.35671459106801473,-0.364520389496658,-0.05983053717809182,0.27542080710020056,-0.25298325685216566,-0.04647863659587804,41.26,39.72,4,613.0,831.0,0.0,556.0,715.0,0.0,2,2,0,0.01314343045396324,0.017916586384452426,-0.011978597864909362,0.028944120949371654,0.04391412404012954,-0.031575687078958276,0.03653640755959944,0.02928851746697847,-0.03325615820282816,28.84,44.4,4,999.0,443.0,0.0,890.0,442.0,0.0,3,1,0,0.046482461988517576,-0.015462239212369527,-0.008246247567951417,0.06840372954191529,-0.023464507072849042,-0.01544655367426849,0.1066016151558758,-0.027060298769317065,-0.02515811052413336
92,least_connections,2891,measured,490,446,18,heavy,0,100.0,93.85,5,1573.0,0.0,490.0,1431.0,0.0,446.0,4,0,1,0.06640623249015265,-0.05783835892228589,0.03379822159802836,0.322741772871061,-0.32980416192554773,0.24142316477537723,0.24919025404303863,-0.2288896133424356,0.1597098049846818,41.26,39.72,4,1444.0,0.0,0.0,1271.0,0.0,0.0,4,0,0,0.09805947562614814,-0.06995755562948634,-0.01083777902063228,0.2410038645324247,-0.1750845000181141,-0.028568478785724154,0.2352144877920186,-0.17565860324416235,-0.03008890504065405,25.82,41.0,3,848.0,443.0,0.0,788.0,442.0,0.0,2,1,0,-0.001028339380003379,-0.013989645001667661,-0.007460890656717949,0.03456527910935192,-0.021229792113530085,-0.013975453324338158,0.06568717561722093,-0.02448312745795353,-0.02276209999802542
92,least_connections,2892,measured,366,328,15,medium,2,100.0,93.85,5,1573.0,0.0,490.0,1431.0,0.0,446.0,4,0,1,0.06008182939585238,-0.05232994378683009,0.030579343350597088,0.2920044611690552,-0.2983942417421622,0.2184304824158175,0.22545784889608256,-0.20709060254791792,0.14449934736709302,41.26,39.72,4,1444.0,0.0,0.0,1271.0,0.0,0.0,4,0,0,0.08872047794746736,-0.06329493128382098,-0.009805609590095871,0.21805111552933662,-0.15840978573067466,-0.025847671282321853,0.21281310800230255,-0.15892921245900404,-0.027223295036782235,33.14,51.93,4,848.0,443.0,366.0,788.0,442.0,328.0,2,1,1,-0.0009304022961935388,-0.01265729785865169,0.03633357058496493,0.031273347765604115,-0.019207907150336753,0.05358411365893215,0.05943125412986655,-0.02215140103338653,0.0783263539700405
92,least_connections,2893,measured,413,450,18,heavy,1,100.0,77.7,4,1174.0,0.0,490.0,1108.0,0.0,446.0,3,0,1,0.011275850179013835,-0.0473461396166558,0.02766702493625451,0.06755959185136728,-0.26997574252862294,0.1976275793285968,0.05786662519169372,-0.1873676880195448,0.13073750476070323,53.06,53.78,5,1444.0,0.0,413.0,1271.0,0.0,450.0,4,0,1,0.08027090861913713,-0.05726684259012375,0.034212158216670625,0.19728434262178074,-0.1433231394706104,0.08337591645885165,0.1925451929544642,-0.14379309698671794,0.10260154258576845,33.14,51.93,4,848.0,809.0,0.0,788.0,770.0,0.0,2,2,0,-0.0008417925536989279,0.031632059307024896,-0.010210669697503377,0.028294933692689456,0.04884998876874294,-0.017747706689537585,0.053771134688926886,0.07887889112852328,-0.028053933709645908
92,least_connections,2894,measured,488,430,15,heavy,0,100.0,99.2,5,1174.0,0.0,978.0,1108.0,0.0,876.0,3,0,2,0.01020195968577442,-0.04283698346268858,0.06811597040717812,0.06112534500837985,-0.24426376704970648,0.47315511145603206,0.05235551803058003,-0.16952314630339765,0.312810123354922,47.69,50.41,4,1256.0,0.0,413.0,1163.0,0.0,450.0,3,0,1,0.02954215995246194,-0.051812857581540535,0.030953857434130566,0.12989671815440026,-0.1296733166638856,0.07543535298658008,0.14367184124451524,-0.13009851632131622,0.09282996710140955,33.14,51.93,4,848.0,809.0,0.0,788.0,770.0,0.0,2,2,0,-0.0007616218342990366,0.02861948223016539,-0.009238224964407817,0.025600178102909515,0.04419760888600552,-0.016057448909581624,0.04865007424236242,0.07136661578294964,-0.025382130499203442
92,least_connections,2895,measured,189,115,6,light,1,100.0,77.55,4,772.0,978.0,0.0,675.0,876.0,0.0,2,2,0,-0.03385355574915194,0.0474105297015584,-0.024539065323210724,-0.18717230689718012,0.36890421076455127,-0.16181204201597102,-0.14851167416280858,0.24290762953502118,-0.1132670312503087,53.09,54.0,5,1445.0,0.0,413.0,1278.0,0.0,450.0,4,0,1,0.0698125211361277,-0.04687829971663191,0.02800587101183242,0.16638274499683833,-0.11732347698161077,0.06825103365452484,0.16250368969741852,-0.11770818143357183,0.08398901785365626,16.18,25.67,2,443.0,366.0,0.0,442.0,328.0,0.0,1,1,0,-0.04377298664826601,-0.017190082970893444,-0.008358394015416597,-0.05012364838308188,-0.040173591960280725,-0.014528168061050041,-0.06033247251087842,-0.06873179206939475,-0.022964784737374542
92,least_connections,2896,measured,351,330,8,medium,2,90.33,60.8,3,377.0,978.0,0.0,340.0,876.0,0.0,1,2,0,-0.0737133078093234,0.04289524115855284,-0.022202011482904942,-0.40760034116094074,0.3337704764060226,-0.1464013713477833,-0.28591532424254107,0.21977356957930488,-0.10247969494075548,40.94,40.0,4,1020.0,0.0,413.0,830.0,0.0,450.0,3,0,1,0.020079809372596263,-0.042413699743619346,0.025338645201181714,0.040672823704622385,-0.10614981250717165,0.06175093521123676,0.020360481154807264,-0.10649787843989832,0.07599006377235566,23.2,36.67,3,443.0,717.0,0.0,442.0,658.0,0.0,1,2,0,-0.039604130777002575,0.027530968014996632,-0.0075623564901388255,-0.04534996758469313,0.02716675013117459,-0.013144533007616704,-0.05458652274793763,0.03733790241340473,-0.02077766238143411
92,least_connections,2897,measured,384,327,10,medium,0,90.8,60.15,3,0.0,1362.0,0.0,0.0,1203.0,0.0,0,3,0,-0.1097768930066214,0.08189388032259089,-0.020087534198818757,-0.5961780864472004,0.533601859605449,-0.13245838360037537,-0.4124948171718229,0.34677132485746637,-0.09271972399401687,40.94,40.0,4,1020.0,413.0,0.0,830.0,450.0,0.0,3,1,0,0.018167446575206136,0.0047096004587208196,-0.0201584593304501,0.03679922144703929,0.01072159820779707,-0.050892010999357216,0.018421387711492293,0.030876919506758665,-0.05847922801548774,23.2,36.67,3,794.0,366.0,0.0,772.0,328.0,0.0,2,1,0,0.007251591428516946,-0.01817492916556994,-0.006842132062506556,0.02248336266146811,-0.038934845119413475,-0.011892672721177017,0.05013600322805645,-0.06574189781644332,-0.018798837392726097
92,least_connections,2898,measured,374,320,7,medium,0,100.0,76.15,4,374.0,1362.0,0.0,320.0,1203.0,0.0,1,3,0,-0.05623805058875722,0.0740944631490108,-0.018174435703693162,-0.313811919483975,0.4827826348811205,-0.11984329944795867,-0.22844769172688736,0.3137454843948505,-0.08388927408982479,17.2,17.66,2,189.0,413.0,0.0,115.0,450.0,0.0,1,1,0,-0.06973058688547108,0.004261067081699793,-0.018238606060883424,-0.18152179284043385,0.009700493616578293,-0.046045152808942245,-0.18549076826103078,0.027936260506114988,-0.05290977772829843,23.2,36.67,3,794.0,366.0,0.0,772.0,328.0,0.0,2,1,0,0.0065609636734201005,-0.016443983530753756,-0.0061905004375059315,0.02034209002704257,-0.03522676463185029,-0.010760037223922063,0.04536114577776537,-0.05948076469106775,-0.017008471926752183
92,least_connections,2899,measured,386,314,16,medium,1,100.0,76.15,4,374.0,1362.0,0.0,320.0,1203.0,0.0,1,3,0,-0.05088204577078034,0.06703784761100978,-0.016443537065246195,-0.2839250700093108,0.43680333632101376,-0.10842965188148641,-0.206690768705279,0.28386496207153145,-0.07589981941460337,28.23,27.47,3,189.0,413.0,386.0,115.0,450.0,314.0,1,1,1,-0.0630895786106643,0.0038552511691569563,0.02658230426691046,-0.16423400304610683,0.008776637081666067,0.058122412764698525,-0.16782498080759928,0.02527566426743738,0.04090901062677762,23.2,36.67,3,794.0,366.0,0.0,772.0,328.0,0.0,2,1,0,0.0059361099902372205,-0.014877889861158164,-0.005600928967267271,0.01840474811970519,-0.031871834666912166,-0.009735271774024725,0.04104103665607342,-0.053815929958585085,-0.015388617457537689
92,least_connections,2900,measured,352,311,13,medium,1,100.0,76.15,4,758.0,978.0,0.0,647.0,876.0,0.0,2,2,0,-0.002952236422996274,0.017569390468918145,-0.014877485916175128,-0.02526553953223354,0.1635839709571077,-0.0981030183689639,-0.039077362161919094,0.10890163235043321,-0.06867126518464114,38.29,37.19,4,189.0,765.0,386.0,115.0,761.0,314.0,1,2,1,-0.05708104731441056,0.046571984617899374,0.024050656241490418,-0.14859266942266808,0.09893396416232374,0.05258694488234629,-0.15184164930211363,0.1108000057657767,0.03701291437660832,23.2,36.67,3,1160.0,0.0,0.0,1100.0,0.0,0.0,3,0,0,0.04845466640840057,-0.05654484819637666,-0.005067507160860864,0.08288048639401902,-0.09506499327006339,-0.008808103033641417,0.13605300141898702,-0.14761123821649763,-0.013923034842534099
92,least_connections,2901,measured,375,305,11,medium,2,100.0,76.15,4,758.0,978.0,0.0,647.0,876.0,0.0,2,2,0,-0.0026710710493775824,0.015896115186164045,-0.013460582495587022,-0.022859297672020773,0.14800454515166883,-0.08875987376239591,-0.035355708622688664,0.09853004831705864,-0.0621311446908658,32.89,33.59,3,0.0,1151.0,0.0,0.0,1075.0,0.0,0,3,0,-0.09472865732074788,0.08522045773819013,-0.021323782674932703,-0.18329812947765206,0.18929399478632009,-0.05220364850780915,-0.16989542079715042,0.18902738616903605,-0.05529188699259247,30.7,46.83,4,1160.0,375.0,0.0,1100.0,305.0,0.0,3,1,0,0.043839936274267174,-0.008075724331869136,-0.004584887431255067,0.0749871067374458,-0.018154041530057355,-0.00796923607805652,0.12309557271241683,-0.041568898068894675,-0.012597031524197519
92,least_connections,2902,measured,495,403,15,heavy,1,100.0,76.15,4,1736.0,0.0,0.0,1523.0,0.0,0.0,4,0,0,0.0837511171231255,-0.07178560099936632,-0.012178622257912067,0.42687333385229875,-0.4559958877199187,-0.08030655245169153,0.36429721600804355,-0.3071394800940898,-0.05621389281554525,47.03,46.19,4,0.0,1151.0,495.0,0.0,1075.0,403.0,0,3,1,-0.0857068804330576,0.07710422366788632,0.02379095399705635,-0.16584116476549474,0.17126599528286102,0.08072731121402302,-0.15371490453075515,0.17102477796246118,0.06391745938765445,21.84,32.1,3,717.0,375.0,0.0,658.0,305.0,0.0,2,1,0,-0.0034191959786108728,-0.007306607728833986,-0.004148231485421251,-0.012316427237549055,-0.01642508519386142,-0.0072102612134797095,-0.021929402466543457,-0.0376099553956666,-0.011397314236178707
92,least_connections,2903,measured,402,415,18,heavy,2,100.0,76.15,4,1736.0,0.0,0.0,1523.0,0.0,0.0,4,0,0,0.0757748202542564,-0.06494887709466476,-0.011018753471444251,0.3862187306282703,-0.4125677079370693,-0.07265830936105425,0.3296022430548965,-0.2778881010375098,-0.050860188737874276,47.03,46.19,4,0.0,1646.0,0.0,0.0,1478.0,0.0,0,4,0,-0.07754432039181403,0.11284486449770213,-0.02155875137227781,-0.1500467681211619,0.28291413178653413,-0.05492018781316285,-0.13907538981354037,0.26868015625175057,-0.05611337007783647,29.88,45.93,4,717.0,375.0,402.0,658.0,305.0,415.0,2,1,1,-0.0030935582663622063,-0.006610740326087897,0.03933073840661433,-0.011143434167306288,-0.01486079136587462,0.06621928747351835,-0.01984088794592026,-0.0340280548817936,0.11484687442123515
92,least_connections,2904,measured,189,107,3,light,0,100.0,81.5,5,1925.0,0.0,0.0,1630.0,0.0,0.0,5,0,0,0.11164207093298933,-0.05876326975231574,-0.009969348378925751,0.3494359943779588,-0.37327554527639606,-0.06573847037428718,0.3466163151449063,-0.251422567605366,-0.04601636123902911,47.03,46.19,4,413.0,1233.0,0.0,450.0,1028.0,0.0,1,3,0,-0.027075246794407704,0.059013834318782654,-0.0195055369558704,-0.028994694966765544,0.1492080239973404,-0.04968969373571877,0.0014020282639396475,0.11585942708491717,-0.050769239594233,22.86,34.93,3,366.0,375.0,402.0,328.0,305.0,415.0,1,1,1,-0.045882833896323166,-0.005981146009317623,0.03558495379646059,-0.07359644043708664,-0.013445477902457995,0.05991268866651661,-0.11747508909392784,-0.030787287750194195,0.10390907685730799
92,least_connections,2905,measured,171,102,3,light,2,100.0,65.5,4,1551.0,0.0,0.0,1310.0,0.0,0.0,4,0,0,0.05792559252213775,-0.05316676787114281,-0.00901988662855187,0.3161563758657723,-0.3377254933453107,-0.059477663671974115,0.1688433327501534,-0.22747756116675974,-0.04163385064483586,47.03,46.19,4,413.0,1233.0,0.0,450.0,1028.0,0.0,1,3,0,-0.02449665186160696,0.05339346914556525,-0.01764786676959703,-0.026233295446121213,0.13499773599759368,-0.0449573419513646,0.001268501762612062,0.10482519593397269,-0.04593407391859176,26.28,38.33,4,912.0,0.0,402.0,735.0,0.0,415.0,3,0,1,0.044654760261603296,-0.04849541328280665,0.03219591057775005,0.03221274436644542,-0.08002209905460485,0.054206718317324556,0.01645904637533513,-0.11983929209144555,0.09401297429946913
92,least_connections,2906,measured,443,430,16,heavy,0,100.0,87.0,5,1551.0,0.0,443.0,1310.0,0.0,430.0,4,0,1,0.05240886942479128,-0.04810326616912921,0.034923050419972346,0.28604624483093677,-0.30556116064575733,0.21339322493170595,0.15276301534537684,-0.20581303153183025,0.15685508751181518,47.03,46.19,4,765.0,881.0,0.0,761.0,717.0,0.0,2,2,0,0.02092026282816059,0.005224476619230256,-0.01596711755344493,0.06725831092289716,0.031147611480816018,-0.04067569033694893,0.08907923968998235,0.006910296321213372,-0.04155940021205921,26.28,38.33,4,912.0,0.0,402.0,735.0,0.0,415.0,3,0,1,0.0404019259509744,-0.04387680249396792,0.029129633379869097,0.029144863950593486,-0.0724009467636901,0.04904417371567459,0.014891518149112715,-0.10842602617797455,0.0850593576995197
92,least_connections,2907,measured,168,103,6,light,1,94.73,65.3,3,978.0,0.0,443.0,876.0,0.0,430.0,2,0,1,-0.038750251926322615,-0.04352200272445024,0.03159704561807022,-0.05605339753391436,-0.2764600977271138,0.19307006065249588,-0.05811917659227811,-0.1862117904335607,0.14191650774878517,51.83,49.41,5,933.0,881.0,0.0,864.0,717.0,0.0,3,2,0,0.06201175707128362,0.004726907417398812,-0.01444643969121208,0.10428132893024028,0.02818117229216688,-0.03680181506676332,0.10971752638617452,0.006252172862050209,-0.037601362096625,18.96,27.4,3,546.0,402.0,0.0,407.0,415.0,0.0,2,1,0,-0.006529776747304344,0.0033858408274530516,-0.016728517644971044,-0.03985940880660589,0.007237238642375618,-0.028369557114389654,-0.08544735659524721,0.027058992188181766,-0.04820026366868854
92,least_connections,2908,measured,181,122,1,light,0,100.0,71.4,4,1159.0,443.0,0.0,998.0,430.0,0.0,3,1,0,0.008024148483894045,0.0037068501427309636,-0.01449609704850336,0.05845962445344255,0.017075784596103427,-0.09252391337790057,0.002606459273653161,0.02604647532201651,-0.06612315965586105,51.83,49.41,5,1319.0,495.0,0.0,1178.0,403.0,0.0,4,1,0,0.09918977567220445,-0.03880717446815844,-0.013070588292049025,0.19413208671919696,-0.07428506180368574,-0.03329688029850015,0.18804800006368166,-0.08312303407719265,-0.03402027999218452,15.54,24.0,2,375.0,402.0,0.0,305.0,415.0,0.0,1,1,0,-0.04899179347431844,0.0030633797962670434,-0.015135325488307134,-0.06700613177740534,0.006547977819292214,-0.02566769453206683,-0.10807141787189033,0.024481945313116843,-0.04360976236690868
92,least_connections,2909,measured,380,333,11,medium,2,29.53,21.5,1,0.0,443.0,0.0,0.0,430.0,0.0,0,1,0,-0.12199175681389178,0.0033538167958042098,-0.013115516377217326,-0.6461873239072027,0.015449519396474543,-0.08371211210381481,-0.4491179654190757,0.023565858624681607,-0.059825715879112375,51.83,49.41,5,1319.0,495.0,0.0,1178.0,403.0,0.0,4,1,0,0.08974313037008974,-0.03511125309023859,-0.011825770359472928,0.17564331655546392,-0.06721029401285852,-0.030125748841500134,0.1701386667242834,-0.07520655464126955,-0.030780253326262188,23.14,35.1,3,375.0,782.0,0.0,305.0,748.0,0.0,1,2,0,-0.0443259083815262,0.04585552956623708,-0.01369386591799217,-0.06062459541765246,0.07468626564602629,-0.02322315219567951,-0.09777890188409126,0.1225789029023438,-0.03945645166529833
92,least_connections,2910,measured,363,306,12,medium,0,53.73,36.8,2,0.0,806.0,0.0,0.0,736.0,0.0,0,2,0,-0.1103734942601878,0.046118305899151654,-0.011866419579387104,-0.5846456740112786,0.23293051754919125,-0.07573952999868959,-0.40634482585535425,0.15975006256518812,-0.05412802865253025,51.83,49.41,5,1814.0,0.0,0.0,1581.0,0.0,0.0,5,0,0,0.12428006579969571,-0.07485122445125895,-0.010699506515713601,0.2868745653188891,-0.1887684973041509,-0.027256629904214406,0.267878436560066,-0.1819874780087677,-0.02784880062852293,23.14,35.1,3,375.0,782.0,0.0,305.0,748.0,0.0,1,2,0,-0.04010439329757132,0.0414883362742145,-0.012389688211516725,-0.05485082442549509,0.06757328796545235,-0.021011423415138605,-0.08846662551417782,0.11090472167354914,-0.03569869436384134
92,least_connections,2911,measured,393,331,7,medium,0,79.93,53.35,3,393.0,806.0,0.0,331.0,736.0,0.0,1,2,0,-0.056777832675317316,0.04172608628970864,-0.010736284381350237,-0.29191751458163306,0.2107466587349826,-0.06852624142738582,-0.21790722339293953,0.14453577089231306,-0.04897297830467023,40.03,35.34,4,1401.0,0.0,0.0,1131.0,0.0,0.0,4,0,0,0.06935996883011018,-0.06772253640828191,-0.00968050589516945,0.15279127338375686,-0.17079054517994605,-0.02466076038952732,0.11513406164958351,-0.1646553372460279,-0.02519653390199694,23.14,35.1,3,375.0,782.0,0.0,305.0,748.0,0.0,1,2,0,-0.03628492726923119,0.03753706615286074,-0.01120971790565799,-0.049626936384971745,0.06113773673064736,-0.01901033547083969,-0.08004123260806566,0.10034236722844922,-0.03229881871014217
92,least_connections,2912,measured,187,109,8,light,0,92.4,58.8,4,393.0,993.0,0.0,331.0,845.0,0.0,1,3,0,-0.0513704200395728,0.08083607353649376,-0.009713781106935928,-0.26411584652623943,0.3034691991729208,-0.06199993272001574,-0.19715415449837384,0.18007998318828325,-0.04430888513279687,40.03,35.34,4,1401.0,0.0,0.0,1131.0,0.0,0.0,4,0,0,0.06275425751295682,-0.061272771036064586,-0.008758552952772359,0.13823972353768477,-0.15452477897233213,-0.02231211654290567,0.10416891292105174,-0.14897387655593,-0.02279686400656866,15.64,24.93,2,0.0,782.0,0.0,0.0,748.0,0.0,0,2,0,-0.07591312013701415,0.03396210747163591,-0.010142125724166753,-0.11275770434830777,0.05531509513725237,-0.01719982733075972,-0.16440238505809115,0.09078595130193026,-0.029222740737747676
92,least_connections,2913,measured,191,112,6,light,2,92.4,58.8,4,580.0,806.0,0.0,440.0,736.0,0.0,2,2,0,-0.0033940988566656394,0.03005349963959414,-0.008788659096751554,-0.12616830558723252,0.16177371988661088,-0.056095177222871384,-0.12906804454614776,0.11361998478939916,-0.04008899131062574,25.17,22.41,2,881.0,0.0,0.0,717.0,0.0,0.0,2,0,0,-0.029390138894172857,-0.05543726903262986,-0.007924405052508325,-0.009347733125768198,-0.13980813335591954,-0.02018715306262894,-0.022805507357143706,-0.1347858883125081,-0.020625734101181167,19.46,28.67,3,571.0,402.0,0.0,445.0,415.0,0.0,2,1,0,0.017484501281930492,-0.012356279180991539,-0.009176208988531824,0.0013049341610548715,-0.018714913923438353,-0.015561748537354031,-0.014538665846209442,-0.018288901203015462,-0.026439622572247898
92,least_connections,2914,measured,375,316,14,medium,1,92.4,58.8,4,580.0,806.0,0.0,440.0,736.0,0.0,2,2,0,-0.003070851346507003,0.027191261578680403,-0.007951643944679978,-0.11415227648368659,0.1463666989450289,-0.05075277939212173,-0.116775849827467,0.10279903385707545,-0.036270992138185194,35.89,32.28,3,881.0,375.0,0.0,717.0,316.0,0.0,2,1,0,-0.02659107804710878,-0.00707362889800299,-0.007169699809412294,-0.008457472828075963,-0.029554297526104098,-0.01826456705666428,-0.020633554275510946,-0.0326038989494121,-0.018661378472497245,19.46,28.67,3,973.0,0.0,0.0,860.0,0.0,0.0,3,0,0,0.05890321091040876,-0.05426339091432114,-0.008302284322957364,0.07392351186000203,-0.08967539831168232,-0.014079677248082218,0.11200469915501685,-0.14170583124717273,-0.02392156327965286
92,least_connections,2915,measured,190,113,6,light,1,92.4,58.8,4,1386.0,0.0,0.0,1176.0,0.0,0.0,4,0,0,0.0833894111400084,-0.06156618283470865,-0.007194344521377123,0.38287809905444237,-0.35373171682751353,-0.0459191813547768,0.22729804063229175,-0.23994373127216984,-0.03281661193454851,30.29,26.0,3,685.0,375.0,0.0,516.0,316.0,0.0,2,1,0,-0.02405859442357461,-0.0063999499553360345,-0.006486871256134933,-0.05831866589206877,-0.026739602523617997,-0.016525084479839112,-0.07549881101117656,-0.029498765716134745,-0.01688410433225941,19.46,28.67,3,973.0,0.0,0.0,860.0,0.0,0.0,3,0,0,0.05329338129989364,-0.049095448922481036,-0.007511590577913806,0.0668831773971447,-0.0811348841867602,-0.012738755605407721,0.10133758494977715,-0.12821003779506104,-0.021643319157781157
92,least_connections,2916,measured,384,313,12,medium,1,92.4,58.8,4,1386.0,0.0,0.0,1176.0,0.0,0.0,4,0,0,0.07544756246000761,-0.055702736850450685,-0.0065091688526745396,0.3464135181921145,-0.3200429818915599,-0.041545925987655205,0.20565060819112113,-0.21709194734148698,-0.029691220321734366,41.26,35.78,4,685.0,759.0,0.0,516.0,629.0,0.0,2,2,0,-0.02176729971656749,0.03729346931478667,-0.005869073993645891,-0.052764507235681296,0.07507233241060413,-0.014951266910330625,-0.06830844805773117,0.06180766435206855,-0.015276094395853753,19.46,28.67,3,973.0,0.0,0.0,860.0,0.0,0.0,3,0,0,0.048217821176094244,-0.04441969188224475,-0.006796200999064872,0.06051335097836902,-0.0734077523594497,-0.01152554078584508,0.0916863863831317,-0.11599955800505524,-0.019582050666563905
92,least_connections,2917,measured,496,432,15,heavy,2,92.4,58.8,4,1386.0,0.0,0.0,1176.0,0.0,0.0,4,0,0,0.06826208032095926,-0.05039771429326491,-0.0058892480095626785,0.3134217545547703,-0.28956269790188754,-0.03758917113168804,0.18606483598244294,-0.1964165237851549,-0.02686348505299776,27.11,23.19,3,190.0,759.0,0.0,113.0,629.0,0.0,1,2,0,-0.06277812377984224,0.03374171033242604,-0.0053101145656796155,-0.17569849974384766,0.06792258646673707,-0.013527336728394375,-0.1757463339569949,0.05592122012806203,-0.0138212282629153,29.38,43.07,4,973.0,0.0,496.0,860.0,0.0,432.0,3,0,1,0.043625647730751935,-0.04018924503631668,0.03693495646569867,0.054750174694714826,-0.06641653784902592,0.07932451071756874,0.08295434958473821,-0.10495198105219283,0.1125686208254898
92,least_connections,2918,measured,499,410,20,heavy,1,66.2,42.25,3,993.0,0.0,0.0,845.0,0.0,0.0,3,0,0,0.01867702958744387,-0.04559793197962063,-0.005328367246747186,0.04652444459717309,-0.2619852981017078,-0.034009250071527275,0.01860628017459126,-0.17771018818656872,-0.02430505790509321,41.37,36.0,4,190.0,759.0,499.0,113.0,629.0,410.0,1,2,1,-0.05679925484842868,0.03052821411029022,0.038279510857809146,-0.15896530929205266,0.061453768708000206,0.1167541783341738,-0.15900858786585254,0.050595389639675165,0.10341769823831472,29.38,43.07,4,973.0,496.0,0.0,860.0,432.0,0.0,3,1,0,0.03947082413734698,0.006722202336756564,-0.009666558662553806,0.04953587234283724,0.029661227660405118,-0.017982585541247334,0.07505393533857266,0.03532916000039696,-0.028437914491223515
92,least_connections,2919,measured,194,114,4,light,0,79.13,47.95,4,1187.0,0.0,0.0,959.0,0.0,0.0,4,0,0,0.05998216509158755,-0.04125527179108533,-0.00482090369943793,0.15910941812760104,-0.23703431733011657,-0.030770273874238963,0.0684056820627254,-0.16078540835927646,-0.021990290485560525,41.37,36.0,4,190.0,759.0,499.0,113.0,629.0,410.0,1,2,1,-0.051389802005721186,0.02762076514740544,0.034633843157065414,-0.14382575602614284,0.05560102883104781,0.1056347327785382,-0.14386491283100944,0.04577678110256325,0.09356839364418951,25.56,39.33,3,782.0,496.0,0.0,748.0,432.0,0.0,2,1,0,-0.007372202197729133,0.006081992590398794,-0.008745934028024873,0.010256265453043228,0.026836348835604623,-0.016269958346842826,0.03412816371902605,0.03196447809559726,-0.02572954168253556
92,least_connections,2920,measured,154,123,4,light,2,66.67,42.5,3,1000.0,0.0,0.0,850.0,0.0,0.0,3,0,0,0.011185677713250408,-0.037326198287172443,-0.004361770013777175,0.03116248941703581,-0.21445962044153405,-0.02783977160050192,0.012581331390084938,-0.14547251232505964,-0.019895977105983332,41.37,36.0,4,190.0,759.0,499.0,113.0,629.0,410.0,1,2,1,-0.04649553514803345,0.02499021608574778,0.03133538190401157,-0.13012806497603402,0.050305692751900416,0.09557428203772504,-0.1301634925613895,0.04141708766422389,0.0846571180590286,21.04,32.33,3,556.0,496.0,0.0,538.0,432.0,0.0,2,1,0,-0.0066700877027073,0.005502755200836998,-0.007912987930117741,-0.031615759828199,0.024280506089356557,-0.014720438504286367,-0.03245547092088119,0.028920242086492756,-0.023279109141341698
92,least_connections,2921,measured,376,301,9,medium,0,91.73,57.55,4,1000.0,376.0,0.0,850.0,301.0,0.0,3,1,0,0.01012037507389324,0.009312577966934674,-0.0039463633457983965,0.02819463328208005,0.0327587561084533,-0.025188364781406496,0.011383109352934018,0.0045486793249460145,-0.01800112214350873,35.94,32.47,3,759.0,0.0,499.0,629.0,0.0,410.0,2,0,1,0.0010165112832985213,-0.06355760494736198,0.02835105981791523,0.02935351944345224,-0.1506894072380765,0.08647196946270361,0.028125887682552364,-0.14036965877998792,0.07659453538674016,13.0,18.5,2,154.0,496.0,0.0,123.0,432.0,0.0,1,1,0,-0.04911874148158778,0.004978683276947754,-0.007159370032011289,-0.1013475922255134,0.02196807693798926,-0.013318491980068618,-0.15452320384905124,0.0261659333163506,-0.021062051127880583
92,least_connections,2922,measured,368,330,14,medium,2,38.0,20.75,2,194.0,376.0,0.0,114.0,301.0,0.0,1,1,0,-0.07701127062475419,0.008425665779607558,-0.0035705192176271206,-0.46064930004637195,0.029638874574314883,-0.022789472897463022,-0.32265337725210735,0.004115471770189255,-0.01628672955841266,35.94,32.47,3,759.0,0.0,499.0,629.0,0.0,410.0,2,0,1,0.0009197006848891409,-0.05750449971427989,0.025650958882875684,0.026557946163123458,-0.13633803512016446,0.07823654379958897,0.025447231712785484,-0.1270011198485605,0.06929981773086015,20.36,29.5,3,154.0,864.0,0.0,123.0,762.0,0.0,1,2,0,-0.04444076610238894,0.04758842319161486,-0.006477525267057833,-0.0916954405849883,0.08646635532484745,-0.012050064172443037,-0.1398067082443797,0.12319774919098389,-0.019056141496653863
92,least_connections,2923,measured,455,434,16,heavy,0,55.4,36.75,2,376.0,0.0,455.0,301.0,0.0,434.0,1,0,1,-0.06967686389858711,-0.035460678807112435,0.03985343045842807,-0.30700016035941585,-0.19997752617879447,0.253825397537216,-0.20732924608523998,-0.13244314458887638,0.18159772087572187,35.94,32.47,3,759.0,0.0,499.0,629.0,0.0,410.0,2,0,1,0.0008321101434711209,-0.052027880693872285,0.023208010417839906,0.024028617957111698,-0.12335346034681546,0.07078544439010431,0.02302368583537734,-0.11490577510107855,0.06269983508982585,20.36,29.5,3,154.0,864.0,0.0,123.0,762.0,0.0,1,2,0,-0.0402083121878757,0.04305619241146107,-0.005860618098766611,-0.08296254148165608,0.07823146434152864,-0.010902439013162747,-0.1264917836496769,0.111464630220414,-0.017241270877924923
92,least_connections,2924,measured,171,117,4,light,0,66.8,42.6,3,547.0,0.0,455.0,418.0,0.0,434.0,2,0,1,-0.0199570718719643,-0.032083471301673154,0.036057865652863494,-0.17461919270613818,-0.18093204749509975,0.22965155015271926,-0.13465503217236,-0.11982951177088814,0.16430269983993884,35.94,32.47,3,759.0,499.0,0.0,629.0,410.0,0.0,2,1,0,0.0007528615583786424,-0.0039889442105556505,-0.022086176515378406,0.021740178151672507,0.01738768553655473,-0.0649492237831029,0.020830953851055684,0.011960251099024155,-0.059194196823490884,17.28,25.4,2,0.0,864.0,0.0,0.0,762.0,0.0,0,2,0,-0.0794628493491211,0.038955602657988586,-0.005302463994122172,-0.10292801372149836,0.07078084868995449,-0.009864111488099628,-0.15154018520685053,0.10084895115180315,-0.015599245080027312
92,least_connections,2925,measured,462,436,19,heavy,2,66.8,42.6,3,547.0,455.0,0.0,418.0,434.0,0.0,2,1,0,-0.01805639836034864,0.014055997620481653,-0.010460117017023733,-0.1579887934007917,0.1107440205203066,-0.06666447049674609,-0.12183074339404001,0.08791615601681549,-0.047678509668626766,35.94,32.47,3,759.0,499.0,0.0,629.0,410.0,0.0,2,1,0,0.0006811604575806818,-0.0036090447619313015,-0.019982731132961416,0.019669684994370357,0.015731715485454267,-0.05876358342280739,0.018847053484288473,0.010821179565783753,-0.053556654268872704,26.52,39.93,3,496.0,368.0,462.0,432.0,330.0,436.0,1,1,1,-0.02881105870816171,-0.007838354964767688,0.038286432803503974,-0.0033729647956413783,-0.02571256547099357,0.07467532770124319,-0.006822072330007617,-0.03904142514836857,0.11737846080061022
92,least_connections,2926,measured,362,337,11,medium,0,90.93,59.45,4,547.0,817.0,0.0,418.0,771.0,0.0,2,2,0,-0.016336741373648767,0.05580123140719315,-0.009463915396354806,-0.1429422416483353,0.31854617729615037,-0.0603154733065798,-0.1102278154517505,0.23199556972949975,-0.04313769922399564,35.94,32.47,3,759.0,499.0,0.0,629.0,410.0,0.0,2,1,0,0.0006162880330491949,-0.003265326213175934,-0.018079613882203187,0.017796381661573185,0.014233456867791955,-0.053167051668254306,0.017052096009594342,0.009790591035709104,-0.048456020528980064,26.52,39.93,3,496.0,368.0,462.0,432.0,330.0,436.0,1,1,1,-0.026067148355003456,-0.007091844968123151,0.03464010586983693,-0.00305173005319935,-0.023263749711851328,0.06756339172969622,-0.0061723511557211785,-0.03532319418185727,0.10619955977198067
92,least_connections,2927,measured,443,402,17,heavy,1,90.93,59.45,4,547.0,817.0,0.0,418.0,771.0,0.0,2,2,0,-0.014780861242825072,0.050486828416031894,-0.008562590120511492,-0.12932869482468434,0.28820844612508845,-0.05457114251547696,-0.09972992826586954,0.2099007535647855,-0.03902934691694844,48.6,45.03,4,759.0,499.0,443.0,629.0,410.0,402.0,2,1,1,0.0005575939346635639,-0.002954342764302037,0.026726154333335438,0.016101488169994793,0.012877889547049881,0.06641348386477673,0.015428086865823448,0.008858153794212995,0.06981955285473232,26.52,39.93,3,496.0,368.0,462.0,432.0,330.0,436.0,1,1,1,-0.02358456279738408,-0.006416431161635233,0.0313410481679477,-0.0027610890957518036,-0.021048154501198818,0.06112878299353468,-0.00558450818850964,-0.03195908045025182,0.096085315984173
92,least_connections,2928,measured,168,106,7,light,2,79.53,53.6,3,376.0,817.0,0.0,301.0,771.0,0.0,1,2,0,-0.05645706039883719,0.04567855904307647,-0.007747105347129445,-0.22015453341280966,0.26076002268460385,-0.0493738908473363,-0.14316041128816767,0.1899102056062345,-0.03531226625819145,26.91,25.37,2,0.0,499.0,443.0,0.0,410.0,402.0,0,1,1,-0.08566331070310484,-0.0026729767867494647,0.024180806301589204,-0.1816360685264673,0.01165142387590229,0.06008839016336942,-0.16388351664520737,0.008014520099526037,0.06317007163047209,29.88,43.47,4,664.0,368.0,462.0,538.0,330.0,436.0,2,1,1,0.021745486267219394,-0.005805342479574732,0.028356186437666967,0.027901871770510275,-0.0190435683582275,0.05530699413700757,0.026915603702459545,-0.028915358502608776,0.08693433350948984
92,least_connections,2929,measured,398,319,6,medium,1,79.53,53.6,3,376.0,817.0,0.0,301.0,771.0,0.0,1,2,0,-0.05108019750370983,0.041328220086593,-0.007009285790259974,-0.1991874349925421,0.23592573480987972,-0.04467161552854237,-0.12952608640358024,0.1718235193580217,-0.03194919328122083,38.29,35.34,3,398.0,499.0,443.0,319.0,410.0,402.0,1,1,1,-0.034420999933194626,-0.002418407568963804,0.02187787236810452,-0.06145304159197382,0.010541764459149672,0.05436568633828662,-0.05808211029804476,0.0072512324709997494,0.05715387433233189,29.88,43.47,4,1032.0,0.0,462.0,868.0,0.0,436.0,3,0,1,0.06275838780186063,-0.048336352946372604,0.025655597253127257,0.09183502683998548,-0.08382037137172964,0.05003966136205447,0.1238760223974634,-0.1256853243595032,0.07865487317525272
92,least_connections,2930,measured,197,103,4,light,0,67.6,43.7,3,559.0,455.0,0.0,440.0,434.0,0.0,2,1,0,-0.003131516562313419,-0.005691701100792271,-0.006341734762616167,-0.06983625070753813,-0.0048925891402675226,-0.04041717595439548,-0.0543093162699059,0.0030069937048767814,-0.02890641296872361,38.29,35.34,3,398.0,942.0,0.0,319.0,812.0,0.0,1,2,0,-0.03114280946336656,0.04089581718817107,-0.02328963475085328,-0.055600370964166784,0.1240547936943327,-0.06532900487760464,-0.05255048074585002,0.12022135318804739,-0.061950066080271135,29.88,43.47,4,1032.0,462.0,0.0,868.0,436.0,0.0,3,1,0,0.056781398487397716,-0.0006489905342464131,-0.01987169318821366,0.08308883380760591,0.007762521139863657,-0.03832602067242691,0.11207830597865737,0.017776770023941568,-0.060328130619215804
92,least_connections,2931,measured,161,104,7,light,0,78.33,48.9,4,720.0,455.0,0.0,544.0,434.0,0.0,3,1,0,0.040250623337045224,-0.00514963432928825,-0.0057377600233193896,0.03392593189952903,-0.004426628269765864,-0.03656792110159591,-0.0020893813870577205,0.002720613352031359,-0.0261534212574166,38.29,35.34,3,897.0,443.0,0.0,729.0,402.0,0.0,2,1,0,0.01490707261704477,-0.006082922770793059,-0.02107157429839106,0.07868809973990351,-0.016753145841181954,-0.05910719488926134,0.06837694599184999,-0.007150918544147594,-0.05605005978691198,29.88,43.47,4,1032.0,462.0,0.0,868.0,436.0,0.0,3,1,0,0.0513736462505027,-0.0005871819119372262,-0.01797915097981236,0.07517561154021488,0.007023233412257593,-0.034675923465529106,0.1014041815997376,0.01608374430737569,-0.05458259436976668
92,least_connections,2932,measured,483,435,18,heavy,1,78.33,48.9,4,1175.0,0.0,0.0,978.0,0.0,0.0,4,0,0,0.07950113086503638,-0.0477430931913515,-0.005191306687765162,0.305139335210685,-0.2784494890694707,-0.033085261949062965,0.19444294064980489,-0.19387182601482877,-0.023662619232900736,52.09,48.94,4,897.0,443.0,483.0,729.0,402.0,435.0,2,1,1,0.013487351415421456,-0.005503596792622287,0.024019142528213074,0.07119399500276985,-0.015157608142021772,0.07137920462400166,0.061864855897388105,-0.0064698786828002175,0.07227911257374629,19.96,29.07,3,536.0,462.0,0.0,436.0,436.0,0.0,2,1,0,0.0033970178094117343,-0.0005312598250860612,-0.016266850886496896,-0.02173635146361512,0.006354354039661628,-0.03137345456405014,-0.038539073790713585,0.01455195913524468,-0.04938425204883652
92,least_connections,2933,measured,420,442,17,heavy,2,78.33,48.9,4,1175.0,0.0,0.0,978.0,0.0,0.0,4,0,0,0.07192959459217577,-0.04319613193503231,-0.004696896527025623,0.2760784461430007,-0.25193049011047347,-0.029934284620580776,0.17592456534982348,-0.17540784258484507,-0.021409036448814953,52.09,48.94,4,897.0,443.0,483.0,729.0,402.0,435.0,2,1,1,0.012202841756809885,-0.004979444717134449,0.021731605144573733,0.06441361452631558,-0.013714026414210184,0.0645811851360015,0.05597296485954162,-0.005853699760628772,0.06539538756672283,28.36,43.8,4,536.0,462.0,420.0,436.0,436.0,442.0,2,1,1,0.003073492303753478,-0.0004806636512683371,0.028366273234212556,-0.01966622275279463,0.00574917746445576,0.047614493489668924,-0.034868685810645644,0.013166058265221381,0.08862059735263998
92,least_connections,2934,measured,163,105,5,light,0,76.07,49.0,4,1141.0,0.0,0.0,980.0,0.0,0.0,4,0,0,0.06507915701196854,-0.03908221460788637,-0.004249573048261277,0.22927732428811176,-0.22793711009995218,-0.027083400371001654,0.16007460674507834,-0.15870233376724077,-0.019370080596546862,52.09,48.94,4,897.0,443.0,483.0,729.0,402.0,435.0,2,1,1,0.011040666351399414,-0.0045052118869311625,0.01966192846413814,0.05827898457142838,-0.012407928660475881,0.05843059607542994,0.05064220630149005,-0.005296204545330807,0.05916725541751114,28.36,43.8,4,536.0,462.0,420.0,436.0,436.0,442.0,2,1,1,0.0027807787510150395,-0.00043488616067134667,0.02566472340238279,-0.017793249157290372,0.005201636753555214,0.04307977982398617,-0.03154785859058415,0.011912147954247915,0.08018054046191236
92,least_connections,2935,measured,498,425,16,heavy,0,100.0,70.25,5,1141.0,0.0,498.0,980.0,0.0,425.0,4,0,1,0.058881142058447744,-0.035360098930944814,0.03923904842118764,0.20744138864162487,-0.20622881389995673,0.2758769234738557,0.1448294061026899,-0.14358782578940832,0.1747365937459814,40.71,38.97,3,499.0,443.0,483.0,410.0,402.0,435.0,1,1,1,-0.03309472590882456,-0.004076144088175818,0.017789363848505935,-0.05015574865306138,-0.011226221169001988,0.05286577740157947,-0.0443743133462709,-0.0047918041124421495,0.053532278711081516,25.0,40.27,3,368.0,462.0,420.0,330.0,436.0,442.0,1,1,1,-0.040567957547267566,-0.0003934684310835934,0.02322046403072729,-0.0464986539994532,0.004706242777026137,0.0389769436502732,-0.0605115545978301,0.010777657672890961,0.07254429851315881
92,least_connections,2936,measured,382,327,13,medium,1,100.0,70.25,5,1141.0,0.0,498.0,980.0,0.0,425.0,4,0,1,0.053273414243357464,-0.031992470461331024,0.035501996190598344,0.18768506591385115,-0.18658797448091324,0.2496029307620599,0.13103612933100517,-0.1299127947618456,0.15809501338922127,51.63,49.19,4,499.0,1308.0,0.0,410.0,1164.0,0.0,1,3,0,-0.029942847250841273,0.0824798605642128,-0.02698876150668057,-0.045379010686103144,0.2134483849287261,-0.07702620139857097,-0.04014818826567368,0.2111109867554095,-0.07455710497568814,17.64,29.27,2,0.0,882.0,0.0,0.0,878.0,0.0,0,2,0,-0.07978824276952326,0.0427279049795865,-0.02207490896086125,-0.10866068695188623,0.08025802917921414,-0.04073514622118139,-0.1542723589218463,0.14305280138658388,-0.06766626959920553
92,least_connections,2937,measured,392,314,8,medium,2,85.13,53.4,4,779.0,498.0,0.0,643.0,425.0,0.0,3,1,0,0.005115855517232731,0.014138331714124541,-0.010963046530501725,-0.048538908617626775,0.13156326118393563,-0.07454972931051726,-0.03389588298623336,0.0747217571202349,-0.049223559314514075,51.63,49.19,4,942.0,865.0,0.0,812.0,762.0,0.0,2,2,0,0.01599275271409145,0.03154073552181613,-0.024418403267949085,0.07345980665815158,0.07860296051374538,-0.06969037269394517,0.0773361629977238,0.07734446420727525,-0.06745642831133689,25.48,39.73,3,462.0,812.0,0.0,436.0,756.0,0.0,1,2,0,-0.029105462279001765,0.038658580695816354,-0.019972536678874463,-0.01471205009932565,0.05994774068595564,-0.03685560848583078,-0.008087689818178395,0.09263507427040127,-0.06122186297070977
92,least_connections,2938,measured,464,404,15,heavy,2,74.4,48.2,3,618.0,498.0,0.0,539.0,425.0,0.0,2,1,0,-0.03845526904449917,0.01279182393182697,-0.009918946860930132,-0.14102726652705905,0.11903342678546558,-0.067449755090468,-0.07771532270183018,0.06760539929926015,-0.044535601284560355,37.37,36.38,3,443.0,865.0,0.0,402.0,762.0,0.0,1,2,0,-0.028614266818769857,0.028536855948309833,-0.022092841051953933,-0.06252956268344106,0.07111696427434108,-0.06305319434214086,-0.0459518049068213,0.06997832475896332,-0.061032006567400036,34.76,53.2,4,854.0,420.0,464.0,750.0,442.0,404.0,2,1,1,0.01675038673623197,-0.008107089121018762,0.0250135098982519,0.057622430862514895,-0.016694901284135352,0.050616354227105476,0.08738097905339415,-0.010885726453763928,0.06645006048681813
92,least_connections,2939,measured,477,405,20,heavy,0,65.0,41.5,2,0.0,498.0,477.0,0.0,425.0,405.0,0,1,1,-0.12096066292234732,0.011573554985938692,0.034109614971630106,-0.5003580030482915,0.10769690994875458,0.2266883168229099,-0.31414719673022734,0.061166789842187735,0.14292017026635018,37.37,36.38,3,443.0,865.0,0.0,402.0,762.0,0.0,1,2,0,-0.025889098550315584,0.025819060143708897,-0.019988760951767843,-0.05657436623739906,0.06434392005773718,-0.05704812821431793,-0.04157544253474307,0.0633137224009668,-0.05521943451336194,34.76,53.2,4,854.0,884.0,0.0,750.0,846.0,0.0,2,2,0,0.015155111808971777,0.03574891483154992,-0.02045262936643422,0.05213458030418014,0.0688569940762585,-0.03816615569928552,0.079058981048309,0.1119922792402453,-0.061719786543672474
92,least_connections,2940,measured,395,316,13,medium,0,91.33,57.3,3,0.0,893.0,477.0,0.0,741.0,405.0,0,2,1,-0.10944059978688567,0.0535552118807019,0.030861080212427238,-0.45270485990083514,0.3356940296361748,0.20509895331596611,-0.2842284160892533,0.19829376223816986,0.12930872547907873,37.37,36.38,3,443.0,865.0,0.0,402.0,762.0,0.0,1,2,0,-0.023423470116952186,0.023360102034784253,-0.018085069432551858,-0.051186331357646775,0.05821592767128603,-0.05161497314628765,-0.03761587657905324,0.05728384407706519,-0.04996044075018461,34.76,53.2,4,854.0,884.0,0.0,750.0,846.0,0.0,2,2,0,0.013711767827164933,0.03234425627616422,-0.018504759902964293,0.047169382179972505,0.062299185116614836,-0.034531283727924994,0.07152955428180338,0.10132634788403144,-0.05584171163475129
92,least_connections,2941,measured,463,434,16,heavy,0,100.0,79.0,4,0.0,893.0,940.0,0.0,741.0,839.0,0,2,2,-0.09901768552146799,0.04845471551111124,0.07100582994276297,-0.40959011133885087,0.3037231696708248,0.4648355609366678,-0.25715904312837207,0.17940864202501083,0.3133269421001188,37.37,36.38,3,443.0,865.0,0.0,402.0,762.0,0.0,1,2,0,-0.02119266343914722,0.021135330412423853,-0.01636268186754692,-0.04631144265691853,0.05267155360735404,-0.04669926141806978,-0.03403341214295294,0.05182823987924945,-0.04520230353588132,34.76,53.2,4,854.0,884.0,0.0,750.0,846.0,0.0,2,2,0,0.012405885176958759,0.029263850916529527,-0.016742401816967692,0.04267706006759417,0.05636592939122295,-0.031242590039551186,0.06471721577877448,0.09167621951412369,-0.050523453383822595
92,least_connections,2942,measured,173,125,5,light,1,100.0,79.0,4,0.0,893.0,940.0,0.0,741.0,839.0,0,2,2,-0.08958742975751866,0.04383998070052922,0.06424336994821411,-0.37058152930657934,0.27479715351169864,0.42056550751412797,-0.23266770568757472,0.16232210468929553,0.28348628094772654,42.31,40.28,4,998.0,483.0,0.0,854.0,435.0,0.0,3,1,0,0.06699348591333391,-0.02396145842504055,-0.014804331213494833,0.10156855868455669,-0.05109308415116948,-0.042251712711586946,0.09700548425161398,-0.04556314010925053,-0.040897322246749766,34.76,53.2,4,854.0,884.0,0.0,750.0,846.0,0.0,2,2,0,0.011224372302962693,0.026476817495907662,-0.015147887358208864,0.03861257815639474,0.050997745639677905,-0.028267105273879645,0.0585536714188912,0.08294515098896904,-0.045711695918696636
92,least_connections,2943,measured,179,120,6,light,0,100.0,85.0,5,179.0,1356.0,477.0,120.0,1175.0,405.0,1,3,1,-0.037971393363378556,0.08274864467009332,0.015041053535912549,-0.22731979635674637,0.5278958373042353,0.1012418083857983,-0.1562231622887581,0.3431961899569817,0.06015425419080023,42.31,40.28,4,1481.0,0.0,0.0,1289.0,0.0,0.0,4,0,0,0.1036970541483452,-0.06476331499227024,-0.013394394907447706,0.21675250547650368,-0.17108421899391527,-0.03822774007238819,0.21075793813241267,-0.16421486486075046,-0.03700233917563074,34.76,53.2,4,1274.0,464.0,0.0,1192.0,404.0,0.0,3,1,0,0.05323928469134266,-0.01912868439712663,-0.01370523141933183,0.11093518976054764,-0.029859182516481925,-0.025575000009700633,0.18627871858534598,-0.05825597450204387,-0.041358201069296954
92,least_connections,2944,measured,357,333,11,medium,1,100.0,85.0,5,677.0,858.0,477.0,545.0,750.0,405.0,2,2,1,0.008728830040843433,0.03178392114142231,0.013608572246778021,0.09471066043913423,0.177239090894308,0.09159973139667466,0.05091713888159985,0.11824893377060247,0.054425277601200195,39.86,38.12,4,1038.0,357.0,0.0,887.0,333.0,0.0,3,1,0,0.0507372440026978,-0.015511480004344283,-0.012118738249595544,0.0815924029141156,-0.06250476956592334,-0.03458700292263693,0.07702503926265905,-0.054423568207345646,-0.03347830687318972,25.52,38.67,3,812.0,464.0,0.0,756.0,404.0,0.0,2,1,0,0.005084976398743141,-0.017306904930733613,-0.01239997128415737,0.0167699335928764,-0.027015450848245554,-0.023139285723062477,0.03704582475182097,-0.05270778645423016,-0.03741932477698296
92,least_connections,2945,measured,181,125,7,light,2,100.0,85.0,5,677.0,1335.0,0.0,545.0,1155.0,0.0,2,3,0,0.007897512894096431,0.0718407812594728,-0.030771382479672493,0.08569059754016911,0.44807346319008823,-0.20483833826015152,0.04606788755954272,0.2902014162686403,-0.1339723678846284,39.86,38.12,4,1038.0,357.0,0.0,887.0,333.0,0.0,3,1,0,0.045905125526250395,-0.014034196194406726,-0.010964572702015016,0.07382169787467602,-0.056551934369168735,-0.03129300264429056,0.0696893212376439,-0.04924037123521749,-0.0302898966947907,21.3,32.37,3,601.0,464.0,0.0,567.0,404.0,0.0,2,1,0,0.004600692932196171,-0.01565862827066375,-0.011219021638047146,-0.02300815532073086,-0.02444255076746027,-0.020935544225627954,-0.023482349034066735,-0.047687997268113014,-0.03385557956012744
92,least_connections,2946,measured,377,341,12,medium,2,100.0,85.0,5,1072.0,940.0,0.0,861.0,839.0,0.0,3,2,0,0.050229269035701754,0.02191490186514658,-0.02784077462446559,0.3157835565045975,0.16714583177515924,-0.18532992509251806,0.18463285064911006,0.11961080519543643,-0.12121309475275903,39.86,38.12,4,1038.0,357.0,0.0,887.0,333.0,0.0,3,1,0,0.041533208809464636,-0.012697606080653706,-0.00992032768277549,0.06679105998184973,-0.05116603585781933,-0.02831271667816765,0.06305224302453497,-0.04455081206995867,-0.02740514462862016,28.84,43.73,4,1065.0,377.0,0.0,971.0,341.0,0.0,3,1,0,0.0472464319273158,-0.014167330340124351,-0.01015054338680456,0.06314500232886253,-0.03785754593246406,-0.018941682870806244,0.10059533500092374,-0.062146283242578426,-0.030631238649639115
92,least_connections,2947,measured,476,449,19,heavy,1,100.0,85.0,5,1072.0,940.0,0.0,861.0,839.0,0.0,3,2,0,0.045445529127539686,0.019827768354180236,-0.02518927227927839,0.28570893207558823,0.15122718112990596,-0.16767945603608778,0.1670487696349091,0.1082192999387282,-0.1096689904905915,48.51,48.25,4,865.0,357.0,476.0,762.0,333.0,449.0,2,1,1,-0.005506235113432206,-0.011488310263448598,0.034108365656627164,0.01570891821487083,-0.046293080061836536,0.09743135157689595,0.021705005593626897,-0.04030787758710547,0.10215427390743892,28.84,43.73,4,1065.0,377.0,0.0,971.0,341.0,0.0,3,1,0,0.042746771743761916,-0.01281806078392203,-0.00918382496901365,0.05713119258325655,-0.034252065367467485,-0.0171377130735866,0.09101482690559767,-0.05622758960042809,-0.02771397782586396
92,least_connections,2948,measured,376,310,5,medium,1,100.0,85.0,5,1072.0,940.0,0.0,861.0,839.0,0.0,3,2,0,0.04111738349634543,0.01793940946330594,-0.022790293966966163,0.25849855759219886,0.1368245924508673,-0.15170998403265085,0.151139363003013,0.09791269994456359,-0.09922432472958279,59.26,57.94,5,1598.0,0.0,476.0,1405.0,0.0,449.0,4,0,1,0.08118596868421893,-0.05347808570321086,0.030859949879805528,0.20369582396311442,-0.13416992957975687,0.0881521752362392,0.20143845744185293,-0.13062081781690496,0.09242529544006378,28.84,43.73,4,1065.0,377.0,0.0,971.0,341.0,0.0,3,1,0,0.038675650625308394,-0.011597293090215177,-0.008309174971964732,0.05169012662294639,-0.03098996390389916,-0.015505549923721211,0.08234674815268361,-0.050872581067053974,-0.025074551366257868
92,least_connections,2949,measured,196,118,5,light,2,100.0,79.0,4,893.0,940.0,0.0,741.0,839.0,0.0,2,2,0,-0.005882458015778164,0.01623089427632443,-0.020619789779636053,0.12591139337706886,0.12379367888411807,-0.13726141412477935,0.08245942366939268,0.08858768090222419,-0.08977438904105109,48.34,47.72,4,1216.0,0.0,476.0,1078.0,0.0,449.0,3,0,1,0.030370071439916893,-0.04838493468385745,0.027920907034109765,0.08554792236118514,-0.12139184104835146,0.07975672997564498,0.08979848530453358,-0.11818073992958068,0.0836228863505339,32.76,47.67,5,1261.0,377.0,0.0,1089.0,341.0,0.0,4,1,0,0.07807615555441734,-0.010492788986385157,-0.007517824974634758,0.08223392408742769,-0.02803853877019448,-0.01402883088336681,0.11009150229687248,-0.04602757334638216,-0.02268649885518569
92,least_connections,2950,measured,386,300,6,medium,0,100.0,94.0,5,1742.0,477.0,0.0,1475.0,405.0,0.0,4,1,0,0.08084557653447735,-0.02839880540532097,-0.01865600027681357,0.4800468162300464,-0.1672660365651631,-0.12418889849384798,0.4066537642723077,-0.11618257442179714,-0.08122444722761765,34.54,34.12,3,733.0,0.0,476.0,643.0,0.0,449.0,2,0,1,-0.015606216543023022,-0.043776845666347215,0.025261773030861218,-0.04745664167321342,-0.10983071332946084,0.07216085093034547,-0.041744822819707705,-0.10692543136485871,0.07565880193619734,24.36,32.93,4,841.0,377.0,0.0,647.0,341.0,0.0,3,1,0,0.027556430989144037,-0.009493475749586575,-0.0068018416437171615,-0.001597878206613057,-0.02536820174446168,-0.01269275175161759,-0.03369498998536935,-0.041643994932441,-0.020525879916596577
92,least_connections,2951,measured,458,432,17,heavy,1,100.0,72.75,4,1244.0,477.0,0.0,1050.0,405.0,0.0,3,1,0,0.030062097590150716,-0.025694157271480875,-0.01687923834568847,0.27991537341448647,-0.15133593784467136,-0.11236138435157675,0.17566292957970697,-0.10511756733400696,-0.07348878558689216,47.63,47.62,4,733.0,0.0,934.0,643.0,0.0,881.0,2,0,2,-0.014119910205592251,-0.039607622269552244,0.06593979011182227,-0.042936961513859756,-0.09937064539332172,0.18368294676010846,-0.037769125408306986,-0.09674205694915788,0.19059605889465475,24.36,32.93,4,1218.0,0.0,0.0,988.0,0.0,0.0,4,0,0,0.0680159092169353,-0.051673235428764265,-0.006154047201458384,0.06677334828925488,-0.09117123014975104,-0.011483918251463533,0.07235532652117371,-0.14051917001824027,-0.018571034210254047
92,least_connections,2952,measured,460,444,17,heavy,0,100.0,94.95,5,1721.0,0.0,460.0,1455.0,0.0,444.0,4,0,1,0.0702829409035604,-0.06633099490095434,0.027812208390182086,0.40766946483532895,-0.42463727709755983,0.17580001733270037,0.34214741247687774,-0.27832065615933965,0.1343672892309071,47.63,47.62,4,733.0,476.0,458.0,643.0,449.0,432.0,2,1,1,-0.012775156852678715,0.007248432459067242,0.016575909874415172,-0.03884772708396833,0.03314084464413751,0.043141713735336235,-0.03417206584561108,0.039420877046000016,0.04549464852373525,20.74,28.77,3,1037.0,0.0,0.0,863.0,0.0,0.0,3,0,0,0.01845430335046981,-0.046751974911739096,-0.005567947467986157,0.027661600833135375,-0.08248825584977475,-0.010390211751324149,0.027765930344554046,-0.127136391921265,-0.016802364285467948
92,least_connections,2953,measured,359,316,9,medium,2,100.0,79.15,4,1326.0,0.0,460.0,1139.0,0.0,444.0,3,0,1,0.020505427257416317,-0.06001375729133964,0.025163426638736174,0.2638914205652977,-0.384195631659697,0.15905715853910987,0.16660956366955604,-0.2518139270013073,0.12157040454224928,36.89,37.94,3,357.0,476.0,458.0,333.0,449.0,432.0,1,1,1,-0.05464237547441905,0.0065581055582037,0.014997251791137534,-0.13234522246372643,0.029984573725648223,0.03903297909387564,-0.1185663929079338,0.03566650780352382,0.041161824854808085,18.64,25.83,3,573.0,359.0,0.0,459.0,316.0,0.0,2,1,0,-0.026387149576332286,0.0007844943542315158,-0.00503766675674938,-0.05893474210335371,-0.009670326721224767,-0.009400667775007563,-0.09671971381524477,-0.01972657681765244,-0.01520213911542338
92,least_connections,2954,measured,174,122,6,light,1,100.0,79.15,4,1326.0,0.0,460.0,1139.0,0.0,444.0,3,0,1,0.018552529423376665,-0.0542981613588311,0.022766909815999395,0.23875890432098368,-0.34760557150163063,0.14390885772586132,0.15074198617721735,-0.227831648239278,0.10999227077632077,41.86,41.75,4,531.0,934.0,0.0,455.0,881.0,0.0,2,2,0,-0.006354439488193198,0.049017424303227385,-0.029514958130013886,-0.07476132372568448,0.1455234578606205,-0.08307900530962273,-0.07278030786908299,0.1544125546793787,-0.08490120608374507,14.72,21.9,2,377.0,359.0,0.0,341.0,316.0,0.0,1,1,0,-0.06695798793867705,0.0007097806062094647,-0.004557888970392296,-0.08878857618874858,-0.00874934322396527,-0.0085053660821497,-0.12309561408680875,-0.01784785521597125,-0.013754316342525916
92,least_connections,2955,measured,355,336,10,medium,2,100.0,79.15,4,1326.0,460.0,0.0,1139.0,444.0,0.0,3,1,0,0.016785621859245564,-0.0060430076693279156,-0.022485267536091248,0.21601996105231858,-0.03703996151734834,-0.1472570652321572,0.1363856065412919,-0.005276253168870565,-0.10134032644047168,31.66,31.34,3,174.0,934.0,0.0,122.0,881.0,0.0,1,2,0,-0.04883315500178931,0.044349098179110494,-0.02670400973667923,-0.15992691194228595,0.13166408092151377,-0.07516671908965866,-0.1600006356910751,0.13970659709086644,-0.07681537693291221,21.82,33.1,3,736.0,355.0,0.0,657.0,336.0,0.0,2,1,0,-0.01749713647966472,0.0006421824532371334,-0.0041238043065454115,-0.01537061655172492,-0.00863988196454002,-0.007695331217183062,-0.016070634967430136,-0.01011631344937082,-0.012444381452761543
92,least_connections,2956,measured,197,116,5,light,1,93.33,64.15,3,940.0,460.0,0.0,839.0,444.0,0.0,2,1,0,-0.027896909020773297,-0.005467483129391923,-0.020343813485034938,-0.037378765397108604,-0.03351234613474374,-0.13323258282909461,-0.012317784557878797,-0.00477375286707335,-0.09168886677947438,37.29,34.97,4,371.0,934.0,0.0,238.0,881.0,0.0,2,2,0,-0.0010984781081948558,0.04012537454300473,-0.02416077071413835,-0.09377060740356484,0.11912464464327438,-0.0680079839382626,-0.11196486086335364,0.1264012068917363,-0.06949962674882533,21.82,33.1,3,736.0,355.0,0.0,657.0,336.0,0.0,2,1,0,-0.015830742529220454,0.000581022219595495,-0.0037310610392553723,-0.013906748308703504,-0.007817036063155258,-0.0069624425298322945,-0.01454009830386535,-0.009152855025621229,-0.011259202266784254
92,least_connections,2957,measured,353,342,14,medium,0,86.0,59.55,3,477.0,813.0,0.0,405.0,786.0,0.0,1,2,0,-0.06832396076936177,0.03813712977635515,-0.018406307438841134,-0.31308872424817763,0.182599940798724,-0.12054376541679988,-0.2074779955523665,0.15039517597740984,-0.08295659375285777,37.29,34.97,4,371.0,934.0,0.0,238.0,881.0,0.0,2,2,0,-0.0009938611455096447,0.036303910300813806,-0.02185974493183946,-0.0848400733651301,0.10777944039153395,-0.0615310330869995,-0.10130154078112949,0.11436299671157094,-0.06288061467750863,21.82,33.1,3,736.0,355.0,0.0,657.0,336.0,0.0,2,1,0,-0.014323052764532801,0.0005256867701102091,-0.003375721892659623,-0.012582296088826994,-0.007072556438092847,-0.006299352765086362,-0.01315532703683056,-0.008281154546990646,-0.010186897288995278
92,least_connections,2958,measured,192,123,3,light,0,98.8,65.7,4,669.0,813.0,0.0,528.0,786.0,0.0,2,2,0,-0.018733016659808033,0.03450502217860704,-0.01665332577799912,-0.1674612267007321,0.16520947024646454,-0.10906340680567608,-0.132075329309284,0.1360718258843232,-0.07505596577639513,37.29,34.97,4,371.0,934.0,0.0,238.0,881.0,0.0,2,2,0,-0.0008992077030801626,0.032846395034069636,-0.019777864462140464,-0.07676006637797485,0.09751473178281642,-0.05567093469776145,-0.09165377499245048,0.10347128273904035,-0.0568919847082221,14.28,21.73,2,714.0,0.0,0.0,652.0,0.0,0.0,2,0,0,-0.012958952501243959,-0.04260827886332432,-0.0030542245695491825,-0.015364934556557741,-0.07063707487256018,-0.005699414406506708,-0.013410375255545115,-0.1088258064948963,-0.009216716594805252
92,least_connections,2959,measured,401,420,13,heavy,2,67.0,45.45,3,192.0,813.0,0.0,123.0,786.0,0.0,1,2,0,-0.06003282006182177,0.03121882959016828,-0.015067294751523014,-0.43922682415780523,0.1494752349848965,-0.09867641568132599,-0.3027110122322093,0.12311260437153049,-0.0679077785595956,37.29,34.97,4,847.0,458.0,0.0,687.0,432.0,0.0,3,1,0,0.042270331352541976,-0.01336573329117055,-0.017894258322888993,0.05359803518183229,-0.034820004577451796,-0.050368940917022265,0.04402456072111624,-0.033332529902772995,-0.051473700450296186,22.3,35.73,3,714.0,401.0,0.0,652.0,420.0,0.0,2,1,0,-0.011724766548744547,0.00453355268374965,-0.002763346039115927,-0.01390160745593319,0.008652170353397923,-0.005156613034458451,-0.012133196659778911,0.02820522269509383,-0.008338934061966657
92,least_connections,2960,measured,352,314,13,medium,0,90.47,61.15,4,192.0,1165.0,0.0,123.0,1100.0,0.0,1,3,0,-0.054315408627362546,0.07132950795119533,-0.013632314298997012,-0.39739569804753805,0.3475569586371285,-0.08927866180691399,-0.2738813920196179,0.25343521347900383,-0.061440371077729344,32.31,31.16,3,673.0,458.0,0.0,565.0,432.0,0.0,2,1,0,-0.004839314717314636,-0.012092806311059065,-0.01619004324451861,0.0035138685658754887,-0.03150381366531352,-0.04557189892492491,0.005337697795295665,-0.030158003245366022,-0.046571443264553695,22.3,35.73,3,714.0,401.0,0.0,652.0,420.0,0.0,2,1,0,-0.010608122115530777,0.004101785761487772,-0.002500170225866791,-0.012577644841082425,0.007828154129264783,-0.004665507031176693,-0.010977654120752328,0.025519011009846798,-0.00754474986558888
92,least_connections,2961,measured,435,446,14,heavy,1,77.67,55.0,3,0.0,1165.0,0.0,0.0,1100.0,0.0,0,3,0,-0.0922264127943711,0.06453622147965292,-0.012333998651473487,-0.4753580125192011,0.3144562959097829,-0.08077593211101743,-0.3034403070653686,0.22929852648100346,-0.055588907165564645,39.11,41.47,3,934.0,435.0,0.0,881.0,446.0,0.0,2,1,0,-0.004378427601379908,-0.010941110471910584,-0.014648134364088268,0.07064860217184651,-0.0344490286903857,-0.04123171807493206,0.09417458371955323,-0.023327479126759754,-0.042136067715548585,22.3,35.73,3,714.0,401.0,0.0,652.0,420.0,0.0,2,1,0,-0.009597824771194502,0.003711139498488933,-0.0022620587757842393,-0.011379773903836488,0.007082615640763373,-0.004221173028207485,-0.009932163252109244,0.023088629008909012,-0.00682620225934232
92,least_connections,2962,measured,380,330,9,medium,0,100.0,71.5,4,460.0,1085.0,0.0,444.0,986.0,0.0,1,3,0,-0.040359044682435535,0.05838991467206693,-0.011159332113237917,-0.15262550339038833,0.2362541089977402,-0.07308298619568243,-0.07368408734485729,0.1558891430066221,-0.050294725530748964,39.11,41.47,3,934.0,435.0,0.0,881.0,446.0,0.0,2,1,0,-0.003961434496486588,-0.009899099950776244,-0.013253073948460814,0.0639201638697659,-0.031168168815110878,-0.03730488778208139,0.08520557574626245,-0.021105814448020732,-0.03812310888549634,15.12,25.2,2,355.0,401.0,0.0,336.0,420.0,0.0,1,1,0,-0.05176764644831429,0.003357697641489993,-0.0020466246066619307,-0.0752578906748997,0.0064080808178335336,-0.0038191565493305817,-0.10428783024397183,0.02088971196044148,-0.006176087758452575
92,least_connections,2963,measured,153,125,7,light,2,100.0,71.5,4,460.0,1085.0,0.0,444.0,986.0,0.0,1,3,0,-0.03651532614125119,0.05282897041758436,-0.01009653857864383,-0.13808974116273226,0.21375371766462203,-0.06612270179609363,-0.06666655521677564,0.14104255795837234,-0.045504751670677634,39.11,41.47,3,934.0,435.0,0.0,881.0,446.0,0.0,2,1,0,-0.003584155020630725,-0.008956328526892793,-0.011990876429559785,0.05783252921550247,-0.028199771785100317,-0.03375204132664507,0.07709075900852316,-0.019095736881542563,-0.034492336610687166,18.18,29.37,3,508.0,401.0,0.0,461.0,420.0,0.0,2,1,0,-0.0037534941788603116,0.0030379169137290385,-0.0018517079774560325,-0.040404758229671156,0.005797787406611299,-0.0034554273541562404,-0.05665724323660942,0.01890021558325658,-0.005587888924314235
92,least_connections,2964,measured,384,319,8,medium,1,100.0,71.5,4,1193.0,352.0,0.0,1116.0,314.0,0.0,3,1,0,0.05313012442095413,-0.03837016055189078,-0.009134963475915846,0.31718864688451215,-0.24873076338280234,-0.05982530162503709,0.2436826405181554,-0.17639006660909165,-0.04117096579727977,50.09,51.44,4,934.0,819.0,0.0,881.0,765.0,0.0,2,2,0,-0.0032428069234277934,0.03498055536909246,-0.010848888198173139,0.05232466929021651,0.0737512268883106,-0.03053756120029792,0.06974878196009238,0.07291635710717578,-0.031207352171574103,18.18,29.37,3,508.0,401.0,0.0,461.0,420.0,0.0,2,1,0,-0.0033960185427783784,0.002748591493373892,-0.0016753548367459343,-0.03655668601732154,0.0052456171774102195,-0.003126339034712789,-0.0512613153093133,0.017100195051517858,-0.005055709026760498
92,least_connections,2965,measured,197,100,5,light,2,100.0,71.5,4,1193.0,352.0,0.0,1116.0,314.0,0.0,3,1,0,0.048070112571339446,-0.03471585954694881,-0.00826496695440005,0.28698020432408244,-0.22504211925110687,-0.054127653851224033,0.22047476999261678,-0.159591012646321,-0.037249921435634076,50.09,51.44,4,1318.0,435.0,0.0,1200.0,446.0,0.0,3,1,0,0.04014993205794175,-0.011434826321387995,-0.009815660750728077,0.146606673575502,-0.032538005604453704,-0.027629222038364782,0.15329949320198832,-0.02422151023636479,-0.02823522339332895,15.02,21.5,3,751.0,0.0,0.0,645.0,0.0,0.0,3,0,0,0.040011312021386455,-0.040597079351800035,-0.0015157972332463215,0.01089633169861387,-0.06781587017281931,-0.002828592459978238,0.0091127782122086,-0.11119506162005528,-0.0045742129289737836
92,least_connections,2966,measured,177,106,5,light,2,100.0,71.5,4,1545.0,0.0,0.0,1430.0,0.0,0.0,4,0,0,0.08657590683892163,-0.07449348743590152,-0.007477827244457189,0.4448233594678206,-0.41592699678274747,-0.048972639198726506,0.34152479189808177,-0.2864394876323857,-0.033702309870335595,36.49,37.41,3,842.0,435.0,0.0,751.0,446.0,0.0,2,1,0,-0.006757771221952924,-0.010345795243160566,-0.008880835917325403,0.009596514187358962,-0.02943914792783907,-0.024997867558520518,0.01175013670656086,-0.021914699737663385,-0.025546154498726194,18.56,25.03,4,928.0,0.0,0.0,751.0,0.0,0.0,4,0,0,0.07928461110324987,-0.03673069084210479,-0.001371435591984767,0.04188715725112682,-0.06135721587064605,-0.002559202701885072,0.04021314854120464,-0.10060505575147859,-0.004138573602404852
92,least_connections,2967,measured,382,314,9,medium,1,100.0,71.5,4,1545.0,0.0,0.0,1430.0,0.0,0.0,4,0,0,0.07833058237807196,-0.06739886958486328,-0.006765653221175552,0.40245922999469486,-0.37631490185105726,-0.04430857832265731,0.3089986212411216,-0.25915953642930134,-0.030492566073160778,47.4,47.22,4,842.0,817.0,0.0,751.0,760.0,0.0,2,2,0,-0.0061141739627193215,0.03372341881627876,-0.008035042020437269,0.008682560455229527,0.07211287976596872,-0.02261711826723285,0.010631076067840778,0.06895217642782836,-0.023113187403609414,18.56,25.03,4,928.0,0.0,0.0,751.0,0.0,0.0,4,0,0,0.07173369576008322,-0.03323252980952338,-0.0012408226784624084,0.037897904179590935,-0.05551367150201309,-0.002315469111229351,0.03638332487061374,-0.09102362187038539,-0.003744423735509152
92,least_connections,2968,measured,428,448,18,heavy,0,100.0,93.9,5,1545.0,0.0,428.0,1430.0,0.0,448.0,4,0,1,0.07087052691349367,-0.06097992962440011,0.03696259493140806,0.3641297795190096,-0.3404753873890518,0.21807001643823068,0.27957018112291954,-0.23447767581698692,0.1750781545052355,34.31,33.72,3,819.0,382.0,0.0,765.0,314.0,0.0,2,1,0,-0.005531871680555578,-0.012572235583457533,-0.007269799923252767,0.0019100717043913362,-0.04720399313691266,-0.020463107003686865,0.013576925966141656,-0.06371588799386958,-0.02091193146040852,18.56,25.03,4,928.0,0.0,0.0,751.0,0.0,0.0,4,0,0,0.06490191521150385,-0.030067526970521157,-0.001122649090037417,0.034288579972010846,-0.05022665516848804,-0.0020949482434932222,0.03291824631150769,-0.08235470550177726,-0.003387811951174947
92,least_connections,2969,measured,491,403,18,heavy,1,100.0,71.7,4,1085.0,0.0,428.0,986.0,0.0,448.0,3,0,1,0.021037052694974995,-0.055172317279219146,0.03344234779508348,0.07913329258069124,-0.30804916001866595,0.1973014434441135,0.05208730673026052,-0.2121464685963215,0.1584040445523559,48.34,46.31,4,1201.0,0.0,491.0,1079.0,0.0,403.0,3,0,1,0.038078873468159455,-0.0544587800403618,0.03650646220095724,0.10047645943322481,-0.14145667406264886,0.10841093039802481,0.10106364730269957,-0.14642747008969154,0.09502313344058277,18.56,25.03,4,928.0,0.0,0.0,751.0,0.0,0.0,4,0,0,0.05872078042945586,-0.027203952973328668,-0.0010157301290814726,0.031023000927057426,-0.04544316420006061,-0.0018954293631605343,0.02978317523422125,-0.07451140021589371,-0.0030651631939201903
92,least_connections,2970,measured,357,329,13,medium,0,100.0,88.15,5,1085.0,357.0,428.0,986.0,329.0,448.0,3,1,1,0.019033523866882132,-0.006833910644917104,0.03025736229078982,0.07159678852538731,-0.06337781144545968,0.17851082978276933,0.04712661085118808,-0.043108709682386115,0.14331794507117918,48.34,46.31,4,1201.0,0.0,491.0,1079.0,0.0,403.0,3,0,1,0.03445231409023951,-0.04927222956032735,0.033029656277056556,0.09090727282053673,-0.1279846098662061,0.0980860798839272,0.09143853803577578,-0.13248199674781616,0.08597331120814633,11.56,17.53,2,578.0,0.0,0.0,526.0,0.0,0.0,2,0,0,-0.03303947530305468,-0.024613100309202128,-0.0009189939263118085,-0.03526490392313851,-0.04111524380005484,-0.001714912280954769,-0.04091046050237124,-0.0674150763858086,-0.002773242889737315
92,least_connections,2971,measured,484,441,16,heavy,2,75.8,54.55,3,352.0,357.0,428.0,314.0,329.0,448.0,1,1,1,-0.06894699314538327,-0.00618306201206785,0.027375708739286027,-0.37734893736591946,-0.05734182940303495,0.16150979837488655,-0.26136163780130606,-0.03900311828406364,0.1296686169691621,48.34,46.31,4,1201.0,0.0,491.0,1079.0,0.0,403.0,3,0,1,0.03117114131974051,-0.0445796362688676,0.02988397472686069,0.08224943731381895,-0.11579559940275791,0.08874454846641033,0.08273010584189239,-0.11986466372421463,0.0777853768073705,17.7,28.7,2,401.0,0.0,484.0,420.0,0.0,441.0,1,0,1,-0.07297675883428302,-0.022268995517849544,0.042252429531522875,-0.06393491307331581,-0.03719950629528771,0.08602936507913617,-0.06898248013706604,-0.060994592920493494,0.13049087548071386
92,least_connections,2972,measured,199,123,5,light,2,75.8,54.55,3,352.0,785.0,0.0,314.0,777.0,0.0,1,2,0,-0.062380612845822955,0.03748970126345789,-0.01831540184359382,-0.34141094333107,0.20627802736550804,-0.11203081734335663,-0.2364700532488007,0.16737813107632338,-0.08534744178980573,37.37,36.34,3,817.0,0.0,491.0,760.0,0.0,403.0,2,0,1,-0.014881439032706417,-0.040333956624213546,0.0270378818957311,-0.024849148552803235,-0.10476744707868572,0.08029268670770459,-0.01534240423828781,-0.10844898146476561,0.07037724568285901,13.66,18.8,2,199.0,0.0,484.0,123.0,0.0,441.0,1,0,1,-0.06602659132625606,-0.020148138801863873,0.03822838862375879,-0.09439825468538096,-0.03365669617192698,0.07783609221445653,-0.15198414869544072,-0.05518558407092269,0.1180631730539792
92,least_connections,2973,measured,391,312,16,medium,2,52.33,38.85,2,0.0,785.0,0.0,0.0,777.0,0.0,0,2,0,-0.09952350232535909,0.03391925352408095,-0.016571077858489644,-0.521213075712238,0.18663250094974537,-0.10136121569160837,-0.355996714844153,0.1514373566881021,-0.07721911400030042,37.37,36.34,3,817.0,491.0,0.0,760.0,403.0,0.0,2,1,0,-0.013464159124829622,0.006591272804849876,-0.018621054702048275,-0.022482562976345766,0.03213557509207346,-0.05427940590391354,-0.013881222882260402,0.01582294534140255,-0.05026880152503233,21.48,29.2,3,199.0,484.0,391.0,123.0,441.0,312.0,1,1,1,-0.059738344533279295,0.024854631786975768,0.034587589707210334,-0.08540794471534469,0.057129655844447014,0.05359455962260353,-0.1375094678673035,0.08307018584059375,0.06791429942979071
92,least_connections,2974,measured,200,108,6,light,0,65.67,44.25,3,200.0,785.0,0.0,108.0,777.0,0.0,1,2,0,-0.04696117330571037,0.030688848426549425,-0.014992879967204916,-0.3509388145332947,0.16885797704976963,-0.09170776657812187,-0.2732351229542337,0.13701475128923524,-0.06986491266693848,37.37,36.34,3,817.0,491.0,0.0,760.0,403.0,0.0,2,1,0,-0.012181858255798234,0.005963532537721319,-0.01684762092090082,-0.020341366502408087,0.0290750441309236,-0.04910993867496939,-0.012559201655378438,0.01431599816603088,-0.0454812966178864,21.48,29.2,3,199.0,484.0,391.0,123.0,441.0,312.0,1,1,1,-0.054048978387252686,0.02248752399773998,0.031293533544618876,-0.07727385474245471,0.051688736240213966,0.04849031584902225,-0.12441332807041747,0.07515873957006101,0.061446270912667786
92,least_connections,2975,measured,398,308,10,medium,0,92.2,59.65,4,200.0,1183.0,0.0,108.0,1085.0,0.0,1,3,0,-0.04248868060992843,0.07085000118411161,-0.013564986636994923,-0.31751607029202855,0.39283975701328366,-0.08297369357068168,-0.2472127302919257,0.26329906069026043,-0.06321111146056338,24.94,22.41,2,382.0,491.0,0.0,314.0,403.0,0.0,1,1,0,-0.054105581505812905,0.005395577057938333,-0.015243085595100743,-0.1308530730940155,0.026305992308930867,-0.04443280165830564,-0.13746427768819952,0.012952569769266037,-0.04114974455904007,21.48,29.2,3,199.0,875.0,0.0,123.0,753.0,0.0,1,2,0,-0.04890145663608576,0.06342975527233163,-0.014770703210197432,-0.06991444000507807,0.11751838040781262,-0.026880190422313214,-0.11256443968275867,0.16209600246815045,-0.03850099298377676
92,least_connections,2976,measured,393,302,11,medium,1,92.2,59.65,4,557.0,826.0,0.0,437.0,756.0,0.0,2,2,0,0.004641760627298319,0.021018481796962668,-0.012273083147757312,-0.0719431112165973,0.14009311348820902,-0.07507143704014058,-0.07483532740698043,0.0893896263388071,-0.05719100560717639,25.26,22.03,2,0.0,884.0,0.0,0.0,705.0,0.0,0,2,0,-0.09203656920820714,0.047965612802987286,-0.0137913631574721,-0.2171391749762181,0.12539249644277417,-0.040201106262276534,-0.21315220362265672,0.09710589645790736,-0.037230721267702924,21.48,29.2,3,199.0,875.0,0.0,123.0,753.0,0.0,1,2,0,-0.044244175051696644,0.05738882619877624,-0.01336396957113101,-0.06325592190935635,0.10632615370230666,-0.024320172286854812,-0.10184401685582928,0.14665828794737423,-0.03483423174722659
92,least_connections,2977,measured,380,302,16,medium,1,92.2,59.65,4,557.0,826.0,0.0,437.0,756.0,0.0,2,2,0,0.00419968818660324,0.01901672162582338,-0.01110421808606614,-0.06509138633882616,0.12675091220361767,-0.067921776369651,-0.06770815336822042,0.08087632859225408,-0.05174424316839769,36.11,31.47,3,0.0,884.0,380.0,0.0,705.0,302.0,0,2,1,-0.08327118166456837,0.043397459202702784,0.030606000227139753,-0.19645925354991162,0.11345035392441472,0.06185886304161375,-0.19285199375383227,0.08785771584286856,0.05170196647207831,17.5,25.1,2,0.0,875.0,0.0,0.0,753.0,0.0,0,2,0,-0.08311434432114957,0.051923223703654695,-0.012091210564356629,-0.09324107220370337,0.09619985334970603,-0.02200396540239245,-0.12923982477432175,0.1326908319523862,-0.031516685866538344
92,least_connections,2978,measured,474,403,19,heavy,2,92.2,59.65,4,955.0,428.0,0.0,745.0,448.0,0.0,3,1,0,0.046883618109874584,-0.02587829494625049,-0.010046673506440793,0.1811712853759827,-0.12538409530783795,-0.06145303576301757,0.07807357552399102,-0.06615951222605584,-0.04681622000950267,36.11,31.47,3,0.0,884.0,380.0,0.0,705.0,302.0,0,2,1,-0.07534059293460948,0.03926436785006442,0.027691143062650254,-0.17774884844992003,0.1026455583125657,0.05596754275193625,-0.17448513720584824,0.07949031433402393,0.046777969665213706,26.98,38.53,3,0.0,875.0,474.0,0.0,753.0,403.0,0,2,1,-0.0751986924810401,0.04697815477949711,0.0321442335256728,-0.08436097008906496,0.08703796255449593,0.06586307892164492,-0.11693127003391016,0.12005360986168276,0.0930245858032907
92,least_connections,2979,measured,162,110,5,light,1,92.2,59.65,4,1383.0,0.0,0.0,1193.0,0.0,0.0,4,0,0,0.08550241184997723,-0.06649759565431733,-0.009089847458208336,0.4220756074036669,-0.3716014830562978,-0.05560036569034923,0.27330466356932526,-0.26252527296643147,-0.042357532389550034,40.74,34.91,4,162.0,1264.0,0.0,110.0,1007.0,0.0,1,3,0,-0.025081398142651215,0.07860880447205375,-0.01803000888435952,-0.11894283567237662,0.19110108337123294,-0.04759399193192162,-0.12676631461481508,0.1573067129688788,-0.04306397982671141,26.98,38.53,3,0.0,875.0,474.0,0.0,753.0,403.0,0,2,1,-0.06803691224475056,0.04250404480049738,0.0290828779517992,-0.07632659198534449,0.07874863278740109,0.05959040473863112,-0.10579495860210919,0.10861993273199869,0.08416510144107253
92,least_connections,2980,measured,196,103,5,light,2,78.87,54.25,3,1183.0,0.0,0.0,1085.0,0.0,0.0,3,0,0,0.03427542478036488,-0.06016449130628711,-0.008224147700283733,0.26124300987315885,-0.3362108656223647,-0.05030509276745883,0.19841850513415138,-0.2375228660172475,-0.03832348168578337,40.74,34.91,4,1046.0,380.0,0.0,815.0,302.0,0.0,3,1,0,0.06347510689587792,-0.015045548788323246,-0.016312865181087186,0.1209020602419994,-0.05561602660970083,-0.04306123079554813,0.0846370248723102,-0.05700523588530014,-0.038962648414643655,30.9,41.97,4,680.0,391.0,474.0,544.0,312.0,403.0,2,1,1,0.024610594136835667,-0.0046278596929740234,0.026313080051627847,0.05399022629897404,-0.016332189382827572,0.05391512809685673,0.0683442438044409,-0.034724822766286925,0.07614937749430373
92,least_connections,2981,measured,160,102,5,light,0,89.53,59.35,4,1343.0,0.0,0.0,1187.0,0.0,0.0,4,0,0,0.0740949988375637,-0.054434539753307386,-0.007440895538351949,0.33287065972650887,-0.3041907831821395,-0.04551413155151037,0.22566436178804178,-0.21490164068227155,-0.034673626287137334,40.74,34.91,4,1046.0,380.0,0.0,815.0,302.0,0.0,3,1,0,0.057429858620080015,-0.013612639379911515,-0.014759258973364596,0.10938757831418994,-0.05031926217068172,-0.03896016119597212,0.0765763558368521,-0.051576165800985854,-0.0352519199942014,30.9,41.97,4,680.0,391.0,474.0,544.0,312.0,403.0,2,1,1,0.022266728028565608,-0.004187111150786016,0.02380707242766329,0.04884829998478604,-0.014776742774939233,0.048780353992394186,0.061835268204017954,-0.03141769678854532,0.06889705582817957
92,least_connections,2982,measured,155,104,6,light,0,99.87,64.55,5,1498.0,0.0,0.0,1291.0,0.0,0.0,5,0,0,0.11012223250836262,-0.049250297872040015,-0.006732238820413668,0.39466075562557157,-0.2752202324028881,-0.04117945235612843,0.25122013685584726,-0.19443481776015045,-0.03137137616455283,40.74,34.91,4,1046.0,380.0,0.0,815.0,302.0,0.0,3,1,0,0.051960348275310486,-0.012316197534205653,-0.013353615261615588,0.0989697137128385,-0.04552695148775965,-0.035249669653498586,0.06928336956667572,-0.04666415001041578,-0.03189459428046793,30.9,41.97,4,1071.0,0.0,474.0,856.0,0.0,403.0,3,0,1,0.06322998749069768,-0.04687223888699234,0.021539732196457263,0.11494846189099689,-0.08412181489161169,0.04413460599311855,0.1500414331369686,-0.12252077328487433,0.06233543146359104
92,least_connections,2983,measured,372,339,11,medium,1,76.07,48.1,4,1141.0,0.0,0.0,962.0,0.0,0.0,4,0,0,0.05655050061414213,-0.04455979331279811,-0.00609107321846951,0.1417406836612315,-0.24900878169785115,-0.03725759975078287,0.07846107620290943,-0.17591721606870755,-0.028383626053643037,51.37,45.5,5,1046.0,752.0,0.0,815.0,641.0,0.0,3,2,0,0.047011743677661866,0.03194067388628559,-0.012081842379556961,0.08954402669256817,0.054972213960054195,-0.03189255825792729,0.06268495341746852,0.05362826903819523,-0.02885701387280432,30.9,41.97,4,1071.0,474.0,0.0,856.0,403.0,0.0,3,1,0,0.05720808392015504,0.0006756840909071526,-0.023595571096629367,0.10400098932994957,0.009661215098065612,-0.04584011838717845,0.1357517728382097,0.010687554329558147,-0.06514095883452875
92,least_connections,2984,measured,160,125,6,light,0,86.73,54.35,5,1301.0,0.0,0.0,1087.0,0.0,0.0,5,0,0,0.09424863887764787,-0.040316003473484005,-0.005510971007186699,0.22474950743952682,-0.22529365963138914,-0.033709256917374975,0.1275362118026323,-0.1591631954907354,-0.0256804235723437,46.74,42.06,4,884.0,752.0,0.0,705.0,641.0,0.0,2,2,0,-0.0005494654707775826,0.02889870494473458,-0.01093119072436106,0.03913847313001062,0.04973676501147761,-0.028855171757172313,0.025613767377709595,0.048520814844081384,-0.026108726837299145,30.9,41.97,4,1071.0,474.0,0.0,856.0,403.0,0.0,3,1,0,0.05175969497537837,0.0006113332251064668,-0.02134837384933133,0.0940961332032877,0.008741099374440314,-0.04147439282649479,0.122823032567904,0.009669692012457376,-0.05893705799314506
92,least_connections,2985,measured,154,105,5,light,1,60.2,38.95,4,903.0,0.0,0.0,779.0,0.0,0.0,4,0,0,0.042188677805400254,-0.036476384095056956,-0.00498611662554987,-0.03671869961820584,-0.2038371206188759,-0.030498851496672596,-0.02394342741666594,-0.14400479592018917,-0.023234668946406207,51.14,45.34,5,1038.0,752.0,0.0,810.0,641.0,0.0,3,2,0,0.042586764800815746,0.02614644733095034,-0.009890124941088577,0.07522052330810489,0.04499993024847976,-0.026107060161251142,0.05286186096078488,0.04389978485893076,-0.023622181424223038,26.98,38.53,3,875.0,474.0,0.0,753.0,403.0,0.0,2,1,0,0.003746299989061147,0.0005531110131915679,-0.019315195387490252,0.04966793004106981,0.007908613719731714,-0.0375244506525429,0.08006210883127823,0.008748768963651898,-0.05332400485094077
92,least_connections,2986,measured,408,442,14,heavy,2,21.0,11.45,2,315.0,0.0,0.0,229.0,0.0,0.0,2,0,0,-0.04799709196291449,-0.03300244275267058,-0.004511248375497502,-0.3878883472736149,-0.1844240615123163,-0.027594198973179968,-0.27047262480555495,-0.13029005345159972,-0.021021843332462757,51.14,45.34,5,1418.0,372.0,0.0,1112.0,339.0,0.0,4,1,0,0.08161478266559066,-0.01942759073684991,-0.008948208280032522,0.166287956462435,-0.057517069911239393,-0.023620673479227226,0.13321430277404345,-0.04566805179430074,-0.02137244986001132,35.14,53.27,4,875.0,882.0,0.0,753.0,845.0,0.0,2,2,0,0.003389509513912453,0.04358433400059736,-0.017475652969634037,0.04493765098953936,0.08098398384166204,-0.033950693447538816,0.07243714608544222,0.14121714017346285,-0.04824552819847022
92,least_connections,2987,measured,489,431,17,heavy,0,53.6,33.0,3,315.0,0.0,489.0,229.0,0.0,431.0,2,0,1,-0.04342594034739883,-0.029859352966701953,0.0390022945536882,-0.35094659991422306,-0.16685986517780999,0.26998620092902764,-0.24471332720502592,-0.11788147693239974,0.17595642746110512,25.89,23.31,3,906.0,0.0,0.0,746.0,0.0,0.0,3,0,0,0.03075804599449132,-0.06066124422676443,-0.008095997967648472,0.01809726673131873,-0.14820251903533904,-0.02137108552882463,0.0170450834622298,-0.13716692781389114,-0.019336978444772147,25.46,38.57,3,391.0,882.0,0.0,312.0,845.0,0.0,1,2,0,-0.040017201142741335,0.039433445048159516,-0.01581130506776413,-0.046923077676131034,0.07327122347578947,-0.03071729407158274,-0.06746162973221896,0.12776788872837114,-0.043650715989092106
92,least_connections,2988,measured,478,447,17,heavy,0,75.13,50.15,3,160.0,0.0,967.0,125.0,0.0,878.0,1,0,2,-0.08237403673154678,-0.027015605065111293,0.07837169053723717,-0.41101517770017004,-0.15096844944659,0.5325906897294378,-0.26845491509026154,-0.10665466960550453,0.36141295817909513,25.89,23.31,3,906.0,0.0,0.0,746.0,0.0,0.0,3,0,0,0.02782870828073024,-0.054883982871834484,-0.0073249505421581415,0.016373717518812198,-0.1340879934129258,-0.019335744049888953,0.01542174218011269,-0.12410341087923485,-0.017495361450031943,25.46,38.57,3,391.0,882.0,0.0,312.0,845.0,0.0,1,2,0,-0.036206039129146925,0.03567787885309671,-0.01430546648988183,-0.042454213135547134,0.06629301171619048,-0.027791837493336764,-0.06103671261486478,0.11559951837328816,-0.03949350494251191
92,least_connections,2989,measured,499,424,17,heavy,0,100.0,71.35,4,160.0,0.0,1466.0,125.0,0.0,1302.0,1,0,3,-0.07452889037616137,-0.024442690297005455,0.11399162023663861,-0.37187087506205857,-0.1365905018802481,0.7828518938821898,-0.24288778031976044,-0.0964970820240279,0.5188022002572765,25.89,23.31,3,906.0,0.0,0.0,746.0,0.0,0.0,3,0,0,0.025178355111136877,-0.04965693688404072,-0.0066273362048097475,0.014814315850353893,-0.12131770832598048,-0.017494244616566196,0.013953004829625776,-0.11228403841454582,-0.0158291365500289,17.64,28.17,2,0.0,882.0,0.0,0.0,845.0,0.0,0,2,0,-0.0758417451531284,0.03227998562899226,-0.012943041109893085,-0.10916333569406646,0.059979391552743774,-0.02514499582730469,-0.14931893046106812,0.10459004043297498,-0.03573221875751077
92,least_connections,2990,measured,489,421,18,heavy,2,97.73,65.1,3,0.0,489.0,977.0,0.0,431.0,871.0,0,1,2,-0.11051480104328432,0.020969085196133386,0.06005137522543948,-0.43296253775456095,0.17137049829882317,0.4133421897029335,-0.2763032298131166,0.10766930674016523,0.27441627642325017,21.49,20.03,2,752.0,0.0,0.0,641.0,0.0,0.0,2,0,0,-0.020303483697633518,-0.04492770479984637,-0.0059961613281612,-0.026406095183013123,-0.10976364086636328,-0.015828126081655132,-0.017063352773195734,-0.10159032047030336,-0.014321599735740435,27.42,42.2,3,474.0,408.0,489.0,403.0,442.0,421.0,1,1,1,-0.025534821578454034,-0.013878198943383421,0.03137352969875886,-0.012995398961298227,-0.031504360023708,0.06573547996577195,-0.013558397401283867,-0.026910598338419467,0.09463910366383946
92,least_connections,2991,measured,410,445,16,heavy,1,97.73,65.1,3,0.0,967.0,499.0,0.0,878.0,424.0,0,2,1,-0.09998958189630486,0.06205592968992567,0.011248296405783106,-0.39172801034936466,0.44336695877830035,0.08565880655662242,-0.2499886364975817,0.2996293727649114,0.04606710724008353,33.2,33.94,3,752.0,0.0,410.0,641.0,0.0,445.0,2,0,1,-0.018369818583573172,-0.040648875771289575,0.03765880188223057,-0.02389122897510712,-0.0993099607838525,0.09166570905537325,-0.015438271556700911,-0.091915051854084,0.11286081452480629,27.42,42.2,3,474.0,408.0,489.0,403.0,442.0,421.0,1,1,1,-0.02310293380907745,-0.01255646571068024,0.028385574489353256,-0.011757741917365061,-0.028503944783354856,0.059474958064269855,-0.01226712145830447,-0.02434768421095096,0.08562585569585476
92,least_connections,2992,measured,168,109,6,light,0,100.0,70.55,4,168.0,1466.0,0.0,109.0,1302.0,0.0,1,3,0,-0.047382864346089876,0.09922974137478535,-0.032906870145334555,-0.253087247458949,0.7021256611168749,-0.22348330200432576,-0.17687067111685964,0.46290276583491985,-0.1501297601161149,33.2,33.94,3,752.0,0.0,410.0,641.0,0.0,445.0,2,0,1,-0.01662031205180431,-0.036777554269262,0.03407224932201813,-0.021615873834620714,-0.08985186928062845,0.08293564152629009,-0.013967959979872269,-0.08316123739179028,0.10211216552244377,27.42,42.2,3,474.0,408.0,489.0,403.0,442.0,421.0,1,1,1,-0.020902654398689116,-0.011360611833472603,0.025682186442748185,-0.010637956972854107,-0.02578928337541629,0.053810676343863204,-0.01109882417656119,-0.022028857143241348,0.07747101229624954
92,least_connections,2993,measured,394,335,13,medium,1,100.0,70.55,4,168.0,1466.0,0.0,109.0,1302.0,0.0,1,3,0,-0.04287021059884322,0.08977928981528199,-0.02977288251244555,-0.22898370008190622,0.6352565505343155,-0.2021991780039138,-0.16002584529620634,0.4188167881363561,-0.13583168772410395,33.6,34.97,3,372.0,804.0,0.0,339.0,780.0,0.0,1,2,0,-0.05812132541648507,0.052892870400372924,-0.012256627030645723,-0.11778851170071125,0.12654218629711847,-0.030949385557846387,-0.09802458283893205,0.14529459474076117,-0.03343125500350326,27.42,42.2,3,882.0,0.0,489.0,845.0,0.0,421.0,2,0,1,0.024171974818419595,-0.05336254902847067,0.023236263924391216,0.06420375321503677,-0.0971617325777576,0.048685850025400046,0.12325979399898432,-0.15323245805023425,0.07009282064898768
92,least_connections,2994,measured,160,104,6,light,1,100.0,70.55,4,168.0,1466.0,0.0,109.0,1302.0,0.0,1,3,0,-0.03878733339895338,0.08122888126144562,-0.02693736989221264,-0.20717572864553419,0.5747559266739044,-0.18294211343211247,-0.14478528860132955,0.37892947498051266,-0.12289533651228453,27.54,27.62,3,160.0,804.0,0.0,104.0,780.0,0.0,1,2,0,-0.05258596109110554,0.04785545417176598,-0.011089329218203273,-0.16137327929384082,0.11449054950691671,-0.028001825028527685,-0.15513236066379565,0.1314570142892601,-0.030247325955550568,27.42,42.2,3,882.0,489.0,0.0,845.0,421.0,0.0,2,1,0,0.02186988197857012,-0.005196501275192292,-0.02206061381897484,0.058089110051699935,0.0005774800486954973,-0.044436611881780906,0.11152076599908103,-0.011670636648624638,-0.06355094004774131
92,least_connections,2995,measured,196,106,9,light,1,100.0,70.55,4,168.0,1466.0,0.0,109.0,1302.0,0.0,1,3,0,-0.0350933016466721,0.07349279733178413,-0.024371906092954292,-0.187444706869769,0.5200172669906755,-0.16551905501000652,-0.13099621349644103,0.3428409535537972,-0.11119101874920981,33.14,30.94,4,160.0,1000.0,0.0,104.0,886.0,0.0,1,3,0,-0.047577774320524055,0.0863816920964504,-0.010033202625993437,-0.14600439555157027,0.1542533543157818,-0.025334984549620285,-0.14035785012438654,0.148907536737902,-0.027366628245498133,27.42,42.2,3,882.0,489.0,0.0,845.0,421.0,0.0,2,1,0,0.019787036075849168,-0.004701596391840646,-0.019959602979072472,0.05255681385629994,0.0005224819488197363,-0.04020455360732558,0.10089974066583521,-0.010559147443993722,-0.057498469567004044
92,least_connections,2996,measured,193,104,8,light,2,100.0,70.55,4,168.0,1466.0,0.0,109.0,1302.0,0.0,1,3,0,-0.03175108244222713,0.06649348330018563,-0.0220507721793396,-0.16959283002502906,0.4704918129915635,-0.149755335485244,-0.11852038363963713,0.31018943416772127,-0.10060139791595173,33.14,30.94,4,160.0,1000.0,0.0,104.0,886.0,0.0,1,3,0,-0.043046557718569384,0.07815486427774083,-0.009077659518755967,-0.1320992150228493,0.13956255866665973,-0.022922128878227876,-0.12699043582682593,0.13472586657238753,-0.024760282698307833,31.28,45.67,4,882.0,682.0,0.0,845.0,525.0,0.0,2,2,0,0.017902556449577806,0.03883007491985393,-0.018058688409636998,0.0475514030128428,0.03539653128702737,-0.036375548501866,0.09129024155480328,0.021811565010989797,-0.05202242484633699
92,least_connections,2997,measured,459,430,17,heavy,0,100.0,92.05,5,657.0,977.0,459.0,540.0,871.0,430.0,2,2,1,0.014356730398075668,0.017076870378172487,0.023133201588307256,0.14151124902497375,0.13073068794474785,0.14136422027525541,0.08774346242128073,0.0856713928184144,0.10350349712366272,33.14,30.94,4,356.0,804.0,0.0,210.0,780.0,0.0,2,2,0,0.0041370146718612555,0.027627643643579586,-0.008213120516969685,-0.06885167073495889,0.07560421974602546,-0.020739068985063315,-0.08492587050998536,0.09192459356549348,-0.02240216053656423,21.8,32.23,3,601.0,489.0,0.0,546.0,421.0,0.0,2,1,0,0.016197551073427546,-0.007951927680222862,-0.0163388133230049,-0.00782492108361843,-0.002898376454594287,-0.03291121054930733,-0.007578670339304983,-0.011630806259898097,-0.0470679081943049
92,least_connections,2998,measured,199,103,3,light,2,100.0,86.6,4,967.0,499.0,459.0,878.0,424.0,430.0,2,1,1,0.012989422741116086,-0.02763339845602987,0.020930039532277993,0.31501811419719855,-0.17003731408173606,0.12790096120142158,0.23229170409544447,-0.12470207316429174,0.09364602120712343,33.14,30.94,4,356.0,804.0,0.0,210.0,780.0,0.0,2,2,0,0.0037430132745411293,0.02499643948704819,-0.007430918562972572,-0.062294368760200905,0.0684038178654516,-0.018763919557914427,-0.07683769236617723,0.08316987036877982,-0.020268621437843828,25.78,35.67,4,800.0,489.0,0.0,649.0,421.0,0.0,3,1,0,0.057738827388429906,-0.007194601234487355,-0.014782735863671102,0.02892983330529761,-0.0026223406017757828,-0.029776809544611395,0.024206599851739924,-0.010523110425622068,-0.04258525027103777
92,least_connections,2999,measured,385,308,16,medium,0,100.0,100.0,5,1466.0,0.0,844.0,1302.0,0.0,738.0,3,0,2,0.05483623508776715,-0.06808554644887962,0.06202060266072317,0.5860005160196875,-0.45482741115331676,0.3479421394996989,0.4019782084673069,-0.3046352090534068,0.22406068585406405,33.14,30.94,4,750.0,410.0,0.0,545.0,445.0,0.0,3,1,0,0.046470436046580285,-0.02046807402418996,-0.0067232120331656604,0.04548876840063454,-0.039961171591122016,-0.016976879600017813,0.02519744500203014,-0.019468331571103975,-0.01833827653900156,25.78,35.67,4,800.0,489.0,0.0,649.0,421.0,0.0,3,1,0,0.05223989144667468,-0.006509401116917127,-0.013374856257607187,0.026174611085745453,-0.0023725938777971467,-0.026940922921315072,0.021901209389669468,-0.009520909432705671,-0.03852951214998655
92,least_connections,3000,measured,158,122,3,light,1,100.0,100.0,5,1466.0,459.0,385.0,1302.0,430.0,308.0,3,1,1,0.0496137365079798,-0.018517308465086105,0.013029978371039787,0.5301909430654316,-0.13465337199585803,0.037947650023537116,0.36369456956565865,-0.0810985224768919,0.00819776339177225,33.09,31.5,4,1158.0,0.0,0.0,1008.0,0.0,0.0,4,0,0,0.08512858045937763,-0.06160263386769114,-0.0060829061252451215,0.14662589249853328,-0.142141740283124,-0.015360033923825641,0.15370542643040822,-0.14343265713576075,-0.0165917740114776,17.62,20.93,3,392.0,489.0,0.0,207.0,421.0,0.0,2,1,0,0.004180763463091153,-0.005889458153401209,-0.012101060423549359,-0.050146780446230305,-0.0021466325561021876,-0.024375120738332683,-0.11348620737760062,-0.00861415615340036,-0.03486003480236879
92,least_connections,3001,measured,159,113,3,light,2,100.0,100.0,5,1466.0,844.0,0.0,1302.0,738.0,0.0,3,2,0,0.04488861874531505,0.026330144948822326,-0.03129487217676899,0.4796965675353905,0.11039298089263638,-0.19788863410568863,0.3290569915117864,0.06595847966376445,-0.13191630931220605,33.09,31.5,4,1158.0,0.0,0.0,1008.0,0.0,0.0,4,0,0,0.07702109660610357,-0.05573571635648246,-0.005503581732364634,0.13266152178438725,-0.12860443168473126,-0.013897173550127961,0.13906681438941695,-0.12977240407521212,-0.015011605058003544,16.82,21.27,3,841.0,0.0,0.0,638.0,0.0,0.0,3,0,0,0.0468664957409827,-0.048412457603644175,-0.01094857847844942,0.03587672245341067,-0.09042790564599722,-0.022053680668015285,0.027306129832964515,-0.13476201429752097,-0.03154003148785747
92,least_connections,3002,measured,445,403,15,heavy,2,100.0,100.0,5,1466.0,844.0,0.0,1302.0,738.0,0.0,3,2,0,0.04061351219814219,0.023822512096553533,-0.028314408159933847,0.43401118015106754,0.09987936366476624,-0.17904209752419448,0.2977182304154258,0.05967671969578686,-0.11935285128247214,33.09,31.5,4,1158.0,0.0,0.0,1008.0,0.0,0.0,4,0,0,0.06968575407218894,-0.05042755289396032,-0.0049794310911870495,0.12002709113825513,-0.11635639057189971,-0.012573633212020536,0.12582235587613916,-0.11741312749662049,-0.01358192838581273,25.72,34.7,4,841.0,0.0,445.0,638.0,0.0,403.0,3,0,1,0.042403019956127205,-0.043801747355678065,0.033178043508160275,0.032459891743562036,-0.08181572415590224,0.06057047939560521,0.024705546039348852,-0.12192753674537611,0.09300346357447817
92,least_connections,3003,measured,180,106,7,light,1,100.0,100.0,5,1466.0,844.0,0.0,1302.0,738.0,0.0,3,2,0,0.036745558655461974,0.021553701420691296,-0.025617797858987768,0.3926767820414421,0.09036704331574091,-0.16199046918855692,0.2693641132330043,0.05399322258190242,-0.10798591306509384,33.71,31.0,4,1180.0,0.0,0.0,992.0,0.0,0.0,4,0,0,0.06304901558912332,-0.04562492880882125,-0.004505199558693045,0.11428301443121042,-0.10527482956505212,-0.011376144334685246,0.1093154648403164,-0.10623092487789473,-0.01228841139668771,25.72,34.7,4,841.0,445.0,0.0,638.0,403.0,0.0,3,1,0,0.03836463710316271,0.0034537478573343494,-0.01306567038604093,0.029368473482270424,0.006500059097040836,-0.025721947213500043,0.022352636892744193,0.011224292151008924,-0.03739369168658325
92,least_connections,3004,measured,392,300,14,medium,1,100.0,80.45,4,977.0,844.0,0.0,871.0,738.0,0.0,2,2,0,-0.009837918586101307,0.019500967952054027,-0.023178007586703218,0.06032661232320946,0.08176065823805129,-0.1465628054563134,0.04873419768700382,0.048851010907435544,-0.09770154039222775,39.31,37.06,4,984.0,392.0,0.0,886.0,300.0,0.0,3,1,0,0.013960447211020882,0.0018042027330619492,-0.004076132934055612,0.05273225115204752,0.006084678012571898,-0.010292702017096174,0.06893423009361957,-0.011292265365714274,-0.011118086501765071,18.68,27.47,2,489.0,445.0,0.0,421.0,403.0,0.0,1,1,0,-0.051456938312558,0.0031248194899691772,-0.011821320825465604,-0.03712376208746962,0.005881005849703622,-0.023272237955071468,-0.04522063011291397,0.010155311946150936,-0.03383238771643246
92,least_connections,3005,measured,385,311,12,medium,2,89.53,58.1,3,499.0,844.0,0.0,424.0,738.0,0.0,1,2,0,-0.05198487418561093,0.01764373290900126,-0.02097057829273148,-0.2337362396440803,0.0739739288820464,-0.1326044430319026,-0.15812144018794896,0.04419853367815596,-0.08839663178344416,39.31,37.06,4,984.0,392.0,0.0,886.0,300.0,0.0,3,1,0,0.012630880809971268,0.0016323739013417576,-0.003687929797478887,0.04771013199470964,0.005505184868517421,-0.009312444682134633,0.06236906532279865,-0.01021681152136053,-0.010059221120644588,26.38,37.83,3,489.0,830.0,0.0,421.0,714.0,0.0,1,2,0,-0.046556277520885814,0.045911117860539,-0.010695480746849832,-0.03358816569818679,0.07498757672116044,-0.021055834340302757,-0.04091390343549359,0.10298179017350165,-0.030610255552962703
92,least_connections,3006,measured,377,339,11,medium,0,81.4,53.85,3,0.0,1221.0,0.0,0.0,1077.0,0.0,0,3,0,-0.09011783401373868,0.05904727762061565,-0.01897338036009039,-0.5124597723763901,0.29432561819486736,-0.1199754484574357,-0.3348717792176681,0.19334629237547446,-0.07997790494692567,28.06,26.59,3,590.0,392.0,0.0,551.0,300.0,0.0,2,1,0,-0.03165596044630717,0.001476909720261585,-0.003336698388195184,-0.058684030236079016,0.004980881547706234,-0.008425545188598001,-0.03828810756508694,-0.009243781852659519,-0.00910120006153558,26.38,37.83,3,489.0,830.0,0.0,421.0,714.0,0.0,1,2,0,-0.04212234632842049,0.04153863044524957,-0.009676863532864134,-0.030389292774549964,0.0678459027477166,-0.019050516784083447,-0.037017341203541804,0.09317400063316816,-0.027694993119347207
92,least_connections,3007,measured,197,124,7,light,0,94.53,60.05,4,656.0,762.0,0.0,554.0,647.0,0.0,2,2,0,0.004632617298227365,0.010339827144275837,-0.017166391754367495,-0.06797154008657513,-0.010562535918929528,-0.10854921527101326,-0.052360181196937805,-0.01959144975552307,-0.07236096161864704,16.34,12.69,2,180.0,392.0,0.0,106.0,300.0,0.0,1,1,0,-0.07172500729722575,0.0013362516516652462,-0.003018917589319452,-0.1590814695333232,0.0045065118764961165,-0.00762311231349343,-0.16046007351126912,-0.008363421676215746,-0.008234419103294097,26.38,37.83,3,489.0,830.0,0.0,421.0,714.0,0.0,1,2,0,-0.03811069429714234,0.03758257040284485,-0.00875525748211517,-0.027495074415069015,0.061384388200315027,-0.017236181852265976,-0.03349188013653781,0.08430028628715214,-0.025057374727028424
92,least_connections,3008,measured,496,445,12,heavy,1,94.53,60.05,4,1041.0,377.0,0.0,862.0,339.0,0.0,3,1,0,0.0472753158775345,-0.03372881852479351,-0.015531497301570591,0.1707241621438923,-0.2417788023393489,-0.098211194769012,0.09195983605991337,-0.1570589307311875,-0.06546944146449017,30.51,26.59,3,180.0,888.0,0.0,106.0,745.0,0.0,1,2,0,-0.06489405422129949,0.04429288981635926,-0.002731401628431885,-0.14393085338729242,0.1322950073440407,-0.006897101616970246,-0.14517816174829112,0.11825154705485243,-0.007450188712504183,16.6,23.8,2,0.0,830.0,0.0,0.0,714.0,0.0,0,2,0,-0.07756500459083854,0.034003277983526294,-0.00792142343619944,-0.11336221018506244,0.055538255990761204,-0.01559464072347874,-0.15727043123464532,0.07627168759313765,-0.02267095808635905
92,least_connections,3009,measured,193,110,6,light,2,94.53,60.05,4,1041.0,377.0,0.0,862.0,339.0,0.0,3,1,0,0.042772904841578835,-0.030516550093860784,-0.014052307082373393,0.15446471813018825,-0.21875224973560137,-0.08885774764815371,0.0832017564351597,-0.14210093732821724,-0.059234256563110155,30.51,26.59,3,180.0,888.0,0.0,106.0,745.0,0.0,1,2,0,-0.05871366810498524,0.04007451935765838,-0.002471268140009801,-0.13022315306469315,0.11969548283508447,-0.006240234796306413,-0.1313516701532158,0.10698949495439028,-0.0067406469303609275,20.46,27.47,3,193.0,830.0,0.0,110.0,714.0,0.0,1,2,0,-0.027093961069715594,0.0307648705565238,-0.007167002156561398,-0.06764199969124696,0.050248898277355375,-0.014109436845052194,-0.10911769175198067,0.06900771734617217,-0.02051181922099152
92,least_connections,3010,measured,356,332,10,medium,1,94.53,60.05,4,1418.0,0.0,0.0,1201.0,0.0,0.0,4,0,0,0.08178319508342394,-0.07069411221644094,-0.012713992122147355,0.3671506179908053,-0.42531552753856,-0.08039510501499622,0.22863492248895406,-0.28192465758267277,-0.0535928987951949,35.54,33.66,3,0.0,1244.0,0.0,0.0,1077.0,0.0,0,3,0,-0.09620579041698211,0.07934179869321019,-0.0022359092695326773,-0.16435156025581082,0.20032312392562063,-0.005645926720467707,-0.14881222537671907,0.19066906686349594,-0.006098680556040839,20.46,27.47,3,1023.0,0.0,0.0,824.0,0.0,0.0,3,0,0,0.06165421662853396,-0.05833291756904082,-0.006484430522603169,0.08899057170791941,-0.10472718727286895,-0.012765680955047223,0.1166078027005889,-0.15289777954393946,-0.01855831262851614
92,least_connections,3011,measured,357,325,9,medium,1,94.53,60.05,4,1418.0,0.0,0.0,1201.0,0.0,0.0,4,0,0,0.07399431936119309,-0.06396133962439894,-0.011503135729561893,0.3321838924678715,-0.3848092868206019,-0.07273842834690135,0.20686016796619655,-0.25507469019384676,-0.048488813195652535,45.74,43.81,4,392.0,1209.0,0.0,300.0,1102.0,0.0,1,3,0,-0.043959433960035973,0.07178543691290445,-0.0020229655295771845,-0.04736569737430503,0.17219711212318056,-0.005108219413756497,-0.049818203912269626,0.17957856049554394,-0.005517853836417902,20.46,27.47,3,1023.0,0.0,0.0,824.0,0.0,0.0,3,0,0,0.05578238647343549,-0.052777401610084554,-0.005866865710926677,0.08051527916430803,-0.09475316943735762,-0.011549901816471298,0.1055022976814852,-0.13833608625404045,-0.016790854282943173
92,least_connections,3012,measured,381,313,6,medium,2,94.53,60.05,4,1418.0,0.0,0.0,1201.0,0.0,0.0,4,0,0,0.06694724132679375,-0.05786978346969428,-0.01040759899341314,0.3005473312804552,-0.3481607833138779,-0.0658109589805298,0.18715919958846355,-0.23078186255633756,-0.04387083098654277,45.74,43.81,4,392.0,1209.0,0.0,300.0,1102.0,0.0,1,3,0,-0.0397728212019373,0.06494872863548498,-0.001830302145807929,-0.04285467857675217,0.15579738715906813,-0.0046217223267320685,-0.04507361306348204,0.16247584044834928,-0.004992343947235244,28.08,37.9,4,1404.0,0.0,0.0,1137.0,0.0,0.0,4,0,0,0.09355367846462757,-0.04775098240912412,-0.005308116595600327,0.14179001448199297,-0.08572905806237117,-0.010449911167283556,0.18985128520388342,-0.1251612208965128,-0.015191725303615252
92,least_connections,3013,measured,436,420,20,heavy,0,100.0,81.05,5,1418.0,0.0,436.0,1201.0,0.0,420.0,4,0,1,0.06057131358138482,-0.05235837552019958,0.03366750113747881,0.27192377592041184,-0.31500261347446096,0.20344087838269528,0.1693345139133718,-0.2088026375509721,0.15030734339312796,45.74,43.81,4,1601.0,0.0,0.0,1402.0,0.0,0.0,4,0,0,0.09326676721185265,-0.07048856524816664,-0.0016559876557309832,0.27375733162783644,-0.17157107148193154,-0.004181558295614729,0.27079649294256386,-0.16457543007054112,-0.0045168826189271255,28.08,37.9,4,1404.0,0.0,0.0,1137.0,0.0,0.0,4,0,0,0.08464380432513924,-0.04320326979873135,-0.004802581681733629,0.12828620357894602,-0.07756438586595488,-0.009454681532304169,0.1717702104225612,-0.11324110462065444,-0.013744894322318561
92,least_connections,3014,measured,150,114,6,light,1,79.87,53.35,3,762.0,0.0,436.0,647.0,0.0,420.0,2,0,1,-0.03136518340369038,-0.04737186356589486,0.030461072457718924,-0.14965626623073858,-0.28500236457213135,0.1840655566319624,-0.09741163026885408,-0.18891667206992713,0.13599235830806816,50.03,47.38,5,1751.0,0.0,0.0,1516.0,0.0,0.0,5,0,0,0.12746811818033832,-0.06377536855786506,-0.0014982745456613659,0.28646071501021947,-0.1552309694360333,-0.0037833146484133264,0.27723849361470065,-0.14890157958763245,-0.004086703321886447,28.08,37.9,4,1404.0,0.0,0.0,1137.0,0.0,0.0,4,0,0,0.07658248962750693,-0.039088672675042645,-0.00434519295013995,0.11606846990476066,-0.0701773014977687,-0.008554235672084725,0.15541114276326964,-0.10245623751392545,-0.012435856767812031
92,least_connections,3015,measured,486,442,15,heavy,0,86.6,60.05,3,377.0,0.0,922.0,339.0,0.0,862.0,1,0,2,-0.07146192330628676,-0.04286025751200011,0.07064391816469354,-0.36762551071669997,-0.2578592822319284,0.4596783607622517,-0.22746766548134414,-0.1709246080632674,0.32299308608825217,50.03,47.38,5,1751.0,0.0,0.0,1516.0,0.0,0.0,5,0,0,0.1153282974012585,-0.057701523933306485,-0.0013555817317888548,0.25917874215210335,-0.1404470675849825,-0.0034229989676120573,0.2508348275561577,-0.1347204767697627,-0.003697493481706785,24.22,34.23,3,1211.0,0.0,0.0,1027.0,0.0,0.0,3,0,0,0.026205018960034604,-0.0353659419440862,-0.003931365050126621,0.07009052039002153,-0.06349374897417168,-0.007739546560457608,0.10743547837311695,-0.09269850060783731,-0.011251489456591837
92,least_connections,3016,measured,388,329,12,medium,0,100.0,76.5,4,377.0,874.0,436.0,339.0,771.0,420.0,1,2,1,-0.06465602584854516,0.04738947222837178,0.02083202573177488,-0.3326135573151095,0.29387334782190605,0.12275661211822775,-0.20580407829264466,0.19413964032371045,0.09227945884175193,50.03,47.38,5,1751.0,0.0,0.0,1516.0,0.0,0.0,5,0,0,0.10434465002971008,-0.052206140701563014,-0.0012264787097137258,0.23449505242333163,-0.12707115638641273,-0.0030969990659347186,0.22694579636033319,-0.12188995517264245,-0.003345351245353758,24.22,34.23,3,1211.0,0.0,0.0,1027.0,0.0,0.0,3,0,0,0.023709302868602733,-0.03199775699703038,-0.0035569493310669427,0.06341523273382901,-0.0574467252623458,-0.007002446888033074,0.09720352805186772,-0.08387007197851948,-0.01017991903215452
92,least_connections,3017,measured,197,125,8,light,2,87.33,59.55,3,0.0,874.0,436.0,0.0,771.0,420.0,0,2,1,-0.10158220932782204,0.04287618915900304,0.018848023281129653,-0.5283329010628769,0.2658854099341055,0.11106550620220607,-0.3395608327409642,0.17565015076907137,0.08349093895206128,50.03,47.38,5,1751.0,0.0,0.0,1516.0,0.0,0.0,5,0,0,0.09440706431259482,-0.04723412730141416,-0.0011096712135505139,0.21216219028777622,-0.11496914149246866,-0.002802046773940936,0.20533191099268244,-0.11028138801334317,-0.0030267463648438763,11.56,14.6,2,381.0,197.0,0.0,313.0,125.0,0.0,1,1,0,-0.06471652642954083,0.014133548658015596,-0.00321819225191771,-0.09281478943129755,-0.016327989523074772,-0.006335547184410877,-0.12738728414354825,-0.038184033377390646,-0.009210402933854089
92,least_connections,3018,measured,183,103,9,light,2,87.33,59.55,3,0.0,874.0,436.0,0.0,771.0,420.0,0,2,1,-0.0919077132013628,0.03879274257243132,0.01705297344483159,-0.4780154819140315,0.24056298994038117,0.10048783894485308,-0.30722170581325337,0.15892156498154075,0.07553942095662688,38.83,38.0,4,1359.0,0.0,0.0,1216.0,0.0,0.0,4,0,0,0.04233201510368556,-0.042735638986993764,-0.0010039882408314172,0.09062293406989269,-0.10401969944556688,-0.0025351851764227515,0.1009550623267127,-0.09977839867873906,-0.0027384848062873167,7.6,7.6,2,197.0,183.0,0.0,125.0,103.0,0.0,1,1,0,-0.05855304772196551,0.012787496404871257,-0.0029116977517350713,-0.11727052377117397,-0.017306276235162885,-0.005732161738276507,-0.1719535745425754,-0.041182379404940746,-0.008333221702058462
92,least_connections,3019,measured,367,305,10,medium,2,87.33,59.55,3,0.0,1310.0,0.0,0.0,1191.0,0.0,0,3,0,-0.08315459765837586,0.07818209588752857,-0.027655019490957358,-0.432490197922219,0.48063635597780513,-0.1720665584149742,-0.2779624957358007,0.3337861778404416,-0.1216548096106709,38.83,38.0,4,1359.0,0.0,0.0,1216.0,0.0,0.0,4,0,0,0.03830039461762025,-0.0386655781310896,-0.0009083703131331871,0.0819921784441886,-0.09411306140313194,-0.002293738969144394,0.09134029448607339,-0.09027569404266866,-0.0024776767294980486,14.94,17.77,3,197.0,550.0,0.0,125.0,408.0,0.0,1,2,0,-0.05297656698654023,0.054653539831164694,-0.0026343932039507786,-0.1061019024596336,0.05075146435866215,-0.005186241572726364,-0.1555770436337587,0.05472387895108537,-0.007539581539957656
92,least_connections,3020,measured,351,341,9,medium,0,100.0,76.6,4,0.0,1661.0,0.0,0.0,1532.0,0.0,0,4,0,-0.07523511216710198,0.1138200822202356,-0.02502120811086618,-0.39130065526296004,0.5494646395354745,-0.1556792671373576,-0.2514898770942959,0.4562589228080186,-0.11006863726679748,0.0,0.0,0,0.0,0.0,0.0,0.0,0.0,0.0,0,0,0,-0.13768286291965878,-0.03498314211860487,-0.0008218588547395502,-0.2771227229042375,-0.08514991269807176,-0.0020752876387496897,-0.26116830498879073,-0.08167800889574783,-0.002241707517164901,14.94,17.77,3,380.0,367.0,0.0,228.0,305.0,0.0,2,1,0,-0.004847279427731416,0.006364540572867838,-0.0023834986130983234,-0.06288267365395421,0.012803705848313376,-0.004692313803895282,-0.10969669027181343,0.01844858889225183,-0.006821526155199784
92,least_connections,3021,measured,362,349,14,medium,1,100.0,76.6,4,388.0,1273.0,0.0,329.0,1203.0,0.0,1,3,0,-0.024985963162525368,0.0598961741629796,-0.022638235909831307,-0.12000218015855113,0.3602140389447944,-0.14085267026713308,-0.0787051268948391,0.2639723587310645,-0.09958590990805487,10.34,10.91,1,0.0,362.0,0.0,0.0,349.0,0.0,0,1,0,-0.12457020930826271,0.011432485928972003,-0.000743586582859593,-0.25073008262764346,0.0165378340894997,-0.001877641196964005,-0.2362951330850964,0.02477644433241863,-0.0020282115631491964,14.94,17.77,3,380.0,367.0,0.0,228.0,305.0,0.0,2,1,0,-0.004385633767947483,0.005758393851642327,-0.0021564987451841975,-0.05689384759167286,0.01158430529133115,-0.0042454267749528745,-0.09924938643640262,0.016691580426323085,-0.006171856997561709
92,least_connections,3022,measured,164,101,9,light,1,100.0,76.6,4,739.0,922.0,0.0,670.0,862.0,0.0,2,2,0,0.020477552603520133,0.011107876396890842,-0.020482213442228326,0.10314088461845372,0.11419365428338546,-0.12743813024169184,0.08305250423800276,0.08457022932810593,-0.09010153753585917,15.03,14.06,2,0.0,526.0,0.0,0.0,450.0,0.0,0,2,0,-0.11270637985033292,0.05342757797201775,-0.0006727688130634414,-0.22685102713929647,0.05735736009458135,-0.001698818225824576,-0.2137908346960396,0.05097333058647399,-0.0018350485571349872,14.94,17.77,3,747.0,0.0,0.0,533.0,0.0,0.0,3,0,0,0.03911594586528107,-0.037873924837176214,-0.001951117912309512,0.014934137893248378,-0.05592848568879563,-0.003841100415433553,0.002187063065477002,-0.07688222088412039,-0.005584061093032023
92,least_connections,3023,measured,372,304,7,medium,1,100.0,76.6,4,1225.0,436.0,0.0,1112.0,420.0,0.0,3,1,0,0.061611209725180346,-0.0330339168200466,-0.01853152644773039,0.3864608003690772,-0.1898247889816989,-0.11530116545676881,0.2750951228820025,-0.12343645917933274,-0.08152043872292021,25.66,23.56,3,372.0,526.0,0.0,304.0,450.0,0.0,1,2,0,-0.058888538685448605,0.04833923721277796,-0.0006086955927716851,-0.10908290210562196,0.05189475437128789,-0.001537026013841283,-0.10747742186784537,0.04611872767347647,-0.001660282027884036,14.94,17.77,3,747.0,0.0,0.0,533.0,0.0,0.0,3,0,0,0.035390617687635254,-0.034266884376492765,-0.0017652971587562253,0.013511839046272345,-0.05060196324224367,-0.0034752813282494053,0.001978771344955388,-0.06956010460944226,-0.005052245750838497
92,least_connections,3024,measured,471,425,17,heavy,1,100.0,76.6,4,1225.0,436.0,0.0,1112.0,420.0,0.0,3,1,0,0.05574347546563936,-0.029887829503851673,-0.01676661916699416,0.3496550098577365,-0.17174623765010855,-0.1043201020799337,0.2488955873694308,-0.11168060592415821,-0.07375658741597543,39.11,36.84,4,536.0,362.0,471.0,405.0,349.0,425.0,2,1,1,-0.010196206202934238,0.0006516001086131762,0.04253317564282108,-0.05629949646290969,0.004557838988988372,0.12036445945686469,-0.06868492930900297,0.013169920276002528,0.11866153054620016,14.94,17.77,3,747.0,0.0,0.0,533.0,0.0,0.0,3,0,0,0.03202008266976522,-0.03100337157873155,-0.001597173619827061,0.012224997232341633,-0.04578272864774427,-0.0031443021541304145,0.0017903169311501155,-0.06293533274187633,-0.004571079488853878
92,least_connections,3025,measured,449,419,19,heavy,2,100.0,76.6,4,1225.0,436.0,0.0,1112.0,420.0,0.0,3,1,0,0.050434573040340366,-0.027041369551103894,-0.0151697982939471,0.3163545327284283,-0.15538945311200297,-0.09438485426279715,0.22519124571519927,-0.10104435774090506,-0.06673215051921587,39.11,36.84,4,536.0,362.0,471.0,405.0,349.0,425.0,2,1,1,-0.00922513894551194,0.0005895429554119147,0.038482397010171455,-0.050937639656918304,0.004123759085275194,0.10890117760382995,-0.06214350747005029,0.011915642154478476,0.107360432398943,19.98,27.57,3,550.0,0.0,449.0,408.0,0.0,419.0,2,0,1,-0.014113349239826933,-0.02805066952361426,0.04163883838024717,-0.024586907265976635,-0.04142246877653053,0.07840277424150106,-0.03607860214165784,-0.0569414915283643,0.12222934077992585
92,least_connections,3026,measured,165,121,7,light,2,100.0,76.6,4,1661.0,0.0,0.0,1532.0,0.0,0.0,4,0,0,0.08871518059658913,-0.0675499012491847,-0.01372505559928547,0.45209854548445105,-0.4035745845616535,-0.08539582052348313,0.3937444604089898,-0.2814210855751046,-0.060376707612623884,39.11,36.84,4,536.0,362.0,471.0,405.0,349.0,425.0,2,1,1,-0.008346554284034607,0.000533396007277448,0.034817406818726554,-0.04608643588006894,0.0037310201247728048,0.09852963687965567,-0.05622507818718833,0.01078081909214719,0.09713562931332938,23.28,31.6,4,715.0,0.0,449.0,529.0,0.0,419.0,3,0,1,0.030314679485961574,-0.02537917718803195,0.03767323472498554,0.007611845806973494,-0.037477471750194294,0.07093584336135811,0.0038495186972301865,-0.051518492335186745,0.11058845118183767
92,least_connections,3027,measured,183,103,7,light,0,100.0,81.75,5,1844.0,0.0,0.0,1635.0,0.0,0.0,5,0,0,0.12335001600462372,-0.06111657732069092,-0.012417907446972569,0.4090415411525985,-0.36513890984149605,-0.07726288523553236,0.4028402260843241,-0.25461907742509465,-0.05462654498285018,39.11,36.84,4,536.0,833.0,0.0,405.0,774.0,0.0,2,2,0,-0.007551644352221776,0.043566496614294105,-0.011582436914576198,-0.041697251510538574,0.12513078691561075,-0.03260924010208024,-0.05087030883602753,0.12991776489289508,-0.03227907347841628,19.62,28.17,3,532.0,0.0,449.0,426.0,0.0,419.0,2,0,1,-0.015656333072792128,-0.02296211269393367,0.03408530760832025,-0.026227377603214447,-0.033908188726366265,0.06418004875551447,-0.02758059419456954,-0.046611969255645154,0.10005621773594837
92,least_connections,3028,measured,151,125,5,light,2,97.07,65.3,4,1456.0,0.0,0.0,1306.0,0.0,0.0,4,0,0,0.06851849520599743,-0.05529595090919654,-0.011235249594879943,0.3435455213602875,-0.33036377557087737,-0.0699045152131007,0.21564115693343616,-0.23036964147984754,-0.0494240168892454,39.11,36.84,4,898.0,471.0,0.0,754.0,425.0,0.0,3,1,0,0.036251460098556704,-0.003666593766205553,-0.01047934768461656,0.055852146592505925,0.01963533782160702,-0.029503598187596406,0.05265007771978464,0.018869049188809828,-0.029204876004281392,22.64,32.33,4,683.0,0.0,449.0,551.0,0.0,419.0,3,0,1,0.02891864649423115,-0.02077524481832094,0.03083908783609927,0.003594277406615498,-0.03067883741909329,0.05806766315975119,0.012744541760468825,-0.042172734088440855,0.09052705414204854
92,least_connections,3029,measured,164,114,6,light,0,84.6,53.95,4,1269.0,0.0,0.0,1079.0,0.0,0.0,4,0,0,0.06199292423399766,-0.05002966987022544,-0.010165225823938997,0.19803324948470458,-0.29890055884984146,-0.06324694233566254,0.09241342770168032,-0.20842967562462397,-0.04471696766169822,39.11,36.84,4,898.0,471.0,0.0,754.0,425.0,0.0,3,1,0,0.03279894008917035,-0.0033173943599002637,-0.009481314571795935,0.05053289453607679,0.01776530564812065,-0.026693731693539606,0.04763578460361467,0.017071996885113655,-0.02642345924196888,15.3,22.17,3,316.0,0.0,449.0,246.0,0.0,419.0,2,0,1,-0.016919410541500618,-0.018796650073718946,0.027902031851708864,-0.06315755853687169,-0.02775704337917964,0.05253740952548917,-0.0804533511056076,-0.03815628322287506,0.08190542993804391
92,least_connections,3030,measured,433,403,13,heavy,2,52.2,31.85,3,783.0,0.0,0.0,637.0,0.0,0.0,3,0,0,0.013004935984954807,-0.04526493940639444,-0.00919710907880195,-0.11396991713288629,-0.2704338389593804,-0.0572234240179804,-0.11634023207943206,-0.18857923032704074,-0.04045820883677458,28.49,27.34,3,526.0,471.0,0.0,450.0,425.0,0.0,2,1,0,-0.01340866871750801,-0.0030014520399097577,-0.008578332231624894,-0.05044302739252915,0.01607337177687107,-0.02415147153225012,-0.042853337739586744,0.015446092419864735,-0.02390693931416232,23.96,35.6,4,316.0,882.0,0.0,246.0,822.0,0.0,2,2,0,-0.01530803810897674,0.06916130752967378,-0.017839204741877918,-0.057142552961931534,0.1344864845616946,-0.03371377233408123,-0.07279112719078783,0.21338241041739878,-0.05226016656399202
92,least_connections,3031,measured,352,342,13,medium,0,75.67,48.95,4,783.0,352.0,0.0,637.0,342.0,0.0,3,1,0,0.011766370653054359,0.0021299074304957227,-0.008321193928439859,-0.10311563931070666,-0.032360774931502884,-0.05177357411150607,-0.105260209976629,-0.015905017914941616,-0.0366050460904151,23.8,24.19,2,362.0,471.0,0.0,349.0,425.0,0.0,1,1,0,-0.05521555287593127,-0.0027155994646802517,-0.00776134820956538,-0.08803348736875086,0.014542574464788113,-0.021851331386321535,-0.06732861509772134,0.013975035998925245,-0.021630087950908764,23.96,35.6,4,316.0,882.0,0.0,246.0,822.0,0.0,2,2,0,-0.013850129717645626,0.06257451633637152,-0.016140232861699067,-0.05170040506079519,0.12167824793677132,-0.030502936873692543,-0.06585863888690328,0.19306027609193221,-0.04728300784361183
92,least_connections,3032,measured,150,102,5,light,1,75.67,48.95,4,783.0,352.0,0.0,637.0,342.0,0.0,3,1,0,0.010645763924192031,0.001927059103781839,-0.007528699268588444,-0.09329510223349646,-0.02927879636659783,-0.04684275752945787,-0.09523542807409291,-0.014390254303994793,-0.03311885122466128,28.09,27.38,3,512.0,471.0,0.0,451.0,425.0,0.0,2,1,0,-0.006873028565751893,-0.002456970944234513,-0.007022172189606772,-0.04087383551050247,0.013157567372903536,-0.019770252206671866,-0.0320770803265098,0.01264408018950379,-0.01957007957463174,23.96,35.6,4,316.0,882.0,0.0,246.0,822.0,0.0,2,2,0,-0.012531069744536522,0.05661503859005043,-0.014603067827251537,-0.04677655695976708,0.11008984337136453,-0.027597895266674204,-0.05958638756434108,0.17467358313079584,-0.04277986423945832
92,least_connections,3033,measured,156,118,6,light,1,46.6,27.95,3,347.0,352.0,0.0,217.0,342.0,0.0,2,1,0,-0.03345201858105981,0.0017435296653264265,-0.00681168029062764,-0.3473939813858619,-0.026490339569779003,-0.04238154252665236,-0.2761653873051317,-0.013019753894090547,-0.02996467491755068,32.54,31.06,4,668.0,471.0,0.0,569.0,425.0,0.0,3,1,0,0.0368654458101247,-0.0022229737114502768,-0.006353393885834699,0.0033454413408378902,0.011904465718341306,-0.017887371044131687,0.004340974942681625,0.011439882076217711,-0.01770626247228586,17.64,27.4,2,0.0,882.0,0.0,0.0,822.0,0.0,0,2,0,-0.09750543498428588,0.05122313015290277,-0.013212299462751391,-0.09950259915407499,0.09960509638361553,-0.02496952428889571,-0.12810196970107052,0.15803800378500577,-0.03870559145474801
92,least_connections,3034,measured,485,418,16,heavy,2,34.4,22.8,2,164.0,352.0,0.0,114.0,342.0,0.0,1,1,0,-0.07335001227628767,0.00157747922100962,-0.006162948834377388,-0.4246897926824465,-0.023967450086942926,-0.03834520514316166,-0.2964591599427382,-0.011779777332748598,-0.027110896353974425,32.54,31.06,4,1139.0,0.0,0.0,994.0,0.0,0.0,4,0,0,0.07643835119782258,-0.04509516215616476,-0.005748308753850442,0.12478192992062206,-0.11098439496231705,-0.016183811897071528,0.12409123923385479,-0.10981332097866017,-0.016019951760639587,27.34,41.33,3,0.0,882.0,485.0,0.0,822.0,418.0,0,2,1,-0.08821920308102056,0.046344736805007274,0.031129914998553727,-0.09002616113940118,0.09011889672803311,0.06517043040528483,-0.11590178211049237,0.14298676532929094,0.09104414741395815
92,least_connections,3035,measured,394,345,12,medium,0,49.73,34.35,2,0.0,746.0,0.0,0.0,687.0,0.0,0,2,0,-0.1094481970481605,0.04451114333148036,-0.005576001326341447,-0.4831637806809437,0.21596595785784528,-0.034693280843812936,-0.31979638280533457,0.14541353479417984,-0.02452890622502448,22.2,20.16,3,777.0,0.0,0.0,645.0,0.0,0.0,3,0,0,0.026074607999844013,-0.0408003848079586,-0.005200850777293257,0.019319705302331514,-0.10041445258495352,-0.01464249647830281,0.013597430735392463,-0.09935490945688301,-0.014494242069150103,27.34,41.33,3,0.0,882.0,485.0,0.0,822.0,418.0,0,2,1,-0.07981737421616146,0.041930952347387536,0.02816516118916766,-0.08145224103088679,0.08153614465869663,0.05896372274763866,-0.10486351714758833,0.12936897815507276,0.08237327623167642
92,least_connections,3036,measured,367,311,5,medium,0,74.2,49.9,3,367.0,746.0,0.0,311.0,687.0,0.0,1,2,0,-0.0559406590072926,0.040271986823720324,-0.0050449535809755945,-0.21578310315577445,0.19539777139519332,-0.03138915885868789,-0.14864910825244557,0.13156462671854366,-0.022192819917879292,22.2,20.16,3,777.0,0.0,0.0,645.0,0.0,0.0,3,0,0,0.023591311999858866,-0.0369146338738673,-0.00470553165564628,0.017479733368776146,-0.09085117138638651,-0.013247973004178733,0.01230243733202177,-0.08989253712765606,-0.01311383806256438,27.34,41.33,3,433.0,934.0,0.0,403.0,837.0,0.0,1,2,0,-0.029131819302150613,0.03793752831430301,-0.017601135341319962,0.004657496210150047,0.08318032135786838,-0.034413774656898356,0.02666316702519786,0.1215719326164944,-0.05153528975864197
92,least_connections,3037,measured,420,434,15,heavy,0,100.0,71.6,4,719.0,394.0,420.0,653.0,345.0,434.0,2,1,1,-0.007529076970316878,-0.00664734071958184,0.03851941841539849,0.01708512889080721,-0.03552900048371399,0.2249336181754729,0.020222235390644494,-0.035679623445127207,0.17625411531239493,17.91,16.97,2,627.0,0.0,0.0,543.0,0.0,0.0,2,0,0,-0.021739379845932688,-0.03339895445730851,-0.004257385783679968,-0.0229605133466175,-0.08219867887339732,-0.011986261289495044,-0.017708509080551743,-0.08133134311549835,-0.011864901104224916,27.34,41.33,3,882.0,485.0,0.0,822.0,418.0,0.0,2,1,0,0.01672653990576395,-0.008759469847149884,-0.015924836737384727,0.08546154419013577,-0.0059892330571666985,-0.03113627230862232,0.15048889714978222,-0.01637142604539396,-0.04662716692448559
92,least_connections,3038,measured,352,330,12,medium,1,100.0,71.6,4,719.0,814.0,0.0,653.0,779.0,0.0,2,2,0,-0.006812022020762892,0.03706963957570713,-0.008232997850920633,0.015457973758349342,0.22118804718140161,-0.049821964507905506,0.01829630821058309,0.16405176926393256,-0.036865324241166494,27.97,27.28,3,627.0,352.0,0.0,543.0,330.0,0.0,2,1,0,-0.019668962717748623,0.012865798574906807,-0.0038519204709485423,-0.020773797789796794,0.016622964012504474,-0.010844712595257421,-0.01602198440621347,0.019718070514549116,-0.010734910522870162,27.34,41.33,3,882.0,485.0,0.0,822.0,418.0,0.0,2,1,0,0.015133536105215006,-0.007925234623611804,-0.014408185619538563,0.07732234950536093,-0.005418829908865108,-0.02817091304113448,0.13615662123075534,-0.014812242612499305,-0.04218648436024887
92,least_connections,3039,measured,155,116,6,light,1,100.0,71.6,4,719.0,814.0,0.0,653.0,779.0,0.0,2,2,0,-0.006163258018785478,0.03353919771135407,-0.00744890281749962,0.013985785781363669,0.20012251887841098,-0.0450770155071526,0.01655380266671802,0.14842779123879613,-0.033354340980103016,27.94,27.22,3,626.0,352.0,0.0,541.0,330.0,0.0,2,1,0,-0.01779572817320113,0.011640484424915679,-0.0034850709022867764,-0.01905384425879575,0.01503982458274214,-0.009811882824280523,-0.015061557319907437,0.017840159036973016,-0.009712538092120623,27.34,41.33,3,882.0,485.0,0.0,822.0,418.0,0.0,2,1,0,0.013692246952337395,-0.007170450373744017,-0.013035977465296795,0.06995831621913609,-0.004902750869925573,-0.025487968941978814,0.12318932397068341,-0.013401552839880315,-0.03816872394498707
92,least_connections,3040,measured,469,448,16,heavy,1,100.0,71.6,4,1113.0,420.0,0.0,998.0,434.0,0.0,3,1,0,0.03750761916214193,-0.012738911821246535,-0.006739483501547276,0.2503045998339322,-0.05658756228461226,-0.04078396641123331,0.17104867860322104,-0.021779617450613048,-0.03017773707723606,41.34,41.22,4,626.0,352.0,469.0,541.0,330.0,448.0,2,1,1,-0.016100896918610552,0.010531866860637992,0.03993074083897409,-0.01723919242462474,0.0136074603367667,0.11236067744469858,-0.013627123289440046,0.016141096271547015,0.11787913220236707,27.34,41.33,3,882.0,485.0,0.0,822.0,418.0,0.0,2,1,0,0.01238822343306717,-0.0064875503381493504,-0.011794455801935196,0.06329561943636122,-0.004435822215646951,-0.02306054332845702,0.11145700740204689,-0.012125214474177415,-0.03453360737879783
92,least_connections,3041,measured,386,331,13,medium,2,77.73,56.05,3,746.0,420.0,0.0,687.0,434.0,0.0,2,1,0,-0.009148435270533717,-0.011525682123984957,-0.006097627929971345,0.005100987151335501,-0.05119827063845872,-0.03689977913397299,0.014067852069581,-0.019705368169602278,-0.027303666879404054,27.89,27.94,3,155.0,352.0,469.0,116.0,330.0,448.0,1,1,1,-0.057651378391214536,0.009528831921529618,0.03612781314002418,-0.13735246661547681,0.012311511733265113,0.10165966054520348,-0.13249299249996957,0.014603849007590167,0.10665254818309401,35.06,52.37,4,882.0,871.0,0.0,822.0,749.0,0.0,2,2,0,0.011208392629917907,0.03721421182557462,-0.010671174296988988,0.05726746520432682,0.06583425609060514,-0.02086430110669921,0.10084205431613769,0.08885496468209345,-0.031244692390340893
92,least_connections,3042,measured,487,411,16,heavy,0,100.0,76.6,4,746.0,420.0,487.0,687.0,434.0,411.0,2,1,1,-0.008277155720959078,-0.010427998112176859,0.037566998766307105,0.004615178851208268,-0.046322244863367446,0.26036051729148474,0.012728056634382812,-0.017828666439163976,0.1612252537757773,27.89,27.94,3,155.0,821.0,0.0,116.0,778.0,0.0,1,2,0,-0.052160770925384584,0.05170522434623655,-0.010396831195306917,-0.12427127931876472,0.1323770820443827,-0.029260307125768287,-0.11987461226187723,0.13987967291162923,-0.030171504024819714,35.06,52.37,4,882.0,871.0,0.0,822.0,749.0,0.0,2,2,0,0.010140926665163807,0.033670001175519895,-0.009654871982990037,0.05181342089915285,0.05956432693911895,-0.018877224810823094,0.09123804914317221,0.08039258709332264,-0.028269007400784616
92,least_connections,3043,measured,380,332,8,medium,1,100.0,76.6,4,746.0,420.0,487.0,687.0,434.0,411.0,2,1,1,-0.007488855176105841,-0.00943485543482668,0.033989189359992136,0.0041756380082360045,-0.04191060249542772,0.23556427754943857,0.01151586076444161,-0.016130698206862637,0.1458704677018937,38.74,38.31,4,507.0,849.0,0.0,446.0,780.0,0.0,2,2,0,-0.004109178229542959,0.04678091726564259,-0.009406656795753877,-0.02144272210473272,0.12700783613539388,-0.026473611209028452,-0.015154411094079417,0.12712327549147404,-0.02729802745102736,26.4,38.93,3,934.0,386.0,0.0,837.0,331.0,0.0,2,1,0,0.009175124125624406,-0.012620565829858418,-0.008735360365562415,0.0562883331944716,-0.03387037086460666,-0.01707939387645899,0.08707252065334628,-0.05332734183620014,-0.025576720981662273
92,least_connections,3044,measured,186,119,4,light,2,86.73,59.5,3,394.0,907.0,0.0,345.0,845.0,0.0,1,2,0,-0.04985953110037693,0.03454760245239037,-0.012331776520097813,-0.20853950211953248,0.2558269152025495,-0.0806164472965397,-0.14429517359407668,0.17133413019379096,-0.053950529222096144,38.74,38.31,4,887.0,469.0,0.0,778.0,448.0,0.0,3,1,0,0.03936607230478993,-0.0007583084149855035,-0.008510784719967794,0.07883073442224864,0.016680559224540037,-0.023952314903406696,0.08015791377202339,0.021147249254190814,-0.02469821531283428,21.14,28.93,3,671.0,386.0,0.0,537.0,331.0,0.0,2,1,0,0.008301302780326841,-0.011418607179395718,-0.007903421283127899,0.0033370633664266958,-0.030644621258453644,-0.01545278493584385,-0.011696290837448609,-0.04824854737560963,-0.023140842792932534
92,least_connections,3045,measured,444,409,14,heavy,0,100.0,79.95,4,814.0,931.0,0.0,779.0,820.0,0.0,2,2,0,-0.0020271041021550917,0.03125735459978177,-0.01115732161342183,0.06465473617756584,0.24593863756421147,-0.07293869041115497,0.06578055722440684,0.14370707017533468,-0.04881238358189651,34.31,34.69,3,732.0,469.0,0.0,662.0,448.0,0.0,2,1,0,-0.007466977665280761,-0.000686088565939269,-0.007700233794256575,0.03125501821876914,0.015091934536488605,-0.0216711420554632,0.03972620769849736,0.019133225515696448,-0.022346004330659586,21.14,28.93,3,671.0,386.0,0.0,537.0,331.0,0.0,2,1,0,0.007510702515533818,-0.010331120781358033,-0.007150714494258575,0.003019247807719394,-0.02772608590050568,-0.01398109113243015,-0.01058235837673921,-0.04365344762555157,-0.020936953003129435
92,least_connections,3046,measured,432,421,15,heavy,1,100.0,79.95,4,814.0,931.0,0.0,779.0,820.0,0.0,2,2,0,-0.0018340465686165208,0.028280463685516843,-0.010094719555000704,0.05849714225589292,0.22251591017714373,-0.06599214846723545,0.05951574225065376,0.13002068253958854,-0.044163585145525416,46.66,47.84,4,732.0,469.0,432.0,662.0,448.0,421.0,2,1,1,-0.006755836935254028,-0.0006207467977545761,0.0361170220319538,0.0282783498169816,0.013654607437775398,0.0920662456232884,0.03594275934625951,0.01731101356182059,0.09881492465321276,21.14,28.93,3,671.0,386.0,0.0,537.0,331.0,0.0,2,1,0,0.006795397514054419,-0.009347204516466798,-0.006469694066233949,0.0027317003974604015,-0.025085506290933715,-0.012649558643627278,-0.009574514721811644,-0.039495976423118084,-0.01894295747902187
92,least_connections,3047,measured,353,347,11,medium,2,90.07,62.7,3,420.0,931.0,0.0,434.0,820.0,0.0,1,2,0,-0.044743275693600884,0.025587086191658087,-0.009133317692619684,-0.18472480780022382,0.20132391873170147,-0.05970718194654635,-0.10222385224940853,0.11763776039296103,-0.039957529417380136,46.66,47.84,4,732.0,901.0,0.0,662.0,869.0,0.0,2,2,0,-0.006112423893801261,0.042522272171646086,-0.010406594578799168,0.025585173643935727,0.12402763802193287,-0.028375437633351316,0.03251963940852051,0.13469508369879005,-0.02962875864709322,28.2,40.5,4,1057.0,353.0,0.0,868.0,347.0,0.0,3,1,0,0.04923211702518755,-0.008456994562517584,-0.00585353272659262,0.07231915750246418,-0.02866783902513051,-0.011444838772805633,0.09116274064851962,-0.030909058033614767,-0.0171388662905436
92,least_connections,3048,measured,150,107,4,light,0,100.0,68.05,4,570.0,931.0,0.0,541.0,820.0,0.0,2,2,0,0.0026018888849279886,0.023150220840071595,-0.00826347791237019,-0.07665577848591676,0.1821502121858251,-0.05402078366592289,-0.044083485368512476,0.10643416416505996,-0.036152050425248695,46.66,47.84,4,732.0,901.0,0.0,662.0,869.0,0.0,2,2,0,-0.005530288284867818,0.03847253196482265,-0.009415490333199248,0.023148490439751368,0.11221548201984402,-0.025673015001603572,0.029422530893423338,0.12186698048938147,-0.02680697210927482,24.48,36.53,3,871.0,353.0,0.0,749.0,347.0,0.0,2,1,0,0.0014594437484123368,-0.007651566508944482,-0.005296053419298085,0.03177447583556281,-0.025937568641784745,-0.010354854127776526,0.04659168598358124,-0.027965338220889535,-0.015506593310491828
92,least_connections,3049,measured,364,308,12,medium,2,100.0,68.05,4,570.0,931.0,0.0,541.0,820.0,0.0,2,2,0,0.0023540899435062768,0.020945437902921915,-0.007476480015953981,-0.0693552281539247,0.16480257293003225,-0.04887594712631119,-0.03988505819055893,0.09629757710172093,-0.03270899800379644,46.66,47.84,4,1201.0,432.0,0.0,1110.0,421.0,0.0,3,1,0,0.03808030606425791,-0.00827541892525116,-0.008518776968132653,0.14218196754072746,-0.01970980198204593,-0.023227965953831805,0.15328705176071633,-0.016406065271512005,-0.02425392714648674,31.76,46.8,4,871.0,717.0,0.0,749.0,655.0,0.0,2,2,0,0.0013204491057063894,0.03616105433771236,-0.004791667379364934,0.028748335279794923,0.04239934265743285,-0.009368677544178762,0.0421543825565735,0.06758691621284599,-0.014029774899968796
92,least_connections,3050,measured,183,106,4,light,0,100.0,73.35,5,753.0,931.0,0.0,647.0,820.0,0.0,3,2,0,0.045213791128024955,0.018950634293119828,-0.0067644343001488395,0.04763098405121097,0.1491070897938387,-0.044221095019043456,0.01186589973235147,0.08712637928250938,-0.029593855336768206,36.6,37.53,3,849.0,432.0,0.0,780.0,421.0,0.0,2,1,0,-0.008630289978143052,-0.007487283789512952,-0.007707464875929543,0.03764763049603234,-0.017832677983755832,-0.02101577872013354,0.04538471349779097,-0.014843582864701332,-0.021944029323011812,22.06,32.87,3,386.0,717.0,0.0,331.0,655.0,0.0,1,2,0,-0.0418892081787373,0.03271714440078738,-0.004335318105139702,-0.06175150617542362,0.03836131002339163,-0.008476422539971261,-0.08792381260754462,0.061150067049717816,-0.01269360586187653
92,least_connections,3051,measured,451,416,19,heavy,1,100.0,73.35,5,1240.0,444.0,0.0,1058.0,409.0,0.0,4,1,0,0.08399161600925614,-0.025938088247267996,-0.006120202462039427,0.3368407316018893,-0.15883961717065398,-0.040009562160086935,0.19666438547212756,-0.10709994255392011,-0.026775392923742664,38.63,40.16,3,469.0,432.0,451.0,448.0,421.0,416.0,1,1,1,-0.050892257826029644,-0.006774209142892673,0.036110479624725876,-0.0641691506396442,-0.016134327699588627,0.09757075802872273,-0.052806687787712914,-0.013429908306158339,0.09776492585060836,22.06,32.87,3,739.0,364.0,0.0,678.0,308.0,0.0,2,1,0,0.00518414044599505,-0.013482674340330694,-0.0039224306665549685,0.00800578012699768,-0.02916833855026471,-0.007669144202831141,0.025100677482062794,-0.049324542510572764,-0.01148469101788829
92,least_connections,3052,measured,156,112,5,light,1,74.27,46.3,3,1114.0,0.0,0.0,926.0,0.0,0.0,3,0,0,0.032908514257807706,-0.06655169435523793,-0.005537326037083291,0.22876066192551892,-0.41152155839249643,-0.036199127668650084,0.11822015828430588,-0.28192375754878485,-0.024225355502433838,43.09,43.66,4,625.0,432.0,451.0,560.0,421.0,416.0,2,1,1,-0.002961475901555155,-0.006129046367379085,0.032671386327132936,-0.017731272347433186,-0.014597725061532577,0.08827830488313008,-0.016110812760311705,-0.012150869419857546,0.0884539805315028,22.06,32.87,3,739.0,364.0,0.0,678.0,308.0,0.0,2,1,0,0.004690412784471715,-0.012198610117442055,-0.003548865841168781,0.007243324876807428,-0.0263904015454776,-0.006938749516847223,0.022710136769485384,-0.04462696703337536,-0.010390910920946548
92,least_connections,3053,measured,423,444,15,heavy,0,100.0,68.5,4,1114.0,0.0,423.0,926.0,0.0,444.0,3,0,1,0.0297743700427784,-0.06021343774997718,0.0380739385741582,0.2069739322183266,-0.3723290290217825,0.2223912654426499,0.1069610955905625,-0.255073875877472,0.17893896406922655,43.09,43.66,4,625.0,432.0,451.0,560.0,421.0,416.0,2,1,1,-0.002679430577597508,-0.005545327665723937,0.02955982572454885,-0.01604257974291573,-0.01320746553186282,0.07987084727521293,-0.014576449640282013,-0.010993643760823485,0.08002979190945492,22.06,32.87,3,739.0,364.0,0.0,678.0,308.0,0.0,2,1,0,0.004243706804998221,-0.011036837725304713,-0.0032108786182003255,0.006553484412349597,-0.023877029969717828,-0.00627791622952844,0.020547266600962955,-0.040376779696863416,-0.009401300357046876
92,least_connections,3054,measured,162,118,5,light,2,90.27,63.2,3,931.0,423.0,0.0,820.0,444.0,0.0,2,1,0,-0.016145184473767393,-0.011394924404174361,-0.008636051040614235,0.07688117676896211,-0.08172626435304131,-0.053931712218554834,0.0488219436295565,-0.02992398293676038,-0.038959984889747425,43.09,43.66,4,1057.0,0.0,451.0,981.0,0.0,416.0,3,0,1,0.04065965351369295,-0.04810110144812665,0.02674460422697277,0.0971587543822599,-0.12362308105944052,0.07226409991566884,0.10584452175403058,-0.12897936816455458,0.07240790696569731,17.58,25.77,3,879.0,0.0,0.0,773.0,0.0,0.0,3,0,0,0.04692344447889861,-0.053069610549652105,-0.002905080654562199,0.031262676373078224,-0.08746969378212566,-0.005680019445763827,0.047241177718331556,-0.12942026099557485,-0.008505938418280507
92,least_connections,3055,measured,154,110,7,light,0,100.0,68.7,4,1085.0,423.0,0.0,930.0,444.0,0.0,3,1,0,0.028476352369539243,-0.010309693508538706,-0.007813569989127165,0.1624480488227118,-0.07394281060513264,-0.04879535867393056,0.09393413947436069,-0.027074079799926043,-0.03524951013834291,43.09,43.66,4,1057.0,0.0,451.0,981.0,0.0,416.0,3,0,1,0.03678730556000791,-0.04352004416735268,0.024197499062499173,0.08790553967918752,-0.11184945429187476,0.06538180468560514,0.09576409111078957,-0.11669561881554938,0.06551191582610709,17.58,25.77,3,879.0,0.0,0.0,773.0,0.0,0.0,3,0,0,0.04245454500471779,-0.048015361925875716,-0.0026284063065086564,0.028285278623261245,-0.07913924675525655,-0.005139065212833939,0.042742017935633314,-0.11709452185313915,-0.007695849045110934
92,least_connections,3056,measured,192,101,1,light,2,100.0,68.7,4,1085.0,423.0,0.0,930.0,444.0,0.0,3,1,0,0.025764318810535508,-0.009327817936296931,-0.0070694204663531495,0.1469768060776916,-0.06690063816654856,-0.04414818165736575,0.08498803095299301,-0.024495596009456888,-0.03189241393469121,29.69,29.66,3,588.0,451.0,0.0,533.0,416.0,0.0,2,1,0,-0.009800147577226415,0.0037086221705811273,-0.021190924884496212,-0.0417045117188303,0.015387908701909245,-0.05743006786948651,-0.0400229651854761,0.012037297262121993,-0.0583463618716174,21.42,29.13,4,1071.0,0.0,0.0,874.0,0.0,0.0,4,0,0,0.08149515523102585,-0.04344247031388755,-0.0023780818963649746,0.06033429970676016,-0.07160217563570831,-0.004649630430659278,0.06913166702112858,-0.10594266262903065,-0.006962911040814655
92,least_connections,3057,measured,179,123,5,light,1,100.0,68.7,4,1085.0,423.0,0.0,930.0,444.0,0.0,3,1,0,0.02331057416191308,-0.008439454323316276,-0.006396142326700468,0.1329790150226734,-0.060529148817353495,-0.03994359292809282,0.07689393276699369,-0.022162682103794323,-0.028855041179006332,30.34,30.0,3,611.0,451.0,0.0,544.0,416.0,0.0,2,1,0,-0.008866800188919138,0.003355420059097211,-0.01917274156216324,-0.03178707522860158,0.013922393587441698,-0.05196053759620208,-0.03310113516781171,0.010890887999062751,-0.05278956550289193,17.58,25.77,3,879.0,0.0,0.0,773.0,0.0,0.0,3,0,0,0.030649811648932684,-0.03930509218875541,-0.002151597906234977,0.01984531878230683,-0.0647829208132599,-0.004206808484882204,0.03208738127308458,-0.09585288523578964,-0.006299776655975164
92,least_connections,3058,measured,386,319,8,medium,1,68.07,48.15,3,598.0,423.0,0.0,519.0,444.0,0.0,2,1,0,-0.021993380746931246,-0.007635696768714728,-0.005786985914633757,-0.17343168482075583,-0.054764467977605535,-0.036139441220655405,-0.11635787035367234,-0.020051950474861524,-0.02610694201910097,41.37,39.97,4,611.0,837.0,0.0,544.0,735.0,0.0,2,2,0,-0.0080223430280697,0.04611975647070246,-0.01734676617529055,-0.02875973473063953,0.11237876426618873,-0.04701191496799236,-0.029948646104210608,0.10004711295153296,-0.04776198783594984,10.52,14.2,2,526.0,0.0,0.0,426.0,0.0,0.0,2,0,0,-0.015353118258675413,-0.035561750075540605,-0.001946683819926884,-0.04592090205410336,-0.05861311883104467,-0.0038061600577505655,-0.07561935345133616,-0.08672403902285729,-0.005699797926834672
92,least_connections,3059,measured,381,337,9,medium,2,38.47,27.7,2,154.0,423.0,0.0,110.0,444.0,0.0,1,1,0,-0.06298267328350468,-0.0069084875526466555,-0.005235844398954352,-0.42472390531401716,-0.0495488043606907,-0.03269758967583108,-0.29029997793903695,-0.018142240905827084,-0.0236205665887104,41.37,39.97,4,997.0,451.0,0.0,863.0,416.0,0.0,3,1,0,0.03582558986802764,-0.001356501515169431,-0.01569469320621526,0.07376160054982955,0.0018937118870959446,-0.04253458973294547,0.06309705828666662,0.00032536409900602026,-0.043213227089668904,14.9,21.5,2,364.0,381.0,0.0,308.0,337.0,0.0,1,1,0,-0.05697481674651131,0.010908983491744434,-0.0017612853608862285,-0.07086176852514112,0.015911940105245305,-0.003443668623679083,-0.10400481185279618,0.02317031389995451,-0.005156960029040893
92,least_connections,3060,measured,384,315,10,medium,0,64.07,43.45,3,154.0,807.0,0.0,110.0,759.0,0.0,1,2,0,-0.05698432344698043,0.03683336386960087,-0.00473719255143489,-0.38427400956982505,0.18678917700699416,-0.029583533516228118,-0.26265236099246203,0.12608559156139454,-0.02137098881835703,41.37,39.97,4,997.0,451.0,0.0,863.0,416.0,0.0,3,1,0,0.03241362892821548,-0.0012273108946771055,-0.014199960519909044,0.06673668621175055,0.0017133583740391867,-0.0384836764250459,0.057087814640317425,0.0002943770419578384,-0.03909768165255758,14.9,21.5,2,364.0,381.0,0.0,308.0,337.0,0.0,1,1,0,-0.05154864372303404,0.009870032683006874,-0.001593543897944683,-0.0641130286656039,0.014396517238079082,-0.003115700183328694,-0.0940995916763394,0.02096361733805409,-0.004665820978656046
92,least_connections,3061,measured,161,118,5,light,2,64.07,43.45,3,577.0,384.0,0.0,554.0,315.0,0.0,2,1,0,-0.008473344796701116,-0.009758475773308961,-0.004286031356060139,-0.09253362770603218,-0.08614312556510056,-0.0267660541337302,-0.036780707564608495,-0.08677970287302397,-0.019335656549942074,29.03,26.81,3,565.0,451.0,0.0,442.0,416.0,0.0,2,1,0,-0.013757283577419566,-0.0011104241428031014,-0.012847583327536754,-0.05129265805331415,0.0015501813860354652,-0.03481856438456534,-0.06738185818256995,0.00026634113319995434,-0.03537409292374257,10.84,15.17,2,542.0,0.0,0.0,455.0,0.0,0.0,2,0,0,-0.003555348855987711,-0.03415387065641781,-0.0014417778124261418,-0.02579750212602258,-0.05591743678459512,-0.002818966832535485,-0.040804392469069,-0.08266783828144313,-0.004221457075926899
92,least_connections,3062,measured,155,124,5,light,2,53.8,37.95,2,423.0,384.0,0.0,444.0,315.0,0.0,1,1,0,-0.05075025980472504,-0.00882909712823192,-0.003877837893578221,-0.17660979014672756,-0.07793901836842432,-0.024216906120993992,-0.08303968779655055,-0.0785149692660693,-0.017494165449947592,23.91,22.97,2,386.0,451.0,0.0,319.0,416.0,0.0,1,1,0,-0.05553096632061316,-0.001004669462536134,-0.011624003963009444,-0.09267975184415497,0.0014025450635558878,-0.031502510633654356,-0.09574132406994425,0.00024097531099043223,-0.032005131692909944,13.94,19.3,3,697.0,0.0,0.0,579.0,0.0,0.0,3,0,0,0.03986715602372086,-0.030901121070092307,-0.0013044656398141282,0.004707021885979573,-0.05059196661463368,-0.0025504938008654387,0.00047856554385819483,-0.07479471082606759,-0.003819413544886242
92,least_connections,3063,measured,405,409,17,heavy,0,80.8,58.4,3,807.0,0.0,405.0,759.0,0.0,409.0,2,0,1,-0.0028330015013272036,-0.05107213096182434,0.03957538022780564,0.07182923748629416,-0.3021353023333363,0.22237518017624355,0.067368853898359,-0.21353735314549127,0.169195755069095,23.91,22.97,2,837.0,0.0,0.0,735.0,0.0,0.0,2,0,0,-0.007158402634749789,-0.04399288688333768,-0.010516955966532354,0.03273192520222712,-0.11531606467038821,-0.028502271525687274,0.030995944889098043,-0.11740102233767533,-0.028957023912632808,13.94,19.3,3,697.0,0.0,0.0,579.0,0.0,0.0,3,0,0,0.03607028402146173,-0.027958157158654944,-0.0011802308169746873,0.004258734087314864,-0.04577368407990666,-0.0023075896293544445,0.00043298787301454533,-0.06767140503310877,-0.003455659873944695
92,least_connections,3064,measured,352,312,13,medium,1,80.8,58.4,3,807.0,0.0,405.0,759.0,0.0,409.0,2,0,1,-0.0025631918345341287,-0.046208118489269645,0.03580629639658606,0.06498835772569472,-0.2733605116349233,0.20119659158802988,0.06095277257470577,-0.1932004623697302,0.15308187363394313,33.97,32.72,3,837.0,352.0,0.0,735.0,312.0,0.0,2,1,0,-0.0064766500028688445,0.003280812094213756,-0.009515341112576892,0.029614598992491192,-0.013340385041915856,-0.02578776947562182,0.028043950137755375,-0.018005686876944343,-0.026199212111429684,13.94,19.3,3,697.0,0.0,0.0,579.0,0.0,0.0,3,0,0,0.032635018876560604,-0.025295475524497332,-0.001067827882024717,0.0038531403647134588,-0.04141428559610603,-0.002087819188463545,0.0003917509327274471,-0.06122650931566984,-0.003126549409759486
92,least_connections,3065,measured,358,334,14,medium,0,100.0,75.1,4,807.0,358.0,405.0,759.0,334.0,409.0,2,1,1,-0.0023190783264832593,0.0012765549269419807,0.032396172930244535,0.05879899032324759,-0.03138966925699413,0.18203501143678896,0.05514774661520999,-0.0237051802392797,0.1385026475735676,33.97,32.72,3,837.0,352.0,0.0,735.0,312.0,0.0,2,1,0,-0.005859826193071821,0.0029683537995267295,-0.008609118149474331,0.026794160993206306,-0.01206987218078101,-0.023331791430324503,0.02537309774368343,-0.016290859555330592,-0.023704049053198287,13.94,19.3,3,697.0,0.0,0.0,579.0,0.0,0.0,3,0,0,0.02952692184069769,-0.022886382617402348,-0.0009661299884985536,0.003486174615693116,-0.037470067920286405,-0.0018889792657527313,0.000354441320086718,-0.055395413190367955,-0.0028287827993062017
92,least_connections,3066,measured,448,445,16,heavy,1,100.0,75.1,4,807.0,763.0,0.0,759.0,743.0,0.0,2,2,0,-0.0020982137239610454,0.04423887849399059,-0.013773077099393268,0.05319908648293831,0.21588553733891014,-0.07958737060481001,0.049895580270904294,0.16357626549779455,-0.059711890290581694,35.74,36.66,3,451.0,352.0,448.0,416.0,312.0,445.0,1,1,1,-0.04838564773477473,0.0026856534376670377,0.03529469809151869,-0.07553997678845958,-0.010920360544516144,0.09469980775351593,-0.06723684013666736,-0.014739349121489581,0.10437193180901108,10.72,15.37,2,536.0,0.0,0.0,461.0,0.0,0.0,2,0,0,-0.01636906618041184,-0.020706727130030696,-0.0008741176086415485,-0.025979175347706232,-0.03390149002311627,-0.0017090764785381856,-0.035266616583413596,-0.05011965955319005,-0.002559374913657992
92,least_connections,3067,measured,464,431,16,heavy,2,100.0,75.1,4,807.0,763.0,0.0,759.0,743.0,0.0,2,2,0,-0.0018983838454885715,0.04002565197075339,-0.012461355470879624,0.04813250681789655,0.19532500997329966,-0.07200762102339954,0.04514362024510388,0.14799757354562365,-0.05402504359624058,35.74,36.66,3,451.0,352.0,448.0,416.0,312.0,445.0,1,1,1,-0.04377749080765332,0.0024298769197939885,0.031933298273278815,-0.06834569328479675,-0.00988032620694318,0.08568077844365726,-0.06083333155222284,-0.013335601586109622,0.0944317478272005,16.9,25.6,2,381.0,0.0,464.0,337.0,0.0,431.0,1,0,1,-0.057894007723320456,-0.018734657879551583,0.042293031914176916,-0.051552587219353255,-0.03067277668758139,0.08241559747179877,-0.06930471659134248,-0.04534635864336243,0.12766850206224595
92,least_connections,3068,measured,497,401,16,heavy,2,76.47,52.9,3,384.0,763.0,0.0,315.0,743.0,0.0,1,2,0,-0.04480148561077084,0.03621368511639592,-0.011274559711748232,-0.21159439859333173,0.17672262807108063,-0.06514975235450435,-0.1600129150163346,0.13390256654127855,-0.048879801348979575,35.74,36.66,3,451.0,800.0,0.0,416.0,757.0,0.0,1,2,0,-0.03960820596882919,0.045282360297047165,-0.014191868455695582,-0.06183657963862563,0.10687018105086092,-0.03828881950335771,-0.055039680928201606,0.11375290808875797,-0.040380204346818604,19.22,27.73,2,0.0,0.0,961.0,0.0,0.0,832.0,0,0,2,-0.09546419292880921,-0.01695040474816572,0.0813490243395841,-0.11558567415084342,-0.027751559860192686,0.16449982628400844,-0.16433918802708763,-0.041027657820185054,0.23644610504044472
92,least_connections,3069,measured,364,350,6,medium,2,76.47,52.9,3,384.0,763.0,0.0,315.0,743.0,0.0,1,2,0,-0.04053467745736408,0.032764762724358215,-0.010200792120153162,-0.19144255110825253,0.15989190158812056,-0.05894501403502774,-0.14477358977668373,0.12114994115639488,-0.04422458217288628,35.74,36.66,3,451.0,800.0,0.0,416.0,757.0,0.0,1,2,0,-0.03583599587655974,0.040969754554471244,-0.012840261936105527,-0.05594738157780413,0.09669206856982654,-0.03464226526494269,-0.049797806554087165,0.10291929779459055,-0.036534470599502544,26.5,39.4,3,364.0,464.0,497.0,350.0,431.0,401.0,1,1,1,-0.04328846480407002,0.027747819740321717,0.0305175979852473,-0.03871084804123928,0.058853350602682805,0.06487127139981716,-0.04313228123085705,0.0928638651468167,0.0839433013857992
92,least_connections,3070,measured,197,122,5,light,0,64.0,43.25,3,197.0,763.0,0.0,122.0,743.0,0.0,1,2,0,-0.03667423198523416,0.029644309131562185,-0.009229288108710003,-0.28600357798683174,0.14466410143687097,-0.05333120317454891,-0.2182951526550948,0.10961185152245251,-0.04001271720403997,22.86,23.66,2,352.0,448.0,0.0,312.0,445.0,0.0,1,1,0,-0.03242304388831595,-0.006016027058426243,-0.01161737984695262,-0.07621089625746903,-0.0035098971443065785,-0.03134300190637672,-0.07445992021560269,0.004903174195105747,-0.03305499720907373,26.5,39.4,3,364.0,961.0,0.0,350.0,832.0,0.0,1,2,0,-0.039165753870349054,0.06818907046800082,-0.015472740144866952,-0.0350241006087403,0.14318160292623683,-0.031240278257308293,-0.039024444923156376,0.20495619545029448,-0.0449878066826896
92,least_connections,3071,measured,454,435,13,heavy,1,64.0,43.25,3,197.0,763.0,0.0,122.0,743.0,0.0,1,2,0,-0.033181447986640425,0.02682104159522293,-0.00835030828883286,-0.25876514198808587,0.1308865679666928,-0.04825204096744901,-0.19750513811651438,0.09917262756793321,-0.03620198223222664,35.83,37.25,3,352.0,902.0,0.0,312.0,880.0,0.0,1,2,0,-0.02933513494657157,0.037640828126276484,-0.010510962718671418,-0.0689527156615196,0.1141849229918859,-0.028357954105769412,-0.06736849924268815,0.12742727665271475,-0.029906902236780997,26.5,39.4,3,364.0,961.0,0.0,350.0,832.0,0.0,1,2,0,-0.03543568207317295,0.061694873280572174,-0.013999145845355814,-0.031688471979336455,0.12954525979040477,-0.02826501366137417,-0.03530783112095098,0.18543655778836168,-0.04070325366529059
92,least_connections,3072,measured,352,318,9,medium,0,87.47,59.15,4,555.0,757.0,0.0,456.0,727.0,0.0,2,2,0,0.0130625901436065,0.024266656681392176,-0.00755504083275354,-0.018184334814617342,0.11480213292224584,-0.04365660849435863,-0.027599886867322537,0.08248952018051098,-0.032754174400586006,35.83,37.25,3,352.0,902.0,0.0,312.0,880.0,0.0,1,2,0,-0.026541312570707604,0.03405598735234539,-0.009509918650226521,-0.06238579036042248,0.10331016842123011,-0.02565719657188661,-0.060952451695765464,0.11529134554293241,-0.027058625833278043,26.5,39.4,3,364.0,961.0,0.0,350.0,832.0,0.0,1,2,0,-0.03206085520906124,0.05581917106337482,-0.012665893860083832,-0.028670522267018703,0.11720761600084241,-0.025573107598386154,-0.03194518053800327,0.16777593323708914,-0.036826753316215294
92,least_connections,3073,measured,380,347,11,medium,1,87.47,59.15,4,960.0,352.0,0.0,865.0,318.0,0.0,3,1,0,0.054902434166210864,-0.021128353705497774,-0.00683551313439606,0.22783322088201285,-0.14041711783225383,-0.039498836256800667,0.1600524833105177,-0.11039043412239483,-0.029634729219577816,46.69,48.09,4,352.0,1282.0,0.0,312.0,1227.0,0.0,1,3,0,-0.0240135685163545,0.07389646021221272,-0.00860421211210971,-0.056444286516572725,0.19170239727907212,-0.023213654041230745,-0.05514745629616877,0.2024213364436055,-0.024481613849156324,26.5,39.4,3,364.0,961.0,0.0,350.0,832.0,0.0,1,2,0,-0.029007440427245887,0.0505030595335296,-0.011459618254361563,-0.02593999633682645,0.10604498590552408,-0.023137573541396998,-0.02890278239152677,0.15179727292879494,-0.03331944347657574
92,least_connections,3074,measured,378,332,14,medium,2,87.47,59.15,4,1312.0,0.0,0.0,1183.0,0.0,0.0,4,0,0,0.09275753113904339,-0.06220002976982678,-0.006184511883501197,0.41845227921071004,-0.33936151930854713,-0.035737042327581556,0.28866653251903984,-0.24373420230121437,-0.0268123740558085,46.69,48.09,4,352.0,1282.0,0.0,312.0,1227.0,0.0,1,3,0,-0.021726561990987395,0.0668587020967639,-0.007784763339527833,-0.05106864018166103,0.1734450261096367,-0.021002829846827817,-0.049895317601295563,0.18314311392516688,-0.022150031577808104,34.06,50.47,4,364.0,1339.0,0.0,350.0,1164.0,0.0,1,3,0,-0.026244827053222466,0.08877714456661748,-0.010368226039660462,-0.023469520495223925,0.16434546343833129,-0.020933995108883,-0.026150136449476585,0.23746737391970338,-0.03014616314547329
92,least_connections,3075,measured,168,104,6,light,0,85.53,58.25,4,1283.0,0.0,0.0,1165.0,0.0,0.0,4,0,0,0.0839234805543726,-0.05627621741079566,-0.0055955107517391784,0.36110761769857885,-0.30704137461249503,-0.032333514486859505,0.25303162466008366,-0.22052142112967016,-0.024258814621921976,46.69,48.09,4,800.0,834.0,0.0,757.0,782.0,0.0,2,2,0,0.023426534615863998,0.017407306432219494,-0.007043357307191849,0.06960456364516382,0.04111692838490941,-0.019002560337606122,0.080675069789304,0.03988246021800815,-0.020040504760874,26.78,38.8,3,0.0,1339.0,0.0,0.0,1164.0,0.0,0,3,0,-0.0668292199415777,0.08032217841741582,-0.00938077594064518,-0.08710099473377403,0.14869351453944257,-0.01894028128898938,-0.1292152028193677,0.2148514335463983,-0.02727509998876155
92,least_connections,3076,measured,162,115,5,light,2,85.53,58.25,4,1283.0,0.0,0.0,1165.0,0.0,0.0,4,0,0,0.07593076812062283,-0.050916577657386546,-0.005062604965859256,0.32671641601299983,-0.27779933893511455,-0.029254132154777648,0.22893337469245667,-0.19951938102208253,-0.021948451324596073,46.69,48.09,4,800.0,834.0,0.0,757.0,782.0,0.0,2,2,0,0.021195436081019814,0.015749467724389066,-0.006372561373173578,0.06297555758371964,0.03720103044348946,-0.01719279268640554,0.07299172980937027,0.03608413067343594,-0.01813188525983838,30.02,42.63,4,626.0,875.0,0.0,546.0,733.0,0.0,2,2,0,0.02570326812542062,0.02958854691280932,-0.008487368708202783,0.03447052857420446,0.050570322678543306,-0.017136444975752296,0.04775767363961969,0.06440526527213813,-0.024677471418403308
92,least_connections,3077,measured,361,337,7,medium,0,100.0,75.1,5,1644.0,0.0,0.0,1502.0,0.0,0.0,5,0,0,0.11178316662160659,-0.04606737978525449,-0.004580452111967899,0.4264894557577936,-0.25134225903653223,-0.02646802433051311,0.3595825771026989,-0.18051753521045563,-0.019858122627015494,36.63,38.34,3,1282.0,0.0,0.0,1227.0,0.0,0.0,3,0,0,0.062260723347680055,-0.07191828203621034,-0.0057656507662046655,0.18157652488867151,-0.18193376157153676,-0.015555383859128821,0.1989270412560969,-0.18845364367641512,-0.01640503904461568,30.02,42.63,4,1123.0,378.0,0.0,947.0,332.0,0.0,3,1,0,0.06633923805451888,-0.01631331016278703,-0.007679047878850137,0.12112095442428022,-0.044179231862270324,-0.01550440259710922,0.16414583170568764,-0.06266507745219249,-0.02232723604522204
92,least_connections,3078,measured,151,103,7,light,1,100.0,75.1,5,1644.0,0.0,0.0,1502.0,0.0,0.0,5,0,0,0.10113715075288215,-0.04168001028189692,-0.004144218577494765,0.3858714123522895,-0.22740490103305297,-0.02394726010855948,0.3253366173786324,-0.16332538899993604,-0.01796687285301402,40.94,41.56,4,1433.0,0.0,0.0,1330.0,0.0,0.0,4,0,0,0.09941503087465837,-0.06506892184228555,-0.005216541169423269,0.20331753612376402,-0.16460673665996184,-0.014073918729687981,0.20910363256504008,-0.17050567761199464,-0.0148426543736999,30.02,42.63,4,1123.0,378.0,0.0,947.0,332.0,0.0,3,1,0,0.060021215382659934,-0.014759661575854927,-0.006947709985626315,0.10958562543149164,-0.03997168597062553,-0.01402779282595596,0.148512895352765,-0.05669697483769798,-0.02020083261234375
92,least_connections,3079,measured,389,327,5,medium,1,85.73,58.4,4,1286.0,0.0,0.0,1168.0,0.0,0.0,4,0,0,0.0484211409306122,-0.03771048549314483,-0.0037495310939238352,0.22004238895365869,-0.20574729141085746,-0.021666568669649052,0.1432569395330483,-0.14777059004756118,-0.016255742105107922,52.06,51.78,5,1822.0,0.0,0.0,1657.0,0.0,0.0,5,0,0,0.13303083292287687,-0.05887188166682978,-0.00471972772471629,0.2845117843840858,-0.14892990459710834,-0.012733545517336745,0.2816443580350363,-0.15426704164894753,-0.013429068242871338,30.02,42.63,4,1123.0,378.0,0.0,947.0,332.0,0.0,3,1,0,0.05430490915573993,-0.013353979521011597,-0.006286023320328571,0.09914889919992101,-0.03616485873532786,-0.012691812556817297,0.13436881008107307,-0.0512972629483934,-0.018276943792120536
92,least_connections,3080,measured,161,106,7,light,0,69.47,43.25,4,1042.0,0.0,0.0,865.0,0.0,0.0,4,0,0,0.04380960369912534,-0.0341190106842739,-0.0033924328945025175,0.05191136778346894,-0.1861523112764901,-0.019603085939206285,-0.007458007089146734,-0.13369720051922201,-0.01470757619033574,52.06,51.78,5,1822.0,0.0,0.0,1657.0,0.0,0.0,5,0,0,0.12036122978736478,-0.05326503579379837,-0.004270229846171882,0.2574154239665538,-0.1347461041592885,-0.011520826896638008,0.2548210858412233,-0.13957494244428587,-0.012150109362597878,30.02,42.63,4,1123.0,378.0,0.0,947.0,332.0,0.0,3,1,0,0.04913301304566946,-0.012082171947581918,-0.005687354432678231,0.08970614689516662,-0.03272058647482044,-0.011483068503787079,0.12157178054954229,-0.0464118093342607,-0.016536282478585247
92,least_connections,3081,measured,381,342,11,medium,0,60.2,39.25,3,522.0,381.0,0.0,443.0,342.0,0.0,2,1,0,-0.04653053996382989,0.012214319131461933,-0.0030693440474070396,-0.2666833656562265,0.061386004083175655,-0.017736125373567592,-0.19765248260446608,0.03375015191118008,-0.013306854648399003,52.06,51.78,5,1822.0,0.0,0.0,1657.0,0.0,0.0,5,0,0,0.10889825552190147,-0.04819217524200805,-0.0038635412893936075,0.2328996693030725,-0.12191314185840389,-0.010423605287434388,0.23055241099920204,-0.12628209078292532,-0.01099295608996951,26.78,38.8,3,1339.0,0.0,0.0,1164.0,0.0,0.0,3,0,0,0.044453678469891414,-0.05401538913171244,-0.005145701629566019,0.12024841861943647,-0.09800434014388516,-0.010389442931997834,0.17543796017974464,-0.1421186211436962,-0.0149613984330057
92,least_connections,3082,measured,174,108,6,light,0,71.8,44.65,4,696.0,381.0,0.0,551.0,342.0,0.0,3,1,0,0.0009848402594827277,0.011051050642751276,-0.0027770255667016073,-0.13633256892706208,0.055539717980016085,-0.016046970576084965,-0.1299712937849931,0.030535851729162927,-0.012039535158075288,39.26,37.88,4,1374.0,0.0,0.0,1212.0,0.0,0.0,4,0,0,0.055443092864486815,-0.043602444266578715,-0.0034955849761180257,0.09490922460754181,-0.11030236644331781,-0.009430880974345399,0.08277658614213512,-0.1142552249940753,-0.009946007890924794,26.78,38.8,3,1339.0,0.0,0.0,1164.0,0.0,0.0,3,0,0,0.04021999480609223,-0.04887106635726363,-0.0046556348077025885,0.10879618827472826,-0.08867059346351515,-0.009399972176569469,0.15872958301976894,-0.12858351436810608,-0.013536503344148014
92,least_connections,3083,measured,157,102,8,light,2,71.8,44.65,4,696.0,381.0,0.0,551.0,342.0,0.0,3,1,0,0.0008910459490558131,0.00999856962915592,-0.0025125469413014544,-0.12334851474353242,0.05025022102953838,-0.014518687664076874,-0.11759307532927948,0.02762767537400454,-0.010892912762068118,39.26,37.88,4,1374.0,0.0,0.0,1212.0,0.0,0.0,4,0,0,0.05016279830596426,-0.03944983052690455,-0.0031626721212496423,0.08587025083539501,-0.09979737916300183,-0.00853270183393155,0.07489310174764602,-0.10337377499463955,-0.008998769044170052,20.64,27.83,3,875.0,157.0,0.0,733.0,102.0,0.0,2,1,0,-0.006694381116483433,-0.0011327788583859189,-0.004212241016492818,0.014472741772373204,-0.05181625122889466,-0.0085047367311819,0.013628352890902057,-0.08557556061876265,-0.012247312549467251
92,least_connections,3084,measured,480,424,18,heavy,2,47.73,27.8,3,335.0,381.0,0.0,214.0,342.0,0.0,2,1,0,-0.04227771579665923,0.009046324902569639,-0.0022732567564156016,-0.329347068894942,0.04546448569339187,-0.013135955505593362,-0.25884611577411004,0.02499646819552792,-0.009855492499014011,4.31,3.22,1,151.0,0.0,0.0,103.0,0.0,0.0,1,0,0,-0.08386631173678064,-0.0356927038100565,-0.0028614652525592002,-0.23845752815573107,-0.09029286686176356,-0.007720063564033308,-0.24579612222832023,-0.09352865356657865,-0.00814174342091576,20.3,28.6,3,535.0,0.0,480.0,434.0,0.0,424.0,2,0,1,-0.006056821010151675,-0.044108795384344625,0.039272825021359106,-0.048429424110709954,-0.07529089396899993,0.07916238105274019,-0.07784418865426324,-0.1081874119884043,0.11679211404254551
92,least_connections,3085,measured,399,334,10,medium,1,47.73,27.8,3,716.0,0.0,0.0,556.0,0.0,0.0,3,0,0,0.004832633553589483,-0.03489913007681341,-0.002056756112947449,-0.06817115757161413,-0.18867498913455022,-0.01188491212410828,-0.07947981903371859,-0.13209843353737952,-0.008916874165774582,11.4,10.44,1,0.0,399.0,0.0,0.0,334.0,0.0,0,1,0,-0.11896294417908271,0.010790501541468156,-0.002588944752315467,-0.25478130098443696,0.021449310934594873,-0.006984819415077755,-0.2515089915399088,0.009813361058809783,-0.00736633928559045,20.3,28.6,3,535.0,0.0,480.0,434.0,0.0,424.0,2,0,1,-0.005479980913946747,-0.03990795772869275,0.035532555971705855,-0.04381709800492807,-0.06812033263861898,0.07162310666676494,-0.07043045640147627,-0.0978838489418896,0.10566905556230308
92,least_connections,3086,measured,460,441,16,heavy,1,47.73,27.8,3,716.0,0.0,0.0,556.0,0.0,0.0,3,0,0,0.004372382738961927,-0.03157540340283118,-0.0018608745783810254,-0.06167866637431757,-0.17070594255030735,-0.010753015731336062,-0.07191031245907875,-0.11951763034334337,-0.008067648054748432,24.54,24.22,2,0.0,399.0,460.0,0.0,334.0,441.0,0,1,1,-0.10763313997155102,0.009762834727994996,0.04074152164132909,-0.23051641517639535,0.019406519417014406,0.11259196610744665,-0.22755575425039368,0.008878755243685033,0.11802271683684674,20.3,28.6,3,535.0,0.0,480.0,434.0,0.0,424.0,2,0,1,-0.004958077969761332,-0.036107199849769636,0.03214850302201959,-0.03964404105207779,-0.061632681911131464,0.06480185841278732,-0.06372279388704996,-0.0885615776140906,0.09560533598494088
92,least_connections,3087,measured,372,317,8,medium,1,37.0,22.5,2,555.0,0.0,0.0,450.0,0.0,0.0,2,0,0,-0.039127934891506094,-0.028568222126371067,-0.001683648428059023,-0.15291561878311277,-0.15444823373599237,-0.009728918995018342,-0.11301409222488076,-0.10813499888207258,-0.007299300620962867,35.17,34.12,3,0.0,771.0,460.0,0.0,651.0,441.0,0,2,1,-0.09738236473616521,0.051916941171133796,0.03686137672310727,-0.2085624708738815,0.11372154477865928,0.10186892171626126,-0.2058837776551181,0.0976611356966674,0.10678245809048038,20.3,28.6,3,535.0,0.0,480.0,434.0,0.0,424.0,2,0,1,-0.004485880067879311,-0.03266841891169634,0.029086740829446293,-0.03586841809473705,-0.055762902681499894,0.05863025284966472,-0.05765395637399759,-0.08012714165084388,0.08650006589113698
92,least_connections,3088,measured,199,112,7,light,0,38.67,22.7,2,580.0,0.0,0.0,454.0,0.0,0.0,2,0,0,-0.03540146490183885,-0.02584743906671668,-0.0015233009587200684,-0.12327286143868937,-0.13973887814208832,-0.008802355281207071,-0.10044132153679683,-0.09783642755997043,-0.006604129133252118,35.17,34.12,3,771.0,460.0,0.0,651.0,441.0,0.0,2,1,0,-0.0019400533553966537,0.0038885703566493984,-0.009733130810612695,0.010606744039277277,0.02249636364327677,-0.026744444977804434,-0.0022132988308211365,0.028985075154127654,-0.028074799822898705,12.74,17.53,2,157.0,480.0,0.0,102.0,424.0,0.0,1,1,0,-0.04714255362150531,0.013526759306651155,-0.016767325190591674,-0.10085237827619066,0.03640499281197629,-0.03381072361220811,-0.15229008751298195,0.05537703056987141,-0.04961105149532051
92,least_connections,3089,measured,461,430,15,heavy,0,69.4,44.2,3,580.0,0.0,461.0,454.0,0.0,430.0,2,0,1,-0.03202989681594942,-0.023385778203219854,0.04170567554982016,-0.11153258892071893,-0.12643041355712753,0.27009945633287613,-0.09087548139043519,-0.08851867255425896,0.18854864506991476,35.17,34.12,3,771.0,460.0,0.0,651.0,441.0,0.0,2,1,0,-0.0017552863691684129,0.0035182303226827943,-0.008806165971506724,0.009596577940298473,0.020353852820107557,-0.024197354979918297,-0.0020025084659810455,0.0262245918061155,-0.02540100936357502,12.74,17.53,2,157.0,480.0,0.0,102.0,424.0,0.0,1,1,0,-0.042652786609933366,0.01223849651554152,-0.015170437077201991,-0.09124738986893441,0.032937850639407115,-0.03059065469675972,-0.13778626965460272,0.05010302765845508,-0.04488618944814713
92,least_connections,3090,measured,499,449,15,heavy,2,69.4,44.2,3,580.0,461.0,0.0,454.0,430.0,0.0,2,1,0,-0.028979430452525656,0.02192533899527274,-0.005350193776920077,-0.10091043759493618,0.16367407027371003,-0.033687793476604125,-0.08222067363896515,0.11443548673662285,-0.02393217827007713,35.17,34.12,3,771.0,460.0,0.0,651.0,441.0,0.0,2,1,0,-0.0015881162387714198,0.0031831607681415824,-0.007967483498029893,0.008682618136460513,0.01841539064676398,-0.02189284498183084,-0.0018117933739828507,0.023727011634104497,-0.022981865614663113,22.72,32.5,3,157.0,480.0,499.0,102.0,424.0,449.0,1,1,1,-0.03859061645660637,0.011072925418823279,0.02935826668071747,-0.08255716226236923,0.0298009124832731,0.06261797908388406,-0.1246637677827358,0.04533131073860221,0.0948013841500891
92,least_connections,3091,measured,188,116,5,light,0,81.93,50.0,4,768.0,461.0,0.0,570.0,430.0,0.0,3,1,0,0.016864415531615107,0.01983721147191343,-0.004840651512451498,0.022096905668073596,0.14808606358097573,-0.03047943219311802,-0.021913942816206566,0.10353686895218259,-0.02165292319673645,35.17,34.12,3,771.0,460.0,0.0,651.0,441.0,0.0,2,1,0,-0.0014368670731741418,0.0028800025997471473,-0.00720867554583657,0.007855702123464259,0.01666154391850075,-0.01980781212641838,-0.001639241624079718,0.021467296240380268,-0.02079311650850472,19.58,29.1,2,0.0,979.0,0.0,0.0,873.0,0.0,0,2,0,-0.07799921987797266,0.05310226131997843,-0.016521658944203467,-0.10310409918976263,0.11725796843724709,-0.03364087606696205,-0.14355293275580858,0.1764267414619099,-0.049640017514998754
92,least_connections,3092,measured,358,338,12,medium,2,56.53,32.9,3,387.0,461.0,0.0,228.0,430.0,0.0,2,1,0,-0.027825619507677035,0.017947953236493102,-0.004379637082694213,-0.20981708534793342,0.13398262895421612,-0.02757662912710678,-0.1745411863575202,0.09367621476626042,-0.019590740035142502,35.17,34.12,3,771.0,460.0,0.0,651.0,441.0,0.0,2,1,0,-0.0013000225900146878,0.002605716637866462,-0.006522135017661659,0.007107540016467656,0.015074730211976875,-0.01792135382866425,-0.0014831233741673666,0.01942279183653453,-0.01881281969817094,26.74,40.37,3,0.0,1337.0,0.0,0.0,1211.0,0.0,0,3,0,-0.07057072274673717,0.09112880332578548,-0.01494816761618409,-0.09328466117169,0.1708714952527474,-0.030436983108203756,-0.129881224874303,0.2615607025925217,-0.04491239679928459
92,least_connections,3093,measured,383,321,11,medium,0,82.07,48.95,4,387.0,844.0,0.0,228.0,751.0,0.0,2,2,0,-0.025175560506945888,0.05932252458358446,-0.003962528789104288,-0.18983450579098737,0.3522382515934971,-0.02495028349595375,-0.15791821622823254,0.2299689562170928,-0.017724955269890836,35.17,34.12,3,771.0,460.0,0.0,651.0,441.0,0.0,2,1,0,-0.0011762109147751831,0.0023575531485458406,-0.0059009793016938815,0.006430631443470725,0.013639041620360032,-0.01621455822593432,-0.0013418735290085804,0.017573002137816957,-0.017021122584059422,26.74,40.37,3,0.0,1337.0,0.0,0.0,1211.0,0.0,0,3,0,-0.0638497015327622,0.08244986967571068,-0.013524532605118938,-0.08440040772676714,0.1545980195143905,-0.027538222812184352,-0.11751158441008368,0.23665015948847198,-0.0406350256755432
92,least_connections,3094,measured,164,108,7,light,1,82.07,48.95,4,387.0,844.0,0.0,228.0,751.0,0.0,2,2,0,-0.022777888077712943,0.053672760337528796,-0.0035851450949038795,-0.1717550290489886,0.3186917514417355,-0.022574066020148633,-0.14287838611125803,0.20806715086308397,-0.016036864291805994,39.86,37.5,4,935.0,460.0,0.0,759.0,441.0,0.0,3,1,0,0.04201970939910363,0.0021330242772557573,-0.005338981272961131,0.04821274817674562,0.01234008527556385,-0.014670314585369148,0.02932163823565892,0.0158993828865963,-0.015400063290339477,26.74,40.37,3,0.0,1337.0,0.0,0.0,1211.0,0.0,0,3,0,-0.057768777577261045,0.0745975011351668,-0.012236481880821897,-0.07636227365755123,0.13987439860825807,-0.02491553492530965,-0.10632000494245666,0.21411204906099846,-0.03676502323025337
92,least_connections,3095,measured,165,114,1,light,2,68.8,43.35,3,188.0,844.0,0.0,116.0,751.0,0.0,1,2,0,-0.06369246563040241,0.04856106887681177,-0.003243702704913034,-0.27542915326654527,0.2883401560663321,-0.020424154970610668,-0.17993758743399535,0.18825123173326647,-0.014509543883062566,17.83,17.16,2,624.0,0.0,0.0,549.0,0.0,0.0,2,0,0,-0.005066067913282651,-0.04115402111876406,-0.004830506866012452,-0.03677349994893081,-0.10774672556700685,-0.013273141767714942,-0.03284589873916574,-0.1103023440549843,-0.013933390596021432,30.04,44.17,4,645.0,857.0,0.0,538.0,787.0,0.0,2,2,0,0.03390081121694522,0.024409076990774506,-0.011071102654076955,0.04762460954792984,0.03969588445509059,-0.02254262683718492,0.06605967806793604,0.06584740946788747,-0.033263592446419715
92,least_connections,3096,measured,386,309,12,medium,1,56.27,37.55,2,0.0,844.0,0.0,0.0,751.0,0.0,0,2,0,-0.10071041674950242,0.04393620517425827,-0.0029347786377784593,-0.36259463073322346,0.2608791888219195,-0.018478997354362033,-0.2152768648212339,0.17032254299676491,-0.013127682560866131,28.86,26.81,3,624.0,386.0,0.0,549.0,309.0,0.0,2,1,0,-0.004583585254874789,0.005849309690732746,-0.004370458593058885,-0.033271261858556445,0.0022971802693067395,-0.012009033027932567,-0.029717717906864255,-0.012431287478319147,-0.012606401015447962,26.74,40.37,3,480.0,857.0,0.0,424.0,787.0,0.0,1,2,0,-0.012411737697140268,0.022084402991653124,-0.010016711925117246,0.01323178959098413,0.03591532403079625,-0.020395709995548263,0.025387327775751645,0.05957622761380296,-0.030095631261046408
92,least_connections,3097,measured,155,122,4,light,0,66.6,43.65,3,999.0,0.0,0.0,873.0,0.0,0.0,3,0,0,0.03813275219262706,-0.04641599577204297,-0.002655275910370987,0.27450961981279787,-0.27304581328810457,-0.016719092844422793,0.20015426516174076,-0.1856367468124508,-0.01187742707887888,28.86,26.81,3,624.0,386.0,0.0,549.0,309.0,0.0,2,1,0,-0.00414705332583909,0.0052922325773296225,-0.003954224441338991,-0.030102570252979632,0.0020784011960394283,-0.010865315596700894,-0.026887459058591467,-0.011247355337526854,-0.011405791394929109,26.74,40.37,3,838.0,499.0,0.0,762.0,449.0,0.0,2,1,0,0.03185423278648761,-0.023102773710499777,-0.009062739360820365,0.07675257153469993,-0.032286135400708155,-0.018453261424543666,0.12490599497171181,-0.04803420676211473,-0.027229380664756275
92,least_connections,3098,measured,198,113,5,light,0,79.8,49.3,4,1197.0,0.0,0.0,986.0,0.0,0.0,4,0,0,0.07758496173437232,-0.041995424746134116,-0.0024023924903356546,0.36779441792586476,-0.2470414501178089,-0.015126798287811098,0.23221100181300353,-0.16795705663983643,-0.010746243547557082,28.86,26.81,3,624.0,386.0,0.0,549.0,309.0,0.0,2,1,0,-0.003752095866235372,0.004788210427107753,-0.003577631637401944,-0.02723565880031492,0.0018804582249880575,-0.009830523635110333,-0.024326748672058945,-0.010176178638714783,-0.010319525547793003,26.74,40.37,3,1337.0,0.0,0.0,1211.0,0.0,0.0,3,0,0,0.07190439655738902,-0.06398640977435241,-0.00819962132645652,0.15973804091234758,-0.11950650345778357,-0.01669580795553951,0.2484228843394853,-0.1788722188165165,-0.02463610631573187
92,least_connections,3099,measured,200,106,9,light,1,79.8,49.3,4,1197.0,0.0,0.0,986.0,0.0,0.0,4,0,0,0.0701959177596702,-0.037995860484597535,-0.002173593205541783,0.33276637812340143,-0.22351369296373186,-0.01368615083182909,0.2100956683070032,-0.15196114648366152,-0.009722791781123074,34.57,30.12,4,624.0,586.0,0.0,549.0,415.0,0.0,2,2,0,-0.0033947534027843895,0.04741609061318819,-0.003236904814792235,-0.02464178653361826,0.05340204723757422,-0.008894283288909349,-0.022009915465196206,0.020763219326877122,-0.009336713590860336,26.74,40.37,3,1337.0,0.0,0.0,1211.0,0.0,0.0,3,0,0,0.06505635879001863,-0.05789246598631885,-0.007418705009651138,0.14452489415879066,-0.10812493169989942,-0.015105731007392889,0.2247635620214391,-0.1618367694054197,-0.022289810476138358
92,least_connections,3100,measured,488,400,17,heavy,2,79.8,49.3,4,1197.0,0.0,0.0,986.0,0.0,0.0,4,0,0,0.06351059225874922,-0.03437720710511206,-0.001966584328823518,0.3010743421116489,-0.20222667458623358,-0.012382707895464414,0.19008655703966953,-0.13748865634236043,-0.008796811611492305,34.57,30.12,4,624.0,586.0,0.0,549.0,415.0,0.0,2,2,0,-0.0030714435549001606,0.04290027245955122,-0.002928628165764403,-0.022294949720892715,0.04831613797685287,-0.008047208689965602,-0.01991373303993943,0.018785769867174548,-0.008447502772683161,36.5,53.7,4,1337.0,0.0,488.0,1211.0,0.0,400.0,3,0,1,0.058860515095731133,-0.05237889779714563,0.03637173855135872,0.13076061852462012,-0.09782731915705185,0.07463767194569215,0.20335750849558776,-0.14642374374776068,0.10046794925174783
92,least_connections,3101,measured,357,326,14,medium,0,93.27,59.5,4,1042.0,357.0,0.0,864.0,326.0,0.0,3,1,0,0.014378064197825252,0.011980712845941696,-0.0017792905832212781,0.17890853175180932,0.03236634204102673,-0.011203402381610661,0.11679259922636764,0.02308169188072154,-0.007959020029445419,29.89,26.75,3,1046.0,0.0,0.0,856.0,0.0,0.0,3,0,0,0.040304975105657226,-0.047353268228206485,-0.0026497111975963645,0.08891681419810388,-0.10776839217060251,-0.007280807862349831,0.06878340820195955,-0.1003396605963659,-0.0076429786990942885,36.5,53.7,4,1337.0,0.0,488.0,1211.0,0.0,400.0,3,0,1,0.05325475175328055,-0.04739043134027462,0.03290776345122932,0.11830722628418011,-0.08851043161828501,0.06752932223657862,0.1839901267341032,-0.132478625295593,0.09089957313253375
92,least_connections,3102,measured,368,324,12,medium,1,93.27,59.5,4,1042.0,357.0,0.0,864.0,326.0,0.0,3,1,0,0.013008724750413314,0.010839692574899626,-0.001609834337200204,0.16186962396592275,0.029283833275214666,-0.010136411678600122,0.10566949453814217,0.020883435511129006,-0.007201018121879189,27.26,23.09,3,586.0,368.0,0.0,415.0,324.0,0.0,2,1,0,-0.006617494178781769,0.00024046706790388506,-0.0023973577502062345,-0.03846301844661354,-0.0023754840727219922,-0.006587397589745085,-0.062454892579179466,0.000823640412811813,-0.0069150759658472135,26.9,39.57,3,857.0,0.0,488.0,787.0,0.0,400.0,2,0,1,0.005098970407163145,-0.04287705692691513,0.02977369074158843,0.020182728542829598,-0.08008086670225786,0.061097958214047315,0.03859424164831557,-0.11986161336267939,0.0822424709294353
92,least_connections,3103,measured,168,124,5,light,1,80.07,53.85,3,844.0,357.0,0.0,751.0,326.0,0.0,2,1,0,-0.031314101643050096,0.009807340901099665,-0.0014565167812763751,0.02702489787393003,0.026494896772813276,-0.009171039137781063,0.044486685534509574,0.01889453689102147,-0.006515206872176409,32.06,26.97,4,754.0,368.0,0.0,539.0,324.0,0.0,3,1,0,0.037096643588811956,0.00021756544238922537,-0.0021690379644723075,0.008628697595921109,-0.002149247494367526,-0.005960026390721744,-0.0214472837621148,0.0007451984687344981,-0.006256497302433193,26.9,39.57,3,857.0,488.0,0.0,787.0,400.0,0.0,2,1,0,0.004613354177909507,0.004290372530977013,-0.01614579907960593,0.01826056391970296,0.01585064441224289,-0.0330256568539572,0.03491859958657123,0.012188699021067853,-0.04622506598447917
92,least_connections,3104,measured,423,437,16,heavy,0,52.0,38.15,2,0.0,357.0,423.0,0.0,326.0,437.0,0,1,1,-0.11449960670198864,0.008873308434328264,0.041766099329412075,-0.4846282670029522,0.02397157327064059,0.24684525030391236,-0.2994882368973485,0.017095057187114654,0.191795765210888,32.06,26.97,4,754.0,368.0,0.0,539.0,324.0,0.0,3,1,0,0.033563629913687,0.00019684492406643606,-0.0019624629202368497,0.0078069168725000415,-0.0019445572568087127,-0.005392404829700626,-0.019404685308580055,0.0006742271859978693,-0.005660640416487174,19.74,28.3,2,499.0,488.0,0.0,449.0,400.0,0.0,1,1,0,-0.038909913113410674,0.003881765623264921,-0.014608103929167268,-0.04825948978693542,0.01434105923012452,-0.02988035620119937,-0.07034348926294345,0.011027870542870924,-0.04182267874786211
92,least_connections,3105,measured,374,345,12,medium,0,76.93,55.4,3,0.0,731.0,423.0,0.0,671.0,437.0,0,2,1,-0.10359488225418019,0.051112131667340084,0.03778837558375378,-0.43847319395505197,0.24727586787978595,0.2233361788463969,-0.2709655476690296,0.17153838507405614,0.17352950185747013,32.06,26.97,4,754.0,368.0,0.0,539.0,324.0,0.0,3,1,0,0.030367093731431094,0.0001780977884410645,-0.001775561689738102,0.007063400979880979,-0.001759361327588832,-0.004878842464967233,-0.01755662004109626,0.000610015073045686,-0.005121531805393158,9.76,13.33,1,0.0,488.0,0.0,0.0,400.0,0.0,0,1,0,-0.07828810732936703,0.003512073659144452,-0.013216855935913242,-0.13395858599770347,0.012975244065350763,-0.027034607991561335,-0.19905680774583773,0.009977597157835597,-0.03783956648616096
92,least_connections,3106,measured,360,344,11,medium,2,76.93,55.4,3,0.0,1154.0,0.0,0.0,1108.0,0.0,0,3,0,-0.09372870299187731,0.08932820983054125,-0.00889441755574204,-0.3967138421498089,0.4788686423674253,-0.05307679056754564,-0.24515930503388392,0.35289187220986035,-0.04068759355752704,32.06,26.97,4,754.0,368.0,0.0,539.0,324.0,0.0,3,1,0,0.027474989566532895,0.00016113609430382092,-0.0016064605764297113,0.006390696124654233,-0.001591803105913711,-0.00441419080163702,-0.015884560989563284,0.0005519183994222854,-0.00463376687154619,16.96,24.8,2,0.0,848.0,0.0,0.0,744.0,0.0,0,2,0,-0.07083209710752256,0.04626149068026902,-0.011958107751540553,-0.12120062542649361,0.0768823636781745,-0.024459883420936447,-0.18009901653194843,0.11277338155550204,-0.03423579824938372
92,least_connections,3107,measured,498,406,19,heavy,2,76.93,55.4,3,0.0,1154.0,0.0,0.0,1108.0,0.0,0,3,0,-0.08480215984979377,0.0808207612752516,-0.008047330169480893,-0.3589315714688747,0.4332621049990991,-0.0480218581325413,-0.22181079979256163,0.31928312247558793,-0.03681258464728637,32.06,26.97,4,1122.0,0.0,0.0,863.0,0.0,0.0,4,0,0,0.06794222412028714,-0.04293811042714915,-0.001453464331055453,0.10091131009917695,-0.09656945451079268,-0.00399379167767159,0.07723539719991895,-0.09110778811480842,-0.004192455740922744,26.92,38.33,3,0.0,848.0,498.0,0.0,744.0,406.0,0,2,1,-0.06408618309728231,0.041855634425005304,0.03226465988012544,-0.1096577087192085,0.06956023380406265,0.06798391500010512,-0.16294672924319145,0.10203305950259708,0.09146919840928774
92,least_connections,3108,measured,424,402,16,heavy,0,100.0,75.5,4,357.0,797.0,424.0,326.0,782.0,402.0,1,2,1,-0.033641863446865566,0.03003964568894646,0.03580298245436989,-0.10941427894802952,0.17666571404680398,0.21229768391182774,-0.053209771240889076,0.14139901557315096,0.1485505186524552,10.51,10.12,1,368.0,0.0,0.0,324.0,0.0,0.0,1,0,0,-0.06778016457144088,-0.03884876657694447,-0.0013150391566692193,-0.10361085548849974,-0.0873723636050029,-0.0036134305655123908,-0.08251618824769238,-0.08243085591339809,-0.003793174241787244,26.92,38.33,3,0.0,848.0,498.0,0.0,744.0,406.0,0,2,1,-0.05798273708801733,0.03786938352738575,0.0291918351296373,-0.09921411741261722,0.06293544963224715,0.06150925642866653,-0.14742799312479227,0.09231562526425449,0.08275784617983177
92,least_connections,3109,measured,497,400,15,heavy,1,100.0,75.5,4,357.0,797.0,424.0,326.0,782.0,402.0,1,2,1,-0.030437876451925985,0.02717872705190394,0.03239317460157276,-0.09899387142916954,0.15984040794710835,0.19207885687260604,-0.048142173979852015,0.12793244266142229,0.13440285020936424,24.71,22.62,2,368.0,0.0,497.0,324.0,0.0,400.0,1,0,1,-0.061324910802732224,-0.035148884045806905,0.04189410289453284,-0.09374315496578547,-0.07905118611881215,0.1252068961550126,-0.07465750365267407,-0.07458029820736017,0.10966331854314487,26.92,38.33,3,0.0,848.0,498.0,0.0,744.0,406.0,0,2,1,-0.0524605716510633,0.03426277557239663,0.02641166035538613,-0.08976515384951082,0.05694159728631884,0.05565123200688877,-0.13338723187481205,0.0835236609533731,0.07487614654365732
92,least_connections,3110,measured,498,407,17,heavy,1,100.0,75.5,4,731.0,847.0,0.0,671.0,839.0,0.0,2,2,0,0.015544869151205287,0.024590276856484516,-0.01377578987295344,0.1360214179132911,0.17477624211087583,-0.08196039933748343,0.11251422354203866,0.14153411478890587,-0.06025456409628951,38.94,35.34,3,368.0,497.0,498.0,324.0,400.0,407.0,1,1,1,-0.05548444310723391,0.01128252894721779,0.03790418833314876,-0.08481523544523448,0.05695368874964614,0.11354093325589576,-0.06754726520956225,0.045617825431436027,0.10119835963427394,26.92,38.33,3,848.0,0.0,498.0,744.0,0.0,406.0,2,0,1,0.03870347372160032,-0.055168146364203495,0.023896264131063643,0.07223152746949021,-0.10192903102666391,0.050351114672899364,0.10369726639897958,-0.148811925804091,0.0677450849680709
92,least_connections,3111,measured,173,112,4,light,1,100.0,75.5,4,731.0,847.0,0.0,671.0,839.0,0.0,2,2,0,0.014064405422519077,0.022248345727295504,-0.012463809885053113,0.12306699715964431,0.15813088571936385,-0.07415464701962787,0.10179858320470164,0.12805467528520054,-0.054516034182357176,43.89,38.84,4,541.0,497.0,498.0,436.0,400.0,407.0,2,1,1,-0.007116310203597126,0.010208002380816095,0.034294265634753636,-0.0320165055388856,0.051529527916346504,0.10272751104104855,-0.029447525665794422,0.04127327062844212,0.09156042062148595,26.92,38.33,3,848.0,0.0,498.0,744.0,0.0,406.0,2,0,1,0.03501742860525744,-0.04991403718666031,0.021620429451914724,0.06535233437715782,-0.09222150426221973,0.04555577041833752,0.09382133626574343,-0.1346393614417966,0.06129317211396891
92,least_connections,3112,measured,189,106,2,light,2,100.0,75.5,4,731.0,847.0,0.0,671.0,839.0,0.0,2,2,0,0.012724938239422029,0.02012945565802926,-0.011276780372190912,0.11134633076348771,0.14307080136513872,-0.06709229968442522,0.09210348004234911,0.11585899192470522,-0.04932403092689459,43.89,38.84,4,541.0,497.0,498.0,436.0,400.0,407.0,2,1,1,-0.0064385663746831245,0.009235811677881234,0.031028145098110436,-0.028967314535182198,0.04662195382907541,0.09294393856094868,-0.02664299941190923,0.03734248294954287,0.08284038056229681,30.7,41.87,4,1037.0,498.0,0.0,850.0,406.0,0.0,3,1,0,0.0747663356315141,-0.002076419132601953,-0.023522559294072615,0.09332830253171422,0.0066757818579916695,-0.04889716009769462,0.11685422487535518,0.0006278793304379804,-0.06698871729371067
92,least_connections,3113,measured,154,125,7,light,0,100.0,81.75,5,1308.0,424.0,0.0,1233.0,402.0,0.0,4,1,0,0.0976808398129918,-0.024871535583778512,-0.01020280128912511,0.44877366434156823,-0.12569784638392206,-0.0607025568573371,0.3375698152764111,-0.0928656739728857,-0.04462650417195225,43.89,38.84,4,541.0,995.0,0.0,436.0,807.0,0.0,2,2,0,-0.005825369577094258,0.051440110792459436,-0.01501081656656221,-0.02620852267468865,0.1709164616276669,-0.04464255898907364,-0.024105570896489292,0.14886046076387213,-0.04012358425316004,30.7,41.87,4,1037.0,498.0,0.0,850.0,406.0,0.0,3,1,0,0.06764573223803656,-0.0018786649294970093,-0.021282315551779986,0.08443989276678905,0.006039993109611508,-0.044240287707437986,0.10572525107770231,0.0005680812989677098,-0.06060883945621442
92,least_connections,3114,measured,351,313,8,medium,1,100.0,81.75,5,1308.0,424.0,0.0,1233.0,402.0,0.0,4,1,0,0.08837790268794497,-0.02250281790913293,-0.009231105928256052,0.406033315356657,-0.1137266229187866,-0.05492136096616214,0.30542030905961004,-0.08402132407070612,-0.040376360917480605,43.4,38.5,4,173.0,1346.0,0.0,112.0,1120.0,0.0,1,3,0,-0.04835447270127122,0.08962495284850638,-0.013581214988794381,-0.11884172459682715,0.2453733972549639,-0.04039088670439996,-0.11341694509682365,0.22318029783397952,-0.036302290514763844,26.92,38.33,3,848.0,498.0,0.0,744.0,406.0,0.0,2,1,0,0.01811938132194238,-0.0016997444600211076,-0.019255428356372367,0.04219799821757106,0.005464755670600896,-0.04002692697339627,0.0636879255782386,0.0005139783181136448,-0.05483656903181305
92,least_connections,3115,measured,165,103,8,light,2,91.67,65.45,4,951.0,424.0,0.0,907.0,402.0,0.0,3,1,0,0.03687705934804998,-0.020359692393977405,-0.008351952982707857,0.1520301424655468,-0.10289551597414026,-0.04969075515986098,0.12885647010155193,-0.07601929320682932,-0.03653099321105388,38.46,35.0,3,351.0,995.0,0.0,313.0,807.0,0.0,1,2,0,-0.04374928482495967,0.038005342826653174,-0.012287765942242535,-0.06150985966923819,0.13126980840074967,-0.03654413558969521,-0.045784974135221396,0.11342800756407675,-0.03284492951335776,30.22,41.77,4,848.0,663.0,0.0,744.0,509.0,0.0,2,2,0,0.016393725957947858,0.04154603619150018,-0.017421578036717855,0.038179141244469056,0.034801445606734135,-0.036214838690215675,0.05762240885650158,0.03152852006559487,-0.04961403864783085
92,least_connections,3116,measured,421,434,18,heavy,1,91.67,65.45,4,951.0,424.0,0.0,907.0,402.0,0.0,3,1,0,0.03336495845775951,-0.018420674070741466,-0.007556528889116633,0.13755108127835186,-0.09309594302422214,-0.04495830228749327,0.1165844253299756,-0.06877936052046463,-0.03305185100047732,50.49,48.56,4,351.0,995.0,421.0,313.0,807.0,434.0,1,2,1,-0.0395826862702016,0.03438578636697192,0.03196639770758555,-0.055651777795977436,0.11876792188639254,0.07576619024877917,-0.04142450040805745,0.10262534017702182,0.09299149234505727,30.22,41.77,4,1013.0,498.0,0.0,847.0,406.0,0.0,3,1,0,0.057916318950614956,-0.0054946293868286394,-0.01576238012845901,0.06440017541166249,0.0016298793584737514,-0.03276580643400466,0.0831980524574697,-0.0025376881946204966,-0.0448888921099422
92,least_connections,3117,measured,391,320,14,medium,0,92.8,64.2,4,1001.0,391.0,0.0,964.0,320.0,0.0,3,1,0,0.030187343366544314,-0.016666324159242282,-0.006836859471105525,0.15460970845819133,-0.1041344246409629,-0.04067655921249391,0.13126686101283502,-0.09932418332803941,-0.029904055667098528,50.49,48.56,4,848.0,498.0,421.0,713.0,407.0,434.0,2,1,1,0.0072709936013368726,-0.011972950656639919,0.02892197887829169,0.07812458199411565,-0.021019499245644863,0.06855036260603829,0.07561592820223373,-0.020243739839837377,0.0841351597407661,13.26,16.97,2,165.0,498.0,0.0,103.0,406.0,0.0,1,1,0,-0.033767321402958336,-0.004971331349987812,-0.014261201068605771,-0.09518079367516252,0.0014746527529048148,-0.02964525344028993,-0.1491065239670512,-0.002296003604656649,-0.04061375952804294
92,least_connections,3118,measured,377,307,15,medium,2,92.8,64.2,4,1001.0,391.0,0.0,964.0,320.0,0.0,3,1,0,0.027312358284016278,-0.015079055191695404,-0.006185729997666904,0.139884974319316,-0.0942168603894426,-0.036802601192256396,0.11876525520208886,-0.08986473729679756,-0.027056050365470097,50.49,48.56,4,848.0,498.0,421.0,713.0,407.0,434.0,2,1,1,0.0065785180202571625,-0.010832669641721832,0.026167504699406766,0.07068414561372369,-0.01901764217463109,0.062021756643558454,0.06841441123059241,-0.018315764616995717,0.07612228738450266,20.8,27.2,3,165.0,498.0,377.0,103.0,406.0,307.0,1,1,1,-0.030551386031248018,-0.004497871221417538,0.0301809087837331,-0.0861159561822899,0.001334209633580552,0.041397151649261485,-0.13490590263685587,-0.0020773365946893385,0.055841519157167493
92,least_connections,3119,measured,366,310,11,medium,2,92.8,64.2,4,1001.0,391.0,0.0,964.0,320.0,0.0,3,1,0,0.024711181304586147,-0.013642954697248216,-0.005596612855031961,0.12656259581271445,-0.08524382606663855,-0.03329759155489864,0.10745427851617562,-0.08130619088757876,-0.024479283663996754,50.49,48.56,4,848.0,498.0,421.0,713.0,407.0,434.0,2,1,1,0.005951992494518388,-0.009800986818700702,0.02367536139470136,0.06395232222194047,-0.017206438157999576,0.05611492267750527,0.061898753018155034,-0.016571406082043744,0.06887254572883574,28.12,37.53,4,663.0,743.0,0.0,509.0,617.0,0.0,2,2,0,0.015442170008009154,0.03901439769309388,-0.015777363708141708,0.012199849168404373,0.04554047538276336,-0.030764481841144366,0.00038672301109865526,0.0617554256206779,-0.04206402234986433
92,least_connections,3120,measured,490,402,14,heavy,0,87.0,56.2,3,424.0,881.0,0.0,402.0,722.0,0.0,1,2,0,-0.0638100649874606,0.0307402745482947,-0.005063602106933679,-0.23352273077262348,0.21843018911431117,-0.03012639235919401,-0.1570175575329839,0.10829439872076208,-0.02214792331504468,50.49,48.56,4,1346.0,421.0,0.0,1120.0,434.0,0.0,3,1,0,0.04846903629322638,-0.008867559502633973,-0.021663335155360897,0.18659631874502097,-0.035472491666761516,-0.05805928764552244,0.1710780384449974,-0.007359248359944337,-0.06039507767391052,28.12,37.53,4,663.0,743.0,0.0,509.0,617.0,0.0,2,2,0,0.013971487150103518,0.035298740769942084,-0.01427475764069964,0.011037958771413475,0.0412032872510716,-0.02783453118960681,0.00034989224813689046,0.055873956513946665,-0.03805792498321059
92,least_connections,3121,measured,460,440,12,heavy,0,100.0,78.2,4,424.0,1341.0,0.0,402.0,1162.0,0.0,1,3,0,-0.05773291594103577,0.07089652957997639,-0.0045813542872257095,-0.21128247069904027,0.47508763142088467,-0.027257212134508865,-0.14206350443460447,0.2970282655092609,-0.020038597285040427,50.49,48.56,4,1346.0,421.0,0.0,1120.0,434.0,0.0,3,1,0,0.04385293759863339,-0.008023030026192646,-0.01960016037865986,0.1688252407693047,-0.03209415912706996,-0.05252983167928221,0.15478489192642622,-0.006658367563759149,-0.05464316551449047,28.12,37.53,4,663.0,743.0,0.0,509.0,617.0,0.0,2,2,0,0.012640869326284138,0.03193695593470951,-0.01291525691301396,0.009986724602707428,0.037279164655731445,-0.025183623457263302,0.0003165691768857726,0.05055262732214222,-0.0344333606990953
92,least_connections,3122,measured,376,335,11,medium,0,100.0,94.95,5,424.0,1717.0,0.0,402.0,1497.0,0.0,1,4,0,-0.05223454299427045,0.10722837937054552,-0.004145034831299452,-0.19116033063246501,0.5257459522379433,-0.024661287169317547,-0.12853364686940405,0.4202874783179028,-0.01813015944836991,40.46,38.78,3,995.0,421.0,0.0,807.0,434.0,0.0,2,1,0,-0.0034074328756128758,-0.0072589319284600134,-0.01773347843783511,0.06201195253277228,-0.02903757254353949,-0.04752699056696962,0.051546449838195174,-0.006024237319591619,-0.049439054513110425,28.12,37.53,4,663.0,743.0,0.0,509.0,617.0,0.0,2,2,0,0.01143697700949517,0.02889534108378479,-0.011685232445107867,0.009035607973878146,0.03372876802185225,-0.022785183128000132,0.0002864197314680905,0.0457380913867001,-0.031153993013467177
92,least_connections,3123,measured,376,322,12,medium,1,100.0,94.95,5,424.0,1717.0,0.0,402.0,1497.0,0.0,1,4,0,-0.04725982461386374,0.0970161527638269,-0.0037502696092709324,-0.17295458485794452,0.47567490916766286,-0.022312593153192065,-0.11629234716755604,0.3802600994304835,-0.016403477596144207,51.2,48.84,4,995.0,797.0,0.0,807.0,756.0,0.0,2,2,0,-0.003082915458887836,0.03651629514862688,-0.01604457572946986,0.05610605229155585,0.07092518946740983,-0.04300061051297251,0.04663726413931943,0.08559116623465521,-0.04473057313090943,24.82,34.1,3,864.0,377.0,0.0,716.0,307.0,0.0,2,1,0,0.010347741103828967,-0.01694049638904732,-0.010572353164621405,0.044546502452556425,-0.03571206702784799,-0.020615165687238216,0.06268771309037588,-0.05210998080885865,-0.028186946059803635
92,least_connections,3124,measured,376,325,8,medium,2,100.0,74.85,4,391.0,1326.0,0.0,320.0,1177.0,0.0,1,3,0,-0.04275888893635291,0.044692618940514586,-0.003393101075054653,-0.17638748153814027,0.32542015591359974,-0.02018758428145949,-0.1423121236277888,0.19928294710377076,-0.014841241634606664,37.0,36.34,3,498.0,797.0,0.0,407.0,756.0,0.0,1,2,0,-0.045873204689560645,0.03303855275351956,-0.01451652089809178,-0.0777135717362114,0.06417040951813269,-0.0389053142736418,-0.07089961815966336,0.07743962659325948,-0.04047051854701329,32.34,44.93,4,864.0,753.0,0.0,716.0,632.0,0.0,2,2,0,0.009362241951083344,0.027756784446190744,-0.009565462387038414,0.04030397840945582,0.0357271774509947,-0.01865181657416791,0.05671745470081627,0.050868747522143765,-0.025502475006489004
92,least_connections,3125,measured,164,120,7,light,1,100.0,74.85,4,391.0,1326.0,0.0,320.0,1177.0,0.0,1,3,0,-0.03868661379955739,0.040436179041417955,-0.0030699485917161148,-0.1595886737726031,0.29442776011230454,-0.018264957207034777,-0.12875858804418985,0.18030361880817353,-0.01342779005035841,41.69,40.09,4,662.0,797.0,0.0,527.0,756.0,0.0,2,2,0,0.0015795721742977442,0.029892023919851032,-0.013133995098273515,-0.02791772136677631,0.05805894194497718,-0.03520004624758068,-0.03021870214445735,0.07006442406056812,-0.036616183447297744,32.34,44.93,4,1240.0,377.0,0.0,1041.0,307.0,0.0,3,1,0,0.05155450008726134,-0.017970619061156212,-0.008654465969225231,0.10450359951331717,-0.03571350611576672,-0.016875453090913824,0.14933166536423056,-0.05199176811488582,-0.02307366786301386
92,least_connections,3126,measured,158,102,9,light,0,100.0,79.95,5,1227.0,648.0,0.0,1095.0,504.0,0.0,3,2,0,0.051165626063438996,-0.006498785855950651,-0.0027775725353621993,0.3598642157930416,-0.1425653598983912,-0.016525437473031465,0.23409937272192344,-0.1413205353640335,-0.01214895290270523,41.69,40.09,4,662.0,797.0,0.0,527.0,756.0,0.0,2,2,0,0.0014291367291265344,0.027045164498912838,-0.011883138422247466,-0.025258890760416652,0.05252951890259838,-0.03184766089066823,-0.027340730511651895,0.06339162176908544,-0.033128927880888434,22.38,31.4,3,1119.0,0.0,0.0,942.0,0.0,0.0,3,0,0,0.04664454769799835,-0.05934303175827965,-0.007830231115013304,0.07265563765490601,-0.10053126743807465,-0.015268267082255364,0.10525245913906578,-0.13962747273886494,-0.02087617568558397
92,least_connections,3127,measured,189,120,4,light,2,100.0,79.95,5,1717.0,158.0,0.0,1497.0,102.0,0.0,4,1,0,0.0893766095222498,-0.048963754096427003,-0.0025130418177086566,0.4902581000032282,-0.4245432621302904,-0.014951586285123707,0.39366133722459745,-0.3097185796150779,-0.010991909769114256,27.46,27.38,3,585.0,376.0,0.0,554.0,322.0,0.0,2,1,0,0.0012930284692097282,-0.01861446568012194,-0.010751410953461993,-0.04275804402132935,-0.06130322439424771,-0.028814550329652213,-0.017102922843875518,-0.06535400887558936,-0.029973791892232392,26.16,35.4,4,1308.0,0.0,0.0,1062.0,0.0,0.0,4,0,0,0.08528611004875587,-0.053691314447967306,-0.007084494818345371,0.09993605311634352,-0.09095686101540087,-0.013814146407754854,0.13141889160201187,-0.12632961819230637,-0.018887968477433115
92,least_connections,3128,measured,373,330,9,medium,1,100.0,79.95,5,1875.0,0.0,0.0,1599.0,0.0,0.0,5,0,0,0.12394845169926909,-0.08738443964733418,-0.0022737045017364034,0.44356685238387317,-0.4794121578004215,-0.013527625686540496,0.40231263844130244,-0.3263644291755467,-0.009945061219674802,38.11,37.69,4,961.0,373.0,0.0,876.0,330.0,0.0,3,1,0,0.04425378312747093,-0.01684165942487223,-0.00972746705313228,0.05851142955893332,-0.05624033227506767,-0.026070307441113907,0.07556759361744594,-0.05686791279219991,-0.027119145045353118,26.16,35.4,4,1308.0,0.0,0.0,1062.0,0.0,0.0,4,0,0,0.0771636233774458,-0.048577855929113276,-0.006409781026122002,0.09041833377192984,-0.08229430282345794,-0.012498513416540106,0.11890280668753456,-0.11429822598351529,-0.0170891143367252
92,least_connections,3129,measured,471,429,17,heavy,1,100.0,79.95,5,1875.0,0.0,0.0,1599.0,0.0,0.0,5,0,0,0.11214383725171964,-0.07906211206187379,-0.0020571612158567457,0.4013223902520757,-0.43375385705752423,-0.01223928038306045,0.36399714906594033,-0.2952821025873994,-0.008997912532086726,51.57,51.09,5,961.0,373.0,471.0,876.0,330.0,429.0,3,1,1,0.04003913711533083,-0.015237691860598687,0.03428285860725673,0.05293891245808252,-0.05088411015363267,0.09816768102266565,0.06837067993959395,-0.05145192109770466,0.0967582735303948,26.16,35.4,4,1308.0,0.0,0.0,1062.0,0.0,0.0,4,0,0,0.06981470686530811,-0.043951393459673915,-0.005799325690300859,0.08180706388888889,-0.0744567501736048,-0.011308178805441048,0.10757872986015032,-0.10341268065175192,-0.015461579637989466
92,least_connections,3130,measured,433,408,14,heavy,2,100.0,79.95,5,1875.0,0.0,0.0,1599.0,0.0,0.0,5,0,0,0.10146347179917492,-0.07153238710360009,-0.0018612411000608652,0.3631012102280685,-0.39244396590918856,-0.011073634632292788,0.32933075391680317,-0.26715999757907566,-0.0081409684814118,51.57,51.09,5,1334.0,0.0,471.0,1206.0,0.0,429.0,4,0,1,0.07930978618824716,-0.056870383338727605,0.031017824454184665,0.14431887997908144,-0.14245977313219826,0.08881837806812606,0.15516275804058502,-0.13985530956458994,0.08754319986083339,27.5,38.67,4,942.0,433.0,0.0,752.0,408.0,0.0,3,1,0,0.020081786937092824,0.003318353763242868,-0.005247008957891253,0.007787343518518536,0.010986749842928994,-0.010231209395399043,0.0038410730480725186,0.02948376512460542,-0.01398904824389523
92,least_connections,3131,measured,386,337,8,medium,2,98.93,63.95,4,1484.0,0.0,0.0,1279.0,0.0,0.0,4,0,0,0.04871638378201992,-0.06471977880801913,-0.0016839800429122114,0.3188693489365064,-0.35506835010831345,-0.010019002762550617,0.15320401544853618,-0.24171618828583036,-0.007365638149848771,51.57,51.09,5,1334.0,0.0,471.0,1206.0,0.0,429.0,4,0,1,0.0717564732179379,-0.05145415635408688,0.028063745934738506,0.13057422474297847,-0.12889217569103653,0.08035948491878073,0.14038535251291026,-0.12653575627272423,0.07920575225503973,31.44,45.9,4,753.0,819.0,0.0,632.0,745.0,0.0,2,2,0,-0.024914664426530536,0.04608622029826282,-0.004747293819044467,-0.027154308245149916,0.07978801176265005,-0.009256808500599135,-0.032715219623172476,0.12831070812861123,-0.012656757934952828
92,least_connections,3132,measured,168,104,6,light,0,100.0,69.15,5,1652.0,0.0,0.0,1383.0,0.0,0.0,5,0,0,0.08716062841048966,-0.058555990350112545,-0.0015236009912062865,0.29815163316477566,-0.32125231676466454,-0.009064812023260082,0.1856607758820089,-0.2186955989252751,-0.006664148802244126,46.89,47.34,4,1170.0,471.0,0.0,1086.0,429.0,0.0,3,1,0,0.02183862316090074,-0.003469860284083137,-0.017692892000089194,0.075744026468137,0.005138371653688023,-0.04904890140001471,0.09308674751168067,0.006809910991344731,-0.04963229557877357,23.92,35.07,3,763.0,433.0,0.0,644.0,408.0,0.0,2,1,0,-0.022541839243051448,-0.0013868437664243394,-0.00429517059818309,-0.022758659840849932,0.002341534451921465,-0.008375207691018266,-0.025980436801917944,0.014455720052870505,-0.011451352417338273
92,least_connections,3133,measured,176,121,4,light,2,54.4,30.4,3,816.0,0.0,0.0,608.0,0.0,0.0,3,0,0,-0.007308184272595497,-0.052979229364387544,-0.0013784961349009258,-0.14281518904139345,-0.29065685802517266,-0.008201496592473408,-0.18261644086865864,-0.19786744664667746,-0.006029467963935162,46.89,47.34,4,1170.0,471.0,0.0,1086.0,429.0,0.0,3,1,0,0.019758754288434002,-0.0031393973998847385,-0.016007854666747368,0.06853030966164775,0.004649002924765361,-0.04437757745715616,0.08422134298675871,0.0061613480397881,-0.04490541028555704,19.9,28.87,3,562.0,433.0,0.0,458.0,408.0,0.0,2,1,0,-0.020394997410379895,-0.0012547634077172548,-0.0038861067316894623,-0.056962596998864246,0.0021185311707860865,-0.007577568863302241,-0.07960134758268766,0.013078984809739985,-0.010360747425210818
92,least_connections,3134,measured,164,122,8,light,0,32.67,16.4,3,326.0,164.0,0.0,206.0,122.0,0.0,2,1,0,-0.04969606694958187,-0.004849688245783745,-0.0012472107887198853,-0.4247692980215782,-0.16405461757833084,-0.007420401678904512,-0.34708154173831024,-0.1238324517279463,-0.0054552329197508605,34.86,33.78,3,749.0,471.0,0.0,652.0,429.0,0.0,2,1,0,-0.025206932061031362,-0.002840407171324291,-0.014483297079438094,-0.04682631846939353,0.00420624074145437,-0.04015114150885558,-0.046508070631027854,0.005574552988379722,-0.04062870454407542,19.9,28.87,3,562.0,433.0,0.0,458.0,408.0,0.0,2,1,0,-0.018452616704629415,-0.001135262130791806,-0.003516001328671418,-0.05153758776087719,0.0019167662973778865,-0.0068558956382258375,-0.07202026686052695,0.011833367208812368,-0.00937400957519074
92,least_connections,3135,measured,161,114,6,light,0,32.87,17.0,3,493.0,0.0,0.0,340.0,0.0,0.0,3,0,0,-0.0018792079657214689,-0.04747171340151409,-0.001128428808841801,-0.2835849204322215,-0.2473510032057914,-0.0067136967571040825,-0.25340710919180454,-0.1672293610871895,-0.004935686927393636,24.11,23.72,2,373.0,471.0,0.0,330.0,429.0,0.0,1,1,0,-0.06589017209150003,-0.002569892202626739,-0.013103935452824943,-0.13956394800292068,0.003805646385125372,-0.03632722326991695,-0.1331203972375966,0.005043643179962615,-0.03675930411130633,19.9,28.87,3,562.0,433.0,0.0,458.0,408.0,0.0,2,1,0,-0.01669522463752185,-0.001027141927859257,-0.00318114405927414,-0.04662924606936508,0.0017342171261990474,-0.006202953196490044,-0.06516119382619107,0.01070637985559214,-0.008481246758505907
92,least_connections,3136,measured,396,304,14,medium,1,32.87,17.0,3,493.0,0.0,0.0,340.0,0.0,0.0,3,0,0,-0.0017002357785098898,-0.04295059783946513,-0.0010209593984759151,-0.25657683277200993,-0.22379376480523983,-0.006074297065951312,-0.22927309879258503,-0.15130275526936193,-0.004465621505737099,35.43,33.22,3,373.0,867.0,0.0,330.0,733.0,0.0,1,2,0,-0.059614917606595264,0.04075875966247603,-0.011855941600174948,-0.12627214343121396,0.10581055081103183,-0.03286748772040105,-0.12044226416734932,0.09051567716282333,-0.03325841800546763,19.9,28.87,3,562.0,433.0,0.0,458.0,408.0,0.0,2,1,0,-0.015105203243472143,-0.0009293188871107583,-0.0028781779583908888,-0.042188365491330315,0.0015690535903705727,-0.005612195749205277,-0.0589553658427443,0.009686724631250032,-0.007673508971981535
92,least_connections,3137,measured,367,313,10,medium,0,57.33,32.65,4,493.0,367.0,0.0,340.0,313.0,0.0,3,1,0,-0.0015383085615089387,0.004223835514860344,-0.0009237251700496375,-0.23214094393658036,0.01888500644605287,-0.005495792583479759,-0.20743756557424362,0.00470226904200588,-0.004040324219476423,24.77,22.91,2,0.0,867.0,0.0,0.0,733.0,0.0,0,2,0,-0.09702120663272451,0.03687697302795451,-0.010726804304920191,-0.21066799371667658,0.09573335549569548,-0.029737250794648572,-0.2022751437704589,0.08189513648064967,-0.030090949623994525,16.38,24.83,2,819.0,0.0,0.0,745.0,0.0,0.0,2,0,0,-0.013666612458379551,-0.04392471255319091,-0.002604065771877471,0.008334335984034463,-0.07693276103728376,-0.005077700915947632,0.033214986459739276,-0.11428343961934521,-0.0069426985936975796
92,least_connections,3138,measured,435,421,16,heavy,1,46.13,27.45,3,325.0,367.0,0.0,236.0,313.0,0.0,2,1,0,-0.04447570321097974,0.0038215654658260295,-0.0008357513443306244,-0.31136561594262036,0.01708643440357166,-0.004972383766005496,-0.2347292259957442,0.00425443389514818,-0.0036555314366691445,37.2,36.06,3,0.0,867.0,435.0,0.0,733.0,421.0,0,2,1,-0.08778109171532218,0.033364880358625504,0.03337869633182958,-0.1906043752674693,0.086615893067534,0.08554384792048803,-0.18301084436374854,0.07409559967296875,0.09180759319733828,16.38,24.83,2,819.0,0.0,0.0,745.0,0.0,0.0,2,0,0,-0.01236503031948627,-0.039741406595744155,-0.0023560595078891402,0.0075405896998407,-0.0696058314146853,-0.004594110352524048,0.030051654415954587,-0.1033993025127409,-0.00628148920382162
92,least_connections,3139,measured,198,100,4,light,2,46.13,27.45,3,325.0,367.0,0.0,236.0,313.0,0.0,2,1,0,-0.04023992195279119,0.0034576068500330737,-0.0007561559782038982,-0.2817117477576089,0.015459154936564828,-0.004498823407338306,-0.21237406161519712,0.0038492497146578875,-0.0033073855855577975,37.2,36.06,3,471.0,396.0,435.0,429.0,304.0,421.0,1,1,1,-0.03633708751567699,-0.012896627521334289,0.03019977287165533,-0.05069647558213208,-0.04338834164638079,0.07739681478520345,-0.04428659728148676,-0.054255766962552104,0.08306401289282989,12.62,16.93,2,631.0,0.0,0.0,508.0,0.0,0.0,2,0,0,-0.011187408384297104,-0.035956510729482805,-0.0021316728880901746,-0.02719660931919174,-0.06297670461328671,-0.004156576033236044,-0.044286598385564896,-0.09355174989247987,-0.005683252136790989
92,least_connections,3140,measured,426,415,17,heavy,2,46.13,27.45,3,692.0,0.0,0.0,549.0,0.0,0.0,3,0,0,0.0066763517932796335,-0.039955589267203634,-0.0006841411231368603,-0.03351697812990012,-0.20737822489866356,-0.004070364035210849,-0.05055272241374975,-0.1381125835915,-0.0029923964821713406,37.2,36.06,3,471.0,831.0,0.0,429.0,725.0,0.0,1,2,0,-0.03287641251418394,0.03141552294555015,-0.015760296200021593,-0.045868239812405204,0.07319286095939698,-0.04242329002427171,-0.04006882611182136,0.06994418703388142,-0.04387958357315392,21.14,30.77,3,631.0,0.0,426.0,508.0,0.0,415.0,2,0,1,-0.010121940919125938,-0.03253208113619873,0.04115524380419959,-0.024606456050697306,-0.056978923221545116,0.07332500263659596,-0.04006882711074919,-0.08464205942652941,0.12001674013020498
92,least_connections,3141,measured,418,448,18,heavy,0,63.27,44.15,3,531.0,0.0,418.0,435.0,0.0,448.0,2,0,1,-0.037043391461409114,-0.03615029505127948,0.04246491540106211,-0.12743599608578265,-0.1876279177654575,0.24844427380941242,-0.0973096059933927,-0.12495900420183333,0.1999592603256545,37.2,36.06,3,471.0,831.0,0.0,429.0,725.0,0.0,1,2,0,-0.02974532560807118,0.02842356837930729,-0.014259315609543346,-0.041499836020747555,0.06622211229659727,-0.03838297668862679,-0.036252747434505045,0.06328283588779746,-0.039700575613805925,21.14,30.77,3,631.0,0.0,426.0,508.0,0.0,415.0,2,0,1,-0.009157946545875845,-0.029433787694655995,0.0372356967752282,-0.02226298404586899,-0.05155235910520749,0.06634166905215824,-0.03625274833829689,-0.0765809109097171,0.10858657440351879
92,least_connections,3142,measured,365,307,5,medium,0,76.67,53.4,3,732.0,0.0,418.0,620.0,0.0,448.0,2,0,1,-0.0335154494174654,-0.03270740980830048,0.0384206377438181,0.005938860684291891,-0.16975859226398538,0.22478291439899217,-0.004351548279736217,-0.11305814665880158,0.18091552124702076,37.2,36.06,3,471.0,831.0,0.0,429.0,725.0,0.0,1,2,0,-0.026912437454921542,0.02571656186699231,-0.012901285551491599,-0.03754747068543826,0.059915244458826095,-0.03472745509923376,-0.03280010482169504,0.057255899136578636,-0.035919568412491075,21.14,30.77,3,631.0,0.0,426.0,508.0,0.0,415.0,2,0,1,-0.008285761160554322,-0.02663056981897447,0.03368943993949218,-0.02014269985102432,-0.04664261061899725,0.060023414856714606,-0.032800105639411464,-0.06928749082307738,0.09824499588889796
92,least_connections,3143,measured,359,316,14,medium,0,100.0,69.2,4,732.0,359.0,418.0,620.0,316.0,448.0,2,1,1,-0.03032350185389726,0.013491481828771218,0.034761529387264,0.005373254904835534,0.06294857525321959,0.20337501778956435,-0.003937115110237532,0.04066167683251286,0.16368547160444735,37.2,36.06,3,867.0,435.0,0.0,733.0,421.0,0.0,2,1,0,0.018734552053256914,-0.019816534728050034,-0.01167259168944478,0.06839582584242662,-0.04815831623793286,-0.031420078423116254,0.05627609563751401,-0.03414942459071457,-0.03249865713511097,17.18,27.43,2,433.0,426.0,0.0,408.0,415.0,0.0,1,1,0,-0.0505805412767827,0.018989575152447133,-0.012602978376740629,-0.05405291891283155,0.034885257059002486,-0.022778815129639165,-0.05983501621343579,0.06247004798546968,-0.036270400544965345
92,least_connections,3144,measured,363,332,7,medium,2,100.0,69.2,4,732.0,359.0,418.0,620.0,316.0,448.0,2,1,1,-0.027435549296383227,0.012206578797459677,0.0314509075408579,0.0048615163424702845,0.05695347284815108,0.1840059684762725,-0.003562151766405397,0.036789136181797355,0.14809637907069045,37.2,36.06,3,867.0,435.0,0.0,733.0,421.0,0.0,2,1,0,0.016950309000565766,-0.017929245706330976,-0.010560916290450039,0.06188193766695743,-0.043571809929558294,-0.02842769000186709,0.050916467481560285,-0.03089709843921795,-0.02940354693176707,15.78,24.9,2,363.0,426.0,0.0,332.0,415.0,0.0,1,1,0,-0.04576334686947006,0.017181044185547407,-0.01140269472181295,-0.06157168854018091,0.031562851624811775,-0.020609404164911624,-0.07705707816136256,0.05652051960590114,-0.03281607668354007
92,least_connections,3145,measured,477,419,14,heavy,2,100.0,69.2,4,732.0,777.0,0.0,620.0,764.0,0.0,2,2,0,-0.024822639839584826,0.05412794771017326,-0.01462831721360022,0.004398514786044583,0.3036563167038827,-0.08564539360083281,-0.003222899217223907,0.23595207559305476,-0.06867470465032768,37.2,36.06,3,867.0,435.0,0.0,733.0,421.0,0.0,2,1,0,0.015335993857654745,-0.016221698496204223,-0.009555114738978607,0.05598841979391389,-0.03942211374579084,-0.025720290954070222,0.04606728010236408,-0.0279545176354829,-0.026603209128741635,25.32,38.87,3,363.0,903.0,0.0,332.0,834.0,0.0,1,2,0,-0.04140493288190149,0.05862865448987169,-0.010316723795926002,-0.05570771820302084,0.11487115147006781,-0.018646603768253375,-0.06971830881266136,0.17750269234184707,-0.029690736047012445
92,least_connections,3146,measured,381,339,16,medium,1,100.0,69.2,4,732.0,777.0,0.0,620.0,764.0,0.0,2,2,0,-0.022458578902481513,0.048972905071109143,-0.013235144145638294,0.003979608615945096,0.2747366674939891,-0.07748868944837255,-0.0029159564346311617,0.21348044934609717,-0.062134256588391716,34.63,33.25,3,396.0,435.0,381.0,304.0,421.0,339.0,1,1,1,-0.02920847721268878,-0.014676774829899056,0.03443879641530053,-0.07109891270346567,-0.035667626722382204,0.0752190564837324,-0.07961472276452775,-0.025292182622579762,0.07177864412161472,25.32,38.87,3,363.0,903.0,0.0,332.0,834.0,0.0,1,2,0,-0.037461605940768014,0.05304497310988391,-0.009334178672504478,-0.05040222123130457,0.10393104180625183,-0.016870736742705436,-0.06307846987812218,0.16059767402357594,-0.026863046899677927
92,least_connections,3147,measured,450,423,17,heavy,1,51.8,38.2,2,0.0,777.0,0.0,0.0,764.0,0.0,0,2,0,-0.10648746707956944,0.04430881887386066,-0.011974654227006075,-0.43792321125224015,0.24857127058979966,-0.07010881426281326,-0.2831144367741901,0.1931489779798022,-0.05621670834187822,47.49,46.47,4,831.0,0.0,831.0,725.0,0.0,762.0,2,0,2,0.01665718274861039,-0.05636288697761842,0.07424281126917213,0.04812139190774875,-0.14471968948351588,0.18438186743085994,0.04700036987971298,-0.1419161414204293,0.18454079706241333,25.32,38.87,3,363.0,903.0,0.0,332.0,834.0,0.0,1,2,0,-0.03389383394640916,0.04799307090894259,-0.008445209275123098,-0.045602009685466044,0.09403284734851355,-0.015263999910066823,-0.057070996556396275,0.14530265744990203,-0.02430466148066098
92,least_connections,3148,measured,374,324,12,medium,0,76.73,54.4,3,0.0,1151.0,0.0,0.0,1088.0,0.0,0,3,0,-0.09634580354818187,0.08317283158882177,-0.010834210967291211,-0.39621623875202683,0.4504851178352155,-0.06343178433302152,-0.2561511570814101,0.32132526579124965,-0.0508627361188422,47.49,46.47,4,831.0,381.0,450.0,725.0,339.0,423.0,2,1,1,0.015070784391599867,-0.007911092752992635,0.02408816711201742,0.04353840220224886,-0.03244706599528986,0.06833189366193447,0.04252414417688316,-0.03255210414229316,0.07111726877075492,25.32,38.87,3,363.0,903.0,0.0,332.0,834.0,0.0,1,2,0,-0.030665849761036854,0.04342230225094806,-0.0076409036298732795,-0.04125896114399309,0.08507733807722656,-0.013810285632917602,-0.051635663551025196,0.13146430912133994,-0.021989931815836125
92,least_connections,3149,measured,155,110,5,light,0,87.07,59.9,4,155.0,1151.0,0.0,110.0,1088.0,0.0,1,3,0,-0.04408611250731194,0.07525160953274351,-0.009802381351358715,-0.2649892953788179,0.4075817732794807,-0.0573906620155909,-0.18199390402603774,0.2907228595254163,-0.0460186660122858,47.49,46.47,4,831.0,381.0,450.0,725.0,339.0,423.0,2,1,1,0.01363547159239989,-0.007157655347945713,0.021794055958491952,0.03939188770679658,-0.02935686923383367,0.061824094265559765,0.038474225683846675,-0.02945190374778907,0.06434419555449254,25.32,38.87,3,363.0,903.0,0.0,332.0,834.0,0.0,1,2,0,-0.0277452926409381,0.03928684489371491,-0.0069131985222663,-0.03732953627313661,0.07697473445082403,-0.012495020334544497,-0.04671798130807042,0.11894389872883138,-0.019895652595280304
92,least_connections,3150,measured,393,338,8,medium,2,87.07,59.9,4,514.0,792.0,0.0,426.0,772.0,0.0,2,2,0,0.003196465101094198,0.025000889350486763,-0.008868821222657886,-0.023212537088771745,0.1522247789988953,-0.05192488468077272,-0.021708770309272263,0.12008258718966236,-0.04163593591587763,36.17,36.97,3,435.0,831.0,0.0,421.0,762.0,0.0,1,2,0,-0.030747044976490792,0.03660792634052077,-0.023365468645264648,-0.06672706758500717,0.08976555368639538,-0.06039044532435748,-0.05114236723842444,0.09295125375200036,-0.06138203735545914,33.18,50.13,4,789.0,870.0,0.0,747.0,757.0,0.0,2,2,0,0.01798101640876576,0.03554524061812302,-0.006254798663002843,0.04331137194335259,0.06367237878884077,-0.011305018397921212,0.0828900804038093,0.08439368615148235,-0.018000828538586942
92,least_connections,3151,measured,374,347,10,medium,1,87.07,59.9,4,514.0,792.0,0.0,426.0,772.0,0.0,2,2,0,0.0028920398533709424,0.02261985226948801,-0.008024171582404755,-0.021001819270793476,0.13772718099900055,-0.04697965756831818,-0.019641268375055865,0.1086461503144564,-0.03767060868579405,46.86,47.81,4,435.0,1205.0,0.0,421.0,1109.0,0.0,1,3,0,-0.027818754978729765,0.07620535739199044,-0.021140185917144207,-0.06037210876738745,0.17789672544415366,-0.05463897434108534,-0.04627166559666973,0.18220887244228604,-0.055536129035891606,25.92,39.07,3,819.0,477.0,0.0,753.0,419.0,0.0,2,1,0,0.016268538655549974,-0.010923920619884162,-0.005659103552240668,0.04461505080589044,-0.013505943000572618,-0.010228349979071573,0.07680531084154174,-0.02558031570421443,-0.016286463915864375
92,least_connections,3152,measured,468,413,15,heavy,2,87.07,59.9,4,932.0,374.0,0.0,874.0,324.0,0.0,3,1,0,0.0457005077131406,-0.022618319601982503,-0.007259964765032874,0.2331253381200757,-0.1275166775088408,-0.04250540446657359,0.18489599527971134,-0.10436776876311085,-0.03408293166809938,46.86,47.81,4,435.0,1205.0,0.0,421.0,1109.0,0.0,1,3,0,-0.02516934974266026,0.06894770430703898,-0.019126834877416187,-0.05462238412287436,0.1609541801637581,-0.04943526249907721,-0.04186484030174881,0.16485564649540163,-0.050246973889616214,35.28,52.83,4,1296.0,0.0,468.0,1172.0,0.0,413.0,3,0,1,0.05780305424844544,-0.05296744745427161,0.03796375891758724,0.12668028406247228,-0.09853394842908951,0.0754314928760781,0.19585559869790287,-0.14950917452603527,0.10982018344120206
92,least_connections,3153,measured,159,119,6,light,0,97.67,65.85,5,1465.0,0.0,0.0,1317.0,0.0,0.0,5,0,0,0.12751587886064195,-0.06354809415236058,-0.006568539549315457,0.5324149884578464,-0.3409595336191099,-0.03845727070785229,0.36769161477688167,-0.24099940983329077,-0.03083693817589944,46.86,47.81,4,435.0,1205.0,0.0,421.0,1109.0,0.0,1,3,0,-0.022772268814787847,0.06238125627779717,-0.017305231555757503,-0.049420252301648246,0.14562521062435257,-0.04472714226106986,-0.0378777126539632,0.1491551087339348,-0.04546154780489086,35.28,52.83,4,1296.0,468.0,0.0,1172.0,413.0,0.0,3,1,0,0.052298001462879204,-0.004839028422345515,-0.00873573739655939,0.1146154951041416,-0.0044640485787000445,-0.016438173112119814,0.1772026845361978,-0.010714649968000173,-0.02519443720399177
92,least_connections,3154,measured,189,106,6,light,1,87.33,60.35,4,1310.0,0.0,0.0,1207.0,0.0,0.0,4,0,0,0.07228760921858535,-0.05749589470927862,-0.005942964354142556,0.38821673558884506,-0.3084871970839566,-0.03479467349758065,0.2829114609886073,-0.2180470850872631,-0.027900086921051875,39.83,37.97,4,563.0,831.0,0.0,453.0,762.0,0.0,2,2,0,0.02248041891813979,0.013356284024582943,-0.01565711426473298,-0.011625126232103516,0.03507587083699926,-0.04046741442668225,-0.025222692401204783,0.036839741235464823,-0.041131876585377446,35.28,52.83,4,1296.0,468.0,0.0,1172.0,413.0,0.0,3,1,0,0.04731723941879547,-0.004378168572598318,-0.007903762406410877,0.10369973366565191,-0.004038901095014327,-0.014872632815727451,0.16032623838989324,-0.009694207113904924,-0.022794966994087795
92,least_connections,3155,measured,439,440,17,heavy,0,100.0,82.35,5,1310.0,0.0,439.0,1207.0,0.0,440.0,4,0,1,0.0654030750072915,-0.05202009521315685,0.037706932477771245,0.35124371315181224,-0.2791074640283417,0.23331275572441118,0.25596751232302567,-0.19728069603133327,0.17380468326190546,39.83,37.97,4,944.0,450.0,0.0,792.0,423.0,0.0,3,1,0,0.06342332686697907,-0.030999643252134695,-0.014165960525234599,0.08797182456551178,-0.06675448420870139,-0.036613374957474416,0.07302768306557661,-0.06251701983457944,-0.03721455500581769,35.28,52.83,4,1296.0,468.0,0.0,1172.0,413.0,0.0,3,1,0,0.04281083566462447,-0.003961200137112764,-0.007151023129609841,0.09382356855463744,-0.003654243847870095,-0.01345619159518198,0.14505707282895103,-0.008770949293533031,-0.020624017756555625
92,least_connections,3156,measured,355,306,10,medium,1,100.0,82.35,5,1310.0,0.0,439.0,1207.0,0.0,440.0,4,0,1,0.0591742107208828,-0.04706580043095143,0.03411579605131684,0.31779193094687774,-0.25252580078754727,0.21109249327446727,0.23158965400654707,-0.17849205831406345,0.15725185628458113,49.97,47.53,5,944.0,805.0,0.0,792.0,729.0,0.0,3,2,0,0.05738301002250487,0.015036603951016442,-0.012816821427593208,0.07959355555927256,0.03137179319893005,-0.03312638686628638,0.06607266563075978,0.029954839197285255,-0.03367031167193029,35.28,52.83,4,1296.0,468.0,0.0,1172.0,413.0,0.0,3,1,0,0.038733613220374524,-0.003583942981197269,-0.0064699733077422375,0.08488799059705293,-0.0033062206242634312,-0.012174649538497982,0.13124211351190807,-0.007935620789387032,-0.018659825589264614
92,least_connections,3157,measured,374,343,9,medium,2,92.67,66.55,4,951.0,0.0,439.0,891.0,0.0,440.0,3,0,1,0.010454671377850888,-0.0425833432470513,0.030866672617858096,0.07098635022177824,-0.22847572452206658,0.19098844629594658,0.06658111552973306,-0.16149281466510504,0.14227548901938292,49.97,47.53,5,1394.0,355.0,0.0,1215.0,306.0,0.0,4,1,0,0.09500186167569034,-0.029479353794885352,-0.011596171767822426,0.1883397475468248,-0.08794252724178439,-0.029971492879021008,0.17937824509449696,-0.09249621691674194,-0.030463615322222644,34.24,50.43,4,870.0,842.0,0.0,757.0,756.0,0.0,2,2,0,-0.00803920255118043,0.03984128514853127,-0.005853785373671548,-0.0002822942217140245,0.06468484800661879,-0.011015159106260079,-0.006415865552718059,0.09626459706357049,-0.016882699342667985
92,least_connections,3158,measured,414,422,15,heavy,0,100.0,87.65,5,951.0,439.0,414.0,891.0,440.0,422.0,3,1,1,0.009458988389484141,0.004556113479425236,0.02792698951139542,0.0642257454387517,0.05807751908320963,0.1577197053788723,0.06024005690785372,0.05293507244585735,0.12058258530325121,49.97,47.53,5,1394.0,355.0,0.0,1215.0,306.0,0.0,4,1,0,0.08595406532562459,-0.026671796290610547,-0.010491774456601244,0.1704026287328415,-0.07956704845685253,-0.02711706498578091,0.16229460270454488,-0.08368705340086176,-0.027562318624868107,26.38,39.17,3,477.0,842.0,0.0,419.0,756.0,0.0,1,2,0,-0.05035746443973013,0.036046877039147336,-0.0052962820047504485,-0.07136969477202697,0.058524386291702715,-0.00996609633423531,-0.10774133867468144,0.0870965402003733,-0.015274823214794843
92,least_connections,3159,measured,195,112,4,light,2,81.8,59.3,3,374.0,853.0,0.0,324.0,862.0,0.0,1,2,0,-0.07760966810112432,0.04720609813671353,-0.017816624002161514,-0.28992273825382786,0.3022606125038563,-0.10701550465721078,-0.2019970913690847,0.2387983988795852,-0.08180623234467747,49.97,47.53,5,1749.0,0.0,0.0,1521.0,0.0,0.0,5,0,0,0.12085186409279867,-0.06721552544207167,-0.009492557841686839,0.24594251443175458,-0.16375794180109787,-0.02453448736808749,0.23335583101839777,-0.16223471498173206,-0.024937335898690193,20.74,28.93,3,569.0,468.0,0.0,455.0,413.0,0.0,2,1,0,-0.0024776152187127587,-0.010470059096100257,-0.004791874194774216,-0.04792496193659583,-0.014725555259888015,-0.009016944302403376,-0.0866231159437594,-0.02464281283458289,-0.013820078146719143
92,least_connections,3160,measured,373,345,7,medium,0,81.73,60.35,3,373.0,853.0,0.0,345.0,862.0,0.0,1,2,0,-0.07021827113911248,0.04271027926655034,-0.016119802668622323,-0.262914223499495,0.273473887503489,-0.09682355183271452,-0.17325927314345757,0.2160556942243866,-0.07401516259756534,44.57,44.22,4,1560.0,0.0,0.0,1415.0,0.0,0.0,4,0,0,0.06625826252387,-0.06081404682854103,-0.00858850471390714,0.17366227496206366,-0.14816194734385046,-0.022197869523507732,0.18116122806426466,-0.14678378974537662,-0.022562351527386365,20.74,28.93,3,1037.0,0.0,0.0,868.0,0.0,0.0,3,0,0,0.04084224836220772,-0.05255681083751474,-0.004335505223843338,0.04132503443831806,-0.09800883571132725,-0.008158187702174483,0.04618226017786847,-0.1468514338344639,-0.012503880227983986
92,least_connections,3161,measured,480,405,21,heavy,0,100.0,80.6,4,373.0,853.0,480.0,345.0,862.0,405.0,1,2,1,-0.06353081674491129,0.03864263362211698,0.0284993168599086,-0.23787477364240026,0.24742875536029962,0.20192154834182974,-0.1567583899869378,0.19547896144111168,0.11624818622125042,33.89,33.38,3,1186.0,0.0,0.0,1068.0,0.0,0.0,3,0,0,0.016864051580553596,-0.055022232844870456,-0.007770551884011222,0.060442738571118815,-0.13405128569205518,-0.020083786711745093,0.06579765872481086,-0.1328043811981979,-0.02041355614382576,20.74,28.93,3,1037.0,0.0,0.0,868.0,0.0,0.0,3,0,0,0.036952510422949836,-0.047551400281560956,-0.003922599964429687,0.03738931687276395,-0.08867466088167704,-0.007381217444824532,0.04178394968473814,-0.13286558299308637,-0.011313034491985511
92,least_connections,3162,measured,460,449,16,heavy,1,100.0,80.6,4,373.0,853.0,480.0,345.0,862.0,405.0,1,2,1,-0.057480262769205454,0.034962382800962984,0.025785096206583973,-0.21522003329550501,0.223864111992652,0.1826909246902269,-0.14182901951199134,0.17686191749433916,0.10517693039065515,36.14,36.81,3,805.0,0.0,460.0,729.0,0.0,449.0,2,0,1,-0.027825948796732697,-0.04978202019297803,0.03605340090312817,-0.04380350863973606,-0.12128449657852612,0.10074051950570001,-0.03631699924898066,-0.12015634489360763,0.1084799968222529,20.74,28.93,3,1037.0,0.0,0.0,868.0,0.0,0.0,3,0,0,0.03343322371600223,-0.043022695492840865,-0.0035490190154363836,0.03382842955154833,-0.08022945508342208,-0.006678244354841243,0.037804525905239306,-0.12021171794612577,-0.01023560263560594
92,least_connections,3163,measured,153,123,8,light,1,100.0,80.6,4,373.0,853.0,480.0,345.0,862.0,405.0,1,2,1,-0.05200595202928113,0.03163263205801413,0.02332937275833788,-0.19472288726736167,0.20254372037430424,0.1652917890054434,-0.12832149384418262,0.16001792535202114,0.09516007987725943,40.51,40.66,4,805.0,153.0,460.0,729.0,123.0,449.0,2,1,1,-0.025175858435139115,-0.0019569751859370432,0.032619743674258815,-0.03963174591214216,-0.07018257173431275,0.09114618431468097,-0.032858237415744423,-0.07393609776088308,0.0981485685534669,16.84,25.2,2,842.0,0.0,0.0,756.0,0.0,0.0,2,0,0,-0.012834793055136295,-0.038925295922094115,-0.003211017204442442,-0.004679039929551515,-0.07258855459928665,-0.006042221082951601,0.0004263170888673118,-0.1087629829036376,-0.009260783336976802
92,least_connections,3164,measured,493,437,15,heavy,2,100.0,80.6,4,373.0,853.0,480.0,345.0,862.0,405.0,1,2,1,-0.04705300421696863,0.02862000043344136,0.021107527733734272,-0.17617785038475584,0.18325384224341812,0.14954971386206783,-0.11610039919235571,0.14477812293754294,0.08609721512704425,27.66,27.44,3,508.0,460.0,0.0,429.0,449.0,0.0,2,1,0,-0.02277815763179253,-0.001770596596800178,-0.013570798807189866,-0.1126328041245912,0.015862026934261253,-0.03644596929351994,-0.11455031004281638,0.025278054406820072,-0.038148318927815665,26.7,39.77,3,842.0,0.0,493.0,756.0,0.0,437.0,2,0,1,-0.011612431811789975,-0.03521812488189468,0.040178694184642774,-0.004233417079118035,-0.0656753589231641,0.08374275235351997,0.00038571546135612866,-0.09840460357948164,0.12341484682210035
92,least_connections,3165,measured,407,402,14,heavy,1,100.0,80.6,4,812.0,414.0,480.0,785.0,422.0,405.0,2,1,1,0.0005121345066428917,-0.01718961412031042,0.019097286997188153,0.10539464330268122,-0.09899255543055818,0.13530688397044233,0.0940044007307258,-0.06805788877079452,0.07789748035304005,39.29,40.0,4,508.0,867.0,0.0,429.0,851.0,0.0,2,2,0,-0.020608809285907526,0.04148193187727149,-0.012278341777933688,-0.10190587039843965,0.11956224205616836,-0.032974924598898996,-0.10364075670540529,0.13653133493950387,-0.034515145696595126,26.7,39.77,3,842.0,493.0,0.0,756.0,437.0,0.0,2,1,0,-0.010506485924952846,0.01121988247647171,-0.0067317483454139015,-0.003830234500154406,0.02978896097428009,-0.013442271680148589,0.0003489806555126984,0.04276091422173883,-0.02013259890698857
92,least_connections,3166,measured,352,318,8,medium,2,100.0,80.6,4,1226.0,0.0,480.0,1207.0,0.0,405.0,3,0,1,0.04354726001848189,-0.05863640824037156,0.01727849775936071,0.34507134394052114,-0.339278978722886,0.12242051406849541,0.2759563625658948,-0.2524809469830998,0.07047867270036956,29.14,30.44,3,153.0,867.0,0.0,123.0,851.0,0.0,1,2,0,-0.06172996577114989,0.037531271698483734,-0.011108975894320956,-0.18396925689110527,0.1081753618603428,-0.029834455589480044,-0.18028806559060478,0.12352835065955112,-0.031227988963586067,26.26,38.93,3,468.0,845.0,0.0,413.0,755.0,0.0,1,2,0,-0.05258976844457185,0.05323522246737463,-0.006090629455374482,-0.07114164073823494,0.09064715516720581,-0.012162055329658247,-0.10312870004183772,0.13459320810538275,-0.01821520853489442
92,least_connections,3167,measured,384,313,12,medium,1,88.87,63.35,3,853.0,0.0,480.0,862.0,0.0,405.0,2,0,1,-0.0036839983052737446,-0.05305198840795522,0.015632926544183495,0.08722327943824926,-0.3069666950349921,0.11076141749054347,0.09360337565485716,-0.22843514250851887,0.06376641815747722,40.11,40.22,4,153.0,1251.0,0.0,123.0,1164.0,0.0,1,3,0,-0.05585092141199276,0.07704076509681408,-0.010050978190099912,-0.1664483752824286,0.19713825256752102,-0.02699307886667242,-0.16311777362959484,0.2002607696443558,-0.02825389477657787,16.9,25.17,2,352.0,493.0,0.0,318.0,437.0,0.0,1,1,0,-0.04758121906889834,0.005081301053248249,-0.0055105695072435795,-0.08535672257268877,0.018318854675090965,-0.01100376434588127,-0.12195771273626586,0.02587004542867964,-0.016480426769666382
92,least_connections,3168,measured,359,332,12,medium,2,88.87,63.35,3,853.0,480.0,0.0,862.0,405.0,0.0,2,1,0,-0.0033331413238190943,-0.004915517856630691,-0.02893982382963897,0.07891630044413023,0.011792037825483326,-0.18931109846093688,0.08468876844963263,-0.023465128936278973,-0.12552085976228253,40.11,40.22,4,153.0,1251.0,0.0,123.0,1164.0,0.0,1,3,0,-0.050531786039422016,0.06970354937330799,-0.009093742171995158,-0.15059614906505445,0.17836318089442377,-0.024422309450798856,-0.1475827475696334,0.1811883153925124,-0.025563047654999026,24.08,36.23,3,352.0,852.0,0.0,318.0,769.0,0.0,1,2,0,-0.043049674395669923,0.047681267846362924,-0.004985753363696572,-0.07722751089909936,0.08153610661079659,-0.009955786789130673,-0.11034269247566912,0.12353321570531334,-0.014910862315412441
92,least_connections,3169,measured,494,400,16,heavy,0,100.0,83.35,4,853.0,480.0,494.0,862.0,405.0,400.0,2,1,1,-0.0030156992929791793,-0.004447373298856333,0.016900250095179252,0.07140046230659403,0.010668986604008723,0.1266867839321682,0.07662317145442954,-0.02123035475187146,0.06738588878650631,40.11,40.22,4,153.0,1251.0,0.0,123.0,1164.0,0.0,1,3,0,-0.04571923498804849,0.0630651160996596,-0.008227671488948,-0.13625365867790643,0.16137621128543103,-0.02209637521738944,-0.13352724780109693,0.16393228535513027,-0.023128471687856263,24.08,36.23,3,352.0,852.0,0.0,318.0,769.0,0.0,1,2,0,-0.03894970540560612,0.04314019471813788,-0.004510919710011184,-0.06987250986108991,0.07377076312405406,-0.009007616618737276,-0.0998338646208435,0.11176814754290254,-0.013490780190135067
92,least_connections,3170,measured,166,114,4,light,2,100.0,83.35,4,853.0,480.0,494.0,862.0,405.0,400.0,2,1,1,-0.002728489836504977,-0.004023813937060486,0.015290702467066944,0.0646004182773946,0.009652892641722144,0.11462137593862837,0.06932572655400765,-0.01920841620407418,0.060968185092553306,40.11,40.22,4,153.0,1251.0,0.0,123.0,1164.0,0.0,1,3,0,-0.04136502213204386,0.057058914566358684,-0.00744408372809581,-0.12327711975620106,0.14600704830586617,-0.01999195853001902,-0.12081036705813532,0.14831968674987978,-0.020925760098536618,27.4,40.03,4,518.0,852.0,0.0,432.0,769.0,0.0,2,2,0,0.007843690574066114,0.03903160474498189,-0.004081308309057738,-0.03317988987431944,0.06674497615985844,-0.008149748369333727,-0.05594492513314411,0.1011235620626261,-0.012205943981550775
92,least_connections,3171,measured,445,450,19,heavy,0,100.0,100.0,5,853.0,974.0,445.0,862.0,805.0,450.0,2,2,1,-0.002468633661599745,0.03944330666465502,0.013834445089251045,0.05844799748907126,0.30670182350124064,0.07414949886510824,0.06272327640600689,0.16357333772012336,0.07778073889326251,35.74,36.38,3,460.0,791.0,0.0,449.0,715.0,0.0,1,2,0,-0.03742549621470635,0.008540831999948123,-0.006735123373039067,-0.032175897466494824,0.013190050508028572,-0.018087962479541017,-0.017131998766884315,0.007244597535605496,-0.018932830565342656,27.4,40.03,4,518.0,852.0,0.0,432.0,769.0,0.0,2,2,0,0.007096672424155043,0.03531430905498362,-0.003692612279623668,-0.030019900362479507,0.06038831176368145,-0.00737358185796861,-0.050616837025225625,0.09149274662809029,-0.011043473126164986
92,least_connections,3172,measured,153,120,2,light,1,100.0,83.85,4,414.0,974.0,445.0,422.0,805.0,450.0,1,2,1,-0.0453174259205857,0.035686801268021213,0.012516878890274752,-0.21191212925591962,0.277492126024932,0.06708764183033603,-0.14229798801361285,0.1479949246039211,0.07037304947485654,40.11,40.12,4,1404.0,0.0,0.0,1284.0,0.0,0.0,4,0,0,0.09539053743839493,-0.07844038102499025,-0.00609368305179725,0.21491568460514415,-0.19254233525464082,-0.016365299386251395,0.22058592968710466,-0.19560310222969027,-0.01712970384483383,27.4,40.03,4,1011.0,359.0,0.0,869.0,332.0,0.0,3,1,0,0.04950469908670717,-0.011132858700819814,-0.0033409349196595094,0.06204866157680425,-0.03457247983285963,-0.0066713359667335045,0.08599746491368479,-0.04901449908252151,-0.00999171378081594
92,least_connections,3173,measured,356,338,11,medium,0,100.0,79.65,4,0.0,1330.0,445.0,0.0,1143.0,450.0,0,3,1,-0.084085380821573,0.0753719585168718,0.011324795186439057,-0.44144430742202256,0.46579446322890683,0.060698342608399264,-0.31965056058374497,0.28680493178450006,0.06367085428677496,40.11,40.12,4,1404.0,0.0,0.0,1284.0,0.0,0.0,4,0,0,0.08630572434902399,-0.07096986854641975,-0.005513332284959417,0.19444752416655897,-0.17420496999229407,-0.014806699444703643,0.19957774590738042,-0.17697423535067214,-0.01549830347865918,27.4,40.03,4,1370.0,0.0,0.0,1201.0,0.0,0.0,4,0,0,0.08787386606711148,-0.053156486670356246,-0.003022750641596699,0.12110116999806103,-0.09624176746782538,-0.006035970636568409,0.17793421428698464,-0.1444734356778369,-0.009040121992166803
92,least_connections,3174,measured,187,109,7,light,0,100.0,85.1,5,187.0,1330.0,445.0,109.0,1143.0,450.0,1,3,1,-0.032993349087999155,0.0681936767533602,0.010246243263921054,-0.28660834163579824,0.4214330857785348,0.05491754807426599,-0.23989812624243595,0.25949017637645244,0.05760696340232019,35.74,36.38,3,1251.0,0.0,0.0,1164.0,0.0,0.0,3,0,0,0.03500223132712148,-0.06421083344676072,-0.004988253019725187,0.13637769193300914,-0.15761402046921844,-0.013396537592827105,0.14664177010667753,-0.16011954626965574,-0.014022274575929734,17.04,25.63,2,852.0,0.0,0.0,769.0,0.0,0.0,2,0,0,-0.006662874011842457,-0.04809396413032232,-0.002734869628111299,0.01583439190300759,-0.087075884851842,-0.00546111629022856,0.030702384354890894,-0.13071406085137624,-0.008179157992912823
92,least_connections,3175,measured,401,400,17,heavy,2,100.0,85.1,5,667.0,850.0,445.0,514.0,738.0,450.0,2,2,1,0.013232774861424795,0.01861514064533043,0.009270410572119053,0.030211500424753956,0.09177279189486476,0.04968730540052638,-0.03383639993363252,0.05156254053107601,0.052120585935432534,35.74,36.38,3,1251.0,0.0,0.0,1164.0,0.0,0.0,3,0,0,0.031668685486443235,-0.05809551597564065,-0.004513181303560884,0.1233893403203416,-0.14260316137691192,-0.012120676869700715,0.1326758872393749,-0.14487006567254568,-0.012686819854412617,25.06,38.97,3,852.0,0.0,401.0,769.0,0.0,400.0,2,0,1,-0.006028314582143174,-0.04351358659410114,0.04060949437275191,0.014326354578911626,-0.07878294343738086,0.0676208947850313,0.0277783477496632,-0.11826510267505469,0.11323473006990427
92,least_connections,3176,measured,437,412,18,heavy,1,100.0,85.1,5,667.0,1295.0,0.0,514.0,1188.0,0.0,2,3,0,0.011972510588908136,0.059926170334437284,-0.034696385899602035,0.027334214670015455,0.3514452244128141,-0.22345751733603172,-0.030613885654238948,0.2502232509566878,-0.1564147079631801,48.23,49.25,4,1251.0,0.0,437.0,1164.0,0.0,412.0,3,0,1,0.02865262020202007,-0.052562609692246305,0.039000545714011806,0.11163797457554717,-0.1290219079124441,0.10199965970292385,0.12004008845467254,-0.13107291656087466,0.10500954394124573,25.06,38.97,3,852.0,0.0,401.0,769.0,0.0,400.0,2,0,1,-0.005454189383843816,-0.03936943548990104,0.036741923480108865,0.012961939857110527,-0.07127980596715411,0.06118080956740927,0.02513279082112385,-0.10700175956314471,0.10245047006324673
92,least_connections,3177,measured,466,429,16,heavy,2,100.0,85.1,5,1023.0,939.0,0.0,852.0,850.0,0.0,3,2,0,0.05391617171195996,0.011135015790114472,-0.03139196819487803,0.23946111486017274,0.10324409192905415,-0.20217584901831442,0.12520648440806947,0.07348770324652704,-0.1415180691095439,48.23,49.25,4,1251.0,0.0,437.0,1164.0,0.0,412.0,3,0,1,0.025923799230399114,-0.04755664686441333,0.03528620802696306,0.10100578652073317,-0.11673410715887801,0.09228540639788349,0.10860769907803702,-0.11858978165031517,0.09500863499446043,34.38,53.27,4,852.0,0.0,867.0,769.0,0.0,829.0,2,0,2,-0.004934742775858703,-0.0356199654432438,0.07632659289923682,0.011727469394528567,-0.06449125301790133,0.1396778753228941,0.02273919169530253,-0.09681111579522617,0.22207423481912797
92,least_connections,3178,measured,421,403,16,heavy,1,100.0,85.1,5,1517.0,445.0,0.0,1252.0,450.0,0.0,4,1,0,0.09186519844234019,-0.03300936213093951,-0.02840225693822298,0.5043695801115848,-0.20455693269910974,-0.18292100625466542,0.2942344382739676,-0.1144635065864755,-0.12804015776577782,47.11,47.81,4,791.0,0.0,858.0,715.0,0.0,815.0,2,0,2,-0.019629034256396255,-0.04302744240113587,0.07500951701305728,-0.027525376821377484,-0.10561657314374677,0.19232625204706463,-0.02868529607225223,-0.10729551673123754,0.19990364594736898,34.38,53.27,4,852.0,401.0,466.0,769.0,400.0,429.0,2,1,1,-0.004464767273395981,0.010856312444774877,0.025973493348742615,0.010610567547430616,0.014212675840946404,0.053813315768332766,0.020573554390988014,0.03304391110590649,0.0802893870585761
92,least_connections,3179,measured,482,421,17,heavy,1,100.0,85.1,5,1517.0,445.0,0.0,1252.0,450.0,0.0,4,1,0,0.08311613192402208,-0.02986561335656432,-0.025697280086963648,0.45633438200571963,-0.18507532006109928,-0.1654999580399354,0.266212110819304,-0.10356222024490638,-0.11584585702617993,38.29,38.62,3,0.0,0.0,1340.0,0.0,0.0,1236.0,0,0,3,-0.1039274028759685,-0.03892959074388483,0.11094965371476158,-0.22938010283838917,-0.09555785189196137,0.2986081055936027,-0.22811110120822822,-0.0970768960901673,0.299897941571429,24.52,38.7,3,359.0,867.0,0.0,332.0,829.0,0.0,1,2,0,-0.04712345156935373,0.05290627815298225,-0.019584072911228333,-0.07960948650470562,0.0971828971894277,-0.03563557144769893,-0.11317948253513785,0.15927782433391538,-0.05673817361366923
92,least_connections,3180,measured,420,438,16,heavy,1,100.0,85.1,5,1517.0,445.0,0.0,1252.0,450.0,0.0,4,1,0,0.07520030983601998,-0.02702126922736771,-0.023249920078681395,0.41287396467184156,-0.16744909910289935,-0.14973805727422726,0.24085857645556075,-0.09369915165015338,-0.10481291826178184,50.29,52.31,4,0.0,858.0,902.0,0.0,815.0,859.0,0,2,2,-0.09402955498301911,0.05094578978047608,0.05729911980088406,-0.20753437875854258,0.13533881427462,0.1569447485982936,-0.2063862344264922,0.14260007020413434,0.16474397094557866,17.34,27.63,2,0.0,867.0,0.0,0.0,829.0,0.0,0,2,0,-0.08571940402760121,0.04786758499555537,-0.01771892311015897,-0.13698953540901937,0.08792738317138696,-0.03224170750029903,-0.2025274683254422,0.14410850773068534,-0.051334538031415015
92,least_connections,3181,measured,490,439,19,heavy,2,100.0,79.65,4,1330.0,445.0,0.0,1143.0,450.0,0.0,3,1,0,0.024954475339165477,-0.024447815015237448,-0.021035641975949832,0.27101295216341226,-0.15150156585500418,-0.13547728991477703,0.16861014060265017,-0.08477542292156734,-0.09483073557018357,50.29,52.31,4,0.0,858.0,902.0,0.0,815.0,859.0,0,2,2,-0.08507435927035062,0.04609380980138312,0.051842060772228436,-0.18776919982915757,0.12244940339132285,0.1419976296841704,-0.1867304025763501,0.12901911113707393,0.14905406895076165,27.14,42.27,3,0.0,867.0,490.0,0.0,829.0,439.0,0,2,1,-0.07755565126306777,0.043308767376931054,0.027052493603280204,-0.12394291298911277,0.07955334667887391,0.059495597975919925,-0.1832391380087334,0.13038388794681055,0.08595129098744991
92,least_connections,3182,measured,377,350,13,medium,2,86.33,59.4,3,850.0,445.0,0.0,738.0,450.0,0.0,2,1,0,-0.020506041586560025,-0.02211945168045293,-0.01903224750204985,-0.044321614709293744,-0.13707284529738473,-0.12257469087527446,-0.03066225374045939,-0.07670157311951328,-0.0857992369444518,50.29,52.31,4,0.0,1760.0,0.0,0.0,1674.0,0.0,0,4,0,-0.07697203933984104,0.12787172360714708,-0.03926307880245091,-0.16988641889304734,0.34395762347650305,-0.1046960221224853,-0.16894655471193581,0.35960360055259066,-0.10801358047312042,34.68,53.93,4,0.0,1244.0,490.0,0.0,1179.0,439.0,0,3,1,-0.07016939876182322,0.08226802309159975,0.02447606564106304,-0.11213882603776869,0.14019588509040973,0.05382935054964184,-0.16578779153171117,0.22352193036457466,0.07776545375054993
92,least_connections,3183,measured,399,308,10,medium,0,100.0,74.8,4,1295.0,399.0,0.0,1188.0,308.0,0.0,3,1,0,0.02453081498177448,-0.020012837234695505,-0.017219652501854626,0.2283121898661945,-0.15176432034842746,-0.110900910791915,0.1758293894729177,-0.1336347566319406,-0.0776278810449802,50.29,52.31,4,0.0,1760.0,0.0,0.0,1674.0,0.0,0,4,0,-0.06964136892652284,0.11569346421599022,-0.035523737964122254,-0.15370675995085237,0.3111997545739789,-0.09472497239653432,-0.15285640664413241,0.32535563859520106,-0.09772657280901371,34.68,53.93,4,0.0,1244.0,490.0,0.0,1179.0,439.0,0,3,1,-0.06348659887974482,0.07443297327335216,0.02214501177048561,-0.10145893784369547,0.12684389603418023,0.048702745735390233,-0.14999847805250058,0.2022341274727104,0.07035922006002136
92,least_connections,3184,measured,385,336,16,medium,0,100.0,74.7,4,939.0,399.0,385.0,850.0,308.0,336.0,2,1,1,-0.02088935333848521,-0.018106852736153076,0.027504214629841275,-0.008161986946458866,-0.13731057555333914,0.13188330293429912,0.006178971427877988,-0.12090763695270815,0.08176525048311317,50.29,52.31,4,0.0,1760.0,0.0,0.0,1674.0,0.0,0,4,0,-0.06300885760018733,0.10467503905256258,-0.03214052482468204,-0.13906802090791404,0.28156168270979043,-0.08570354645400724,-0.13829865363040553,0.29436938730042,-0.08841928016053621,34.68,53.93,4,0.0,1244.0,490.0,0.0,1179.0,439.0,0,3,1,-0.05744025612929294,0.06734411867589005,0.02003596303043936,-0.09179618185858161,0.11476352498330594,0.0440643889986864,-0.1357129087141672,0.18297373438007133,0.06365834195906694
92,least_connections,3185,measured,191,115,2,light,0,94.67,60.45,4,636.0,399.0,385.0,565.0,308.0,336.0,2,1,1,-0.018899891115772338,-0.016382390570805164,0.02488476561747544,-0.19014655961822474,-0.12423337788159255,0.11932298836912777,-0.12333807347001513,-0.10939262390959312,0.07397808377043573,50.29,52.31,4,0.0,1760.0,0.0,0.0,1674.0,0.0,0,4,0,-0.05700801401921711,0.09470598771422328,-0.02907952246042661,-0.1258234474881127,0.25474628435647706,-0.07754130393457798,-0.12512735328465263,0.26633420755752285,-0.07999839633572324,34.68,53.93,4,401.0,843.0,490.0,400.0,779.0,439.0,1,2,1,-0.008885855318793393,0.017846492860952662,0.018127776075159422,-0.010491783586335748,0.031271760699181556,0.03986778052262103,-0.0021529491540877854,0.044912743804191524,0.05759564272487008
92,least_connections,3186,measured,175,113,8,light,0,100.0,66.1,5,1035.0,560.0,0.0,873.0,449.0,0.0,3,2,0,0.025983998741058584,0.028261737329362213,-0.02056911228713673,0.06862930320255856,-0.015290516496044071,-0.12426332798348756,0.027741743050938683,-0.03518856448963184,-0.08506744801722482,50.29,52.31,4,0.0,1760.0,0.0,0.0,1674.0,0.0,0,4,0,-0.05157867935072024,0.08568636983667821,-0.02631004413086217,-0.11384026201305435,0.230484733465384,-0.07015641784557056,-0.1132104624956381,0.24096904493299687,-0.07237950144660674,34.68,53.93,4,867.0,867.0,0.0,829.0,789.0,0.0,2,2,0,0.035044316843087155,0.016146826874195275,-0.026682579015898843,0.0748312434218867,0.03263635491830713,-0.0525958176223905,0.12743304600344438,0.04365121264823679,-0.0802864819790858
92,least_connections,3187,measured,171,118,6,light,1,93.6,60.35,4,1019.0,385.0,0.0,871.0,336.0,0.0,3,1,0,0.02350933219429109,-0.01751375692876299,-0.01861014921217133,0.05244238543723556,-0.11938983238530976,-0.11242872531839351,0.024194910379420675,-0.08295632025252406,-0.07696578630129865,55.17,56.0,5,1029.0,902.0,0.0,933.0,859.0,0.0,3,2,0,0.08258527650581093,-0.008642037267948738,-0.02380432564220863,0.16300166770247462,-0.013262111898666218,-0.0634748542412305,0.16136612917061316,-0.012411935536812302,-0.06548621559454895,34.68,53.93,4,867.0,867.0,0.0,829.0,789.0,0.0,2,2,0,0.03170676285803123,0.014609033838557633,-0.024141381014384667,0.06770445833408796,0.02952813064037313,-0.047586692134543786,0.11529656543168776,0.03949395430078567,-0.07264015036203002
92,least_connections,3188,measured,391,317,10,medium,0,100.0,76.2,5,1019.0,776.0,0.0,871.0,653.0,0.0,3,2,0,0.02127034817578717,0.02723812014835275,-0.01683775404910739,0.047447872538451175,0.12782189768313246,-0.10172122766902271,0.021890633200428278,0.06834904358104965,-0.06963571141546068,55.17,56.0,5,1029.0,902.0,0.0,933.0,859.0,0.0,3,2,0,0.07472001207668609,-0.007818986099572656,-0.021537247009617334,0.147477699349858,-0.011999053622602784,-0.05742963002777998,0.14599792639245954,-0.011229846438068236,-0.05924943315697286,34.68,53.93,4,1244.0,490.0,0.0,1179.0,439.0,0.0,3,1,0,0.07177097138402372,-0.029866202944252837,-0.021842201870157556,0.12947546230227006,-0.041503119896805246,-0.043054626216968185,0.20987149570803498,-0.06982293023579711,-0.06572204080374144
92,least_connections,3189,measured,436,430,15,heavy,2,100.0,76.2,5,1019.0,776.0,0.0,871.0,653.0,0.0,3,2,0,0.0192446007304741,0.02464401346755725,-0.015234158425382878,0.04292902753478911,0.11564838361807223,-0.09203349170054435,0.019805810990863648,0.061839610859044936,-0.06300373889970252,55.17,56.0,5,1931.0,0.0,0.0,1792.0,0.0,0.0,5,0,0,0.15377162090384977,-0.09324212121027095,-0.019486080627749015,0.3666022722008919,-0.24402635463813724,-0.0519601414537057,0.3749653857836539,-0.25303236106301413,-0.053606629999165926,43.4,68.27,5,1244.0,490.0,436.0,1179.0,439.0,430.0,3,1,1,0.06493564077602146,-0.027021802663847808,0.02332190805851958,0.11714446589253005,-0.03755044181139522,0.039941052470362115,0.18988373421203167,-0.0631731273561974,0.07021974086010695
92,least_connections,3190,measured,372,324,12,medium,0,100.0,69.9,5,574.0,1148.0,0.0,421.0,977.0,0.0,2,3,0,-0.025672118613471268,0.06538086479264249,-0.013783286194394033,-0.2295721496907463,0.3290152042258749,-0.08326839725287347,-0.1856518852939805,0.202521552681993,-0.05700338281401657,55.17,56.0,5,1931.0,0.0,0.0,1792.0,0.0,0.0,5,0,0,0.13912670462729265,-0.08436191919024515,-0.017630263425106252,0.3316877700865213,-0.22078574943450513,-0.047011556553352776,0.3392543966614011,-0.2289340409617747,-0.04850123666591203,43.4,68.27,5,1244.0,926.0,0.0,1179.0,869.0,0.0,3,2,0,0.05875129403544799,0.018635602578514127,-0.021983126269049174,0.10598785009324146,0.044921028837309085,-0.042758095383958084,0.17179956904898103,0.07252590064598013,-0.06615039319006198
92,least_connections,3191,measured,397,312,5,medium,0,100.0,85.5,6,1362.0,757.0,0.0,1050.0,660.0,0.0,4,2,0,0.06294064551751694,0.01607021553801441,-0.01247059227111841,0.2675934518671026,0.06183915302975984,-0.07533807370498076,0.11657686568639863,0.03982902385513659,-0.05157448921268166,55.17,56.0,5,1931.0,0.0,0.0,1792.0,0.0,0.0,5,0,0,0.1258765422818362,-0.07632745069593609,-0.015951190717953277,0.30009845864970974,-0.1997585352026475,-0.04253426545303347,0.3069444541222201,-0.2071307989654152,-0.0438820712691585,43.4,68.27,5,1244.0,926.0,0.0,1179.0,869.0,0.0,3,2,0,0.05315593269873865,0.01686078328532231,-0.019889495195806395,0.09589376913198036,0.04064283561470822,-0.038685895823581125,0.15543770533003046,0.06561867201302965,-0.05985035574338941
92,least_connections,3192,measured,353,326,12,medium,1,100.0,85.5,6,1362.0,757.0,0.0,1050.0,660.0,0.0,4,2,0,0.05694629832537246,0.014539718820108266,-0.01128291681672618,0.24210836121309276,0.05594970988406839,-0.06816301906641116,0.10547430704959876,0.036035783487980755,-0.04666263309718817,65.26,66.19,6,1931.0,353.0,0.0,1792.0,326.0,0.0,5,1,0,0.11388830015975658,-0.025974269450518145,-0.014432029697195823,0.2715176530640231,-0.08948221212212328,-0.038483383028935045,0.27771164896772293,-0.0952314371591852,-0.0397028263863815,35.38,54.93,4,843.0,926.0,0.0,779.0,869.0,0.0,2,2,0,0.005009562691149022,0.015254994401005889,-0.017995257558110548,0.014199124452744155,0.036772089365688404,-0.035001524792763875,0.01999919371129738,0.0593692746784554,-0.05415032186306661
92,least_connections,3193,measured,384,324,11,medium,2,100.0,70.1,5,1348.0,372.0,0.0,1078.0,324.0,0.0,4,1,0,0.051522841342003634,-0.0299289165323737,-0.010208353310371307,0.2106059776054966,-0.18160105613663657,-0.06167130296484819,0.10809580161630367,-0.1193961958918269,-0.042218572802217864,60.37,62.5,5,1760.0,353.0,0.0,1674.0,326.0,0.0,4,1,0,0.05995789515587954,-0.02350052950284974,-0.013057550678415268,0.20145474733003454,-0.08096009668192107,-0.03481829893094123,0.21789982525651114,-0.08616177647735804,-0.03592160482577374,33.74,51.43,4,867.0,820.0,0.0,789.0,754.0,0.0,2,2,0,0.004532461482468164,0.013802137791386282,-0.016281423504957163,0.017189684028673297,0.014089033235622855,-0.03166804624107208,0.021110381611808754,0.019032518359872352,-0.048993148352298364
92,least_connections,3194,measured,183,125,4,light,2,100.0,64.45,4,1173.0,372.0,0.0,965.0,324.0,0.0,3,1,0,0.0035320038445792734,-0.027078543529290483,-0.00923612918557404,0.08499270989703667,-0.16430571745695688,-0.05579784553962455,0.046681915748084224,-0.10802512961641478,-0.03819775634486378,35.86,37.03,3,902.0,353.0,0.0,859.0,326.0,0.0,2,1,0,-0.03192018102676658,-0.02126238383591167,-0.0118139744233281,-0.039527337449696665,-0.0732496112836429,-0.03150227046132778,-0.033284086672680346,-0.07795589300332395,-0.032500499604271475,37.4,55.6,5,1050.0,820.0,0.0,914.0,754.0,0.0,3,2,0,0.04718469871089523,0.012487648477920915,-0.01473081174258029,0.04866685697832346,0.01274722054651592,-0.02865204183716045,0.05679828177576343,0.01721989756369402,-0.04432713422350804
92,least_connections,3195,measured,369,318,11,medium,1,100.0,64.45,4,1545.0,0.0,0.0,1289.0,0.0,0.0,4,0,0,0.04627952275280528,-0.06758353484849637,-0.008356497834566988,0.27413626133541413,-0.37303850627058005,-0.050483765012041264,0.1888074475816,-0.24430845060532766,-0.03455987478821009,46.4,46.97,4,902.0,722.0,0.0,859.0,644.0,0.0,2,2,0,-0.028880163786122154,0.023846505327599188,-0.010688834002058757,-0.03576282912115414,0.029114297273982986,-0.02850205422691561,-0.03011417365623459,0.019379192044611693,-0.02940521392767419,29.86,43.93,4,673.0,820.0,0.0,564.0,754.0,0.0,2,2,0,-0.00039298234547122113,0.011298348622880816,-0.013327877290905977,-0.0241871294005645,0.011533199542085842,-0.025923275947907075,-0.05416663394891241,0.015579907319532682,-0.04010550239269775
92,least_connections,3196,measured,167,118,7,light,0,87.67,54.75,4,1315.0,0.0,0.0,1095.0,0.0,0.0,4,0,0,0.041871949157300026,-0.06114700772006815,-0.00756064089794156,0.13644074438283504,-0.3375110294829058,-0.045675787391846856,0.08306388114525715,-0.22104097911910597,-0.03126845814171389,20.63,20.12,2,0.0,722.0,0.0,0.0,644.0,0.0,0,2,0,-0.1122974724504824,0.02157540958211354,-0.009670849811386495,-0.2655269134225408,0.0263415070574132,-0.025787572871971268,-0.2701181809270694,0.017533554707029636,-0.02660471736313379,29.86,43.93,4,673.0,820.0,0.0,564.0,754.0,0.0,2,2,0,-0.0003555554554263429,0.010222315420701678,-0.012058555644153026,-0.021883593267177398,0.010434799585696708,-0.023454392524296878,-0.04900790690615883,0.014096106622434323,-0.036285930736250346
92,least_connections,3197,measured,355,349,13,medium,1,87.67,54.75,4,1315.0,0.0,0.0,1095.0,0.0,0.0,4,0,0,0.037884144475652415,-0.055323483175299754,-0.006840579860042364,0.12344638777494599,-0.3053671219131052,-0.041325712402147156,0.07515303532189932,-0.19998945729823875,-0.028290509747264946,30.77,31.03,3,353.0,724.0,0.0,326.0,667.0,0.0,1,2,0,-0.05851857484748861,0.019520608669531286,-0.008749816496016352,-0.1489869352734553,0.02434979890228542,-0.023331613550831146,-0.15222002083877706,0.022366668544455376,-0.02407093475712105,29.86,43.93,4,1493.0,0.0,0.0,1318.0,0.0,0.0,4,0,0,0.0858461074224147,-0.07691903888240369,-0.010910121773281309,0.12858151085350614,-0.1389399432319887,-0.021220640855316223,0.18305633819601508,-0.21464320511938484,-0.03283012780898841
92,least_connections,3198,measured,190,104,5,light,1,61.6,38.9,3,924.0,0.0,0.0,778.0,0.0,0.0,3,0,0,-0.0088077695106909,-0.0500545800157474,-0.006189096063847853,-0.12415168090203299,-0.27628453887376186,-0.03738993026860933,-0.07540915851828156,-0.1809428423174541,-0.025596175485620667,36.2,34.28,4,543.0,724.0,0.0,430.0,667.0,0.0,2,2,0,-0.009861477016208514,0.01766150308195688,-0.00791650063925289,-0.08568205708414664,0.02203077043540111,-0.021109555117418657,-0.10831811409222689,0.020236509635459643,-0.021778464780252377,26.2,39.77,3,1310.0,0.0,0.0,1193.0,0.0,0.0,3,0,0,0.03458638744114165,-0.06959341613169857,-0.009871062556778326,0.08322136696269605,-0.12570756768608501,-0.0191996274405242,0.1279239885265533,-0.19420099510801486,-0.029703448970037134
92,least_connections,3199,measured,168,101,9,light,0,72.8,43.95,4,924.0,168.0,0.0,778.0,101.0,0.0,3,1,0,-0.007968934319196513,-0.002203576930347423,-0.005599658343481391,-0.11232771129231556,-0.148638392314356,-0.03382898452874178,-0.06822733389749286,-0.11801971447769659,-0.02315844448699013,36.2,34.28,4,912.0,355.0,0.0,748.0,349.0,0.0,3,1,0,0.034161611497806804,-0.02710444505736781,-0.007162548197419282,0.017865893930670035,-0.07545515327953503,-0.019099121296712117,-0.008091388940586225,-0.07160149128220317,-0.019704325277371197,26.2,39.77,3,1310.0,0.0,0.0,1193.0,0.0,0.0,3,0,0,0.03129244578008053,-0.06296547173820347,-0.008930961360894676,0.07529552249005833,-0.11373541838264835,-0.01737109149380761,0.11574075152402441,-0.17570566224058487,-0.026874549068128837
92,least_connections,3200,measured,177,106,4,light,2,47.13,27.15,3,539.0,168.0,0.0,442.0,101.0,0.0,2,1,0,-0.050293888420316124,-0.0019937124607905254,-0.005066357548864116,-0.333852056248603,-0.13448235495108396,-0.030607176478385418,-0.21372949257392213,-0.10677974167029693,-0.02095287834537202,36.2,34.28,4,912.0,355.0,0.0,748.0,349.0,0.0,3,1,0,0.03090812468849187,-0.024523069337618497,-0.0064804007500460165,0.016164380222987162,-0.06826894820529358,-0.017280157363691914,-0.007320780470054189,-0.06478230163627907,-0.01782772287000251,19.94,28.67,3,997.0,0.0,0.0,860.0,0.0,0.0,3,0,0,0.028312212848644283,-0.05696876014408885,-0.008080393612238041,0.01148642511005274,-0.10290347377477707,-0.015716701827730696,0.0042892513788792,-0.15897178964624345,-0.02431506820449752
92,least_connections,3201,measured,449,414,18,heavy,0,77.07,47.85,4,707.0,0.0,449.0,543.0,0.0,414.0,3,0,1,-0.0024200940582905506,-0.044887735310329746,0.038500052920642215,-0.20072328898683128,-0.22300784495574263,0.24313318953542906,-0.14768382661450097,-0.14230071865407817,0.168328348163711,36.2,34.28,4,912.0,355.0,0.0,748.0,349.0,0.0,3,1,0,0.02796449376577835,-0.022187538924511974,-0.00586321972623211,0.01462491543984551,-0.061767143614313236,-0.01563442809095935,-0.006623563282429967,-0.058612558623300115,-0.016129844501430846,19.94,28.67,3,997.0,0.0,0.0,860.0,0.0,0.0,3,0,0,0.025615811624963875,-0.05154316393988991,-0.007310832315834418,0.01039247986147629,-0.09310314293908402,-0.014219873082232534,0.0038807512475573236,-0.14383161920374407,-0.0219993474231168
92,least_connections,3202,measured,384,300,9,medium,2,52.27,31.65,3,335.0,0.0,449.0,219.0,0.0,414.0,2,0,1,-0.0452735091366393,-0.04061271289982215,0.03483338121391438,-0.4059877376547521,-0.20176900257900524,0.219977647674912,-0.2801901288416914,-0.12874826925845168,0.15229707691002425,36.2,34.28,4,912.0,355.0,0.0,748.0,349.0,0.0,3,1,0,0.02530120864522803,-0.02007443997932036,-0.005304817847543338,0.013232066350336413,-0.05588455850818816,-0.014145434939439412,-0.005992747731722342,-0.05303041018298582,-0.014593668834627907,27.62,38.67,4,997.0,384.0,0.0,860.0,300.0,0.0,3,1,0,0.023176210517824453,-0.0035503909569525594,-0.006614562571469236,0.009402719874669008,-0.014750462659171265,-0.012865599455353245,0.0035111558906470997,-0.03965717927957796,-0.019904171478058057
92,least_connections,3203,measured,185,102,9,light,0,53.47,30.85,3,168.0,185.0,449.0,101.0,102.0,414.0,1,1,1,-0.08404564658847863,0.0063390647459659055,0.03151591633639873,-0.46805239756064876,-0.07096560550798887,0.1990273955153966,-0.3068863070472446,-0.07034367218621818,0.13779259339478384,30.77,31.03,3,1077.0,0.0,0.0,993.0,0.0,0.0,3,0,0,0.022891569726634878,-0.06124648877947579,-0.0047995971001582585,0.0546249307795561,-0.14233092708563963,-0.012798250659492801,0.06384882348082263,-0.1466554901655586,-0.013203795612282392,27.62,38.67,4,997.0,384.0,0.0,860.0,300.0,0.0,3,1,0,0.020968952373269734,-0.0032122584848618407,-0.005984604231329308,0.008507222743748155,-0.013345656691631153,-0.011640304269129126,0.0031767600915378336,-0.035880305062475304,-0.018008536099195383
92,least_connections,3204,measured,163,110,7,light,0,64.33,36.35,4,331.0,185.0,449.0,211.0,102.0,414.0,2,1,1,-0.03295739906758044,0.005735344293969158,0.02851440049483695,-0.32515851842788857,-0.06420697641198995,0.1800724054663112,-0.22789713494750702,-0.06364427483514978,0.12466948926194729,20.69,20.84,2,724.0,0.0,0.0,667.0,0.0,0.0,2,0,0,-0.022372479997897238,-0.055413489848097144,-0.004342492614428901,-0.041829144260673745,-0.1287756006965311,-0.011579369644303011,-0.03440463589830331,-0.13268830062598158,-0.011946291268255497,7.68,10.0,1,384.0,0.0,0.0,300.0,0.0,0.0,1,0,0,-0.06719589116341354,-0.045990229332108556,-0.00541464192358366,-0.10322679846994216,-0.08156035605433294,-0.0105317038625454,-0.16601467737749756,-0.12293932362795386,-0.016293437423081536
92,least_connections,3205,measured,474,408,17,heavy,2,64.33,36.35,4,516.0,449.0,0.0,313.0,414.0,0.0,3,1,0,0.013265301070375074,0.0051891210278768585,-0.01728515692190489,-0.18260373889507375,0.10114606896058051,-0.10790274426063907,-0.16004978876203016,0.08355994181581686,-0.07448950971538101,20.69,20.84,2,724.0,0.0,0.0,667.0,0.0,0.0,2,0,0,-0.020241767617145107,-0.050136014624468844,-0.003928921889245196,-0.03784541623584767,-0.11651125777305195,-0.010476572535321771,-0.0311280039079887,-0.12005131961398334,-0.010808549242707355,17.16,23.6,2,384.0,0.0,474.0,300.0,0.0,408.0,1,0,1,-0.06079628248118367,-0.04161020749095536,0.03818493848637215,-0.09339567480613815,-0.07379270309677742,0.07624274412436369,-0.1502037557224978,-0.11123081661576778,0.1083059375695929
92,least_connections,3206,measured,179,111,4,light,1,64.33,36.35,4,516.0,449.0,0.0,313.0,414.0,0.0,3,1,0,0.012001939063672695,0.004694919025221914,-0.01563895150077109,-0.1652129066193524,0.09151311001195378,-0.09762629242629249,-0.14480695173707495,0.07560185211907242,-0.06739527069486853,15.26,14.37,2,534.0,0.0,0.0,460.0,0.0,0.0,2,0,0,-0.018313980225036053,-0.045361156088805143,-0.003554738852174225,-0.08335673713855604,-0.10541494750895176,-0.009478803722433983,-0.0866902178215136,-0.10861786060312778,-0.00977916360054475,17.16,23.6,2,384.0,0.0,474.0,300.0,0.0,408.0,1,0,1,-0.05500616034011856,-0.037647330587054856,0.034548277678146236,-0.084500848634125,-0.06676482661137005,0.0689815303982338,-0.13589863612987896,-0.10063740550950419,0.09799108637248882
92,least_connections,3207,measured,492,444,17,heavy,1,64.33,36.35,4,516.0,449.0,0.0,313.0,414.0,0.0,3,1,0,0.010858897248084837,0.004247783879962677,-0.0141495275483167,-0.14947834408417598,0.08279757572510105,-0.08832855029045511,-0.13101581347640115,0.06840167572677983,-0.06097667348583343,29.31,28.25,3,534.0,0.0,492.0,460.0,0.0,444.0,2,0,1,-0.01656979163217548,-0.041041045985109416,0.03986770793193307,-0.07541800026821738,-0.0953754286985754,0.11860761295861415,-0.07843400660041708,-0.09827330245044895,0.11668789959950715,17.16,23.6,2,384.0,0.0,474.0,300.0,0.0,408.0,1,0,1,-0.0497674784029644,-0.03406187053114487,0.031257965518322786,-0.07645314876420835,-0.060406271696001476,0.06241186083649725,-0.1229559088794143,-0.09105289069907521,0.08865860195606132
92,least_connections,3208,measured,400,409,16,heavy,2,53.13,31.3,3,348.0,449.0,0.0,212.0,414.0,0.0,2,1,0,-0.033259183668966324,0.00384323303425195,-0.012801953496096061,-0.23657564464758776,0.07491209232271046,-0.07991630740564987,-0.16422859314531535,0.06188723041946745,-0.05516937124908739,29.31,28.25,3,534.0,0.0,492.0,460.0,0.0,444.0,2,0,1,-0.014991716238634961,-0.037132374938908516,0.03607078336698706,-0.0682353335760062,-0.08629205453680631,0.10731164981969851,-0.07096410120990118,-0.08891394031231095,0.10557476630431599,25.16,37.23,3,384.0,474.0,400.0,300.0,408.0,409.0,1,1,1,-0.04502771855506303,0.012266017365245338,0.028281016421339664,-0.06917189650095042,0.03111813513218914,0.043077397899687994,-0.11124582231947008,0.04066643222464625,0.08051651288088087
92,least_connections,3209,measured,385,311,14,medium,0,78.8,46.85,4,348.0,834.0,0.0,212.0,725.0,0.0,2,2,0,-0.03009164236716,0.04656111106727104,-0.011582719829801198,-0.21404463087162703,0.2999998295618174,-0.07230523050987368,-0.14858777475052343,0.19668368466523245,-0.049915145415840974,29.31,28.25,3,534.0,0.0,492.0,460.0,0.0,444.0,2,0,1,-0.013563933739717343,-0.033595958278060084,0.032635470665369246,-0.06173673037829133,-0.07807376362853904,0.09709149269401293,-0.0642056153803868,-0.08044594599685277,0.0955200266562859,25.16,37.23,3,384.0,474.0,400.0,300.0,408.0,409.0,1,1,1,-0.040739364406961784,0.011097825235221973,0.025587586285973983,-0.06258409683419323,0.028154503214837784,0.03897478857590818,-0.10065098209856815,0.03679343867944185,0.07284827355889222
92,least_connections,3210,measured,460,435,18,heavy,1,78.8,46.85,4,348.0,834.0,0.0,212.0,725.0,0.0,2,2,0,-0.0272257716655257,0.04212671953705475,-0.010479603655534417,-0.1936594279314721,0.2714284172225967,-0.06541901808036191,-0.13443655810761646,0.17795190517330556,-0.04516132204290374,27.2,27.47,2,0.0,492.0,460.0,0.0,444.0,435.0,0,1,1,-0.09843993097992566,0.012687557022798245,0.02952733060200075,-0.19389785809736565,0.056545506376900034,0.07957257502247428,-0.18815031867749282,0.052751286955228446,0.08387823840330627,25.16,37.23,3,384.0,874.0,0.0,300.0,817.0,0.0,1,2,0,-0.03685942493963208,0.053124789725291534,-0.019933226920399953,-0.05662370665950818,0.0978540743372342,-0.037118048431321174,-0.09106517427965691,0.15663850801155849,-0.05743886360544673
92,least_connections,3211,measured,397,305,14,medium,1,67.93,41.35,3,185.0,834.0,0.0,102.0,725.0,0.0,1,2,0,-0.0677167412574711,0.0381146510097162,-0.009481546164531139,-0.2735331332078398,0.24557809177282558,-0.059188635406041724,-0.17139498114498633,0.1610041046806098,-0.04086024375310338,38.54,37.0,3,0.0,889.0,460.0,0.0,749.0,435.0,0,2,1,-0.08906469945802799,0.05456311848547959,0.02671520387800068,-0.17543139542142608,0.15378607039542658,0.0719942345441434,-0.1702312407082078,0.13396247391187335,0.07588983474584853,17.48,27.23,2,0.0,874.0,0.0,0.0,817.0,0.0,0,2,0,-0.07643290374356734,0.048065285941930436,-0.018034824356552338,-0.12071668697765026,0.08853463868606903,-0.033582996199766776,-0.17286849101492768,0.14172055486760052,-0.05196849564302323
92,least_connections,3212,measured,485,406,14,heavy,2,55.6,36.25,2,449.0,385.0,0.0,414.0,311.0,0.0,1,1,0,-0.06126752780437861,-0.008599215979871289,-0.008578541767909125,-0.0882442633785217,-0.048635694745221336,-0.05355162251022823,-0.013928792464511452,-0.041615333860400644,-0.03696879196709354,38.54,37.0,3,0.0,889.0,460.0,0.0,749.0,435.0,0,2,1,-0.08058234712869199,0.049366631010672006,0.02417089874676252,-0.15872364347652837,0.1391397779768145,0.06513764077803451,-0.15401874159314038,0.1212041430631235,0.0686622314367201,27.18,40.77,3,0.0,1359.0,0.0,0.0,1223.0,0.0,0,3,0,-0.06915357957751331,0.08657153988850395,-0.016317222036880685,-0.10921985964644547,0.16786467309691958,-0.0303846156093128,-0.1564048252039822,0.2506678036103688,-0.047019115105592445
92,least_connections,3213,measured,401,410,18,heavy,0,82.33,56.75,3,449.0,385.0,401.0,414.0,311.0,410.0,1,1,1,-0.055432525156342546,-0.007780243029407358,0.035322362436744345,-0.0798400478186625,-0.04400372381710499,0.19342154788757127,-0.012602240801224657,-0.037651968730838675,0.1520282358392963,38.54,37.0,3,0.0,889.0,460.0,0.0,749.0,435.0,0,2,1,-0.07290783787834038,0.04466504710489372,0.021868908389927996,-0.1436071060025733,0.12588837055045124,0.05893405594203123,-0.1393502900128413,0.10966089134282603,0.06212297129988961,27.18,40.77,3,0.0,1359.0,0.0,0.0,1223.0,0.0,0,3,0,-0.0625675243796549,0.07832663132769406,-0.014763200890511096,-0.0988179682515459,0.1518775613734034,-0.02749084269414015,-0.1415091275655077,0.2267946794570003,-0.04254110414315507
92,least_connections,3214,measured,383,348,13,medium,0,100.0,74.15,4,449.0,768.0,401.0,414.0,659.0,410.0,1,2,1,-0.05015323704621469,0.03604463272396023,0.031958327918959174,-0.0722362337406946,0.1912029800384923,0.17500044808875495,-0.011402027391584219,0.12336250448162217,0.1375493562355538,38.54,37.0,3,0.0,1349.0,0.0,0.0,1184.0,0.0,0,3,0,-0.06596423427087938,0.08349513332166121,-0.023297745016822514,-0.12993023876423299,0.2328105665524491,-0.0655902759163935,-0.12607883382114213,0.22220806835779497,-0.06678457358581415,27.18,40.77,3,0.0,1359.0,0.0,0.0,1223.0,0.0,0,3,0,-0.05660871253397348,0.07086695215362795,-0.013357181758081468,-0.0894067331799701,0.13741303171879357,-0.024872667199460137,-0.12803206779736412,0.20519518617538124,-0.038489570415235534
92,least_connections,3215,measured,500,424,14,heavy,1,100.0,74.15,4,449.0,768.0,401.0,414.0,659.0,410.0,1,2,1,-0.04537673827990853,0.03261181055977355,0.028914677640963064,-0.06535659243205699,0.17299317241577872,0.15833373874696877,-0.010316120020957137,0.11161369453099149,0.12444941754645344,52.83,50.25,4,0.0,1849.0,0.0,0.0,1608.0,0.0,0,4,0,-0.05968192624508135,0.11862711608921275,-0.02107891215807751,-0.1175559303104965,0.3398898323229641,-0.059343582971975076,-0.11407132583817621,0.3209263475618145,-0.0604241380062128,27.18,40.77,3,474.0,885.0,0.0,408.0,815.0,0.0,1,2,0,-0.008133506351599595,0.021033818388429826,-0.012085069209692757,0.004879622360979427,0.03855464774557513,-0.022503841751892507,0.0072090815166705735,0.06260516844439254,-0.03482389704235596
92,least_connections,3216,measured,184,122,5,light,2,100.0,74.15,4,834.0,383.0,401.0,725.0,348.0,410.0,2,1,1,0.0020287560687448913,-0.013577976386962246,0.0261608988180142,0.17309006716464687,-0.07570459003651764,0.14325433505678126,0.1313568437905626,-0.03970665732910297,0.11259709206583883,52.83,50.25,4,0.0,1849.0,0.0,0.0,1608.0,0.0,0,4,0,-0.05399793326935932,0.10732929550928773,-0.019071396714451083,-0.10636012742378255,0.3075193721017294,-0.053691813165120304,-0.10320739004406419,0.2903619335083083,-0.054669458196097295,30.86,44.83,4,658.0,885.0,0.0,530.0,815.0,0.0,2,2,0,0.035725013527691064,0.01903059758953174,-0.010934110237341066,0.037710134517076624,0.034882776531710846,-0.020360618727902745,0.04331615311825751,0.05664277144968849,-0.03150733541927444
92,least_connections,3217,measured,406,412,13,heavy,0,100.0,94.75,5,834.0,1190.0,0.0,725.0,1170.0,0.0,2,3,0,0.0018355412050549136,0.07388296467483461,-0.019414515581887375,0.15660529886325192,0.41826727568124594,-0.11226195082164234,0.11884666819146139,0.33593207194033536,-0.08360263098805057,52.83,50.25,4,492.0,1357.0,0.0,444.0,1164.0,0.0,1,3,0,-0.005771372731234389,0.05402355761497915,-0.017255073217836692,0.03095308199072734,0.15104813938455797,-0.04857830714939456,0.03215759948394192,0.13717270174561236,-0.049462843129802314,30.86,44.83,4,1058.0,485.0,0.0,939.0,406.0,0.0,3,1,0,0.07540653151371594,-0.02586574050289532,-0.009892766405213345,0.1064996455154503,-0.04082034504273779,-0.0184215121823882,0.16254001155143935,-0.07210098456139297,-0.02850663680791497
92,least_connections,3218,measured,382,326,7,medium,1,100.0,94.75,5,834.0,1190.0,0.0,725.0,1170.0,0.0,2,3,0,0.0016607277569544443,0.06684649184865989,-0.0175655140978981,0.14169050849532316,0.3784322970449368,-0.1015703364576764,0.10752793788751269,0.30393854127935105,-0.07564047565585527,63.74,60.44,5,1271.0,960.0,0.0,1075.0,859.0,0.0,3,2,0,0.08094608226811219,0.005794556662985673,-0.015611732911376056,0.22937931908004583,0.034036751960178274,-0.04395180170659508,0.20750270905689983,0.03787351586507781,-0.044752096165059235,30.86,44.83,4,1058.0,485.0,0.0,939.0,406.0,0.0,3,1,0,0.06822495708383823,-0.02340233664547671,-0.008950598176145408,0.09635682213302646,-0.036932693133905625,-0.01666708245073218,0.14706001045130226,-0.0652342241269746,-0.025791719016684974
92,least_connections,3219,measured,419,402,13,heavy,2,100.0,74.05,4,385.0,1190.0,0.0,311.0,1170.0,0.0,1,3,0,-0.041581337018084294,0.06048015929164466,-0.015892607993336378,-0.14262922247248544,0.34239112589779996,-0.09189697108075483,-0.0899985323874885,0.2749920135384605,-0.0684366208314881,63.74,60.44,5,1271.0,960.0,0.0,1075.0,859.0,0.0,3,2,0,0.07323693157591103,0.005242694123653691,-0.014124901205530718,0.20753366964385098,0.03079515653539938,-0.0397659158297765,0.18774054628957604,0.03426651435411801,-0.040489991768386926,39.24,58.23,5,1543.0,419.0,0.0,1345.0,402.0,0.0,4,1,0,0.10481124235023005,-0.021173542679240834,-0.00809816025460775,0.17494188669178584,-0.04535815093067651,-0.015079741264948163,0.2554987396146703,-0.060227790083135724,-0.023335364824619738
92,least_connections,3220,measured,386,339,12,medium,0,100.0,91.0,5,768.0,1193.0,0.0,659.0,1161.0,0.0,2,3,0,0.005462690543728721,0.05472014412101184,-0.014379026279685294,0.10197038601695763,0.31159197105039044,-0.08314487859687342,0.07600132783989139,0.2447308693919405,-0.06191884741896543,63.74,60.44,5,1271.0,960.0,0.0,1075.0,859.0,0.0,3,2,0,0.06626198571153855,0.00474338992140097,-0.012779672519289697,0.1877685582491985,0.027862284484408945,-0.03597868575075017,0.16986049426199737,0.03100303679658295,-0.0366338020761596,39.24,58.23,5,1543.0,419.0,0.0,1345.0,402.0,0.0,4,1,0,0.09482921926925576,-0.01915701480502742,-0.0073269068970260596,0.15828075462590147,-0.041038327032516836,-0.013643575430191195,0.231165526318035,-0.05449181007521803,-0.021112949127036904
92,least_connections,3221,measured,360,323,10,medium,0,100.0,100.0,6,768.0,1553.0,0.0,659.0,1484.0,0.0,2,4,0,0.0049424343014688454,0.09259260205052998,-0.01300959520542955,0.09225892068200925,0.4670911484106708,-0.07522631873050452,0.06876310614085412,0.36754221516413665,-0.056021814331444916,63.74,60.44,5,1731.0,500.0,0.0,1510.0,424.0,0.0,4,1,0,0.1030352206324351,-0.038792261726442206,-0.011562560850785917,0.2887974030417918,-0.09370283104471844,-0.032552144250678726,0.27667437576085474,-0.09494070480309161,-0.03314486854509678,35.56,54.17,4,1359.0,419.0,0.0,1223.0,402.0,0.0,3,1,0,0.04271396482637879,-0.017332537204548623,-0.0066291062401664345,0.10991115894724418,-0.0371299149341819,-0.01234418729398251,0.1723561111131428,-0.04930211387757821,-0.019102192067319106
92,least_connections,3222,measured,355,340,8,medium,2,100.0,100.0,6,768.0,1553.0,0.0,659.0,1484.0,0.0,2,4,0,0.00447172627275752,0.08377425899809855,-0.011770586138245784,0.08347235680753218,0.422606277133464,-0.06806190742283742,0.06221423888934419,0.3325381946723141,-0.050686403442735874,63.74,60.44,5,2231.0,0.0,0.0,1934.0,0.0,0.0,5,0,0,0.13630624270372246,-0.07818166083639555,-0.010461364579282496,0.39054458914665524,-0.2140304525778745,-0.02945194003632837,0.3702053875931543,-0.20577968529803528,-0.029988214397944708,33.18,51.9,4,885.0,774.0,0.0,815.0,742.0,0.0,2,2,0,-0.00443793205050988,0.027402080851213373,-0.005997762788722012,0.01367200095226856,0.030644362678597326,-0.011168550408841318,0.03289362434046253,0.057933008079016524,-0.017282935679955383
92,least_connections,3223,measured,183,106,7,light,2,100.0,91.6,5,789.0,1147.0,0.0,760.0,1072.0,0.0,2,3,0,0.004045847580113948,0.032711857914379416,-0.010649577934603329,0.08818927520681485,0.16943742534297546,-0.06157982100161481,0.10197954947131138,0.11448693803685561,-0.04585912692438008,63.74,60.44,5,2231.0,0.0,0.0,1934.0,0.0,0.0,5,0,0,0.12332469577955843,-0.07073578837578645,-0.009465044143160354,0.3533498663707833,-0.19364659995141026,-0.026646993366201858,0.3349477316319015,-0.18618162003155572,-0.02713219397909283,36.84,55.43,5,1423.0,419.0,0.0,1261.0,402.0,0.0,4,1,0,0.08215252859829152,-0.018291541361373842,-0.005426547285034201,0.10972228657586205,-0.03651224329079289,-0.01010487894133262,0.16426883472073595,-0.05012410380152471,-0.015636941805673918
92,least_connections,3224,measured,389,309,13,medium,0,100.0,100.0,6,1550.0,775.0,0.0,1493.0,648.0,0.0,4,2,0,0.08982832921647498,-0.013487457351842647,-0.00963533241702206,0.5086474394728324,-0.07108042468968889,-0.055715076144318164,0.42386244952166274,-0.0882261036809402,-0.041491591026820075,49.69,46.56,4,1739.0,0.0,0.0,1490.0,0.0,0.0,4,0,0,0.06849558643093835,-0.06399904662571156,-0.008563611367621272,0.19251382467560663,-0.17520406662270452,-0.024109184474182633,0.17751223338124422,-0.16845003717140755,-0.024548175504893514,28.84,41.8,4,1023.0,419.0,0.0,852.0,402.0,0.0,3,1,0,0.031244578028839717,-0.016549489803147757,-0.004909733257888087,0.02689159261625615,-0.03303488678690786,-0.009142509518348562,0.025274977445745195,-0.04535037962995092,-0.014147709252752593
92,least_connections,3225,measured,375,318,14,medium,1,100.0,100.0,6,1936.0,389.0,0.0,1832.0,309.0,0.0,5,1,0,0.12435715047023473,-0.05528683783080547,-0.008717681710639006,0.4602048261897056,-0.29713625725892484,-0.05040887841628786,0.5368517400434092,-0.23318076047323164,-0.03754001092902769,38.14,36.78,3,960.0,375.0,0.0,859.0,318.0,0.0,2,1,0,-0.024195603206475264,-0.01481999910126737,-0.007748029332609723,-0.02719497495336265,-0.06157918952938575,-0.02181307166711762,-0.01780143170268378,-0.062496462202702066,-0.022210254028236988,28.84,41.8,4,1442.0,0.0,0.0,1254.0,0.0,0.0,4,0,0,0.07135280415761235,-0.05805724814389105,-0.004442139614279698,0.10014953617661268,-0.10570775471196425,-0.00827179432612489,0.14410593197472182,-0.16226939109376512,-0.01280030837153806
92,least_connections,3226,measured,395,314,11,medium,1,100.0,100.0,6,1936.0,389.0,0.0,1832.0,309.0,0.0,5,1,0,0.11251361233021237,-0.050021424704062095,-0.007887426309625767,0.41637579512401934,-0.26883756609140813,-0.045608032852831874,0.4857230028964178,-0.21097306899959054,-0.03396477179292981,49.43,46.59,4,960.0,770.0,0.0,859.0,632.0,0.0,2,2,0,-0.02189126004395381,0.02967532961132499,-0.007010121777123082,-0.02460497733875666,0.04639433872511359,-0.019735636270249275,-0.016106057254809125,0.0322353437213648,-0.020094991739833465,19.14,28.27,3,957.0,0.0,0.0,848.0,0.0,0.0,3,0,0,0.021473398772987137,-0.05252798641590143,-0.004019078698634012,0.00284958035026861,-0.09564034950130099,-0.007484004390303472,0.00793711305649436,-0.1468151633705494,-0.01158123138377253
92,least_connections,3227,measured,385,335,10,medium,2,100.0,89.65,5,1553.0,389.0,0.0,1484.0,309.0,0.0,4,1,0,0.058714129976768115,-0.04525747949415142,-0.00713624285156617,0.37672095749316037,-0.24323398836841686,-0.041264410676371696,0.2820350978586637,-0.19088039576153434,-0.03073003162217459,49.43,46.59,4,960.0,770.0,0.0,859.0,632.0,0.0,2,2,0,-0.019806378135005825,0.026849107743579764,-0.006342491131682788,-0.02226164616363696,0.041975830275102766,-0.017856051863558868,-0.014572147040065375,0.02916531098599673,-0.018181183002706467,26.84,39.43,4,957.0,385.0,0.0,848.0,335.0,0.0,3,1,0,0.01942831317555979,-0.0044414208162010665,-0.0036363092987641062,0.0025781917454811287,-0.016865078120224697,-0.006771242067417427,0.00718119752730445,-0.031801020827322474,-0.010478256966270385
92,least_connections,3228,measured,429,407,18,heavy,1,100.0,89.65,5,1553.0,389.0,0.0,1484.0,309.0,0.0,4,1,0,0.05312230807421878,-0.04094724335185128,-0.006456600675226535,0.3408427710652403,-0.22006884661904386,-0.037334466802431535,0.2551746123483148,-0.17270131045091205,-0.02780336194387225,48.54,45.72,4,500.0,770.0,429.0,424.0,632.0,407.0,1,2,1,-0.06100395663461977,0.024292049863238838,0.03734545586952056,-0.13905305401199808,0.03797813215366441,0.09474248368807259,-0.13617539494101155,0.026387662320663724,0.0986247629975513,26.84,39.43,4,957.0,385.0,0.0,848.0,335.0,0.0,3,1,0,0.01757799763503029,-0.004018428357515244,-0.003289994127453239,0.002332649674482934,-0.015258880204012823,-0.006126361870520529,0.006497273953275484,-0.02877235217710128,-0.00948032773138749
92,least_connections,3229,measured,195,123,2,light,1,100.0,89.65,5,1553.0,389.0,0.0,1484.0,309.0,0.0,4,1,0,0.04806304063857891,-0.037047505889770196,-0.005841686325204961,0.30838155477331264,-0.1991099088458016,-0.033778803297438056,0.23087226831514196,-0.15625356659844428,-0.025155422711122512,39.83,36.31,4,195.0,770.0,429.0,123.0,632.0,407.0,1,2,1,-0.05519405600275122,0.02197852130483513,0.03378874578670908,-0.20465344342582137,0.03436116718664875,0.08571939000349424,-0.20831047637520095,0.023874551623457668,0.08923192842635594,26.84,39.43,4,957.0,385.0,0.0,848.0,335.0,0.0,3,1,0,0.015903902622170257,-0.0036357208948947506,-0.0029766613534100736,0.0021104925626274085,-0.013805653517916364,-0.0055428988352328595,0.005878485957725443,-0.02603212816023448,-0.008577439376017253
92,least_connections,3230,measured,168,120,8,light,1,100.0,69.05,4,1536.0,0.0,0.0,1381.0,0.0,0.0,4,0,0,0.04348560819680947,-0.07660307222226373,-0.005285335246614012,0.27901188289014,-0.41478198101921737,-0.030561774411967765,0.16228919514227125,-0.28115798882716386,-0.022759668167206083,44.63,40.06,5,590.0,543.0,429.0,437.0,438.0,407.0,2,2,1,-0.006853579013827077,0.019885328799612745,0.030570769997498692,-0.08305379575261393,-0.02759159703520897,0.07755563857459002,-0.09969162148232463,-0.033250405674014494,0.08073364952860776,16.08,24.57,2,804.0,0.0,0.0,737.0,0.0,0.0,2,0,0,-0.028694654997174746,-0.046373361988805,-0.0026931697959424474,-0.025776221014765677,-0.08215749604001957,-0.005015003708067825,-0.028157560323962744,-0.1245846238910058,-0.007760540387825134
92,least_connections,3231,measured,162,112,5,light,2,51.67,32.4,2,775.0,0.0,0.0,648.0,0.0,0.0,2,0,0,-0.04682367875163951,-0.06930754153442908,-0.004781969985031725,-0.18486226468669875,-0.3752789352078633,-0.027651129229875598,-0.1847621567760403,-0.2543810375102911,-0.020592080722710265,39.06,36.22,4,563.0,375.0,429.0,434.0,318.0,407.0,2,1,1,-0.0062008572029864095,-0.02509241226520298,0.02765926809297501,-0.08212350227957585,-0.06839239731757003,0.07016938728177192,-0.09104539562686514,-0.06401227180029882,0.07304473052588321,19.32,28.3,3,966.0,0.0,0.0,849.0,0.0,0.0,3,0,0,0.017122069515027843,-0.04195685132320452,-0.002436677434424119,0.005992942891402481,-0.07433297260763676,-0.004537384307299461,0.00830188986562097,-0.11271942161567192,-0.007021441303270359
92,least_connections,3232,measured,163,102,6,light,0,36.8,20.55,2,552.0,0.0,0.0,411.0,0.0,0.0,2,0,0,-0.04236428077529289,-0.06270682329305488,-0.004326544272171561,-0.30176427122447347,-0.3395380842356859,-0.025017688350839826,-0.27438004660689364,-0.23015427203312053,-0.01863093017769024,39.06,36.22,4,938.0,429.0,0.0,752.0,407.0,0.0,3,1,0,0.0374736008526268,-0.022702658716136026,-0.01805884814263712,0.0226365591620164,-0.04791965199480826,-0.047411370690641726,0.007536308718550572,-0.032752174485984636,-0.04898631523848662,10.94,14.9,2,547.0,0.0,0.0,447.0,0.0,0.0,2,0,0,-0.02759250399887503,-0.037960960720994565,-0.0022046129168599173,-0.070396861193493,-0.06725364188309993,-0.0041052524685090365,-0.11372686155015241,-0.10198423860465554,-0.0063527326077208015
92,least_connections,3233,measured,159,104,2,light,0,47.4,25.75,3,711.0,0.0,0.0,515.0,0.0,0.0,3,0,0,0.004754312858635229,-0.056734744884192514,-0.003914492436726651,-0.1771200549173808,-0.3072011238322872,-0.022635051365045556,-0.20120099454909418,-0.2082348175537757,-0.016856555875053077,39.06,36.22,4,938.0,429.0,0.0,752.0,407.0,0.0,3,1,0,0.03390468648570996,-0.02054050074317068,-0.016338957843338348,0.0204806963846815,-0.04335587561435032,-0.04289600205343775,0.006818565031069562,-0.0296329197730337,-0.04432095188244028,10.94,14.9,2,547.0,0.0,0.0,447.0,0.0,0.0,2,0,0,-0.024964646475172658,-0.03434563112851889,-0.0019946497819208777,-0.06369239822268413,-0.060848533132328506,-0.0037142760429367473,-0.10289573187870929,-0.09227145397564072,-0.005747710454604535
92,least_connections,3234,measured,177,115,4,light,2,47.4,25.75,3,711.0,0.0,0.0,515.0,0.0,0.0,3,0,0,0.004301521157812821,-0.051331435847602754,-0.0035416836332288746,-0.16025147825858266,-0.27794387394349795,-0.02047933218742217,-0.18203899506822807,-0.18840293016770182,-0.015251169601238498,39.06,36.22,4,938.0,429.0,0.0,752.0,407.0,0.0,3,1,0,0.030675668725166153,-0.018584262577154426,-0.014782866620163268,0.018530153871854693,-0.039226744603459804,-0.03881066852453892,0.006169177885253396,-0.026810736937506685,-0.04009990884601739,14.48,18.73,3,724.0,0.0,0.0,562.0,0.0,0.0,3,0,0,0.020496839130172584,-0.031074618640088522,-0.0018046831360236512,-0.025597884106238006,-0.05505343473877341,-0.003360535467418962,-0.05841359868391158,-0.08348369645415113,-0.005200309458927912
92,least_connections,3235,measured,164,123,3,light,0,47.73,26.7,3,716.0,0.0,0.0,534.0,0.0,0.0,3,0,0,0.0038918524761163698,-0.046442727671640587,-0.00320438043006422,-0.1419735596942731,-0.25147302880602196,-0.01852891959814387,-0.1561067098236349,-0.17045979396125402,-0.013798677258263404,39.06,36.22,4,938.0,429.0,0.0,752.0,407.0,0.0,3,1,0,0.027754176465626515,-0.016814332807901622,-0.0133749745611001,0.016765377312630447,-0.035490864165035066,-0.03511441437934474,0.005581637134276868,-0.02425733341964889,-0.03628086990830145,14.48,18.73,3,724.0,0.0,0.0,562.0,0.0,0.0,3,0,0,0.01854475921301328,-0.02811513115055628,-0.0016328085516404463,-0.02315999038183439,-0.04981025047793785,-0.003040484470521918,-0.052850398809253324,-0.07553286822042245,-0.0047050418914109686
92,least_connections,3236,measured,451,443,20,heavy,0,77.8,48.85,4,716.0,0.0,451.0,534.0,0.0,443.0,3,0,1,0.0035211998593434046,-0.04201961075053196,0.040184698885270695,-0.12845226829481854,-0.22752321653878177,0.2552674854429492,-0.14123940412614583,-0.15422552786970603,0.18792024438538074,39.06,36.22,4,938.0,429.0,0.0,752.0,407.0,0.0,3,1,0,0.025110921564138272,-0.015212967778577655,-0.012101167460042948,0.015168674711427577,-0.03211078186360315,-0.031770184438454765,0.00505005264529812,-0.021947111189206142,-0.03282554896465369,11.24,15.0,2,562.0,0.0,0.0,450.0,0.0,0.0,2,0,0,-0.02630530855784058,-0.025437499612408064,-0.0014773029752937373,-0.050268562726421606,-0.045066417099086625,-0.0027509145209484017,-0.08159480527186413,-0.06833926172323936,-0.004256942663657543
92,least_connections,3237,measured,363,303,5,medium,2,51.87,33.4,3,327.0,0.0,451.0,225.0,0.0,443.0,2,0,1,-0.03989805273497046,-0.03801774306000511,0.036357584705721105,-0.35085363956832794,-0.20585433877318352,0.23095629635314452,-0.26757374659032246,-0.13953738235830546,0.1700230782534397,27.77,26.41,3,543.0,429.0,0.0,438.0,407.0,0.0,2,1,0,-0.020364495002060834,-0.0137641137044274,-0.010948675320991239,-0.08838480451279004,-0.029052612162307603,-0.02874445258717336,-0.08421066665425408,-0.01985691012356744,-0.029699306206115248,10.8,13.93,2,540.0,0.0,0.0,418.0,0.0,0.0,2,0,0,-0.023800041076141476,-0.023014880601702533,-0.0013366074538371908,-0.049462032942952885,-0.04077437737536409,-0.0024889226618104586,-0.08347466508724213,-0.06183076060674037,-0.003851519552833015
92,least_connections,3238,measured,176,114,2,light,2,30.07,22.15,1,0.0,0.0,451.0,0.0,0.0,443.0,0,0,1,-0.12226603864229753,-0.03439700562571891,0.03289495759089052,-0.5146771024665824,-0.18624916365192795,0.208960458605226,-0.34387624691505364,-0.12624810784799065,0.1538304041340645,22.97,22.66,2,375.0,429.0,0.0,318.0,407.0,0.0,1,1,0,-0.06150891951433621,-0.012453245732577167,-0.009905944338039692,-0.12339577551157195,-0.02628569671827831,-0.02600688567410923,-0.11011917459194416,-0.01796577582608483,-0.02687080085315189,10.78,13.9,2,539.0,0.0,0.0,417.0,0.0,0.0,2,0,0,-0.021533370497461346,-0.020822987211064195,-0.0012093115058526963,-0.044932315519814525,-0.03689110333961513,-0.0022518824083047006,-0.07582628428528257,-0.055942116739431766,-0.0034847081668489184
92,least_connections,3239,measured,178,107,4,light,0,41.93,27.5,2,178.0,0.0,451.0,107.0,0.0,443.0,1,0,1,-0.0675377537829404,-0.031121100328031392,0.029762104486996187,-0.3582951561999238,-0.16851114806603004,0.18905946254758543,-0.26272136625647713,-0.1142244785291344,0.13917988945462978,12.26,12.72,1,429.0,0.0,0.0,407.0,0.0,0.0,1,0,0,-0.055650927179637516,-0.054351122556231944,-0.008962521067750197,-0.09768461321795284,-0.1346802562144967,-0.02353003941943216,-0.07446794367842566,-0.13132915431883865,-0.02431167696237552,10.78,13.9,2,539.0,0.0,0.0,417.0,0.0,0.0,2,0,0,-0.01948257330722694,-0.018839845571915224,-0.0010941389814857728,-0.040653047375070306,-0.033377664926318454,-0.0020374174170375865,-0.06860473340096995,-0.05061429609758112,-0.0031528311985775928
92,least_connections,3240,measured,384,313,11,medium,1,41.93,27.5,2,178.0,0.0,451.0,107.0,0.0,443.0,1,0,1,-0.06110558675599369,-0.028157186011076023,0.026927618345377505,-0.32417180799040723,-0.15246246729783672,0.1710537994478154,-0.23770028375586028,-0.10334595676445493,0.1259246618875222,23.23,22.5,2,429.0,384.0,0.0,407.0,313.0,0.0,1,1,0,-0.05035083887681489,-0.006090924943166778,-0.00810894763272637,-0.08838131672100495,-0.022588259024000412,-0.021289083284248146,-0.06737575856619463,-0.030324592002758777,-0.021996279156434994,7.26,10.1,1,363.0,0.0,0.0,303.0,0.0,0.0,1,0,0,-0.06071099036186746,-0.017045574565066154,-0.0009899352689633181,-0.06862894762506361,-0.030198839695240506,-0.0018433776630340068,-0.09645190164849662,-0.04579388694543054,-0.002852561560617822
92,least_connections,3241,measured,407,406,17,heavy,2,41.93,27.5,2,178.0,0.0,451.0,107.0,0.0,443.0,1,0,1,-0.05528600706494667,-0.025475549248116403,0.024363083264865363,-0.2932983024675113,-0.13794223231709035,0.15476296140516632,-0.2150621614933974,-0.09350348469164971,0.1139318369458534,23.23,22.5,2,429.0,384.0,0.0,407.0,313.0,0.0,1,1,0,-0.04555552088854681,-0.005510836853341375,-0.007336666905800049,-0.07996404846186163,-0.02043699625980991,-0.01926155154289118,-0.060959019655128455,-0.027436535621543662,-0.01990139542725071,15.4,23.63,2,363.0,0.0,407.0,303.0,0.0,406.0,1,0,1,-0.054928991279784845,-0.01542218651125033,0.04218824450721913,-0.06209285737505754,-0.02732275972426522,0.07197980116201685,-0.0872660062534017,-0.04143256437919906,0.11986355541340928
92,least_connections,3242,measured,377,342,6,medium,0,67.07,44.6,3,555.0,451.0,0.0,449.0,443.0,0.0,2,1,0,-0.006936772832003918,0.02003459376417586,-0.021041110606164898,-0.037968305407113434,0.14722686917342623,-0.13200811428421463,-0.03986576516069287,0.1158063709932693,-0.09732357609660883,23.23,22.5,2,429.0,384.0,0.0,407.0,313.0,0.0,1,1,0,-0.04121689985154235,-0.004985995248261238,-0.006637936724295282,-0.07234842479882718,-0.01849061566363755,-0.01742711806261583,-0.05515339873559241,-0.024823532229015705,-0.018006024434179212,8.14,13.53,1,0.0,0.0,407.0,0.0,0.0,406.0,0,0,1,-0.09278155900370556,-0.013953406843512203,0.03817031645891254,-0.12186496619648063,-0.024720592131478057,0.06512458200372953,-0.17033591041974439,-0.03748660586689439,0.1084479787073703
92,least_connections,3243,measured,364,332,9,medium,2,55.2,39.25,2,377.0,451.0,0.0,342.0,443.0,0.0,1,1,0,-0.04936002802714186,0.018126537215206733,-0.01903719531033967,-0.14171735568580102,0.13320526258548088,-0.11943591292381324,-0.08447378752634113,0.10477719280343413,-0.08805466408740799,23.23,22.5,2,429.0,384.0,0.0,407.0,313.0,0.0,1,1,0,-0.03729148081806212,-0.004511138557950642,-0.006005752274362398,-0.0654580986275103,-0.016729604648053037,-0.015767392532842896,-0.04990069409410741,-0.02245938630244279,-0.016291164964257383,15.42,24.6,2,0.0,364.0,407.0,0.0,332.0,406.0,0,1,1,-0.0839452200509717,0.03045938927310347,0.0345350482247304,-0.11025877893967295,0.04350041664294843,0.0589222408605172,-0.15411344276072111,0.06621053119979396,0.09811959978285884
92,least_connections,3244,measured,390,348,10,medium,0,81.2,56.65,3,377.0,841.0,0.0,342.0,791.0,0.0,1,2,0,-0.04465907297693787,0.05948410056432536,-0.017224129090307322,-0.12822046466810566,0.3557571423392446,-0.10806106407392627,-0.07642866490478484,0.25222698396501186,-0.07966850560289294,23.23,22.5,2,813.0,0.0,0.0,720.0,0.0,0.0,2,0,0,0.009343989010415443,-0.04716540654109366,-0.005433775867280265,0.04004131212613013,-0.11440161508973505,-0.014265736101143574,0.043348776771998054,-0.10881742094030537,-0.014739625443851918,15.42,24.6,2,0.0,771.0,0.0,0.0,738.0,0.0,0,2,0,-0.0759504371889744,0.07064239528337479,-0.011837904213906054,-0.09975794285018029,0.11300513886742954,-0.020337020173817773,-0.13943597202160482,0.18234921076806754,-0.03366956845042931
92,least_connections,3245,measured,162,111,5,light,1,81.2,56.65,3,377.0,841.0,0.0,342.0,791.0,0.0,1,2,0,-0.04040582793151522,0.05381894812962771,-0.015583735843611387,-0.1160089918425718,0.321875509735507,-0.09776953416212376,-0.06914974443766247,0.22820536644453454,-0.0720810288788079,27.86,25.97,3,975.0,0.0,0.0,831.0,0.0,0.0,3,0,0,0.05153798552189515,-0.04267346306098951,-0.004916273403729764,0.07810540484881162,-0.10350622317642695,-0.01290709456770133,0.07060425041276014,-0.09845385704122867,-0.013335851592056497,15.42,24.6,2,364.0,407.0,0.0,332.0,406.0,0.0,1,1,0,-0.025633161991838516,0.02083064788677221,-0.01071048476496262,-0.02439051972159169,0.03637607802291243,-0.018400161109644653,-0.02602937151161072,0.06485563513936271,-0.030462942883721755
92,least_connections,3246,measured,192,121,2,light,2,81.2,56.65,3,377.0,841.0,0.0,342.0,791.0,0.0,1,2,0,-0.03655765384279948,0.04869333402204412,-0.014099570525172207,-0.10496051642899351,0.29122069928450633,-0.08845814995620721,-0.06256405449121843,0.20647152202124552,-0.0652161689855881,15.6,13.25,2,546.0,0.0,0.0,424.0,0.0,0.0,2,0,0,0.003545705721623965,-0.03860932372184765,-0.0044480568890888335,-0.04023116432046295,-0.09364848763581486,-0.011677847466015488,-0.051194368674169405,-0.08907729922777832,-0.012065770488051117,19.26,28.63,3,556.0,407.0,0.0,453.0,406.0,0.0,2,1,0,0.01989199175795109,0.01884677665946057,-0.009690438596870942,0.012675244061417026,0.032911689639777905,-0.01664776481348802,0.01294167974346333,0.05867890798323293,-0.027561710228129206
92,least_connections,3247,measured,186,124,7,light,1,81.2,56.65,3,767.0,451.0,0.0,690.0,443.0,0.0,2,1,0,0.010007927702319758,0.0009719734122349277,-0.012756754284679615,0.14027381846900583,0.028247299352648636,-0.08003356424609225,0.10082299831746899,0.029378996114460237,-0.05900510527267495,20.91,17.12,3,732.0,0.0,0.0,548.0,0.0,0.0,3,0,0,0.04629191968917905,-0.034932245272147874,-0.0040244324234613256,0.011682007791689986,-0.08472958405145155,-0.010565671516871156,-0.011259190705200872,-0.08059374692037087,-0.010916649489189106,19.26,28.63,3,556.0,407.0,0.0,453.0,406.0,0.0,2,1,0,0.017997516352431936,0.017051845549035754,-0.008767539682883234,0.011468077960329684,0.029777243007418103,-0.015062263402679636,0.011709138815514442,0.05309044055625836,-0.024936785444497855
92,least_connections,3248,measured,181,103,5,light,0,68.13,44.7,3,571.0,451.0,0.0,451.0,443.0,0.0,2,1,0,0.009054791730670253,0.0008794045158316,-0.01154182530518632,0.008692184964021132,0.025557080366682083,-0.0724113200321787,-0.016898239617528038,0.02658099648451165,-0.053385571437182096,20.91,17.12,3,732.0,0.0,0.0,548.0,0.0,0.0,3,0,0,0.04188316543306675,-0.03160536477003855,-0.0036411531450364376,0.010569435621052836,-0.0766600998560752,-0.00955941708669295,-0.010186886828515068,-0.07291815197557365,-0.009876968585456811,15.42,24.6,2,364.0,407.0,0.0,332.0,406.0,0.0,1,1,0,-0.026800433050747516,0.015427860258651394,-0.00793253590356102,-0.024366977083511224,0.026941315101949706,-0.013627762126233955,-0.025898080754217095,0.04803420812232899,-0.02256185349740282
92,least_connections,3249,measured,190,118,5,light,2,68.13,44.7,3,1022.0,0.0,0.0,894.0,0.0,0.0,3,0,0,0.05127633084022093,-0.042288248521957346,-0.010442603847549527,0.2798961038563366,-0.24890867331903369,-0.06551500383863788,0.18511587844128413,-0.17635528889496566,-0.04830123130030761,20.91,17.12,3,732.0,0.0,0.0,548.0,0.0,0.0,3,0,0,0.037894292534679436,-0.02859533003003488,-0.0032943766550329674,0.00956282270476208,-0.06935913796502043,-0.008648996411769812,-0.009216707130561247,-0.06597356607313806,-0.0089363049106514,19.22,28.53,3,554.0,407.0,0.0,450.0,406.0,0.0,2,1,0,0.018835889371319137,0.013958540234017928,-0.007177056293698066,0.012334639781585069,0.024375475568430685,-0.01232988001897358,0.012155704714438498,0.04345952163448813,-0.02041310554526922
92,least_connections,3250,measured,479,431,19,heavy,0,100.0,66.25,4,1022.0,0.0,479.0,894.0,0.0,431.0,3,0,1,0.04639287076019989,-0.03826079628177093,0.033635830078974464,0.25323933206049504,-0.2252030853838876,0.22964515525710544,0.16748579478020942,-0.15955954709544512,0.15127507644257882,16.29,13.66,2,570.0,0.0,0.0,437.0,0.0,0.0,2,0,0,-0.00879858793347596,-0.025871965265269654,-0.00298062649741078,-0.03322547333514719,-0.06275350577787563,-0.007825282467791735,-0.039722854070507796,-0.05969036930426777,-0.008085228252494124,19.22,28.53,3,554.0,407.0,0.0,450.0,406.0,0.0,2,1,0,0.017041995145479216,0.012629155449825749,-0.006493527122869679,0.011159912183338866,0.02205400170477062,-0.011155605731452287,0.010998018551158645,0.039320519574060686,-0.01846900025524358
92,least_connections,3251,measured,491,421,18,heavy,1,100.0,66.25,4,1022.0,0.0,479.0,894.0,0.0,431.0,3,0,1,0.041974502116371326,-0.034616910921602274,0.030432417690500705,0.22912130043568602,-0.20375517249018404,0.20777418808976206,0.1515347667059037,-0.1443633997530218,0.13686792630519037,19.34,17.03,2,186.0,0.0,491.0,124.0,0.0,421.0,1,0,1,-0.05104452740466418,-0.02340796857333921,0.04038714291957619,-0.12932644866377263,-0.056776981418077944,0.11984515259716802,-0.12443674892093562,-0.05400557222767084,0.11171753158107675,19.22,28.53,3,961.0,0.0,0.0,856.0,0.0,0.0,3,0,0,0.058502848215524275,-0.031657521486438835,-0.005875095968310662,0.08374468245159232,-0.05369399845758849,-0.010093167090361593,0.1323950326573975,-0.08686873625838953,-0.016710047849982285
92,least_connections,3252,measured,459,448,19,heavy,1,100.0,66.25,4,1022.0,0.0,479.0,894.0,0.0,431.0,3,0,1,0.03797693048624072,-0.03132006226240206,0.027534092196167304,0.2073002242037159,-0.18434991796730937,0.1879861701764514,0.13710288416248428,-0.13061450453844828,0.12383288570469604,32.46,31.03,3,186.0,0.0,950.0,124.0,0.0,869.0,1,0,2,-0.046183143842315214,-0.021178638233021192,0.07962464858256439,-0.11700964402912765,-0.05136964985445147,0.22708438976478465,-0.1125856299760846,-0.048862184396464094,0.2277444333352599,11.94,17.47,2,597.0,0.0,0.0,524.0,0.0,0.0,2,0,0,0.009847248158716987,-0.028642519440111328,-0.0053155630189477415,0.009902331741916862,-0.04858028431877054,-0.009131913081755727,0.019658997801137418,-0.07859552328140006,-0.015118614721412543
92,least_connections,3253,measured,176,117,3,light,2,88.0,61.1,3,841.0,0.0,479.0,791.0,0.0,431.0,2,0,1,-0.008723820263015769,-0.028337199189792342,0.024911797701294227,0.07838274253352073,-0.16679278292280372,0.17008272539774175,0.07745022852796196,-0.11817502791573892,0.11203927754234404,32.46,31.03,3,186.0,0.0,950.0,124.0,0.0,869.0,1,0,2,-0.041784749190666146,-0.019161625067971554,0.07204134871755827,-0.10586586840730598,-0.04647730224926562,0.20545730502528137,-0.1018631890259813,-0.04420864302537227,0.2060544873033304,15.46,21.37,3,773.0,0.0,0.0,641.0,0.0,0.0,3,0,0,0.05199331522750131,-0.025914660445815012,-0.0048093189219051,0.040806871576020004,-0.04395359057412573,-0.008262207073969468,0.0530724265819815,-0.07111023534983815,-0.013678746652706587
92,least_connections,3254,measured,156,105,7,light,0,72.4,48.95,3,607.0,0.0,479.0,548.0,0.0,431.0,2,0,1,-0.00789298023796664,-0.025638418314574023,0.022539245539266204,-0.07022513770776695,-0.1509077559777748,0.15388437059795682,-0.039854555141367765,-0.10692026335233522,0.10136887015735889,27.14,27.16,2,0.0,0.0,950.0,0.0,0.0,869.0,0,0,2,-0.08088914949450293,-0.017336708394831406,0.06518026788731462,-0.14386503740252854,-0.04205089251124032,0.18588994264192124,-0.12722145673779262,-0.03999829607057492,0.18643025041729894,11.66,17.43,2,583.0,0.0,0.0,523.0,0.0,0.0,2,0,0,0.003957670693362864,-0.023446597546213584,-0.004351288548390329,0.0025395504735419155,-0.0397675343289709,-0.0074753302097819,0.01243060817734834,-0.0643378319831869,-0.012376008876258341
92,least_connections,3255,measured,392,349,10,medium,1,72.4,48.95,3,607.0,479.0,0.0,548.0,431.0,0.0,2,1,0,-0.007141267834350762,0.019887236037380872,-0.02269124950075461,-0.06353702935464628,0.1523850461788387,-0.14969191866534068,-0.03605888322314227,0.09823880934788717,-0.10326149842905624,38.34,38.06,3,0.0,883.0,459.0,0.0,770.0,448.0,0,2,1,-0.07318542097121694,0.07048220714390536,0.01588872309986062,-0.1301636052689544,0.19021245779595264,0.04126096851275869,-0.1151051275246695,0.18151939879328938,0.04964225037755621,11.66,17.43,2,583.0,0.0,0.0,523.0,0.0,0.0,2,0,0,0.003580749674947342,-0.021213588256098006,-0.003936880115210297,0.0022976885236807715,-0.03598015010716415,-0.00676339399932648,0.011246740731886612,-0.05821041941335958,-0.011197341364233736
92,least_connections,3256,measured,413,425,13,heavy,2,42.33,26.8,2,156.0,479.0,0.0,105.0,431.0,0.0,1,1,0,-0.04954504731497948,0.017993213557630314,-0.020530178119730364,-0.3295176297335689,0.13787218463799691,-0.13543554545911776,-0.23302946577331923,0.08888273226713603,-0.09342707000724136,38.34,38.06,3,0.0,883.0,459.0,0.0,770.0,448.0,0,2,1,-0.06621538087872009,0.06376961598734296,0.014375511376064368,-0.11776707143381589,0.17209698562490952,0.03733135246392452,-0.10414273442708193,0.16423183700345229,0.04491441700826514,16.4,27.7,2,407.0,413.0,0.0,406.0,425.0,0.0,1,1,0,-0.03984417433037643,0.023890653709335363,-0.0035619391518569355,-0.029768758002384058,0.04217986418875625,-0.006119261237485863,-0.025110091718769267,0.0755080332291826,-0.01013092790097338
92,least_connections,3257,measured,380,309,13,medium,0,67.67,42.25,3,156.0,859.0,0.0,105.0,740.0,0.0,1,2,0,-0.04482647138021953,0.0593634743979467,-0.018574923060708425,-0.2981349983303719,0.3539478495931083,-0.12253692208205892,-0.2108361833187174,0.2202034244321707,-0.08452925381607551,38.34,38.06,3,0.0,1342.0,0.0,0.0,1218.0,0.0,0,3,0,-0.059909154128365796,0.10078021945340099,-0.03007748517222294,-0.10655115986869057,0.2743598577422651,-0.08487707566189143,-0.09422437876735984,0.2752573763364568,-0.08602981318299822,16.4,27.7,2,407.0,413.0,0.0,406.0,425.0,0.0,1,1,0,-0.03604949106081677,0.021615353356065327,-0.0032227068516800846,-0.026933638192633197,0.03816273426601756,-0.0055364744529634,-0.02271865441221982,0.06831679196926045,-0.009166077624690202
92,least_connections,3258,measured,412,427,14,heavy,2,67.67,42.25,3,156.0,859.0,0.0,105.0,740.0,0.0,1,2,0,-0.040557283629722427,0.053709810169570826,-0.016805882769212386,-0.2697411889655746,0.32023853058424084,-0.11086673902662474,-0.19075654681217288,0.19923166972434492,-0.07647884869073499,38.34,38.06,3,392.0,950.0,0.0,349.0,869.0,0.0,1,2,0,-0.011119620175097406,0.04809820308822448,-0.027212962774868375,0.004929902975946629,0.14689701414776363,-0.0767935446464732,0.013424966829531579,0.15036679287584187,-0.0778364976417603,16.5,28.4,2,0.0,825.0,0.0,0.0,852.0,0.0,0,2,0,-0.0757001064246392,0.06264064850129267,-0.002915782389615315,-0.09801614884095385,0.1090805690978254,-0.0050091911717287906,-0.1429994174840719,0.19058820860710865,-0.008293117850910183
92,least_connections,3259,measured,473,434,20,heavy,2,67.67,42.25,3,156.0,859.0,0.0,105.0,740.0,0.0,1,2,0,-0.03669468518879648,0.04859459015342123,-0.015205322505477873,-0.24405155192123418,0.28973962290955124,-0.10030800197647,-0.172589256639585,0.180257224988693,-0.06919514881542689,38.34,38.06,3,392.0,950.0,0.0,349.0,869.0,0.0,1,2,0,-0.01006060872985004,0.04351742184172691,-0.02462125203440472,0.004460388406808846,0.1329068223241671,-0.06947987372776147,0.012146398560052382,0.1360461459352855,-0.07042349786635456,25.96,42.87,3,0.0,825.0,473.0,0.0,852.0,434.0,0,2,1,-0.06849057247943546,0.05667487245355051,0.04044581139805779,-0.08868127752276776,0.09869194346946109,0.08105835084462634,-0.12938042534273173,0.17243695064452688,0.12338559178568444
92,least_connections,3260,measured,365,300,9,medium,0,92.0,57.25,4,156.0,1224.0,0.0,105.0,1040.0,0.0,1,3,0,-0.03319995326605396,0.08705043417509085,-0.01375719655257522,-0.22080854697635477,0.4823041032673717,-0.0907548589310919,-0.15615218457867214,0.2988041559421508,-0.06260513464252909,38.34,38.06,3,392.0,950.0,0.0,349.0,869.0,0.0,1,2,0,-0.009102455517483371,0.03937290547584816,-0.022276370888270936,0.004035589510922283,0.12024902972186546,-0.0628627428965461,0.010989598697190253,0.12308937013192497,-0.06371649806955888,25.96,42.87,3,0.0,825.0,473.0,0.0,852.0,434.0,0,2,1,-0.06196766081472732,0.05127726555321237,0.03659382936014753,-0.08023544156821845,0.08929271075808384,0.07333850790704288,-0.11705848007199537,0.1560143839164767,0.11163458304419069
92,least_connections,3261,measured,387,337,10,medium,1,81.6,52.0,3,0.0,1224.0,0.0,0.0,1040.0,0.0,0,3,0,-0.07312195318175857,0.078759916634606,-0.012446987357091864,-0.29387439964527334,0.43637037914666965,-0.08211153903289267,-0.18878054795213192,0.27034661728099363,-0.05664274086705013,49.4,48.59,4,392.0,1337.0,0.0,349.0,1206.0,0.0,1,3,0,-0.008235554992008759,0.07870700518109618,-0.020154811756054658,0.0036512476527392063,0.20883755750345653,-0.05687581500163695,0.009942970249838798,0.20664931107174167,-0.05764826015817232,25.96,42.87,3,0.0,825.0,473.0,0.0,852.0,434.0,0,2,1,-0.05606597883237234,0.04639371645290643,0.0331087027544192,-0.07259397094267384,0.08078864306683775,0.06635388810637213,-0.10591005339847201,0.14115587116252654,0.10100271799236299
92,least_connections,3262,measured,352,322,13,medium,0,100.0,68.1,4,844.0,732.0,0.0,731.0,631.0,0.0,2,2,0,0.020009842812876016,0.02817507196645759,-0.011261559989749783,0.24319300349554634,0.0980493906565107,-0.07429139245833147,0.15988902804330923,0.05957551087327995,-0.05124819411780726,49.4,48.59,4,883.0,846.0,0.0,770.0,785.0,0.0,2,2,0,0.03563268380541611,0.028127199698996325,-0.018235305874525643,0.13022867984907696,0.06202309624462393,-0.05145907071576677,0.1280287587974732,0.06793568620776624,-0.052157949666917815,25.96,42.87,3,413.0,412.0,473.0,425.0,427.0,434.0,1,1,1,-0.007642461573960466,-0.0011086329598420236,0.029955492968284037,0.00905307390900939,-0.0016388467490515701,0.06003447019147954,0.0323512215283666,-0.00046214831326960026,0.09138341151689985
92,least_connections,3263,measured,194,112,5,light,2,100.0,68.1,4,1224.0,352.0,0.0,1040.0,322.0,0.0,3,1,0,0.061188043724121385,-0.01759216844758145,-0.01018903046691647,0.44923811427374827,-0.14049499575522048,-0.06721602174801418,0.28444721584870836,-0.08588406159084197,-0.04636741372563514,49.4,48.59,4,883.0,846.0,0.0,770.0,785.0,0.0,2,2,0,0.03223909487156695,0.025448418775282394,-0.01649861007695177,0.11782594843487915,0.05611613469751689,-0.0465582068380747,0.11583554367390432,0.06146562085464566,-0.04719052588911612,29.84,46.6,4,607.0,412.0,473.0,537.0,427.0,434.0,2,1,1,0.036169292136031234,-0.0010030488684285022,0.027102588876066508,0.04329563829862754,-0.0014827661062847552,0.05431690160181482,0.06304793058915707,-0.0004181341881963063,0.0826802294676713
92,least_connections,3264,measured,157,105,2,light,0,100.0,73.35,5,1381.0,352.0,0.0,1145.0,322.0,0.0,4,1,0,0.09844451121524815,-0.015916723833526075,-0.009218646612924425,0.5011519446603754,-0.127114519969009,-0.06081449586725093,0.30485700481549804,-0.07770462715361892,-0.04195146956128894,49.4,48.59,4,1729.0,0.0,0.0,1555.0,0.0,0.0,4,0,0,0.1153365053373134,-0.06314304060921162,-0.014927313879146841,0.32529830708733964,-0.16792213663421943,-0.042124091901115206,0.3267529918954373,-0.16633765256008248,-0.04269619009015268,29.84,46.6,4,607.0,412.0,473.0,537.0,427.0,434.0,2,1,1,0.0327245976468854,-0.0009075204047686442,0.024521389935488747,0.03917224417494873,-0.0013415502866385848,0.04914386335402293,0.05704336577114211,-0.0003783118845585576,0.07480592189932164
92,least_connections,3265,measured,427,402,16,heavy,1,100.0,73.35,5,1381.0,352.0,0.0,1145.0,322.0,0.0,4,1,0,0.08906884348046261,-0.014400845373190252,-0.008340680268836385,0.45342318802605397,-0.11500837521005577,-0.055022639117988936,0.2758230043568792,-0.0703041864723219,-0.03795609150783285,50.4,50.25,4,1337.0,0.0,427.0,1206.0,0.0,402.0,3,0,1,0.0612681760308119,-0.05712941769404861,0.029578235288481653,0.19298418260283112,-0.1519295521928652,0.07226867875613385,0.1969580640958718,-0.15049597136388415,0.07503082801367138,29.84,46.6,4,1019.0,473.0,0.0,964.0,434.0,0.0,3,1,0,0.07269186952632035,-0.00082108989002877,-0.020897880761315168,0.10999393520590602,0.009824311645422232,-0.04112698077493163,0.18038844204690638,0.0017688289298438409,-0.06320734050378836
92,least_connections,3266,measured,177,106,4,light,1,100.0,68.1,4,1224.0,352.0,0.0,1040.0,322.0,0.0,3,1,0,0.037502196255565945,-0.01302933629002928,-0.0075463297670424435,0.31554161456325514,-0.10405519661862186,-0.04978238777341856,0.20205414679908118,-0.06360854966543411,-0.034341225649944004,55.46,53.56,5,1514.0,0.0,427.0,1312.0,0.0,402.0,4,0,1,0.09851701187368242,-0.051688520770805886,0.02676126049910245,0.22035983868147302,-0.13746007103163993,0.06538594744602588,0.20817039132483633,-0.1361630217101809,0.0678850348695122,29.84,46.6,4,1019.0,473.0,0.0,964.0,434.0,0.0,3,1,0,0.06576883433333747,-0.0007428908528831768,-0.018907606403094676,0.09951832232915306,0.00888866291728678,-0.037210125463033386,0.16320859042339148,0.0016003690317634711,-0.05718759378914185
92,least_connections,3267,measured,380,328,11,medium,0,100.0,84.5,5,1224.0,732.0,0.0,1040.0,650.0,0.0,3,2,0,0.033930558516940615,0.031295453107207064,-0.006827631693990782,0.28549003222389746,0.1350611713133104,-0.04504120798547394,0.18281089472297823,0.090830359826512,-0.03107063273090172,55.46,53.56,5,1514.0,427.0,0.0,1312.0,402.0,0.0,4,1,0,0.0891344393142841,-0.0036819042801622404,-0.018871331203759913,0.1993731873784756,-0.013987683314340887,-0.05122223802502421,0.18834463977009,-0.009534400594925607,-0.05224092083234609,29.84,46.6,4,1019.0,473.0,0.0,964.0,434.0,0.0,3,1,0,0.05950513582540057,-0.000672139343084785,-0.017106881983752327,0.09004038686923373,0.008042123591830888,-0.03366630399036354,0.14766491514497324,0.0014479529335002794,-0.05174115628541406
92,least_connections,3268,measured,370,322,10,medium,2,100.0,84.5,5,1576.0,380.0,0.0,1362.0,328.0,0.0,4,1,0,0.07378297698017983,-0.014768966463093836,-0.00617738105646785,0.4247766958216216,-0.0901192577006556,-0.04075156912971452,0.31106699998745657,-0.06348681729982247,-0.02811152485176822,55.46,53.56,5,1514.0,427.0,0.0,1312.0,402.0,0.0,4,1,0,0.08064544509387608,-0.0033312467296705978,-0.017074061565306588,0.18038526477100175,-0.012655522998689384,-0.04634392964168857,0.1704070550300814,-0.008626362443027918,-0.04726559503878932,33.36,53.6,4,825.0,843.0,0.0,852.0,756.0,0.0,2,2,0,0.010754079805747913,0.042475774154442564,-0.015477655128156867,0.046360350024544805,0.07422858801165652,-0.030459989324614634,0.0998238121152932,0.09842116376523041,-0.046813427115374624
92,least_connections,3269,measured,495,419,18,heavy,2,74.13,47.95,3,732.0,380.0,0.0,631.0,328.0,0.0,2,1,0,-0.019411773661923454,-0.01336239822851347,-0.00558905905108996,-0.0789163228280566,-0.08153647125297409,-0.03687046730783695,-0.04924890477325361,-0.05744045374745843,-0.025434236770647437,41.43,40.41,4,1023.0,427.0,0.0,891.0,402.0,0.0,3,1,0,0.02988102628674956,-0.0030139851363686354,-0.015447960463848817,0.03628054567716482,-0.011450235094052297,-0.04193022205676585,0.035145073598645105,-0.007804804115120495,-0.042764109796999863,35.0,53.4,4,412.0,843.0,495.0,427.0,756.0,419.0,1,2,1,-0.03335401849774734,0.03843046233020994,0.029080307491758297,-0.03278825473969757,0.06715919867721305,0.06201239061106295,-0.037857820784575946,0.08904771959711325,0.08401007387974041
92,least_connections,3270,measured,387,342,11,medium,0,74.6,49.6,3,352.0,767.0,0.0,322.0,670.0,0.0,1,2,0,-0.0606469335399262,0.030994111353340417,-0.005056767712890916,-0.3006068317650671,0.15965747839016625,-0.033358994230900094,-0.18434424717580086,0.10274435137134713,-0.023011928506776254,36.37,37.09,3,846.0,427.0,0.0,785.0,402.0,0.0,2,1,0,-0.01604868596731729,-0.00272693893290496,-0.013976726133958454,-0.012929846428143377,-0.010359736513666368,-0.037936867575169106,0.0018276856368693584,-0.007061489437489965,-0.03869133743538083,35.0,53.4,4,412.0,843.0,495.0,427.0,756.0,419.0,1,2,1,-0.030177445307485687,0.034770418298761374,0.026310754397305125,-0.02966556381210733,0.060763084517478486,0.05610644864810457,-0.03425231404318774,0.08056698439738819,0.07600911446262229
92,least_connections,3271,measured,477,409,19,heavy,0,100.0,70.05,4,732.0,387.0,477.0,650.0,342.0,409.0,2,1,1,-0.011787134880794914,-0.015041609002306514,0.03850872943890368,-0.042771260485854334,-0.0847543449485797,0.2575323385529952,-0.01840669982572457,-0.05542177733068593,0.16420349325577385,12.2,12.56,1,0.0,427.0,0.0,0.0,402.0,0.0,0,1,0,-0.10068804013823038,-0.002467230463104486,-0.012645609359295745,-0.2303923100336263,-0.009373094940936244,-0.034323832568010144,-0.22029578442378486,-0.006388966633919496,-0.03500644815582075,35.0,53.4,4,782.0,473.0,495.0,749.0,434.0,419.0,2,1,1,0.015780497329508425,-0.011624950337401838,0.023804968264228447,0.040112108931902896,-0.011976256865138521,0.050762977348285096,0.06612092221489363,-0.024217172846807522,0.06877015118046778
92,least_connections,3272,measured,353,320,6,medium,1,100.0,70.05,4,732.0,387.0,477.0,650.0,342.0,409.0,2,1,1,-0.010664550606433482,-0.013609074811610652,0.03484123139710334,-0.03869780710624915,-0.07668250257252451,0.23300544916699562,-0.016653680794703196,-0.05014351282300156,0.14856506532665253,22.29,22.56,2,353.0,427.0,0.0,320.0,402.0,0.0,1,1,0,-0.04801480275545107,-0.00223225613328501,-0.011441265610791389,-0.11719848458824696,-0.00848041923227566,-0.03105489613296156,-0.10883904305009107,-0.005780493621165256,-0.03167250071240925,26.76,39.17,3,843.0,0.0,495.0,756.0,0.0,419.0,2,0,1,0.014277592821936191,-0.0536017124367876,0.021537828429540024,0.0473300033193407,-0.09642613716369676,0.04592840807701985,0.06193480263887202,-0.15279966432171474,0.06222061297280418
92,least_connections,3273,measured,390,349,10,medium,1,100.0,70.05,4,732.0,387.0,477.0,650.0,342.0,409.0,2,1,1,-0.00964887912010648,-0.01231297244860012,0.031523018883093494,-0.035012301667558754,-0.06937940708942697,0.21081445400823415,-0.015067615957112424,-0.0453679401731919,0.13441601148601895,33.43,33.47,3,353.0,817.0,0.0,320.0,751.0,0.0,1,2,0,-0.043441964397789065,0.04106423991568998,-0.010351621266906495,-0.10603672415127106,0.09314356627283904,-0.02809728697744141,-0.09847341990246333,0.09344562481894572,-0.02865607207313218,26.76,39.17,3,843.0,495.0,0.0,756.0,419.0,0.0,2,1,0,0.012917822076989882,-0.00541288721605046,-0.023597293552411632,0.04282238395559396,0.0023287330423696073,-0.04801715459698204,0.05603625000659851,-0.01188223597361493,-0.07007023905635178
92,least_connections,3274,measured,167,112,4,light,1,100.0,70.05,4,1119.0,0.0,477.0,992.0,0.0,409.0,3,0,1,0.03435396197523245,-0.05422420863263367,0.028520826608513163,0.20175077468173253,-0.29620041593805296,0.1907368869598309,0.14108168080070776,-0.19576146968050698,0.12161448658258858,38.2,36.97,4,947.0,390.0,0.0,834.0,349.0,0.0,3,1,0,0.046863165998372244,-0.005930540303037857,-0.009365752574820162,0.05761303189034658,-0.026108201943621817,-0.025421354884351755,0.05623238199300934,-0.02911467278285862,-0.025926922351881494,26.76,39.17,3,843.0,495.0,0.0,756.0,419.0,0.0,2,1,0,0.011687553307752757,-0.0048973741478551824,-0.021349932261705763,0.03874406167410882,0.0021069489430963206,-0.04344409225441232,0.05069946429168437,-0.010750594452318296,-0.06339688295574684
92,least_connections,3275,measured,426,413,18,heavy,2,82.93,53.95,3,767.0,0.0,477.0,670.0,0.0,409.0,2,0,1,-0.012001744153928018,-0.04905999828666856,0.025804557407702385,-0.02978104512922619,-0.26799085251538124,0.1725714691541327,-0.018021336418407252,-0.17711752018712537,0.11003215452710396,38.2,36.97,4,947.0,390.0,0.0,834.0,349.0,0.0,3,1,0,0.0424000073318606,-0.005365726940843779,-0.008473776139123004,0.05212607647221834,-0.023621706520419727,-0.023000273466794445,0.050876917041294156,-0.026341846803538765,-0.023457691651702306,35.28,52.93,4,843.0,495.0,426.0,756.0,419.0,413.0,2,1,1,0.010574452992728689,-0.00443095756234517,0.02376729484711882,0.03505415103847939,0.0019062871389919078,0.03777915462696028,0.04587094388295254,-0.009726728314002286,0.0671964709765465
92,least_connections,3276,measured,361,345,8,medium,0,100.0,71.2,4,767.0,838.0,0.0,670.0,754.0,0.0,2,2,0,-0.010858720901172958,0.04178018295605271,-0.019736919715026637,-0.02694475511691896,0.2629924032797344,-0.1315781945748323,-0.016305018664273196,0.1808460531640294,-0.08547090780881068,38.2,36.97,4,1337.0,0.0,0.0,1183.0,0.0,0.0,4,0,0,0.08144581162225029,-0.047938605554187455,-0.007666749840158908,0.14797801476738123,-0.1221883467157539,-0.020809771231861642,0.14470709160878995,-0.12250869472701127,-0.02122362578011161,35.28,52.93,4,843.0,495.0,426.0,756.0,419.0,413.0,2,1,1,0.00956736223151644,-0.004008961604026584,0.021503742956917028,0.031715660463386114,0.001724735982897449,0.03418113990058311,0.0415022825607666,-0.008800373236478254,0.06079680707401826
92,least_connections,3277,measured,484,449,17,heavy,0,100.0,93.65,5,1128.0,477.0,484.0,1015.0,409.0,449.0,3,1,1,0.03325934322093421,-0.005282782314138257,0.025226687151257077,0.1933674437831051,0.020199475983251725,0.17288956998785013,0.1413192688275623,0.0075511909579313585,0.1257882262682189,38.2,36.97,4,1337.0,0.0,0.0,1183.0,0.0,0.0,4,0,0,0.07368906765822646,-0.04337302407283627,-0.006936583188715203,0.1338848705038211,-0.11055136131425353,-0.018827888257398628,0.13092546383652423,-0.11084119999110544,-0.019202328086767646,35.28,52.93,4,843.0,495.0,426.0,756.0,419.0,413.0,2,1,1,0.008656184876133927,-0.0036271557369764312,0.019455767437210645,0.028695121371635046,0.0015604754130977005,0.030925793243384715,0.03754968422164598,-0.007962242452051738,0.055006634971730806
92,least_connections,3278,measured,166,105,6,light,1,100.0,77.25,4,748.0,477.0,484.0,687.0,409.0,449.0,2,1,1,-0.012992113503054986,-0.004779660188982238,0.022824145517804022,-0.0542548524502065,0.018275716365799166,0.15642389665567394,-0.020520661536967355,0.006832029914318832,0.11380839519505521,28.09,26.75,3,983.0,0.0,0.0,856.0,0.0,0.0,3,0,0,0.023587160987828468,-0.03924225987542329,-0.006275956218361374,0.02962372637420546,-0.10002266023670557,-0.017034756042408283,0.026001014899712405,-0.10028489523004777,-0.017373534935646917,27.88,42.2,3,473.0,495.0,426.0,434.0,419.0,413.0,1,1,1,-0.035252113910255234,-0.003281712333454867,0.017602837205095347,-0.04099012828280636,0.0014118587070884037,0.0279804796011576,-0.06313758729152666,-0.007203933647094429,0.049767907831565955
92,least_connections,3279,measured,357,307,9,medium,1,100.0,77.25,4,748.0,477.0,484.0,687.0,409.0,449.0,2,1,1,-0.01175476935990688,-0.004324454456698212,0.020650417373251257,-0.04908772364542496,0.016535171950008754,0.1415263826884669,-0.018566312819160935,0.0061813603986694,0.10296950041457377,38.29,36.34,4,983.0,357.0,0.0,856.0,307.0,0.0,3,1,0,0.02134076470327337,0.007578998434707718,-0.005678246102326957,0.026802419100471597,0.001789021690599718,-0.015412398324083684,0.02352472776640646,-0.003933357589090844,-0.0157189125608234,18.42,27.73,2,0.0,921.0,0.0,0.0,832.0,0.0,0,2,0,-0.07497866995508354,0.040114731925060106,-0.027157523707861578,-0.12267678273206291,0.07836311025879428,-0.051770042265619313,-0.18801337262884157,0.11803771082723202,-0.07952744846985302
92,least_connections,3280,measured,384,343,13,medium,2,100.0,77.25,4,748.0,961.0,0.0,687.0,858.0,0.0,2,2,0,-0.010635267516106217,0.039171298575458986,-0.02440018927000623,-0.044412702345860644,0.3068969016055635,-0.16388882836122834,-0.016798092550669386,0.20871170702736758,-0.10995616629157612,38.29,36.34,4,983.0,357.0,0.0,856.0,307.0,0.0,3,1,0,0.019308310922009242,0.006857189059973651,-0.0051374607592482,0.02424980775756952,0.0016186386724473534,-0.013944550864647144,0.02128427750293918,-0.00355875210441553,-0.014221873269316409,26.1,39.17,3,495.0,810.0,0.0,419.0,756.0,0.0,1,2,0,-0.024753944018318208,0.036294281265530574,-0.024571092878541426,-0.021421851043294998,0.05081424261509958,-0.046839562049846045,-0.04374225777530111,0.08387538916114645,-0.07195340575843845
92,least_connections,3281,measured,395,322,9,medium,2,88.13,60.15,3,361.0,961.0,0.0,345.0,858.0,0.0,1,2,0,-0.05270628512228204,0.03544069871112956,-0.022076361720481826,-0.2736114925986358,0.2776686252621765,-0.14828036851730184,-0.1699125599267961,0.1888344015961897,-0.09948415045428316,26.09,23.78,3,913.0,0.0,0.0,761.0,0.0,0.0,3,0,0,0.017469424167532166,-0.03687977679154311,-0.004648178782176942,0.003845064161610512,-0.09082123167730953,-0.012616498401347416,-0.007602915592578835,-0.09002041857066166,-0.012867409148429132,34.0,49.9,4,495.0,1205.0,0.0,419.0,1078.0,0.0,1,3,0,-0.02239642554038314,0.07592158327652312,-0.022230988794870815,-0.01938167475345738,0.11745098141366152,-0.042378651378432136,-0.03957632846336767,0.172998367971196,-0.06510070044811098
92,least_connections,3282,measured,445,450,16,heavy,0,100.0,82.65,4,361.0,961.0,445.0,345.0,858.0,450.0,1,2,1,-0.04768663892015994,0.03206539407197437,0.02311004914632143,-0.24755325520828955,0.25122399428482634,0.13425426975418725,-0.15373041136233934,0.17085017287274307,0.11356195911279143,26.09,23.78,3,913.0,0.0,0.0,761.0,0.0,0.0,3,0,0,0.01580566948491005,-0.033367417097110434,-0.0042054950886362815,0.003478867574790434,-0.08217159056518482,-0.011414927125028614,-0.006878828393285602,-0.08144704537345579,-0.0116419416104835,34.0,49.9,4,495.0,1205.0,0.0,419.0,1078.0,0.0,1,3,0,-0.020263432631775213,0.06869095629780664,-0.02011375176678788,-0.01753580096741382,0.10626517365997948,-0.03834258934239098,-0.035807154323999335,0.15652233292632017,-0.058900633738767076
92,least_connections,3283,measured,437,434,14,heavy,1,100.0,82.65,4,838.0,484.0,445.0,754.0,449.0,450.0,2,1,1,-6.115403433970545e-05,-0.014072353209256747,0.02090909208476701,0.06373753100202373,-0.0604163861232524,0.12146814882521703,0.04593438971978825,-0.03044508168656576,0.10274653443538273,27.43,26.44,3,523.0,437.0,0.0,412.0,434.0,0.0,2,1,0,-0.028783532597553035,0.01289433237699078,-0.0038049717468613977,-0.0976687796772304,0.03862026159748584,-0.010327791208359223,-0.1048992971177346,0.049018149424016194,-0.010533185266627929,34.0,49.9,4,890.0,810.0,0.0,741.0,756.0,0.0,2,2,0,0.0247503183218179,0.019065060233162928,-0.01819815636042713,0.05561046579138748,0.024668490454267167,-0.03469091416692517,0.064714161960826,0.044504332965083326,-0.05329104957317021
92,least_connections,3284,measured,361,303,10,medium,1,93.73,65.4,3,477.0,929.0,0.0,409.0,899.0,0.0,1,2,0,-0.04313923006735043,0.030351771132667932,-0.024166150245301502,-0.1600787417918198,0.21375025382499385,-0.15851294471369254,-0.1145117426344773,0.17602587847405954,-0.11061027836798706,33.0,32.62,3,357.0,798.0,0.0,307.0,737.0,0.0,1,2,0,-0.06912614400549583,0.054750200948796644,-0.0034425934852555505,-0.1312785557623921,0.1282618693365008,-0.009344192045658345,-0.12459638786842654,0.13001939709791943,-0.009530024765044316,34.0,49.9,4,890.0,810.0,0.0,741.0,756.0,0.0,2,2,0,0.022393145148311422,0.017249340210956948,-0.01646499861181502,0.0503142309541125,0.022319110411003623,-0.03138701757959896,0.05855090844074731,0.040265825063646815,-0.048215711518582574
92,least_connections,3285,measured,386,325,10,medium,0,100.0,81.65,4,477.0,1315.0,0.0,409.0,1224.0,0.0,1,3,0,-0.03903073196569801,0.0705450264896474,-0.02186461212670136,-0.14483314733545605,0.4262184836194389,-0.14341647378857897,-0.10360586238357469,0.3062853186193872,-0.10007596614246449,33.0,32.62,3,357.0,798.0,0.0,307.0,737.0,0.0,1,2,0,-0.06254270171925813,0.0495358960965303,-0.0031147274390407364,-0.11877583616597383,0.11604645320921501,-0.008454268993690884,-0.11273006521429067,0.11763659737430805,-0.008622403358849619,34.0,49.9,4,890.0,810.0,0.0,741.0,756.0,0.0,2,2,0,0.020260464657996052,0.015606545905151537,-0.014896903505927876,0.045522399434673205,0.020193480848050893,-0.028397777810113347,0.05297463144639042,0.03643098458139474,-0.04362373899300328
92,least_connections,3286,measured,151,125,2,light,1,100.0,81.65,4,477.0,1315.0,0.0,409.0,1224.0,0.0,1,3,0,-0.03531351939753628,0.0638264525382524,-0.019782268114634564,-0.13103951425588883,0.38562624708425425,-0.1297577619991905,-0.09373863739466284,0.2771152882746836,-0.09054492174794405,37.31,36.53,4,508.0,798.0,0.0,432.0,737.0,0.0,2,2,0,-0.013502353709714282,0.044818191706384555,-0.0028180867305606662,-0.06842983816377224,0.10499441004643263,-0.007649100518101276,-0.06665160662245345,0.10643311191008824,-0.007801222086578227,34.0,49.9,4,1700.0,0.0,0.0,1497.0,0.0,0.0,4,0,0,0.1044986970488445,-0.07204759225361572,-0.013478150791077602,0.18775836139327579,-0.128301136375573,-0.025693227542483505,0.2759294284514961,-0.1950386329977857,-0.039469097184145825
92,least_connections,3287,measured,481,444,18,heavy,0,100.0,100.0,5,961.0,831.0,481.0,858.0,775.0,444.0,2,2,1,0.011133573152795978,0.014663842545947187,0.025185657646849904,0.17337694741927523,0.05696342990162684,0.17272710422295462,0.11830789950006693,0.04760430843899949,0.11893554698995538,37.31,36.53,4,869.0,437.0,0.0,735.0,434.0,0.0,3,1,0,0.030867484965587305,-0.0025341077305046783,-0.002549697518126317,0.03140701717155303,0.001675214531806385,-0.006920614754472583,0.02536580829397067,0.010626982204365545,-0.007058248554523158,24.1,35.93,3,1205.0,0.0,0.0,1078.0,0.0,0.0,3,0,0,0.05146253996029242,-0.06518591680089042,-0.012194517382403545,0.08030518411772569,-0.11608198053028033,-0.023246253490818408,0.12328535590055995,-0.17646352509323468,-0.03571013554756051
92,least_connections,3288,measured,166,120,6,light,2,100.0,100.0,5,1347.0,445.0,481.0,1183.0,450.0,444.0,3,1,1,0.05315713307928706,-0.029816614113757522,0.02278702358524515,0.3896902540142648,-0.18128705548582968,0.15627690382076848,0.2540642900238701,-0.10395324474566711,0.10760835203853106,22.8,23.03,2,361.0,437.0,0.0,303.0,434.0,0.0,1,1,0,-0.05824007596084051,-0.0022927641371232738,-0.0023068691830666677,-0.10290385521213227,0.0015156702906819614,-0.006261508587379956,-0.0991928401149789,0.009614888661092641,-0.006386034406473334,27.42,39.93,4,1371.0,0.0,0.0,1198.0,0.0,0.0,4,0,0,0.08964524590511717,-0.05897773424842467,-0.011033134774555588,0.10269516658270422,-0.10502655381311078,-0.02103232458693094,0.14773436962431613,-0.15965747508435518,-0.03230917025731665
92,least_connections,3289,measured,379,311,9,medium,1,100.0,100.0,5,1347.0,445.0,481.0,1183.0,450.0,444.0,3,1,1,0.048094548976497814,-0.026976936579113944,0.02061683086284085,0.35257689648909674,-0.16402162163003636,0.14139338917117147,0.2298676909739777,-0.09405293572227022,0.09735993755867095,33.63,32.75,3,361.0,816.0,0.0,303.0,745.0,0.0,1,2,0,-0.052693402059808075,0.04100949457888393,-0.0020871673561079374,-0.09310348804907206,0.09934410985483472,-0.0056651744362009124,-0.0897459029611714,0.09663073259813146,-0.0057778406534758735,27.42,39.93,4,1371.0,0.0,0.0,1198.0,0.0,0.0,4,0,0,0.08110760343796315,-0.05336080717714613,-0.009982360034121722,0.09291467452720858,-0.0950240248785288,-0.01902924605484228,0.1336644296600955,-0.14445200126679755,-0.029232106423286493
92,least_connections,3290,measured,170,102,4,light,1,100.0,83.4,4,870.0,445.0,481.0,774.0,450.0,444.0,2,1,1,0.0004302155138835029,-0.02440770452396024,0.018653323161617913,0.03128385872823036,-0.14840051480812816,0.1279273521072504,0.02295172040502741,-0.0850955132725302,0.08808756255308325,38.49,35.94,4,968.0,379.0,0.0,839.0,311.0,0.0,3,1,0,0.0384928176374979,-0.005980071798243336,-0.0018883895126690863,0.07267507543859467,-0.02308322033542165,-0.0051256340137055875,0.07034894493989258,-0.035280527649309654,-0.0052275701150496,19.52,29.2,3,976.0,0.0,0.0,876.0,0.0,0.0,3,0,0,0.030299169550447383,-0.04827882554122745,-0.009031659078491083,0.01258946742937922,-0.08597411774724034,-0.017216936906762063,0.023823372867070536,-0.13069466781281683,-0.0264480962877354
92,least_connections,3291,measured,167,114,4,light,2,100.0,83.4,4,1315.0,481.0,0.0,1224.0,444.0,0.0,3,1,0,0.04347314283455672,-0.022083161235964016,-0.026207084032912588,0.2967171420239545,-0.11255284673116361,-0.17438318936328137,0.22433727084264382,-0.07970546438943207,-0.12115887197578182,38.49,35.94,4,1347.0,0.0,0.0,1150.0,0.0,0.0,4,0,0,0.07791073523211262,-0.04849444137754896,-0.0017085428924148876,0.16372642879818425,-0.11885760751436109,-0.004637478393352675,0.1515805930408552,-0.11985202501604207,-0.004729706294568686,22.86,33.0,4,1143.0,0.0,0.0,990.0,0.0,0.0,4,0,0,0.07049743458192405,-0.04368084215634865,-0.008171501071015741,0.04160951815039071,-0.07778610653321745,-0.01557722862992758,0.05593543259401623,-0.11824755659254856,-0.02392922997461774
92,least_connections,3292,measured,397,305,8,medium,0,100.0,98.65,5,1315.0,878.0,0.0,1224.0,749.0,0.0,3,2,0,0.03933284351697988,0.023103897203742313,-0.023711171267873293,0.2684583665931016,0.13762678946545515,-0.15777526656677837,0.20297181647667772,0.06586172269527574,-0.10961993178761212,38.49,35.94,4,1347.0,0.0,0.0,1150.0,0.0,0.0,4,0,0,0.07049066521000666,-0.04387592315111572,-0.0015458245217087078,0.14813343557930955,-0.10753783537013623,-0.004195813784461944,0.13714434608458329,-0.10843754644308569,-0.004279258076038335,22.86,33.0,4,1143.0,0.0,0.0,990.0,0.0,0.0,4,0,0,0.06378339319316939,-0.03952076195098211,-0.007393262873776147,0.03764670689797253,-0.07037790591100626,-0.014093683046124954,0.05060824853744328,-0.10698588453611536,-0.021650255691320813
92,least_connections,3293,measured,374,329,8,medium,1,100.0,98.65,5,1712.0,481.0,0.0,1529.0,444.0,0.0,4,1,0,0.07867075864688203,-0.022180374185276228,-0.02145296448045679,0.35447820469534586,-0.11494084127728665,-0.14274905070327568,0.3216173577646132,-0.0783870127995124,-0.09917993828403002,49.17,46.22,5,1347.0,374.0,0.0,1150.0,329.0,0.0,4,1,0,0.06377726852333937,0.003386636423366951,-0.0013986031386888308,0.13402548933366104,-0.0006158646546130381,-0.0037962124716560443,0.12408297979081345,-0.0050893277342203835,-0.0038717096878442075,6.66,7.8,2,333.0,0.0,0.0,234.0,0.0,0.0,2,0,0,-0.02845901613588528,-0.035756879860412386,-0.0066891426000831805,-0.11251012233040582,-0.06367524820519614,-0.012751427517922577,-0.18221158465659898,-0.09679675267553295,-0.01958832657786169
92,least_connections,3294,measured,392,314,11,medium,2,100.0,76.2,4,1228.0,481.0,0.0,1080.0,444.0,0.0,3,1,0,0.0280944052156597,-0.020067957596202293,-0.019409825006127573,0.1566548836132493,-0.10399409448897362,-0.1291539030172494,0.08786808559655485,-0.07092158300908266,-0.08973422987602715,34.0,33.56,3,1190.0,0.0,0.0,1074.0,0.0,0.0,3,0,0,0.01461934272293064,-0.04001980060561584,-0.0012654028397660851,0.0806761230025641,-0.09723748298682676,-0.003434668426736421,0.09077745790597408,-0.09762546318810415,-0.003502975431859045,11.18,14.27,2,167.0,392.0,0.0,114.0,314.0,0.0,1,1,0,-0.06883253387351071,0.010732437495908062,-0.0060520814000752585,-0.13183296782274811,0.013322394481013008,-0.011537005849548998,-0.20104857659406575,0.007120398372930506,-0.017722771665684384
92,least_connections,3295,measured,197,114,6,light,2,88.2,59.95,3,842.0,481.0,0.0,755.0,444.0,0.0,2,1,0,-0.0176651526506843,-0.01815672353942112,-0.017561270243639234,-0.09109002593721882,-0.09408989501383325,-0.1168535313013209,-0.06752411303168854,-0.06416714653202718,-0.08118811274497695,34.0,33.56,3,1190.0,0.0,0.0,1074.0,0.0,0.0,3,0,0,0.013227024368365814,-0.03620839102412862,-0.0011448882835978866,0.07299268271660564,-0.08797677032141468,-0.003107557147999619,0.08213198572445274,-0.08832780002733233,-0.003169358724062945,11.78,14.27,2,197.0,392.0,0.0,114.0,314.0,0.0,1,1,0,-0.06227705445698588,0.009710300591535867,-0.005475692695306187,-0.11384887564915308,0.012053595006630821,-0.01043824338768719,-0.18190109310891664,0.006442265194556165,-0.01603488864990492
92,least_connections,3296,measured,168,103,4,light,2,88.2,59.95,3,842.0,481.0,0.0,755.0,444.0,0.0,2,1,0,-0.01598275716014294,-0.016427511773761963,-0.015888768315673592,-0.08241478537176938,-0.08512895263156339,-0.10572462355833795,-0.06109324512390868,-0.058055989719453166,-0.07345591153116962,34.0,33.56,3,1190.0,0.0,0.0,1074.0,0.0,0.0,3,0,0,0.011967307761854784,-0.03275997283135447,-0.0010358513042076118,0.0660409986483575,-0.07959803029080376,-0.0028115993243806076,0.07430989184593345,-0.07991562859615782,-0.0028675150360569506,15.14,17.7,3,365.0,392.0,0.0,217.0,314.0,0.0,2,1,0,-0.013262006186706032,0.008785510059008642,-0.004954198152896073,-0.07260612558732897,0.010905633577427881,-0.009444124969812218,-0.13351368741600395,0.005828716128407949,-0.014507756397533022
92,least_connections,3297,measured,356,301,12,medium,0,100.0,75.0,4,842.0,837.0,0.0,755.0,745.0,0.0,2,2,0,-0.0144605898115579,0.02822091338382987,-0.01437555228560944,-0.07456575819350564,0.13770872539683954,-0.0956556117908772,-0.055274840826393556,0.08363981882525662,-0.06646011043296299,21.51,20.0,2,753.0,0.0,0.0,640.0,0.0,0.0,2,0,0,-0.03225633606126971,-0.02963997541884452,-0.0009371987990449821,-0.053214606665091535,-0.0720172655012034,-0.002543827960153883,-0.05547557404415543,-0.0723046163489047,-0.0025944183659562885,15.14,17.7,3,365.0,392.0,0.0,217.0,314.0,0.0,2,1,0,-0.011998957978448327,0.007948794815293536,-0.004482369757382161,-0.06569125648377384,0.009867001808149034,-0.00854468449649677,-0.12079809813828929,0.005273600306654802,-0.013126065312053688
92,least_connections,3298,measured,472,430,18,heavy,1,82.27,52.5,3,878.0,356.0,0.0,749.0,301.0,0.0,2,1,0,-0.013083390781885723,-0.017550692879482716,-0.01300645206793235,-0.04574997169888606,-0.16553337543460556,-0.08654555352507937,-0.05272485598578469,-0.12518302106286303,-0.06013057610601413,24.17,23.72,2,374.0,0.0,472.0,329.0,0.0,430.0,1,0,1,-0.07226820428219186,-0.026817120617049803,0.04223595845619286,-0.14611933800311,-0.0651584783106126,0.11971204681156146,-0.13812373365899777,-0.06541846241091377,0.11923005004984907,15.14,17.7,3,757.0,0.0,0.0,531.0,0.0,0.0,3,0,0,0.032227700151018404,-0.035892133489110835,-0.004055477399536241,0.011498386990871301,-0.062006045983103254,-0.007730905020639934,-0.014595104664801434,-0.08992706004001073,-0.01187596385376286
92,least_connections,3299,measured,160,108,3,light,1,82.27,52.5,3,878.0,356.0,0.0,749.0,301.0,0.0,2,1,0,-0.01183735356456328,-0.01587919831953198,-0.011767742347176889,-0.04139283153708739,-0.14976829205988124,-0.07830311985602419,-0.047703441129995694,-0.11326082858068556,-0.05440385457210802,28.74,27.09,3,534.0,0.0,472.0,437.0,0.0,430.0,2,0,1,-0.022301617933320972,-0.024263109129711725,0.038213486222269735,-0.0908426663565553,-0.058952908947697114,0.10831089949617466,-0.09443337807242655,-0.05918813265749341,0.10787480718795868,15.14,17.7,3,757.0,0.0,0.0,531.0,0.0,0.0,3,0,0,0.02915839537473093,-0.03247383506157647,-0.0036692414567232657,0.010403302515550245,-0.056100708270426757,-0.0069946283520075595,-0.013205094696725095,-0.08136257813143828,-0.010744919677214016
92,least_connections,3300,measured,415,422,18,heavy,0,83.47,58.35,3,481.0,356.0,415.0,444.0,301.0,422.0,1,1,1,-0.05379388678517176,-0.014366893717671789,0.03243689524597828,-0.27691097456530134,-0.13550464519703542,0.17947178044772416,-0.18113644673666277,-0.10247408300157265,0.1416822268157118,28.74,27.09,3,534.0,0.0,472.0,437.0,0.0,430.0,2,0,1,-0.02017765432062374,-0.02195233683164394,0.034574106582053565,-0.08219098384640719,-0.05333834619077358,0.09799557573463422,-0.08543972301790972,-0.05355116764249404,0.09760101602720071,11.78,14.27,2,589.0,0.0,0.0,428.0,0.0,0.0,2,0,0,-0.016702494887715108,-0.029381088865235855,-0.003319789889416288,-0.020987488200216467,-0.050757783673243254,-0.0063284732708639825,-0.0430109586938624,-0.0736137611665394,-0.009721593993669824
92,least_connections,3301,measured,472,446,14,heavy,2,83.47,58.35,3,481.0,356.0,415.0,444.0,301.0,422.0,1,1,1,-0.04867065947229826,-0.012998618125512576,0.02934766712731368,-0.25053850079717743,-0.12259944089255587,0.1623792299288933,-0.16388535657126632,-0.0927146465252324,0.1281886814046916,18.06,16.81,2,160.0,0.0,472.0,108.0,0.0,430.0,1,0,1,-0.06133987318351218,-0.01986163808577309,0.031281334526619894,-0.17104354320797388,-0.04825850369641419,0.08866266375990714,-0.17032343987334692,-0.048451056438446986,0.08830568116746731,17.28,25.33,2,392.0,472.0,0.0,314.0,446.0,0.0,1,1,0,-0.058195681315642456,0.016501010301067785,-0.003003619423757594,-0.0546362988478149,0.03948581477182753,-0.005725761530781698,-0.07329562929444693,0.06790500973821038,-0.008795727899034603
92,least_connections,3302,measured,387,312,9,medium,1,83.47,58.35,3,837.0,0.0,415.0,745.0,0.0,422.0,2,0,1,-0.0009514583434172552,-0.05484455472126874,0.026552651210426666,-0.011947532467287525,-0.32565346239485216,0.1469145413642368,-0.012110560707336238,-0.22005134685616265,0.11598023555662575,24.54,23.19,2,0.0,859.0,0.0,0.0,742.0,0.0,0,2,0,-0.09858188072612553,0.06819774694733909,-0.014781740416958416,-0.19611422616775867,0.17839196604338037,-0.04179500489749899,-0.1846378741711234,0.16595499655569082,-0.04168176465800576,17.28,25.33,2,392.0,472.0,0.0,314.0,446.0,0.0,1,1,0,-0.05265323547605745,0.0149294855104899,-0.0027175604310187757,-0.04943284181468968,0.03572526098403444,-0.005180450908802489,-0.06631509317116625,0.061437865953618914,-0.007958039527697974
92,least_connections,3303,measured,365,308,5,medium,1,83.47,58.35,3,837.0,0.0,415.0,745.0,0.0,422.0,2,0,1,-0.0008608432630917984,-0.04962126379543363,0.024023827285624126,-0.010809672232307777,-0.29463884692867576,0.13292268028192852,-0.010957173973304257,-0.1990940757270043,0.1049344988369471,34.97,32.81,3,365.0,859.0,0.0,308.0,742.0,0.0,1,2,0,-0.046109229954022876,0.06170272342854488,-0.013373955615343328,-0.08308293932184968,0.16140225499162986,-0.03781452824059432,-0.07996998139292116,0.1501497587884822,-0.03771207278581473,17.28,25.33,2,392.0,472.0,0.0,314.0,446.0,0.0,1,1,0,-0.04763864162119483,0.013507629747586097,-0.0024587451518741305,-0.044724952118052566,0.03232285517603116,-0.0046870746317736805,-0.059999370012007544,0.055586640624702824,-0.007200131001250548
92,least_connections,3304,measured,180,102,6,light,2,83.47,58.35,3,837.0,415.0,0.0,745.0,422.0,0.0,2,1,0,-0.0007788581904163983,-0.0018115289214921115,-0.02134805649214506,-0.00978017963875466,-0.016260544046579672,-0.130054082919525,-0.009913633594894333,0.010772026723186584,-0.09596402486180977,34.97,32.81,3,752.0,472.0,0.0,620.0,430.0,0.0,2,1,0,0.0013660255064509574,0.012742373351449905,-0.012100245556739202,0.024870537892476147,0.04598979533256306,-0.03421314459863296,0.015860493025452282,0.04763549604672197,-0.03412044680621333,20.88,28.73,3,572.0,472.0,0.0,416.0,446.0,0.0,2,1,0,-1.772790670462321e-05,0.012221188819244569,-0.002224578946933737,-0.00789400429728565,0.029244488016409137,-0.004240686571604759,-0.0235232395346735,0.05029267485092159,-0.006514404239226686
92,least_connections,3305,measured,194,121,4,light,0,64.33,42.2,3,550.0,415.0,0.0,422.0,422.0,0.0,2,1,0,-0.0007046812199005548,-0.0016390023575404838,-0.019314908254797914,-0.18195984506998447,-0.014711920804048262,-0.11766797978433215,-0.15508852563347583,0.009746119416216448,-0.08682459392258979,34.97,32.81,3,752.0,472.0,0.0,620.0,430.0,0.0,2,1,0,0.0012359278391699258,0.011528813984645156,-0.010947841218002135,0.022501915236049858,0.041609814824699914,-0.030954749874953627,0.01434996988017112,0.04309878213751035,-0.030870880443716824,13.04,18.27,2,180.0,472.0,0.0,102.0,446.0,0.0,1,1,0,-0.04309993976139488,0.011057266074554609,-0.0020127142853210004,-0.07807552769754417,0.026459298681513033,-0.003836811660023353,-0.11598134370597443,0.04550289629369096,-0.005893984787871763
92,least_connections,3306,measured,387,317,11,medium,2,64.33,42.2,3,550.0,415.0,0.0,422.0,422.0,0.0,2,1,0,-0.0006375687227671567,-0.0014829068949175767,-0.0174753931829124,-0.16463033601570026,-0.013310785489376975,-0.10646150551915766,-0.1403181898588591,0.008817917567052996,-0.07855558497758124,34.97,32.81,3,752.0,472.0,0.0,620.0,430.0,0.0,2,1,0,0.0011182204259156392,0.010430831700393231,-0.009905189673430504,0.020358875689759387,0.037646975317585624,-0.028006678458291377,0.012983306082059581,0.038994136219652226,-0.02793079659193427,20.78,28.83,3,180.0,859.0,0.0,102.0,763.0,0.0,1,2,0,-0.038995183593642985,0.05308809334183059,-0.001821027210528524,-0.07063976315492093,0.09396793690232133,-0.003471401025735415,-0.10493550144826258,0.13677246172603788,-0.005332652903312547
92,least_connections,3307,measured,366,330,13,medium,0,88.73,58.7,4,550.0,781.0,0.0,422.0,752.0,0.0,2,2,0,-0.0005768478920274156,0.041742222559927177,-0.01581107002263503,-0.14895125639515744,0.20871881312865898,-0.09632231451733313,-0.12695455272944398,0.15726383017971463,-0.07107410069400207,34.97,32.81,3,752.0,472.0,0.0,620.0,430.0,0.0,2,1,0,0.0010117232424950995,0.009437419157498642,-0.008961838275960933,0.018419935147877542,0.03406154909686318,-0.025339375747977913,0.011746800740911056,0.035280408960637735,-0.02527072072603577,20.78,28.83,3,180.0,859.0,0.0,102.0,763.0,0.0,1,2,0,-0.0352813565847246,0.04803208445213244,-0.0016475960476210456,-0.06391216666397609,0.08501860957829073,-0.003140791404236804,-0.09494164416747566,0.12374651299022474,-0.004824781198235162
92,least_connections,3308,measured,458,400,18,heavy,1,88.73,58.7,4,550.0,781.0,0.0,422.0,752.0,0.0,2,2,0,-0.0005219099975486141,0.037766772792315065,-0.014305253830003122,-0.13476542245276152,0.18884083092592957,-0.08714876075377759,-0.11486364294568743,0.14228632254355134,-0.06430513872314472,37.63,35.69,3,387.0,472.0,458.0,312.0,430.0,400.0,1,1,1,-0.04216853157878561,0.008538617332974965,0.03497557035803081,-0.07768808588661419,0.030817592040019076,0.09546845595591115,-0.0764552755201281,0.03192037001200557,0.09023125267644383,20.78,28.83,3,652.0,387.0,0.0,548.0,317.0,0.0,2,1,0,0.011162672840577953,0.0003736999918386441,-0.0014906821383238033,0.027584230161164486,-0.008487924667260782,-0.0028416684133571084,0.04860835368974423,-0.022546805707256992,-0.00436527822697467
92,least_connections,3309,measured,390,322,11,medium,1,52.07,37.6,2,0.0,781.0,0.0,0.0,752.0,0.0,0,2,0,-0.0866400047370111,0.03416993728828506,-0.012942848703336158,-0.453676652060435,0.17085598988536488,-0.07884887877722734,-0.2948290102841934,0.12873524420607024,-0.05818083979713094,48.77,45.75,4,859.0,390.0,458.0,742.0,322.0,400.0,2,1,1,0.004931419274522758,0.00772541568221545,0.03164456365726597,0.051724384878097385,0.006685304362738342,0.08637622205534819,0.05240356024369361,-0.0016553795129473359,0.08163780004059204,20.78,28.83,3,652.0,387.0,0.0,548.0,317.0,0.0,2,1,0,0.010099561141475283,0.0003381095164254333,-0.0013487124108643935,0.024957160622005953,-0.007679550889426429,-0.0025710333263707173,0.043978986671673354,-0.020399490877994406,-0.003949537443453273
92,least_connections,3310,measured,382,321,9,medium,0,77.53,53.65,3,0.0,1163.0,0.0,0.0,1073.0,0.0,0,3,0,-0.07838857571443861,0.073999557773301,-0.011710196445875572,-0.4104693518642031,0.3849966892613618,-0.07133946175082473,-0.266750056923794,0.26168903047215875,-0.052639807435499425,48.77,45.75,4,859.0,390.0,458.0,742.0,322.0,400.0,2,1,1,0.004461760295996792,0.006989661807718747,0.028630795689907305,0.04679825298494525,0.0060486087091442126,0.07814991519293407,0.047412744982389454,-0.0014977243212380698,0.07386277146529754,17.18,25.43,2,859.0,0.0,0.0,763.0,0.0,0.0,2,0,0,0.00913769817562049,-0.04277799161665816,-0.0012202636098296894,0.060037431038957784,-0.07697673651900486,-0.002326173009573506,0.10463178159183145,-0.11405985682612192,-0.0035733910202672466
92,least_connections,3311,measured,397,325,14,medium,2,77.53,53.65,3,415.0,748.0,0.0,422.0,651.0,0.0,1,2,0,-0.027839096848210898,0.02386808061575306,-0.010594939641506469,-0.12105957232158054,0.09801287758567656,-0.06454522729836523,-0.05044052769295651,0.04586150376052461,-0.04762649244164234,37.71,36.0,3,472.0,390.0,458.0,430.0,322.0,400.0,1,1,1,-0.039047069482760266,0.0063239797307931556,0.025904053243249466,-0.05769953981634207,0.0054725507368447585,0.07070706612694035,-0.04531704025402861,-0.0013550839096915929,0.06682822180193587,25.12,36.27,3,859.0,397.0,0.0,763.0,325.0,0.0,2,1,0,0.008267441206513765,0.004380003049780937,-0.0011040480279411475,0.05431958046381895,0.002192476482805128,-0.002104632722947458,0.09466685001165703,-0.005181140302999196,-0.0032330680659560804
92,least_connections,3312,measured,494,432,17,heavy,0,100.0,75.25,4,797.0,366.0,494.0,743.0,330.0,432.0,2,1,1,0.017896145935518942,-0.021488970145837935,0.03349800245587056,0.12088260916936361,-0.14173438059708626,0.23957019117449493,0.09957761780161078,-0.10372054421666824,0.15233793540994264,37.71,36.0,3,472.0,848.0,0.0,430.0,722.0,0.0,1,2,0,-0.03532830096059261,0.048805596173665464,-0.019646899673341184,-0.052204345548119035,0.12334591325170308,-0.054421497993992755,-0.04100113165840685,0.11186920979599331,-0.05263160884586754,25.12,36.27,3,859.0,397.0,0.0,763.0,325.0,0.0,2,1,0,0.007480065853512463,0.003962859902182758,-0.0009989005967086574,0.049146287086312385,0.0019836691987284577,-0.0019041915112381763,0.08565095953435636,-0.004687698369380225,-0.002925156821579311
92,least_connections,3313,measured,499,441,15,heavy,1,100.0,75.25,4,1163.0,0.0,494.0,1073.0,0.0,432.0,3,0,1,0.059275651311274505,-0.0625263017872774,0.030307716507692414,0.3301318844865671,-0.3489977729211733,0.2167539824912097,0.2393797494395526,-0.2431281114341284,0.1378295606089957,51.97,49.78,4,862.0,458.0,499.0,752.0,400.0,441.0,2,1,1,0.011120199357649768,0.0010735439303685285,0.025308133855639153,0.05358382341564738,0.010782356887595296,0.0797546990938705,0.05394540469001283,0.010173332672565386,0.07706842532992939,25.12,36.27,3,859.0,397.0,0.0,763.0,325.0,0.0,2,1,0,0.006767678629368418,0.003585444673403451,-0.0009037672065459281,0.044465688316187385,0.0017947483226590927,-0.0017228399387393023,0.07749372529298909,-0.004241250905629726,-0.002646570457619377
92,least_connections,3314,measured,490,418,17,heavy,2,100.0,75.25,4,1163.0,0.0,494.0,1073.0,0.0,432.0,3,0,1,0.053630351186391215,-0.05657141590277479,0.027421267316483613,0.2986907526307036,-0.3157598897858235,0.19611074606347545,0.21658167806435713,-0.21997305320230665,0.12470293578909136,51.97,49.78,4,862.0,957.0,0.0,752.0,841.0,0.0,2,2,0,0.010061132752159307,0.04405520187804318,-0.020186064833560037,0.04848060213796668,0.1387486630343549,-0.056834183813028724,0.0488077471004878,0.13389194384660677,-0.054958924701492474,34.92,50.2,4,859.0,397.0,490.0,763.0,325.0,418.0,2,1,1,0.0061231378075237985,0.0032439737521269274,0.04226620608750153,0.04023086085750288,0.0016238199109772783,0.08710790672209301,0.07011337050318059,-0.0038373222479507058,0.12366897593516978
92,least_connections,3315,measured,164,113,6,light,0,100.0,80.9,5,1327.0,494.0,0.0,1186.0,432.0,0.0,4,1,0,0.09160659891920657,-0.008099761780515066,-0.01827418217851029,0.36916464920555736,0.012280734638223156,-0.12053472181558568,0.24707389920108502,-0.0035946671830393573,-0.08260210571463163,51.97,49.78,4,862.0,957.0,0.0,752.0,841.0,0.0,2,2,0,0.009102929632906043,0.0398594683658486,-0.01826358246845908,0.043863401934350815,0.12553450465013063,-0.05142140440226409,0.04415939023377466,0.12114033014692993,-0.04972474139658843,25.48,35.33,3,387.0,397.0,490.0,317.0,325.0,418.0,1,1,1,-0.0375439184009025,0.002935023870971984,0.0382408531267871,-0.04901017350987835,0.0014691703956461188,0.0788119156057032,-0.0710720298622017,-0.0034718629862411227,0.11189097822705837
92,least_connections,3316,measured,399,314,9,medium,2,100.0,80.9,5,1327.0,494.0,0.0,1186.0,432.0,0.0,4,1,0,0.08288216092690118,-0.007328355896656494,-0.016533783875795023,0.33400611118598045,0.01111114086315429,-0.10905522449981561,0.22354305165812455,-0.003252317927511794,-0.07473523850371433,38.49,36.34,3,390.0,957.0,0.0,322.0,841.0,0.0,1,2,0,-0.03484791627317571,0.036063328521482065,-0.01652419366193917,-0.08232767035871658,0.11357883754059439,-0.04652412779252465,-0.08162364693134673,0.1096031558472223,-0.04498905173977048,33.46,45.8,4,387.0,796.0,490.0,317.0,639.0,418.0,1,2,1,-0.03396830712462606,0.045739398014779636,0.034598867114712134,-0.04434253793750899,0.07352924940558458,0.07130601888135052,-0.06430326511342056,0.09155720332990883,0.10123469458638615
92,least_connections,3317,measured,436,449,17,heavy,1,100.0,80.9,5,1327.0,494.0,0.0,1186.0,432.0,0.0,4,1,0,0.07498862179100582,-0.00663041723983207,-0.014959137792385974,0.30219600535874425,0.010052936971425286,-0.09866901264269032,0.20225323721449368,-0.0029425733629868667,-0.06761759674145583,50.94,50.38,4,390.0,957.0,436.0,322.0,841.0,449.0,1,2,1,-0.031529067104301825,0.032628725805150444,0.02813343929452669,-0.0744869398483626,0.10276180539387111,0.0706142245142464,-0.07384996627121847,0.09916476005224872,0.08624502461639814,25.72,35.23,3,0.0,1286.0,0.0,0.0,1057.0,0.0,0,3,0,-0.07381713048237143,0.08446716509727228,-0.011780163313446387,-0.11014801051488908,0.1551931304145765,-0.024151697202587627,-0.15378231922960273,0.20890096174293338,-0.034470196961523654
92,least_connections,3318,measured,360,344,7,medium,2,93.73,59.8,4,912.0,494.0,0.0,764.0,432.0,0.0,3,1,0,0.02476294806034314,-0.005998948931276629,-0.013534458002634928,0.02309797310235584,0.009095514402718108,-0.08927196381957696,-0.00791373775831522,-0.0026623282807976545,-0.061177825623221944,50.94,50.38,4,390.0,957.0,436.0,322.0,841.0,449.0,1,2,1,-0.028526298808654024,0.02952122810942183,0.025454064123619387,-0.06739294557708997,0.092974966784931,0.06388906027479438,-0.06681663615015003,0.08972049719012978,0.07803121274816975,32.92,46.7,4,1156.0,490.0,0.0,983.0,418.0,0.0,3,1,0,0.06246477310098367,-0.009745127270268383,-0.010658242997880063,0.10952322858176701,-0.0036252629582402968,-0.021851535564245947,0.1573239333954388,-0.0037086536611554977,-0.031187321060426165
92,least_connections,3319,measured,428,439,15,heavy,0,96.8,65.7,4,530.0,494.0,428.0,443.0,432.0,439.0,2,1,1,-0.0206793281721612,-0.005427620461631241,0.030838438224373384,-0.2095145322724717,0.008229274935792563,0.17738885813149385,-0.1523743341622852,-0.0024087732064359824,0.14324387205518013,50.94,50.38,4,848.0,499.0,436.0,722.0,441.0,449.0,2,1,1,0.017274391780832288,-0.016374217651566186,0.023029867540417543,0.057419988015285944,-0.03427434977962024,0.0578043878676711,0.052642091102245187,-0.03191955016131115,0.07059966867691549,32.92,46.7,4,1156.0,490.0,0.0,983.0,418.0,0.0,3,1,0,0.05651574709136617,-0.008817019911195198,-0.0096431722361772,0.099092444907313,-0.003279999819360266,-0.019770436939079667,0.14234070164349225,-0.0033554485505692677,-0.028217100007052243
92,least_connections,3320,measured,178,107,3,light,0,84.27,54.55,4,342.0,922.0,0.0,220.0,871.0,0.0,2,2,0,-0.018709868346241082,0.0381731959995672,-0.015182456118990972,-0.30295759269096645,0.26560426462444725,-0.09766404899214047,-0.23874344519444857,0.19641587186084364,-0.06899363956912273,39.8,40.31,3,458.0,935.0,0.0,400.0,890.0,0.0,1,2,0,-0.027454688615528147,0.028269131875340345,-0.02224735340447483,-0.04886490880249639,0.08169735700211228,-0.060408274922447235,-0.04341310805034959,0.09806981175881374,-0.06307351405421933,32.92,46.7,4,1156.0,490.0,0.0,983.0,418.0,0.0,3,1,0,0.051133294987426525,-0.007977303729176613,-0.0087247748803508,0.08965506920185462,-0.002967618884183093,-0.017887538182976843,0.12878444434411201,-0.003035882021943631,-0.025529757149237744
92,least_connections,3321,measured,152,107,3,light,1,73.33,48.9,3,178.0,922.0,0.0,107.0,871.0,0.0,1,2,0,-0.06001187634954691,0.03453765352341794,-0.013736507917182308,-0.373025123545795,0.24030862037449985,-0.088362710992889,-0.26712502184259634,0.1777095983502871,-0.0624228167530158,44.14,43.66,4,1109.0,436.0,0.0,948.0,449.0,0.0,3,1,0,0.0613278440870845,-0.017507066625258957,-0.020128557842143895,0.12407460632155087,-0.05507654094366711,-0.054655105882214165,0.11566194985920752,-0.03595767031345423,-0.05706651271572225,32.92,46.7,4,1156.0,490.0,0.0,983.0,418.0,0.0,3,1,0,0.04626345736957638,-0.007217560516874083,-0.00789384393936501,0.0811164911826304,-0.002684988514260897,-0.01618396311793143,0.1165192591684823,-0.0027467504008061305,-0.023098351706453198
92,least_connections,3322,measured,394,312,10,medium,0,99.6,64.5,4,672.0,822.0,0.0,539.0,751.0,0.0,2,2,0,-0.011212559327594601,0.031248353187854322,-0.01242826906792685,-0.03953066733508437,0.1571046247832777,-0.07994721470785196,-0.04625597214330146,0.1064991604121645,-0.056477786586061916,44.14,43.66,4,1109.0,436.0,0.0,948.0,449.0,0.0,3,1,0,0.05548709703117169,-0.01583972694666287,-0.018211552333368287,0.11225797714806984,-0.049831156091889275,-0.04944985770295567,0.10464652606309252,-0.03253313028360144,-0.05163160674279632,32.92,46.7,4,1156.0,490.0,0.0,983.0,418.0,0.0,3,1,0,0.041857413810569094,-0.006530173800981309,-0.007142049278473105,0.07339111106999893,-0.0024292753224265246,-0.014642633297176057,0.10542218686672208,-0.002485155124538868,-0.02089850868679099
92,least_connections,3323,measured,394,303,11,medium,0,100.0,74.3,4,494.0,1216.0,0.0,432.0,1054.0,0.0,1,3,0,-0.05322859676124772,0.07135621977767319,-0.01124462439479096,-0.14313092123967958,0.37979307321661626,-0.0723331942594851,-0.09025540336774898,0.2334278118014822,-0.051098949768341735,44.14,43.66,4,1109.0,436.0,0.0,948.0,449.0,0.0,3,1,0,0.05020261159963152,-0.014331181523171171,-0.016477118777809403,0.10156674122920606,-0.045085331702185524,-0.04474034744553132,0.09468019024755989,-0.02943473692325843,-0.04671431086253001,32.92,46.7,4,1156.0,490.0,0.0,983.0,418.0,0.0,3,1,0,0.03787099344765775,-0.005908252486602136,-0.006461854109094714,0.06640148144428476,-0.0021979157679097167,-0.013248096792683099,0.09538197859370093,-0.0022484736841065778,-0.01890817452614423
92,least_connections,3324,measured,172,101,3,light,0,100.0,79.35,5,666.0,1216.0,0.0,533.0,1054.0,0.0,2,3,0,-0.005075306366752463,0.06456038932265669,-0.01017370778576325,-0.025753373185106843,0.34362230433884333,-0.06544431861572461,-0.0359691744755824,0.2111965916299125,-0.04623238312373776,39.8,40.31,3,957.0,436.0,0.0,841.0,449.0,0.0,2,1,0,0.0023375102681473525,-0.012966307092392965,-0.014907869370398983,0.05260120124819326,-0.040791490587691645,-0.04047936197452834,0.05541005308112559,-0.02663142864485285,-0.042265328875622385,32.92,46.7,4,1646.0,0.0,0.0,1401.0,0.0,0.0,4,0,0,0.0773481323936858,-0.048429462000349775,-0.005846439432038075,0.14874419749721002,-0.09065525712334689,-0.011986373288618042,0.21236147269588818,-0.12809782539673134,-0.017107395999844777
92,least_connections,3325,measured,409,423,16,heavy,1,100.0,79.35,5,1060.0,822.0,0.0,845.0,742.0,0.0,3,2,0,0.03849195637112418,0.015327880588979631,-0.00920478323473818,0.21435012267379222,0.07324557694149325,-0.05921152636660798,0.1085993183316159,0.04993977337944461,-0.041829299016715116,51.49,53.53,4,957.0,436.0,409.0,841.0,449.0,423.0,2,1,1,0.002114890242609496,-0.011731420702641257,0.029595827939253527,0.04759156303407963,-0.036906586722197196,0.0691037065128417,0.05013290516863744,-0.0240951021072478,0.08135815482681785,9.8,13.93,1,490.0,0.0,0.0,418.0,0.0,0.0,1,0,0,-0.05927005708598494,-0.04381713228603075,-0.005289635676605877,-0.07460286893109569,-0.08202142311159957,-0.010844813927797277,-0.10432374692594246,-0.11589803250180454,-0.01547812019033575
92,least_connections,3326,measured,181,114,5,light,2,100.0,79.35,5,1060.0,822.0,0.0,845.0,742.0,0.0,3,2,0,0.03482605576435045,0.013868082437648227,-0.008328137212382163,0.19393582527628817,0.06626980770897012,-0.053572333379311984,0.09825652610955726,0.04518360448616415,-0.03784555625321844,38.4,41.03,3,499.0,436.0,409.0,441.0,449.0,423.0,1,1,1,-0.041170428102491635,-0.010614142540484942,0.026777177659324622,-0.07533552460181908,-0.03339167370103556,0.06252240113066632,-0.06773689532361374,-0.021800330477986102,0.07360975912902568,13.42,17.73,2,671.0,0.0,0.0,532.0,0.0,0.0,2,0,0,-0.010541389517705196,-0.03964407206831354,-0.0047858608502624606,-0.03474545284241992,-0.07420985900573294,-0.009811974506102298,-0.06000719959966222,-0.10486012464448982,-0.01400401350554187
92,least_connections,3327,measured,179,125,8,light,2,100.0,74.3,4,1710.0,0.0,0.0,1486.0,0.0,0.0,4,0,0,0.0745931887754554,-0.07362048777183301,-0.007534981287393386,0.44086257207537183,-0.4358511263585509,-0.048470206390806084,0.37887495219436135,-0.29478626260775626,-0.034241217562435734,38.4,41.03,3,935.0,409.0,0.0,890.0,423.0,0.0,2,1,0,0.005834465276883971,-0.009603271822343523,-0.0188569299635589,0.0445467702582181,-0.037191106137671626,-0.04916000441919306,0.06566364232625424,-0.02707529900389219,-0.05299890840707201,17.0,21.9,3,671.0,179.0,0.0,532.0,125.0,0.0,2,1,0,-0.009537447658876125,0.007215454069711788,-0.004330064578808893,-0.03143636209552281,-0.034751777195663136,-0.008877500743616365,-0.054292228209218196,-0.057175033408506666,-0.012670297933585501
92,least_connections,3328,measured,481,415,15,heavy,1,100.0,74.3,4,1710.0,0.0,0.0,1486.0,0.0,0.0,4,0,0,0.06748907555874537,-0.06660901274594415,-0.006817364021927349,0.3988756604491459,-0.39434149527678414,-0.04385399625834836,0.342791623413946,-0.2667113804546366,-0.03098014922315614,37.89,40.22,3,436.0,409.0,481.0,449.0,423.0,415.0,1,1,1,-0.037805098309576624,-0.008688674505929861,0.02602286835496598,-0.08868897656909518,-0.03364909602932195,0.07986203681800899,-0.06527753789529378,-0.024496699098759595,0.06938491620312533,17.0,21.9,3,850.0,0.0,0.0,657.0,0.0,0.0,3,0,0,0.03445478091634563,-0.036555632258922895,-0.003917677476065189,0.003948053342146013,-0.0638325603198857,-0.008032024482319568,-0.011423127109927572,-0.08942820482991873,-0.011463602892291643
92,least_connections,3329,measured,353,344,11,medium,1,81.07,52.7,3,1216.0,0.0,0.0,1054.0,0.0,0.0,3,0,0,0.017977644326393205,-0.060265297246330424,-0.006168091257934268,0.1895859150095447,-0.3567851623932809,-0.03967742518612471,0.11471623070785592,-0.24131029660181408,-0.028029658820950796,47.97,50.97,4,436.0,1243.0,0.0,449.0,1182.0,0.0,1,3,0,-0.034204612756283614,0.07830661875767343,-0.01953940028655005,-0.08024240737203849,0.1851474165176883,-0.05208400750479458,-0.0590606295243134,0.19243453414874132,-0.054559480578124715,17.0,21.9,3,850.0,0.0,0.0,657.0,0.0,0.0,3,0,0,0.031173373210027,-0.03307414347235881,-0.0035445653354875518,0.0035720482619416294,-0.057753268860848965,-0.007267069769717705,-0.010335210242315429,-0.08091123294135504,-0.010371831188263868
92,least_connections,3330,measured,371,303,9,medium,0,100.0,67.85,4,1216.0,371.0,0.0,1054.0,303.0,0.0,3,1,0,0.016265487723879563,-0.011441844900874923,-0.005580653995273862,0.17153011358006431,-0.09902784533995254,-0.03589862278744616,0.10379087540234583,-0.08125693502068893,-0.025360167504669767,47.97,50.97,4,436.0,1243.0,0.0,449.0,1182.0,0.0,1,3,0,-0.0309470305890185,0.07084884554265691,-0.01767850502116433,-0.07260027333660625,0.16751432923028942,-0.04712362583767129,-0.05343580766485498,0.17410743565838502,-0.04936333957068427,17.0,21.9,3,850.0,0.0,0.0,657.0,0.0,0.0,3,0,0,0.028204480523357764,-0.029924225046419877,-0.0032069876844887375,0.003231853189375744,-0.052252957540768113,-0.006574967886887447,-0.009350904504952046,-0.07320540123265455,-0.009384037741762547
92,least_connections,3331,measured,154,124,9,light,2,100.0,67.85,4,1216.0,371.0,0.0,1054.0,303.0,0.0,3,1,0,0.014716393654938653,-0.010352145386505876,-0.005049163138581113,0.15519391228672486,-0.08959662197424276,-0.03247970633149891,0.09390603012593196,-0.07351817930443283,-0.02294491345660598,47.97,50.97,4,436.0,1243.0,0.0,449.0,1182.0,0.0,1,3,0,-0.027999694342445314,0.06410133644335625,-0.015994837876291537,-0.06568596159026278,0.15156058358930946,-0.04263566147217879,-0.048346683125344986,0.1575257751194912,-0.044662069135381004,6.66,8.3,2,179.0,154.0,0.0,125.0,124.0,0.0,1,1,0,-0.06064946093238152,0.01600960137523462,-0.0029015602859660005,-0.1184949899715172,-0.01940981872736163,-0.005948780469088643,-0.16890478661559152,-0.028836632861290623,-0.008490319861594686
92,least_connections,3332,measured,477,431,13,heavy,2,79.53,52.25,3,1193.0,0.0,0.0,1045.0,0.0,0.0,3,0,0,0.013314832354468314,-0.05245012700502459,-0.004568290458716246,0.12654052381497327,-0.304841388135426,-0.029386400966594253,0.08089117011393843,-0.20358787651353447,-0.020759683603595886,47.97,50.97,4,436.0,1243.0,0.0,449.0,1182.0,0.0,1,3,0,-0.02533305678602195,0.0579964472582747,-0.014471519983311391,-0.05943015572452347,0.13712624229508952,-0.03857512228435224,-0.043742237113407356,0.14252332034620632,-0.040408538741535195,16.2,22.67,3,179.0,631.0,0.0,125.0,555.0,0.0,1,2,0,-0.05487332179596423,0.05756877766149345,-0.0026252212111120958,-0.10720975283137271,0.06875302115143472,-0.005382229948223058,-0.15281861646172565,0.10389384010962595,-0.007681717970014239
92,least_connections,3333,measured,368,308,13,medium,0,100.0,67.65,4,1193.0,368.0,0.0,1045.0,308.0,0.0,3,1,0,0.012046753082614187,-0.004370976587312503,-0.004133215176933746,0.11448904535640436,-0.053840621011417206,-0.026587696112632897,0.07318724915070618,-0.044865221607483574,-0.018782570879443898,47.97,50.97,4,789.0,890.0,0.0,793.0,838.0,0.0,2,2,0,0.020163515515594643,0.009389075864062596,-0.013093279984900782,0.03748155978665563,0.032814899491475535,-0.03490130111441393,0.05768559499263143,0.03168776602752002,-0.0365601064804366,16.2,22.67,3,333.0,477.0,0.0,249.0,431.0,0.0,2,1,0,-0.0065633909219721676,0.009002136705070038,-0.0023752001433871343,-0.06913263351409911,0.03433844770844093,-0.004869636619820862,-0.10086763711616446,0.05660236327378855,-0.006950125782393835
92,least_connections,3334,measured,484,423,14,heavy,2,49.27,30.55,2,371.0,368.0,0.0,303.0,308.0,0.0,1,1,0,-0.07526835718829238,-0.00395469310280655,-0.0037395756362733896,-0.3922241970584913,-0.048712942819853694,-0.024055534578096432,-0.2694496317207896,-0.040592343359151795,-0.016993754605211145,35.51,36.94,3,762.0,481.0,0.0,767.0,415.0,0.0,2,1,0,0.018243180704585638,-0.03458902206403407,-0.011846300938719755,0.02693229558928706,-0.07603822018798473,-0.03157736767494594,0.04484053832666654,-0.09092833073700571,-0.03307819157753788,25.88,36.77,4,333.0,961.0,0.0,249.0,854.0,0.0,2,2,0,-0.005938306072260535,0.05122869057896359,-0.002148990605921693,-0.06254857317942301,0.11864907173620848,-0.004405861703647447,-0.09126119548605356,0.1787830905810468,-0.00628820904121347
92,least_connections,3335,measured,381,309,12,medium,0,74.67,46.0,3,371.0,749.0,0.0,303.0,617.0,0.0,1,2,0,-0.06809994221797881,0.03950584456231335,-0.003383425575675924,-0.3548695116243493,0.18573590887727526,-0.02176453128494439,-0.2437877620330953,0.10305930838933886,-0.015375301785667227,35.51,36.94,3,762.0,481.0,0.0,767.0,415.0,0.0,2,1,0,0.01650573492319654,-0.03129482948650701,-0.010718081801698826,0.02436731505697398,-0.0687964849319862,-0.02856999932495109,0.040570010866984,-0.08226848971443373,-0.029927887617772365,22.3,32.6,3,154.0,961.0,0.0,124.0,854.0,0.0,1,2,0,-0.04845665333975499,0.04634976766668135,-0.0019443248339291509,-0.08898204240043034,0.10734916014228386,-0.003986255827109595,-0.12026806575722307,0.16175612957332805,-0.00568933198966933
92,least_connections,3336,measured,359,349,8,medium,0,98.6,63.45,4,371.0,1108.0,0.0,303.0,966.0,0.0,1,3,0,-0.061614233435314164,0.07882728340218373,-0.003061194568468693,-0.3210724152791732,0.3845864572381697,-0.019691718781616355,-0.22056987993470525,0.25112508854273513,-0.013910987329889395,35.51,36.94,3,1243.0,0.0,0.0,1182.0,0.0,0.0,3,0,0,0.058017660395363754,-0.07139826976216847,-0.009697312106298938,0.146386754439303,-0.18658457480240928,-0.02584904700828908,0.15404250983203316,-0.19176970497972576,-0.02707761260655595,22.3,32.6,3,154.0,961.0,0.0,124.0,854.0,0.0,1,2,0,-0.04384173397406403,0.04193550407937836,-0.0017591510402216127,-0.08050756217181793,0.0971254306049235,-0.0036066124150039196,-0.10881396425653517,0.14635078389967776,-0.00514749084779606
92,least_connections,3337,measured,375,340,11,medium,1,98.6,63.45,4,730.0,749.0,0.0,652.0,617.0,0.0,2,2,0,-0.012662310976622126,0.02823602285140886,-0.0027696522286145314,-0.07395440747480742,0.1314194930567567,-0.017816316992890987,-0.04168227232187616,0.06932746106247467,-0.012586131393709453,46.23,47.56,4,1243.0,375.0,0.0,1182.0,340.0,0.0,3,1,0,0.05249216892913863,-0.021514534319966486,-0.008773758572365706,0.132445158778417,-0.07187583978721386,-0.023387233007499644,0.13937179460993476,-0.07737497117213284,-0.024498792358312524,22.3,32.6,3,154.0,961.0,0.0,124.0,854.0,0.0,1,2,0,-0.03966633073843888,0.037941646548008995,-0.0015916128459147925,-0.07284017529831147,0.08787538959493078,-0.0032631255183368795,-0.09845072956543657,0.13241261400447035,-0.004657253624196435
92,least_connections,3338,measured,469,434,18,heavy,2,98.6,63.45,4,730.0,749.0,0.0,652.0,617.0,0.0,2,2,0,-0.011456376597896223,0.02554687781794135,-0.002505875825889338,-0.0669111305724448,0.11890335086087511,-0.01611952489832994,-0.0377125321007451,0.06272484572319137,-0.011387452213356172,46.23,47.56,4,1243.0,375.0,0.0,1182.0,340.0,0.0,3,1,0,0.04749291474541115,-0.01946553105139824,-0.007938162517854687,0.11983133413285346,-0.06503052171224112,-0.021159877482975868,0.12609829036136955,-0.07000592629859638,-0.022165574038473235,31.68,47.07,4,631.0,484.0,469.0,555.0,423.0,434.0,2,1,1,0.007195315272931713,-0.008755743826177803,0.04164386955664398,0.020411269968194395,-0.00680798084268168,0.081914315007219,0.04090965737730343,-0.010182238122939558,0.12667518322890164
92,least_connections,3339,measured,161,100,8,light,0,84.6,53.3,4,727.0,542.0,0.0,657.0,409.0,0.0,2,2,0,-0.010365293112382296,0.023113841835280258,-0.002267220985328449,-0.062348165756021534,-0.01727792064968442,-0.014584332050869947,-0.03185895761495988,-0.03734418720282687,-0.010302932954941299,46.23,47.56,4,1243.0,375.0,0.0,1182.0,340.0,0.0,3,1,0,0.042969780007752936,-0.017611670951265077,-0.007182147039963764,0.10841882612020076,-0.05883713869202768,-0.019144651056025787,0.11408892937457243,-0.06333869522253958,-0.02005456698719007,31.68,47.07,4,631.0,484.0,469.0,555.0,423.0,434.0,2,1,1,0.006510047151700116,-0.007921863461779921,0.03767778674172551,0.018467339495033014,-0.006159601714807228,0.07411295167319815,0.03701349953184596,-0.009212501158850084,0.11461088006424433
92,least_connections,3340,measured,422,431,14,heavy,0,100.0,74.85,5,1269.0,422.0,0.0,1066.0,431.0,0.0,4,1,0,0.07678967811374028,-0.022171376661503803,-0.00205129517720193,0.27051038971280594,-0.08801335677828592,-0.01319534804602519,0.15619903834836962,-0.023835216993033842,-0.009321701244946889,36.14,36.81,3,890.0,375.0,0.0,838.0,340.0,0.0,2,1,0,-0.004206480219742792,-0.015934368955906497,-0.006498133036157691,0.0068415229522904575,-0.05323360167373935,-0.0173213509554519,0.005961412291279833,-0.057306438534678664,-0.0181446082265053,28.6,42.93,3,477.0,484.0,469.0,431.0,423.0,434.0,1,1,1,-0.03719385756569535,-0.007167400274943739,0.034089426099656414,-0.011158121409255845,-0.0055729729800636785,0.06705457532336975,-0.00390842105848857,-0.00833512009610246,0.10369555815336393
92,least_connections,3341,measured,178,121,5,light,1,100.0,74.85,5,1269.0,422.0,0.0,1066.0,431.0,0.0,4,1,0,0.0694763754362412,-0.020059816979455816,-0.0018559337317541273,0.24474749545444352,-0.07963113232321112,-0.01193864823211803,0.1413229394580487,-0.021565196327030633,-0.008433920173999566,29.54,27.38,3,1034.0,0.0,0.0,876.0,0.0,0.0,3,0,0,0.0392780371707996,-0.05750071023448229,-0.005879263223190292,0.04341443913370496,-0.145102510357873,-0.015671698483504103,0.016137706358776982,-0.14797963486470928,-0.016416550300171463,28.6,42.93,3,961.0,0.0,469.0,854.0,0.0,434.0,2,0,1,0.009432314810175868,-0.04956869095170646,0.03084281409016533,0.07748550920114948,-0.09262316602958143,0.06066842529257263,0.12403523808993891,-0.13511272770599744,0.09381979071018641
92,least_connections,3342,measured,383,349,8,medium,1,100.0,74.85,5,1269.0,422.0,0.0,1066.0,431.0,0.0,4,1,0,0.06285957777564682,-0.01814935821950764,-0.0016791781382537341,0.22143821017306797,-0.07204721495909577,-0.010801634114773456,0.12786361189061546,-0.019511368105408683,-0.007630689681237702,40.49,38.28,4,1034.0,383.0,0.0,876.0,349.0,0.0,3,1,0,0.035537271725961536,-0.008940551890155177,-0.005319333392410264,0.039279730644780686,-0.03227642093603475,-0.014179155770789426,0.014600781943655383,-0.03521074106807029,-0.014853069319202753,28.6,42.93,3,961.0,469.0,0.0,854.0,434.0,0.0,2,1,0,0.008533999113968654,-0.0017639630152627706,-0.015178497002322069,0.0701059368962781,0.0010647545446644119,-0.029976186640053328,0.11222235827184948,0.00864404001203406,-0.046004316341577374
92,least_connections,3343,measured,165,118,7,light,2,100.0,74.85,5,1269.0,422.0,0.0,1066.0,431.0,0.0,4,1,0,0.05687295132082332,-0.016420847912887865,-0.0015192564108009975,0.200348856823252,-0.06518557543918191,-0.009772907056223603,0.11568612504389014,-0.017653142571560254,-0.006903957330643635,26.74,25.31,3,936.0,0.0,0.0,810.0,0.0,0.0,3,0,0,0.032152769656822344,-0.051172970984516813,-0.004812730212180715,0.01020547058337301,-0.12820927880607225,-0.012828759983095194,-0.00545048300335943,-0.13053293239492075,-0.013438491288802491,31.9,46.87,4,1126.0,469.0,0.0,972.0,434.0,0.0,3,1,0,0.050805137520348057,-0.0015959665376187038,-0.013732925859243777,0.09328632385853733,0.0009633493499344586,-0.02712131172195301,0.13712181621421302,0.00782079810612607,-0.04162295288047477
92,least_connections,3344,measured,180,109,4,light,1,88.8,57.4,4,910.0,422.0,0.0,717.0,431.0,0.0,3,1,0,0.00837257953970183,-0.014856957635469972,-0.0013745653240580453,-0.035271669223406965,-0.058977425397355066,-0.008842154003249926,-0.0532125535317185,-0.015971890898078323,-0.006246437584868051,31.89,28.72,4,1116.0,0.0,0.0,919.0,0.0,0.0,4,0,0,0.07217450134483473,-0.046299354700277115,-0.0043543749538777895,0.055764133248902115,-0.11599887130073204,-0.011606973318038508,0.025887062996960475,-0.11810122454778545,-0.012158634975583206,31.9,46.87,4,1126.0,469.0,0.0,972.0,434.0,0.0,3,1,0,0.04596655299460062,-0.0014439697245121619,-0.012425028158363417,0.08440191206248615,0.0008716017927978409,-0.024538329653195582,0.1240625956223832,0.007075960191256919,-0.03765886212995336
92,least_connections,3345,measured,153,112,4,light,0,99.0,63.0,5,1063.0,422.0,0.0,829.0,431.0,0.0,4,1,0,0.05065909123886855,-0.013442009289234738,-0.001243654340814422,0.06037325165501273,-0.053360527740464125,-0.008000044098178505,0.002521975376064245,-0.014450758431594685,-0.0056515387672615705,31.89,28.72,4,1116.0,0.0,0.0,919.0,0.0,0.0,4,0,0,0.06530073931199332,-0.04188989234786977,-0.003939672577318,0.050453263415673355,-0.10495135974828138,-0.010501547287749127,0.02342162842582135,-0.10685348887656779,-0.011000669739813377,22.36,32.5,3,649.0,469.0,0.0,541.0,434.0,0.0,2,1,0,-0.0014951141840234827,-0.001306448798368151,-0.011241692143281187,-0.00995065099108397,0.0007885920982456662,-0.022201345876700765,-0.01773701665911362,0.006402059220661005,-0.03407230383186256
92,least_connections,3346,measured,493,433,16,heavy,2,74.47,47.6,4,695.0,422.0,0.0,521.0,431.0,0.0,3,1,0,0.0027505156560284905,-0.012161817928355245,-0.0011252110702606674,-0.16734483580419485,-0.04827857271756281,-0.007238135136447219,-0.13705154608832276,-0.01307449572382377,-0.005113296979903326,26.8,24.94,3,938.0,0.0,0.0,798.0,0.0,0.0,3,0,0,0.0159977210555223,-0.03790037879092979,-0.003564465665192476,-0.0003654147327580848,-0.09495599215320696,-0.009501399927011114,-0.01302031237663781,-0.09667696612641848,-0.009952986907450199,32.22,46.93,4,649.0,469.0,493.0,541.0,434.0,433.0,2,1,1,-0.001352722356973618,-0.0011820251032854667,0.03291284543045534,-0.009002969944314071,0.0007134880888889361,0.06912259182584216,-0.016047776977293288,0.005792339294883764,0.09975997907275927
92,least_connections,3347,measured,185,105,6,light,1,38.33,27.15,2,575.0,0.0,0.0,543.0,0.0,0.0,2,0,0,-0.04059533844273158,-0.054087449780983544,-0.0010180481111882228,-0.22378818477522383,-0.2982202959508108,-0.006548788932976055,-0.11404663693705391,-0.20680549613107865,-0.004626316315150628,32.09,28.22,4,1123.0,0.0,0.0,903.0,0.0,0.0,4,0,0,0.05755802880080135,-0.03429081890607934,-0.0032249927446979542,0.047492515922062384,-0.08591256432909201,-0.008596504695867199,0.017907217373518136,-0.08746963601914053,-0.009005083392454942,32.22,46.93,4,649.0,469.0,493.0,541.0,434.0,433.0,2,1,1,-0.001223891656309456,-0.001069451283924952,0.02977828872279293,-0.008145544235331786,0.0006455368423280844,0.06253948784242862,-0.014519417265170115,0.00524068793346627,0.09025902868487744
92,least_connections,3348,measured,438,401,15,heavy,0,67.53,47.2,3,575.0,0.0,438.0,543.0,0.0,401.0,2,0,1,-0.0367291157339,-0.04893626408755654,0.04216280907853945,-0.20247502432044057,-0.2698183630031145,0.25826538144159306,-0.10318505246685833,-0.18710973459478544,0.17721904714343517,16.23,14.19,2,568.0,0.0,0.0,454.0,0.0,0.0,2,0,0,-0.03409148868136114,-0.031025026629309876,-0.002917850578536244,-0.10049996858752178,-0.07773041534536897,-0.007777789962927465,-0.11074763666205503,-0.07913919449350809,-0.00814745640269733,22.54,32.83,3,165.0,962.0,0.0,118.0,867.0,0.0,1,2,0,-0.04419123077294211,0.04211630144606336,-0.01614163900137329,-0.09495073049863353,0.08979358095258255,-0.0326261776663741,-0.1407080441922968,0.13532887638424723,-0.048924370872412484
92,least_connections,3349,measured,478,401,15,heavy,1,57.33,41.6,2,422.0,438.0,0.0,431.0,401.0,0.0,1,1,0,-0.07631500493838117,-0.0011917672810318886,-0.004936596774745483,-0.2754774029565892,0.020069100140039264,-0.030521797743320533,-0.14402457127953847,0.012115002033289357,-0.021063719251177726,29.89,26.72,3,568.0,0.0,478.0,454.0,0.0,401.0,2,0,1,-0.03084468023551723,-0.02807026218842322,0.04044394017951029,-0.0909285430077578,-0.07032751864581002,0.11652757778864385,-0.10020024269424027,-0.07160212835126922,0.10600646801660718,22.54,32.83,3,634.0,493.0,0.0,552.0,433.0,0.0,2,1,0,0.0031013580988573652,-0.00497867510889051,-0.014604340048861547,-0.001041137117811286,-0.0036248553286157836,-0.02951892265052895,0.003581610810144159,-0.008448476922189002,-0.044264906979801774
92,least_connections,3350,measured,369,313,9,medium,0,81.93,57.25,3,422.0,807.0,0.0,431.0,714.0,0.0,1,2,0,-0.06904690922996391,0.04200563459153804,-0.004466444700960199,-0.24924145981786638,0.24072918584098796,-0.02761495986300429,-0.13030794544339194,0.15255643041107128,-0.019057650751065563,18.94,15.81,2,185.0,478.0,0.0,105.0,401.0,0.0,1,1,0,-0.07099099186841581,0.017686996341993503,-0.006491763873867105,-0.18127548449001216,0.05993496612317868,-0.018134912612995692,-0.18933295767574118,0.048595098158375455,-0.017467362270688742,19.24,28.9,2,469.0,493.0,0.0,434.0,433.0,0.0,1,1,0,-0.04027790956588641,-0.00450451557471046,-0.013213450520398544,-0.030799124058972116,-0.00327963101160475,-0.026707596683811907,-0.032346796568599734,-0.007643860072456737,-0.04004920155315399
92,least_connections,3351,measured,187,100,6,light,1,81.93,57.25,3,422.0,807.0,0.0,431.0,714.0,0.0,1,2,0,-0.06247101311282449,0.038005097963772515,-0.004041069015154466,-0.22550417793045052,0.2178025967132748,-0.02498496368557531,-0.11789766492497364,0.13802724656239782,-0.017242636393821224,24.29,18.94,3,372.0,478.0,0.0,205.0,401.0,0.0,2,1,0,-0.02114604479704743,0.016002520499898885,-0.005873500647784523,-0.11567101657939874,0.05422687411144737,-0.016407778078424674,-0.14302743789709918,0.0439669935718635,-0.015803803959194576,19.24,28.9,2,469.0,493.0,0.0,434.0,433.0,0.0,1,1,0,-0.03644191817865913,-0.0040755140914047056,-0.011955026661312968,-0.027865874148593817,-0.0029672852009757222,-0.02416401604725839,-0.029266149276352155,-0.006915873398889438,-0.03623499188142504
92,least_connections,3352,measured,371,316,9,medium,2,81.93,57.25,3,791.0,438.0,0.0,744.0,401.0,0.0,2,1,0,-0.013437492589607636,-0.00869833540239176,-0.0036562052994254693,0.01854383901530665,-0.02551193630703713,-0.02260544333456814,0.03492592221073815,-0.016713443586401977,-0.015600480546790632,24.29,18.94,3,372.0,478.0,0.0,205.0,401.0,0.0,2,1,0,-0.01913213576875719,0.014478470928479946,-0.005314119633709807,-0.10465472928612266,0.04906240991035714,-0.014845132547146134,-0.12940577714499452,0.03977966085073363,-0.014298679772604617,26.66,39.43,3,469.0,864.0,0.0,434.0,749.0,0.0,1,2,0,-0.03297125930450112,0.039396530334534066,-0.010816452693568877,-0.02521198137253726,0.06444864672292674,-0.021862681185614734,-0.026478896964318627,0.08904436851211589,-0.032784040273670274
92,least_connections,3353,measured,497,407,18,heavy,0,100.0,77.6,4,791.0,438.0,497.0,744.0,401.0,407.0,2,1,1,-0.012157731390597393,-0.007869922506925878,0.03977590495584861,0.016777759109086965,-0.0230822280873193,0.27932523380840657,0.03159964390495357,-0.015121687054363675,0.17000432712433228,19.0,15.66,2,187.0,478.0,0.0,100.0,401.0,0.0,1,1,0,-0.06039392782706149,0.013099568935291378,-0.00480801300192792,-0.1425107414629545,0.044389799442704075,-0.013431310399798883,-0.1467689174168998,0.03599112172209233,-0.012936900746642273,26.66,39.43,3,469.0,864.0,0.0,434.0,749.0,0.0,1,2,0,-0.029831139370739113,0.0356444798264832,-0.009786314341800412,-0.022810840289438472,0.05831068036836229,-0.019780521072699044,-0.023957097253431148,0.08056395246334294,-0.029661750723796915
92,least_connections,3354,measured,400,412,17,heavy,1,86.93,56.05,3,369.0,438.0,497.0,313.0,401.0,407.0,1,1,1,-0.05408375243729786,-0.007120406077694846,0.03598772353148208,-0.2393598052505086,-0.02088392065043171,0.2527228305885583,-0.1663860364669468,-0.013681526382519515,0.15381343882677684,30.43,28.53,3,187.0,478.0,400.0,100.0,401.0,412.0,1,1,1,-0.05464212517686515,0.011851990941454102,0.03873379322501306,-0.12893828989505407,0.04016219949577987,0.09124922256344727,-0.13279092528195693,0.03256339584379782,0.10478328027684747,26.66,39.43,3,840.0,493.0,0.0,750.0,433.0,0.0,2,1,0,0.0160938217484696,-0.010834132764701132,-0.008854284404486087,0.04649495402384139,-0.014376051095291276,-0.017896661922918184,0.07362611835800675,-0.022410392215705593,-0.026836822083435304
92,least_connections,3355,measured,357,317,8,medium,0,100.0,71.9,4,369.0,795.0,497.0,313.0,718.0,407.0,1,2,1,-0.048932918871840925,0.03664162806122394,0.03256032129038855,-0.21656363332188872,0.19643835750675231,0.2286539895801242,-0.15053974727961858,0.13102623803486327,0.13916453989089334,30.43,28.53,3,187.0,478.0,400.0,100.0,401.0,412.0,1,1,1,-0.049438113255258945,0.010723229899410852,0.03504486053691658,-0.11665845276219178,0.03633722811522941,0.08255882041454753,-0.12014417049319912,0.0294621200491504,0.09480392025048104,26.66,39.43,3,1333.0,0.0,0.0,1183.0,0.0,0.0,3,0,0,0.057644977046801285,-0.052886210823391726,-0.00801101922310646,0.13127638697395172,-0.102216427181454,-0.01619221793025931,0.1972014086731172,-0.15086337073484477,-0.024280934265965275
92,least_connections,3356,measured,488,419,17,heavy,1,100.0,71.9,4,1164.0,0.0,497.0,1031.0,0.0,407.0,3,0,1,0.04189515956946818,-0.05301585125526451,0.029459338310351545,0.2835852841373388,-0.30179386701770033,0.2068774191439219,0.18860689531844033,-0.20626197511131417,0.12591077418699873,44.37,41.62,4,187.0,478.0,888.0,100.0,401.0,831.0,1,1,2,-0.04472972151666285,0.009701969908990776,0.07479115499825331,-0.10554812392769733,0.03287653972330279,0.20084573547710766,-0.10870186854146585,0.026656203853993213,0.20424223736948285,17.28,24.97,2,864.0,0.0,0.0,749.0,0.0,0.0,2,0,0,0.009071079006062854,-0.04784942884021156,-0.007248065011382035,0.0339072072621468,-0.09248152935464886,-0.01465010193690128,0.04753143324393144,-0.13649543066485956,-0.021968464335873343
92,least_connections,3357,measured,157,113,4,light,2,100.0,71.9,4,1164.0,497.0,0.0,1031.0,407.0,0.0,3,1,0,0.037905144372375965,-0.004882822337529569,-0.01643021318405835,0.2565771618385446,0.026726183809382187,-0.11260296998089603,0.17064433385954125,-0.0024989298626175993,-0.07019977573557257,39.03,38.5,3,478.0,400.0,488.0,401.0,412.0,419.0,1,1,1,-0.040469748038885436,0.008777972774801177,0.02458428762880516,-0.020271431852950633,0.009582175395913411,0.07831620964935589,-0.01324514296608817,0.02722763682027958,0.06830250047715115,20.42,28.73,3,1021.0,0.0,0.0,862.0,0.0,0.0,3,0,0,0.05129106694652852,-0.04329234037923903,-0.006557773105536127,0.059087473237180416,-0.08367376465420612,-0.013254854133386871,0.07708399515720779,-0.12349586583963484,-0.01987622963721874
92,least_connections,3358,measured,439,443,19,heavy,1,100.0,71.9,4,1164.0,497.0,0.0,1031.0,407.0,0.0,3,1,0,0.034295130622625875,-0.004417791638717222,-0.014865430976052793,0.23214124166344519,0.024180832970393418,-0.10187887760176308,0.15439249253958492,-0.002260936542368308,-0.06351408280837519,51.57,52.34,4,478.0,400.0,927.0,401.0,412.0,862.0,1,1,2,-0.03661548632089634,0.007941975367677254,0.06532682712900965,-0.01834081929552675,0.008669587262969278,0.18434051621336278,-0.011983700778841672,0.024634528551681523,0.18705047662218435,20.42,28.73,3,1021.0,0.0,0.0,862.0,0.0,0.0,3,0,0,0.046406203427811515,-0.03916926034312102,-0.005933223285961258,0.05346009483363942,-0.07570483468713887,-0.011992487073064311,0.06974266228509277,-0.11173435480728867,-0.01798325538605505
92,least_connections,3359,measured,469,437,15,heavy,2,86.13,56.25,3,795.0,497.0,0.0,718.0,407.0,0.0,2,1,0,-0.012054972520572055,-0.003997049577887005,-0.013449675645000147,-0.012538876590216241,0.021877896497022598,-0.09217612735397612,-0.0019067924641850142,-0.0020456092526189573,-0.057465122540910886,51.57,52.34,4,478.0,888.0,439.0,401.0,831.0,443.0,1,2,1,-0.03312829714747764,0.050269496987989166,0.01602132431853709,-0.01659407460071466,0.1339935721494892,0.04063461671004934,-0.010842395942761512,0.14075564488009282,0.05076888361054775,29.8,43.3,4,1021.0,0.0,469.0,862.0,0.0,437.0,3,0,1,0.04198656500611518,-0.035438854596157116,0.03771574582517337,0.04836865723043565,-0.06849485043122089,0.07401632121960847,0.06310050397222677,-0.10109298768278499,0.11552308639674384
92,least_connections,3360,measured,178,113,4,light,0,98.0,61.9,4,973.0,497.0,0.0,831.0,407.0,0.0,3,1,0,0.03217702032719218,-0.0036163781895168085,-0.012168754155000133,0.09602038149774073,0.019794287306829972,-0.08339744855835934,0.04939385443716593,-0.0018507893237981188,-0.0519922537274908,51.57,52.34,4,478.0,888.0,439.0,401.0,831.0,443.0,1,2,1,-0.029973221228670244,0.04548192584627591,0.014495483907247843,-0.01501368654350374,0.1212322795638236,0.036764653213854165,-0.009809786805355658,0.127350345367703,0.04593375183811463,29.8,43.3,4,1021.0,469.0,0.0,862.0,437.0,0.0,3,1,0,0.0379878445293423,0.011020174639758074,-0.00896013019445765,0.04376211844658465,0.02289513532413348,-0.01789951889654471,0.057090932165348024,0.04032856669970247,-0.027272763101358746
92,least_connections,3361,measured,156,125,6,light,0,100.0,68.15,5,1129.0,497.0,0.0,956.0,407.0,0.0,4,1,0,0.07219644242755029,-0.0032719612190866415,-0.011009825187857264,0.1809708213550988,0.017909117087131887,-0.07545483440994417,0.10123729687172156,-0.0016745236739126035,-0.047040610515348816,51.57,52.34,4,478.0,888.0,439.0,401.0,831.0,443.0,1,2,1,-0.027118628730701644,0.0411503138609163,0.0131149616303671,-0.013583811634598625,0.10968634817679279,0.03326325766967758,-0.008875521395321773,0.11522174104696939,0.041559108805913236,19.24,29.0,2,493.0,469.0,0.0,433.0,437.0,0.0,1,1,0,-0.051797845879347895,0.009970634197876346,-0.00810678446165216,-0.05594855950070915,0.020714646245644577,-0.0161948028111595,-0.07772725185039941,0.03648775082354033,-0.024675357091705534
92,least_connections,3362,measured,187,100,3,light,2,100.0,68.15,5,1129.0,497.0,0.0,956.0,407.0,0.0,4,1,0,0.0653205907677836,-0.0029603458648879144,-0.009961270408061334,0.16373550503556555,0.016203486888357432,-0.06826865970423521,0.09159564955060523,-0.0015150452287780725,-0.04256055237102988,51.57,52.34,4,478.0,888.0,439.0,401.0,831.0,443.0,1,2,1,-0.024535902184920536,0.03723123635035284,0.011865917665570234,-0.012290115288446368,0.09924002930281253,0.03009532836780353,-0.00803023364338637,0.10424824189963897,0.03760109844344531,13.12,17.9,2,187.0,469.0,0.0,100.0,437.0,0.0,1,1,0,-0.04686471770036238,0.009021049988554783,-0.007334709751018621,-0.10599155383397495,0.01874182279367842,-0.014652440638668118,-0.17075322786464708,0.033012726935584116,-0.022325323082971672
92,least_connections,3363,measured,157,113,3,light,2,55.4,32.25,3,334.0,497.0,0.0,238.0,407.0,0.0,2,1,0,-0.027068218330281946,-0.0026784081634700224,-0.009012577988245968,-0.33138216211067884,0.014660297660894828,-0.06176688258954614,-0.2419372694542143,-0.0013707552069897044,-0.0385071664309318,51.57,52.34,4,478.0,1327.0,0.0,401.0,1274.0,0.0,1,3,0,-0.022199149595880485,0.07676930454374327,-0.03234806995790811,-0.011119628118118119,0.20327159113791882,-0.08625388657878999,-0.007265449486873382,0.21957281409967333,-0.09123293474164472,16.26,21.67,3,344.0,469.0,0.0,213.0,437.0,0.0,2,1,0,0.0006824889740485451,0.00816190237059719,-0.006636165965207323,-0.06748759632597734,0.016956887289518566,-0.013256970101652107,-0.12041165060769655,0.02986865770362372,-0.02019910183697437
92,least_connections,3364,measured,384,316,11,medium,0,69.13,42.4,3,653.0,384.0,0.0,532.0,316.0,0.0,2,1,0,-0.024490292775016992,-0.0024233216717109707,-0.008154237227460639,-0.10740925778267763,-0.05489465132268245,-0.055884322342922704,-0.08589562474428908,-0.04240687375870497,-0.034839817247033535,37.91,39.81,3,400.0,927.0,0.0,412.0,862.0,0.0,1,2,0,-0.02008494487246329,0.026374041979486534,-0.029267301390488287,-0.03022388122251503,0.08051103143770882,-0.07803923071414333,-0.0034633828690759094,0.08217302228065679,-0.08254408381386903,16.26,21.67,3,344.0,469.0,0.0,213.0,437.0,0.0,2,1,0,0.0006174900241391612,0.007384578335302219,-0.006004150158997102,-0.061060206199693795,0.015341945642897745,-0.011994401520542382,-0.10894387435934451,0.027024023636611938,-0.01827537785250062
92,least_connections,3365,measured,466,412,16,heavy,0,100.0,63.0,4,653.0,384.0,466.0,532.0,316.0,412.0,2,1,1,-0.0221578839393011,-0.002192529131548021,0.03570625702095965,-0.09717980466051779,-0.04966658929195078,0.23051735915005406,-0.07771508905435676,-0.038368123876923566,0.15485921296696964,37.91,39.81,3,400.0,927.0,0.0,412.0,862.0,0.0,1,2,0,-0.01817209297984773,0.02386222845763067,-0.026479939353298926,-0.027345416344180265,0.07284331415792702,-0.07060692302708206,-0.003133536881544857,0.07434702015868946,-0.07468274249826246,12.52,18.33,2,157.0,469.0,0.0,113.0,437.0,0.0,1,1,0,-0.04252521877634574,0.00668128516051153,-0.005432326334330711,-0.08908304370448487,0.013880807962621769,-0.010852077566205012,-0.12872699743623234,0.02445030709979175,-0.01653486567607199
92,least_connections,3366,measured,447,416,15,heavy,2,100.0,63.0,4,653.0,384.0,466.0,532.0,316.0,412.0,2,1,1,-0.020047609278415285,-0.0019837168333053518,0.032305661114201585,-0.08792458516903989,-0.044936437930812645,0.208563324945287,-0.07031365200156087,-0.034714016841026096,0.14011071649392492,37.91,39.81,3,888.0,439.0,0.0,831.0,443.0,0.0,2,1,0,0.026642482768799894,-0.021494264955567707,-0.023958040367270457,0.10140856888587774,-0.0602438041972497,-0.06388245416735996,0.1156321571071737,-0.051200910332614286,-0.06757010035557079,18.32,28.43,2,0.0,469.0,447.0,0.0,437.0,416.0,0,1,1,-0.08155909816726066,0.00604497228808186,0.03816893830522006,-0.10900846811358154,0.012558826251895888,0.0710671679162907,-0.15054664847405147,0.0221217064236211,0.11050020089625232
92,least_connections,3367,measured,397,304,12,medium,2,89.8,56.75,3,497.0,850.0,0.0,407.0,728.0,0.0,1,2,0,-0.06122221338341881,0.041289108806147765,-0.013854968742479743,-0.173646053248179,0.24042258790386795,-0.09237921393839112,-0.12016473276331699,0.15497303238192878,-0.05961411364835363,37.91,39.81,3,888.0,439.0,0.0,831.0,443.0,0.0,2,1,0,0.02410510345748562,-0.019447192102656496,-0.021676322237054225,0.09175060994436557,-0.05450629903560689,-0.05779841091332568,0.1046195707160143,-0.04632463315807961,-0.06113485270265929,26.26,38.57,3,469.0,844.0,0.0,437.0,720.0,0.0,1,2,0,-0.030707664781716562,0.04855316086835524,-0.008550098902986839,-0.013760042578954731,0.079219890418382,-0.016586848075736984,-0.004415221635252903,0.10536408358962543,-0.025483945220851068
92,least_connections,3368,measured,354,314,9,medium,0,100.0,72.45,4,881.0,820.0,0.0,723.0,726.0,0.0,2,2,0,-0.012307626167764402,0.03735681272937179,-0.012535447909862624,0.07451071372783813,0.19942996048445194,-0.08358119356330625,0.034231908452237,0.13930893405984032,-0.053936579015177094,37.91,39.81,3,888.0,439.0,0.0,831.0,443.0,0.0,2,1,0,0.021809379318677463,-0.017595078569070166,-0.019611910595430014,0.08301245661633075,-0.04931522293697768,-0.052293800350151805,0.09465580207639387,-0.04191276333350061,-0.0553124857785965,26.26,38.57,3,469.0,844.0,0.0,437.0,720.0,0.0,1,2,0,-0.027783125278695933,0.043929050309464264,-0.0077358037693690445,-0.012449562333339992,0.07167513894996466,-0.015007148259000128,-0.003994724336657374,0.09532940896204206,-0.02305690281886525
92,least_connections,3369,measured,167,123,5,light,1,100.0,72.45,4,881.0,820.0,0.0,723.0,726.0,0.0,2,2,0,-0.011135471294643984,0.03379902104086019,-0.011341595727970945,0.06741445527756784,0.18043663091450418,-0.07562107989061041,0.03097172669488113,0.12604141653033174,-0.04879976196611261,42.69,43.66,4,1055.0,439.0,0.0,954.0,443.0,0.0,3,1,0,0.06281619580079888,-0.015919356800587287,-0.01774410958634144,0.11827657639436726,-0.044618535038217916,-0.04731343841204211,0.12041774949768966,-0.03792107158745295,-0.05004462999015874,26.26,38.57,3,469.0,844.0,0.0,437.0,720.0,0.0,1,2,0,-0.02513711334739155,0.03974533123237243,-0.006999060553238659,-0.011263889730164761,0.06484893524044422,-0.013577896043857259,-0.003614274399832862,0.08625041763232377,-0.020861007312306657
92,least_connections,3370,measured,353,350,8,medium,2,100.0,72.45,4,1235.0,466.0,0.0,1037.0,412.0,0.0,3,1,0,0.03300895000779376,-0.012503833570741002,-0.010261443753878474,0.274517840489228,-0.05027161964878196,-0.06841907228198085,0.17006965748584485,-0.028010146948747483,-0.0441521655883876,42.69,43.66,4,1494.0,0.0,0.0,1397.0,0.0,0.0,4,0,0,0.09991760118938492,-0.057487127808241105,-0.016054194387642256,0.2204951337445636,-0.15385214394614274,-0.04280739665851429,0.23420236859314783,-0.15956251715055267,-0.045278474753000765,33.32,50.23,4,469.0,1197.0,0.0,437.0,1070.0,0.0,1,3,0,-0.022743102552401875,0.07904396181795147,-0.006332483357692121,-0.010191138327291932,0.12254903664611619,-0.012284763087299425,-0.003270057790324965,0.1835916476990866,-0.018874244711134594
92,least_connections,3371,measured,366,339,11,medium,0,100.0,69.05,4,738.0,832.0,0.0,630.0,751.0,0.0,2,2,0,-0.013218659743515382,0.03177090794846789,-0.009284163396366238,-0.051404493525619155,0.17527805841300675,-0.06190297015988744,-0.030246500369949858,0.12801462895113325,-0.03994719743711259,31.26,30.78,3,1094.0,0.0,0.0,985.0,0.0,0.0,3,0,0,0.04731773894459089,-0.05201216325507529,-0.01452522349358109,0.09609423665324457,-0.13919955880841486,-0.03873050173865578,0.09540928586999087,-0.14436608694573813,-0.040966239062238785,33.32,50.23,4,822.0,844.0,0.0,787.0,720.0,0.0,2,2,0,0.022506807441250914,0.028432065227579684,-0.005729389704578585,0.054655636751497774,0.04700150934648607,-0.011114785650413767,0.10259693184049962,0.060551173315046586,-0.01707669759578844
92,least_connections,3372,measured,183,103,6,light,1,100.0,69.05,4,738.0,832.0,0.0,630.0,751.0,0.0,2,2,0,-0.011959739767942484,0.028745107191470942,-0.008399957358617073,-0.04650882747556018,0.1585849099927204,-0.05600744919227911,-0.027365881287097438,0.11582275952721582,-0.03614270244310187,36.49,34.0,4,1277.0,0.0,0.0,1088.0,0.0,0.0,4,0,0,0.08589518784329199,-0.04705862389744907,-0.013141868875144796,0.13424852704001042,-0.12594245796951822,-0.03504188252545047,0.11544471102522988,-0.13061693580804878,-0.037064692484882714,33.32,50.23,4,1219.0,447.0,0.0,1091.0,416.0,0.0,3,1,0,0.06344720219741296,-0.01735965073513765,-0.005183733542237768,0.12128843325135513,-0.029312920115084032,-0.010056234636088646,0.1845083351572775,-0.03689814477844991,-0.01545034544380859
92,least_connections,3373,measured,433,426,16,heavy,0,100.0,90.35,5,738.0,832.0,433.0,630.0,751.0,426.0,2,2,1,-0.010820716932900348,0.026007477935140383,0.035483938807056206,-0.04207941533503068,0.14348158523150895,0.21050119676254114,-0.024759606878802465,0.10479202052462383,0.16001374540862212,22.54,20.91,3,789.0,0.0,0.0,669.0,0.0,0.0,3,0,0,0.0346307935362211,-0.04257685019293011,-0.011890262315607197,-0.004686706827745718,-0.11394793816289744,-0.03170456038016947,-0.014017285262887258,-0.11817722763585366,-0.033534721772036744,33.32,50.23,4,1219.0,447.0,0.0,1091.0,416.0,0.0,3,1,0,0.05740461151194505,-0.015706350665124547,-0.004690044633453219,0.1097371538940832,-0.026521213437456975,-0.009098498004080203,0.16693611276134632,-0.03338403575193086,-0.013978883972969676
92,least_connections,3374,measured,404,413,16,heavy,1,100.0,90.35,5,1204.0,366.0,433.0,1042.0,339.0,426.0,3,1,1,0.03329372776365705,-0.019553324952106543,0.032104516063527044,0.24300751310957536,-0.15126269272704745,0.19045346373753722,0.1639794033001311,-0.09156912428724509,0.14477434108399143,29.31,29.97,3,622.0,0.0,404.0,546.0,0.0,413.0,2,0,1,-0.01175127750350971,-0.03852191207931772,0.032326043845969904,-0.04741042182374272,-0.10309575357595484,0.07575029571045891,-0.04745909142832658,-0.10692225357529617,0.08642989458720485,23.94,35.67,3,1197.0,0.0,0.0,1070.0,0.0,0.0,3,0,0,0.05193750565366456,-0.05729440797139386,-0.004243373715981483,0.09530504399940862,-0.10488109787198488,-0.008231974384643993,0.1447041020221705,-0.15566492123587394,-0.012647561689829707
92,least_connections,3375,measured,456,432,13,heavy,1,100.0,74.55,4,1186.0,433.0,0.0,1065.0,426.0,0.0,3,1,0,0.030122896548070655,-0.0176911035280964,-0.01403695712166147,0.20900679757533003,-0.09644402357843979,-0.08885956455492666,0.15876707917630906,-0.043491112450364605,-0.061727977114483946,42.34,43.47,4,622.0,456.0,404.0,546.0,432.0,413.0,2,1,1,-0.010632108217461161,0.008230741678803236,0.029247373003496578,-0.04289514355481486,0.02460044064216331,0.06853598183327235,-0.042939177958962155,0.025403675336636802,0.0781984760550901,23.94,35.67,3,1197.0,0.0,0.0,1070.0,0.0,0.0,3,0,0,0.04699107654379174,-0.05183779768840397,-0.003839242885888009,0.0862283731423221,-0.09489242188417679,-0.007447976824201708,0.13092275897244,-0.14083969064198118,-0.01144303200508402
92,least_connections,3376,measured,405,446,14,heavy,2,100.0,74.55,4,1186.0,433.0,0.0,1065.0,426.0,0.0,3,1,0,0.027254049257778204,-0.016006236525420547,-0.012700104062455616,0.18910138828244138,-0.08725887847573127,-0.08039674888302889,0.14364640496904152,-0.03934910174080605,-0.05584912215119976,42.34,43.47,4,622.0,860.0,0.0,546.0,845.0,0.0,2,2,0,-0.009619526482464863,0.05053076174567458,-0.01662199131883189,-0.03880989178768965,0.12669291568304572,-0.04242662868146107,-0.03884973243906101,0.13975511101886184,-0.04601983118825181,32.04,50.53,4,1197.0,405.0,0.0,1070.0,446.0,0.0,3,1,0,0.04251573592057348,-0.0038169643484652765,-0.003473600706279627,0.07801614712876762,-0.012569334085683767,-0.00673864569808726,0.11845392478458855,0.007081549736620202,-0.010353219433171256
92,least_connections,3377,measured,407,433,18,heavy,0,100.0,80.5,4,832.0,433.0,407.0,751.0,426.0,433.0,2,1,1,-0.018425474707815193,-0.01448183304680907,0.03159332988453562,-0.042432077268267254,-0.07894850909709022,0.17275214783598972,-0.012081824075629077,-0.035601568241681675,0.1453507942441526,29.8,29.62,3,183.0,860.0,0.0,103.0,845.0,0.0,1,2,0,-0.05178728132993986,0.045718308246086525,-0.015038944526562186,-0.14859670481471238,0.11462692371323185,-0.03838599737846478,-0.1604027341115314,0.1264451004456369,-0.04163699012270402,32.04,50.53,4,1197.0,405.0,0.0,1070.0,446.0,0.0,3,1,0,0.038466618213852194,-0.0034534439343257284,-0.003142781591395853,0.07058603787840881,-0.011372254648951988,-0.006096869917317045,0.10717259861462775,0.006407116428370663,-0.009367198534773994
92,least_connections,3378,measured,387,328,10,medium,1,100.0,80.5,4,832.0,433.0,407.0,751.0,426.0,433.0,2,1,1,-0.016670667592785182,-0.013102610851874877,0.028584441324103656,-0.038390927052241786,-0.07142960346879595,0.1562995623278002,-0.010931174163664403,-0.03221094269485486,0.1315078614589952,35.63,36.66,3,0.0,1247.0,0.0,0.0,1173.0,0.0,0,3,0,-0.08993905952527438,0.08444808387797852,-0.013606664095461025,-0.18175076013848127,0.2037508901623118,-0.03473018810432527,-0.1742483070532903,0.20714080516510008,-0.037671562491970303,24.98,38.87,3,844.0,405.0,0.0,720.0,446.0,0.0,2,1,0,-0.008280769461843474,-0.0031245445120089976,-0.0028434690588819626,-1.2632395725353796e-05,-0.010289182777623224,-0.005516215639477327,-0.008589871094701912,0.005796914863763936,-0.008475084388605043
92,least_connections,3379,measured,468,402,15,heavy,1,100.0,80.5,4,832.0,433.0,407.0,751.0,426.0,433.0,2,1,1,-0.015082984964900875,-0.011854743151696323,0.025862113578950928,-0.03473464828536155,-0.0646267840908154,0.14141388972515256,-0.009890109957601145,-0.02914323386677345,0.11898330322480519,49.0,49.22,4,0.0,1247.0,468.0,0.0,1173.0,402.0,0,3,1,-0.08137343480858159,0.07640540922293294,0.03077310890229263,-0.1644411639348164,0.18434604348018688,0.08955704069472611,-0.1576532301910722,0.18741310943509054,0.07957691965012209,17.04,28.73,2,447.0,405.0,0.0,416.0,446.0,0.0,1,1,0,-0.05057602497794908,-0.002826968844198613,-0.0025726624818455854,-0.07184952454851344,-0.009309260608325778,-0.004990861769050915,-0.0994543278158414,0.005244827733881657,-0.0076679334944521815
92,least_connections,3380,measured,380,315,8,medium,2,100.0,80.5,4,832.0,433.0,407.0,751.0,426.0,433.0,2,1,1,-0.013646510206338891,-0.01072571999439191,0.023399055142860364,-0.031426586543898516,-0.05847185227264251,0.12794590022751898,-0.008948194723543912,-0.026367687784223603,0.10765156006053803,49.0,49.22,4,0.0,1715.0,0.0,0.0,1575.0,0.0,0,4,0,-0.07362358387443096,0.11221260380941098,-0.015241563600873559,-0.14878010070292913,0.2877688692711895,-0.03995179311293487,-0.1426386368395415,0.2832249561555581,-0.041662548887984756,24.64,39.23,3,447.0,785.0,0.0,416.0,761.0,0.0,1,2,0,-0.04575926069433488,0.04052616651057767,-0.002327647007384101,-0.06500671268675028,0.06033924040199096,-0.004515541600569876,-0.08998248707147555,0.09974532033065481,-0.006937654114028164
92,least_connections,3381,measured,463,443,21,heavy,2,80.4,59.9,3,366.0,840.0,0.0,339.0,859.0,0.0,1,2,0,-0.05543074279439732,0.0333796773746885,-0.02191332652607418,-0.30951294338098756,0.19258895905491075,-0.12973148709573679,-0.19447693808320635,0.17202447295713102,-0.0984819218499894,49.0,49.22,4,843.0,872.0,0.0,760.0,815.0,0.0,2,2,0,0.01955598647188672,0.015357888707380918,-0.013789986115076078,0.08330780004428862,0.0424439429460422,-0.036146860435512504,0.0858269476213672,0.04137019842645734,-0.03769468708912906,24.96,40.13,3,380.0,405.0,463.0,315.0,446.0,443.0,1,1,1,-0.04140123586630298,-0.006417368621948999,0.04097793388674318,-0.07093940671658357,-0.014169258683912944,0.07969546236138916,-0.11187304385831916,-0.0047542339865503935,0.1273262494523872
92,least_connections,3382,measured,358,337,14,medium,0,79.87,59.8,3,433.0,765.0,0.0,426.0,770.0,0.0,1,2,0,-0.050151624433026135,0.030200660481861014,-0.01982634304740045,-0.23962282178914746,0.12900905819253827,-0.11737610737233328,-0.136598182075282,0.1153792850564519,-0.08910269119760945,49.0,49.22,4,843.0,872.0,0.0,760.0,815.0,0.0,2,2,0,0.017693511569802284,0.013895232640011301,-0.012476654104116452,0.07537372384959448,0.03840166266546674,-0.032704302298797026,0.0776529526098084,0.03743017952869951,-0.034104716890164394,24.96,40.13,3,380.0,405.0,463.0,315.0,446.0,443.0,1,1,1,-0.037458261021893174,-0.005806190657953861,0.03707527351657716,-0.06418327274357562,-0.012819805475921237,0.07210541832697115,-0.10121846825276497,-0.004301449797355111,0.1151999399807313
92,least_connections,3383,measured,386,315,5,medium,0,100.0,75.55,4,819.0,765.0,0.0,741.0,770.0,0.0,2,2,0,-0.002291379022171053,0.02732440710263616,-0.01793811990002898,0.016023796159025272,0.11672248122182038,-0.10619743047973011,0.018911168598554406,0.10439078171774219,-0.08061672060736094,49.0,49.22,4,1247.0,468.0,0.0,1173.0,402.0,0.0,3,1,0,0.059092315456578476,-0.030512023076270947,-0.011288401332295837,0.17263064810881676,-0.06969101269042807,-0.02958960684176874,0.1870282666469695,-0.08290543280736712,-0.030856648614910644,24.96,40.13,3,785.0,0.0,463.0,761.0,0.0,443.0,2,0,1,0.009193092635520678,-0.04833712034585848,0.03354429508642696,0.015215134184383972,-0.08488458590678588,0.06523823562916437,0.042929322374482465,-0.13839972441982923,0.10422851712542355
92,least_connections,3384,measured,197,108,9,light,2,100.0,75.55,4,819.0,765.0,0.0,741.0,770.0,0.0,2,2,0,-0.0020731524486309605,0.024722082616670804,-0.01622972752859765,0.014497720334356146,0.1056060544387899,-0.09608338948166058,0.01711010492250159,0.09444880250652865,-0.07293893769237418,49.0,49.22,4,1247.0,468.0,0.0,1173.0,402.0,0.0,3,1,0,0.05346447588928528,-0.027606116116626098,-0.010213315491124805,0.15618963400321517,-0.06305377338657778,-0.026771549047314575,0.16921605077582955,-0.07500967730190358,-0.027917920175395343,28.9,43.73,4,785.0,197.0,463.0,761.0,108.0,443.0,2,1,1,0.008317560003566316,-0.0006496848480669754,0.03034960031629106,0.013766073785871219,-0.041152720582330084,0.05902507033114872,0.03884081548167462,-0.0926473697131788,0.09430199168490702
92,least_connections,3385,measured,175,107,5,light,0,100.0,80.9,5,994.0,765.0,0.0,848.0,770.0,0.0,3,2,0,0.041208190868472216,0.022367598557940238,-0.014684039192540733,0.11867254061997301,0.09554833496842896,-0.0869325904834072,0.0638853330251205,0.08545367845828783,-0.06599237219786236,49.0,49.22,4,1247.0,468.0,0.0,1173.0,402.0,0.0,3,1,0,0.04837262104268668,-0.024976962200756944,-0.009240618777684347,0.14131443076481373,-0.057048652111665626,-0.024221877709475093,0.15310023641622672,-0.06786589851124608,-0.0252590706348815,28.9,43.73,4,785.0,197.0,463.0,761.0,108.0,443.0,2,1,1,0.007525411431798107,-0.0005878101006320247,0.027459162190930007,0.01245501913959779,-0.03723341386020341,0.053403635061515506,0.035141690197705605,-0.08382381069287606,0.08532084961967779
92,least_connections,3386,measured,369,310,11,medium,1,100.0,80.9,5,994.0,765.0,0.0,848.0,770.0,0.0,3,2,0,0.037283601261951044,0.020237351076231647,-0.013285559269441615,0.10737039389426128,0.08644849354286432,-0.07865329615165413,0.05780101559415668,0.07731523289083181,-0.059707384369494514,59.54,58.91,5,1247.0,837.0,0.0,1173.0,712.0,0.0,3,2,0,0.04376570475290699,0.020485696330834413,-0.008360559846476314,0.12785591354911718,0.04377230795339096,-0.021915032213334608,0.13851926151944322,0.0262463299183964,-0.02285344486013088,28.9,43.73,4,982.0,0.0,463.0,869.0,0.0,443.0,3,0,1,0.04989260580790804,-0.04361572841304349,0.02484400388703191,0.04691644588820751,-0.06933499349256499,0.04831757457946641,0.0643662911312575,-0.10841201919831644,0.07719505441780372
92,least_connections,3387,measured,156,120,7,light,2,100.0,80.9,5,994.0,765.0,0.0,848.0,770.0,0.0,3,2,0,0.03373278209414618,0.018309984307066735,-0.012020267910447175,0.09714464209480778,0.0782153036816392,-0.07116250604197279,0.052296156966141705,0.06995187737741926,-0.054020966810495036,59.54,58.91,5,1715.0,369.0,0.0,1575.0,310.0,0.0,4,1,0,0.08268144262224464,-0.024549222594097656,-0.007564316051573808,0.2366587517145074,-0.08137607511700001,-0.01982788628825512,0.23898766518425812,-0.08991403483573658,-0.02067692630202318,32.02,47.73,5,1138.0,0.0,463.0,989.0,0.0,443.0,4,0,1,0.08822482929105512,-0.039461849516563154,0.02247790827874316,0.0706767843750449,-0.06273166077898737,0.04371590080999342,0.094426644356852,-0.09808706498895298,0.06984314447325099
92,least_connections,3388,measured,387,346,11,medium,0,100.0,82.45,5,1015.0,745.0,0.0,966.0,683.0,0.0,3,2,0,0.030520136180417975,0.01656617627782228,-0.010875480490404587,0.1005594380857785,0.058702735077038604,-0.06438512451416585,0.10069652296936632,0.023932650960522217,-0.04887611282854313,35.46,35.16,3,872.0,369.0,0.0,815.0,310.0,0.0,2,1,0,-0.011360780938150544,-0.022211201394659777,-0.0068439049990429695,-0.003798544367146356,-0.07362597272490479,-0.017939516165564155,0.0013459827857573714,-0.08135079342280928,-0.01870769522564002,24.42,37.23,4,758.0,463.0,0.0,674.0,443.0,0.0,3,1,0,0.03673856436991155,0.0073803220927240315,-0.02274674511741832,-0.004816242708292701,0.027023735485678102,-0.04422847069572024,-0.00956636939141961,0.04485773485126476,-0.07041175817499513
92,least_connections,3389,measured,425,402,13,heavy,1,88.47,61.15,4,940.0,387.0,0.0,877.0,346.0,0.0,3,1,0,0.02761345654418769,-0.028095455023013402,-0.009839720443699388,0.04574425350618061,-0.162824509533473,-0.0582532078937691,0.05084447316275997,-0.1307990300833371,-0.04422124494011045,47.6,47.72,4,872.0,794.0,0.0,815.0,712.0,0.0,2,2,0,-0.010278801801183818,0.0229880513458747,-0.006192104522943639,-0.003436778236941912,0.043249970255698406,-0.016230990816462808,0.001217793949018553,0.040057615474601155,-0.016926009966055255,24.42,37.23,4,758.0,463.0,0.0,674.0,443.0,0.0,3,1,0,0.033239653477539016,0.0066774342743693565,-0.020580388439568956,-0.004357552926550545,0.024450046391803995,-0.04001623539136593,-0.008655286592236772,0.04058556962733478,-0.06370587644404321
92,least_connections,3390,measured,384,330,10,medium,0,100.0,72.3,4,765.0,771.0,0.0,770.0,676.0,0.0,2,2,0,-0.01810029668677804,0.01766420282498335,-0.008902604210966112,-0.06416789762139219,0.08430163423161968,-0.05270528333245776,-0.0024026195194076783,0.03094373468650452,-0.04000969780295707,36.06,34.81,3,837.0,425.0,0.0,712.0,402.0,0.0,2,1,0,-0.00929986829630916,-0.022285187104299303,-0.005602380282663293,-0.012157085071518886,-0.05625682963259941,-0.014685182167275873,-0.028020210236602255,-0.051406205046789444,-0.015314009016907135,16.32,22.37,3,353.0,463.0,0.0,228.0,443.0,0.0,2,1,0,-0.013009928032793494,0.006041488153000846,-0.018620351445324295,-0.07722826217164097,0.02212147054496552,-0.03620516535409298,-0.14233891009138883,0.036720277281874325,-0.0576386501160391
92,least_connections,3391,measured,155,112,1,light,1,100.0,72.3,4,765.0,771.0,0.0,770.0,676.0,0.0,2,2,0,-0.01637645890708489,0.015981897794032557,-0.008054737143255055,-0.058056669276497774,0.07627290716194157,-0.04768573253889036,-0.0021737986127974285,0.027996712335408847,-0.03619925039315164,40.49,38.31,4,992.0,425.0,0.0,824.0,402.0,0.0,3,1,0,0.03466973367295384,-0.020162788332461268,-0.005068820255742979,0.029068759765224383,-0.05089903633425659,-0.013286593389440077,0.006315047881169378,-0.04651037599471425,-0.013855531967677885,16.32,22.37,3,353.0,463.0,0.0,228.0,443.0,0.0,2,1,0,-0.01177088726776554,0.005466108328905525,-0.016846984641007697,-0.06987318958386565,0.020014663826397383,-0.03275705436798889,-0.12878282341601843,0.0332231080169339,-0.05214925486689252
92,least_connections,3392,measured,165,120,5,light,2,100.0,72.3,4,1152.0,384.0,0.0,1116.0,330.0,0.0,3,1,0,0.028267104072728172,-0.028624087936918383,-0.007287619320087907,0.18090110874983534,-0.16441975066300524,-0.043144234201853184,0.15455703935032616,-0.13119345074415392,-0.032751702736661004,36.06,34.81,3,837.0,425.0,0.0,712.0,402.0,0.0,2,1,0,-0.011716045951227716,-0.018242522776988762,-0.004586075469481743,-0.013767720756633711,-0.04605150906432738,-0.012021203542826736,-0.025953051917037256,-0.04208081637617003,-0.012535957494565705,19.62,26.37,4,518.0,463.0,0.0,348.0,443.0,0.0,3,1,0,0.032434049841636156,0.004945526583295473,-0.015242509913292679,-0.033361457242545106,0.018108505366740496,-0.029637334904370902,-0.08032731642401668,0.03005900249151161,-0.04718265916528371
92,least_connections,3393,measured,411,435,17,heavy,1,100.0,72.3,4,1536.0,0.0,0.0,1446.0,0.0,0.0,4,0,0,0.0686588991497019,-0.0689818845506359,-0.006593560337222392,0.37357719363080344,-0.3803797744093857,-0.03903525951596241,0.289123035602676,-0.26798455067328214,-0.0296324929522171,47.8,48.41,4,837.0,425.0,411.0,712.0,402.0,435.0,2,1,1,-0.010600232051110797,-0.016505139655370787,0.03893459384960722,-0.012456509256001919,-0.041665651058200956,0.0953685709442452,-0.023481332686843243,-0.038073119578439535,0.11164901464777388,15.68,22.77,3,321.0,463.0,0.0,240.0,443.0,0.0,2,1,0,-0.013738807512896078,0.004474524051553047,-0.0137908423025029,-0.06583179464801701,0.016383885808003304,-0.026814731580145103,-0.10524852438363412,0.027196240349462886,-0.042689072578113836
92,least_connections,3394,measured,431,450,18,heavy,2,100.0,72.3,4,1536.0,0.0,0.0,1446.0,0.0,0.0,4,0,0,0.062119956373539814,-0.062412181260099155,-0.005965602209867879,0.3379984132850127,-0.34415312922753943,-0.03531761575253742,0.2615875084024212,-0.24246221251392194,-0.026810350766291662,34.43,35.84,3,369.0,425.0,411.0,310.0,402.0,435.0,1,1,1,-0.05267458636823856,-0.014933221592954515,0.03522653729250177,-0.1322497668778793,-0.03769749381456276,0.08628584990193613,-0.13490572957381053,-0.03444710819001673,0.1010157751575097,21.18,33.77,3,165.0,463.0,431.0,120.0,443.0,450.0,1,1,1,-0.05551424988128238,0.004048378903786093,0.03060647147687379,-0.08779067134820587,0.014823515731050618,0.05372952857034491,-0.13141533158519278,0.024606122220942606,0.09709083909599224
92,least_connections,3395,measured,165,110,3,light,1,75.27,50.65,3,1129.0,0.0,0.0,1013.0,0.0,0.0,3,0,0,0.013119869825492958,-0.05646816399723257,-0.00539744961845189,0.08203031043247178,-0.3113766407296785,-0.03195403329991481,0.04079345998314293,-0.21937057322688175,-0.024256984026644838,39.14,39.28,4,959.0,0.0,411.0,822.0,0.0,435.0,3,0,1,0.03850984135844175,-0.0565949102394305,0.03187162897893017,0.0328624558179732,-0.14397120188664522,0.07806814991127554,0.02270433990940951,-0.14482714550525322,0.09139522514250878,21.18,33.77,3,628.0,0.0,431.0,563.0,0.0,450.0,2,0,1,-0.00714327823726002,-0.03942108121856995,0.027691569431457237,0.004351297351623248,-0.07036920005285896,0.04861243061126444,0.014703588883238278,-0.11134049259375034,0.08784409251542155
92,least_connections,3396,measured,355,327,10,medium,0,75.07,50.15,3,771.0,355.0,0.0,676.0,327.0,0.0,2,1,0,-0.031213541813216117,-0.008006343389786383,-0.004883406797646948,-0.14171860802141445,-0.06759473843796313,-0.028910792033256257,-0.11554401239620399,-0.050549566252893,-0.021946795071726283,39.14,39.28,4,959.0,411.0,0.0,822.0,435.0,0.0,3,1,0,0.03484223741954254,-0.008121018561298807,-0.014247664483915783,0.029732698121023388,-0.024014760890638212,-0.03561180994422008,0.020542021822799073,-0.008043012599991017,-0.04030015344249205,21.18,33.77,3,628.0,0.0,431.0,563.0,0.0,450.0,2,0,1,-0.0064629660241876385,-0.0356666925310871,0.025054277104651787,0.003936888080040085,-0.0636673714763962,0.043982675314953534,0.01330324708483463,-0.10073663615625031,0.07947798846633378
92,least_connections,3397,measured,386,347,9,medium,0,100.0,67.5,4,771.0,741.0,0.0,676.0,674.0,0.0,2,2,0,-0.028240823545290783,0.035840065731236354,-0.004418320435966286,-0.1282215977336607,0.17166825252438256,-0.02615738326818423,-0.1045398207394227,0.11124086862833493,-0.019856624112514255,28.6,29.59,3,590.0,411.0,0.0,512.0,435.0,0.0,2,1,0,-0.011559971132885538,-0.007347588222127485,-0.012890744056876185,-0.068486742516353,-0.021727640805815532,-0.0322202089971515,-0.06906317073175325,-0.007277011399991873,-0.03646204359082614,17.88,29.77,2,463.0,0.0,431.0,443.0,0.0,450.0,1,0,1,-0.04893134567721284,-0.03226986467098356,0.02266815547563733,-0.02629519649901134,-0.057603812288167994,0.039793849094481776,-0.02415420501848295,-0.091142670808036,0.07190865623144485
92,least_connections,3398,measured,176,114,4,light,2,100.0,67.5,4,771.0,741.0,0.0,676.0,674.0,0.0,2,2,0,-0.02555122130288215,0.03242672613778527,-0.0039975280134933065,-0.11601001699712166,0.15531889514110803,-0.02366620390930954,-0.09458364733566815,0.10064650018754112,-0.017965517054179564,23.89,26.16,2,425.0,411.0,0.0,402.0,435.0,0.0,1,1,0,-0.05354292172793952,-0.006647817915258203,-0.0116630541466975,-0.10461725683452346,-0.019658341681452154,-0.02915161766408945,-0.0935869163763482,-0.006583962695230761,-0.03298946801074746,21.4,33.57,3,639.0,431.0,0.0,557.0,450.0,0.0,2,1,0,-0.0011873172907209129,0.013887356000629382,-0.022574616701180734,0.008056726977084983,0.0258727412630861,-0.041986517485945056,0.012527147840420194,0.05325186926891981,-0.07065407293345466
92,least_connections,3399,measured,381,337,9,medium,1,75.0,50.2,3,1125.0,0.0,0.0,1004.0,0.0,0.0,3,0,0,0.019966128571768757,-0.05682933394789949,-0.0036168110598272774,0.10856236557403276,-0.3064257615389975,-0.021412279727470538,0.06280527145820497,-0.2138436426874628,-0.016254515429971986,34.77,36.69,3,425.0,792.0,0.0,402.0,772.0,0.0,1,2,0,-0.04844359584908814,0.03706920782723804,-0.010552287085107262,-0.09465370856456883,0.08070367725419636,-0.026375273124652363,-0.08467387672145787,0.08932581946621979,-0.029847613914485798,21.4,33.57,3,639.0,431.0,0.0,557.0,450.0,0.0,2,1,0,-0.0010742394535094013,0.012564750667236106,-0.020424653205830187,0.007289419645934034,0.02340867066660171,-0.03798780153490267,0.01133408614133255,0.04818026267187983,-0.06392511360645897
92,least_connections,3400,measured,154,101,3,light,0,59.67,38.75,3,895.0,0.0,0.0,775.0,0.0,0.0,3,0,0,0.018064592517314584,-0.05141701642905192,-0.003272352863653251,-0.040507066067938524,-0.2772423556781406,-0.019373014991520963,-0.046771421061624074,-0.19347758147913302,-0.014706466341403225,34.77,36.69,3,425.0,792.0,0.0,402.0,772.0,0.0,1,2,0,-0.04382992005393689,0.0335388070817868,-0.009547307362716095,-0.08563906965365749,0.0730176127537967,-0.023863342350875946,-0.07660969798608092,0.08081859856467505,-0.027004984017868102,21.4,33.57,3,639.0,431.0,0.0,557.0,450.0,0.0,2,1,0,-0.0009719309341275628,0.011368107746546952,-0.018479448138608266,0.006595189203464122,0.02117927346025869,-0.03436991567443575,0.010254649365967539,0.043591666226938885,-0.057837007548700976
92,least_connections,3401,measured,173,120,7,light,0,71.2,44.75,4,1068.0,0.0,0.0,895.0,0.0,0.0,4,0,0,0.059428055361470555,-0.04652015772152317,-0.002960700209971989,0.06769995609726198,-0.250838321804032,-0.017527965944709442,0.01196871427757823,-0.17505114514778702,-0.013305850499364823,34.77,36.69,3,806.0,411.0,0.0,739.0,435.0,0.0,2,1,0,0.003428258273195428,-0.012739265247997872,-0.008638039994838372,0.021006828136486744,-0.032426241522075086,-0.021590643079363953,0.025969201822117288,-0.022161148917674983,-0.02443308077807114,21.4,33.57,3,639.0,431.0,0.0,557.0,450.0,0.0,2,1,0,-0.0008793660832582817,0.01028543081830438,-0.01671950069683605,0.005967075945991343,0.019162199797376905,-0.031096590372108535,0.009278016093018232,0.039440078967230424,-0.05232872111549136
92,least_connections,3402,measured,381,325,11,medium,1,71.2,44.75,4,1068.0,0.0,0.0,895.0,0.0,0.0,4,0,0,0.05376824056514001,-0.04208966650994953,-0.0026787287614032282,0.0612523412308561,-0.2269489578226956,-0.015858635854737114,0.010828836727332702,-0.15837960751466446,-0.012038626642282458,33.51,34.28,3,381.0,792.0,0.0,337.0,760.0,0.0,1,2,0,-0.039982142741485316,0.03155789833571168,-0.007815369519139479,-0.09085776774045758,0.06915176787458513,-0.019534391357519765,-0.0901647697799891,0.07183931764591311,-0.02210612070396913,8.62,15.0,1,0.0,431.0,0.0,0.0,450.0,0.0,0,1,0,-0.08696341738598651,0.009305865978465874,-0.015127167297137378,-0.11022978842981736,0.01733722838810292,-0.028135010336669628,-0.1595897314713962,0.03568388097035133,-0.04734503339020647
92,least_connections,3403,measured,358,313,12,medium,2,60.93,39.7,3,914.0,0.0,0.0,794.0,0.0,0.0,3,0,0,0.005563555522655028,-0.03808112684233529,-0.0024236117365076825,-0.03747010396573336,-0.20533477136339126,-0.01434828958285739,-0.03589295724669894,-0.1432958353704107,-0.01089209077158889,33.51,34.28,3,792.0,381.0,0.0,772.0,325.0,0.0,2,1,0,0.0069095806035087415,-0.014531516018256321,-0.007071048612554766,0.02404025095591253,-0.04367901273932091,-0.017673973132994073,0.04141342258000982,-0.05799359355845954,-0.020000775875019687,15.78,25.43,2,0.0,789.0,0.0,0.0,763.0,0.0,0,2,0,-0.0786811871587497,0.05150349325489316,-0.013686484697410009,-0.09973171334126332,0.08046701616066454,-0.025455485542701092,-0.14439070942650134,0.1266822415128576,-0.04283598259113919
92,least_connections,3404,measured,173,123,2,light,2,60.93,39.7,3,914.0,0.0,0.0,794.0,0.0,0.0,3,0,0,0.005033693091925973,-0.034454352857350976,-0.0021927915711259984,-0.033901522635663484,-0.1857790788525921,-0.012981785813061447,-0.032474580366060934,-0.12964861295418112,-0.00985474879334233,33.51,34.28,3,792.0,381.0,0.0,772.0,325.0,0.0,2,1,0,0.00625152530793649,-0.013147562111755717,-0.006397615411359074,0.02175070324582562,-0.03951910676414748,-0.015990737596518447,0.037469287096199344,-0.05247039417193958,-0.018095940077398766,19.24,29.53,3,173.0,789.0,0.0,123.0,763.0,0.0,1,2,0,-0.028103840535920924,0.04659839865918905,-0.012383009964323342,-0.05892869302304777,0.07280349081202982,-0.02303115358625337,-0.09354397519540597,0.11461726613068068,-0.03875636520150688
92,least_connections,3405,measured,154,110,4,light,0,71.2,45.2,4,1068.0,0.0,0.0,904.0,0.0,0.0,4,0,0,0.04763819397659513,-0.031172985918555645,-0.001983954278637808,0.062216082694717234,-0.16808583324758333,-0.011745425259436547,0.02038014157356388,-0.11730112600616387,-0.008916201289214488,33.51,34.28,3,792.0,381.0,0.0,772.0,325.0,0.0,2,1,0,0.005656141945275861,-0.011895413339207558,-0.0057883187055153525,0.01967920769860415,-0.03575538231041915,-0.014467810206373834,0.03390078356322798,-0.047473213774612,-0.0163725172128846,19.24,29.53,3,604.0,358.0,0.0,573.0,313.0,0.0,2,1,0,0.01765661593235271,-0.0009234442970148943,-0.011203675682006833,0.024674039645813925,-0.012120651170068261,-0.020837710387562575,0.05107926053748982,-0.03201294969128893,-0.03506528280136337
92,least_connections,3406,measured,428,417,19,heavy,1,21.8,11.5,2,327.0,0.0,0.0,230.0,0.0,0.0,2,0,0,-0.04306657733183342,-0.02820413011678844,-0.001795006252100874,-0.3906616394666844,-0.1520776586525754,-0.0106268133299664,-0.28646558619534696,-0.10612959019605302,-0.008067039261670251,45.74,47.31,4,1173.0,0.0,428.0,1097.0,0.0,417.0,3,0,1,0.04820136198676886,-0.05384641705746897,0.03784684996938634,0.11629479335996157,-0.1308399037230323,0.09754953226226042,0.12256201846196821,-0.134841836272268,0.10308855585500917,15.78,25.43,2,431.0,358.0,0.0,450.0,313.0,0.0,1,1,0,-0.02710886676415253,-0.0008354972211087192,-0.010136658950387135,-0.008980630796644545,-0.010966303439585559,-0.018853166541128043,0.009119330962490763,-0.028964097339737593,-0.03172573205837638
92,least_connections,3407,measured,192,104,5,light,0,34.6,16.7,3,519.0,0.0,0.0,334.0,0.0,0.0,3,0,0,0.004118901688431903,-0.02551802248661811,-0.0016240532757103147,-0.23764624523176214,-0.13759407211423488,-0.0096147358699696,-0.2121355303672187,-0.0960220101773813,-0.007298749808177846,45.74,47.31,4,1173.0,0.0,428.0,1097.0,0.0,417.0,3,0,1,0.04361075608326706,-0.04871818686151954,0.034242388067540014,0.10521909875425095,-0.11837896051131494,0.08825910061823561,0.1108894452751141,-0.1219997566272901,0.0932705981545321,15.78,25.43,2,431.0,358.0,0.0,450.0,313.0,0.0,1,1,0,-0.024527069929471332,-0.0007559260571936011,-0.009171262859874074,-0.008125332625535539,-0.009921893588196451,-0.01705762687054442,0.00825082325177734,-0.02620561187881021,-0.02870423376710244
92,least_connections,3408,measured,388,318,6,medium,2,23.07,10.7,2,346.0,0.0,0.0,214.0,0.0,0.0,2,0,0,-0.03935727488960469,-0.023087734630749722,-0.0014693815351664752,-0.3193624758446102,-0.12448987477002203,-0.008699046739496306,-0.246217860808436,-0.0868770568271545,-0.0066036307788275754,34.86,36.78,3,792.0,0.0,428.0,760.0,0.0,417.0,2,0,1,-0.003626549484753827,-0.044078359541374824,0.030981208251583826,-0.0032915637121402885,-0.10710477379595161,0.07985347198792746,0.005045807629865118,-0.1103807321865958,0.08438768404457667,23.54,36.03,3,1177.0,0.0,0.0,1081.0,0.0,0.0,3,0,0,0.06397664194589782,-0.04376783332612301,-0.008297809254171782,0.12763898476737262,-0.07375790372265394,-0.01543309097811162,0.1977666178627192,-0.11810666471574892,-0.025970497217854587
92,least_connections,3409,measured,198,115,7,light,0,26.0,10.95,2,390.0,0.0,0.0,219.0,0.0,0.0,2,0,0,-0.035608962995356624,-0.020888902761154512,-0.001329440436579192,-0.26240731941496476,-0.11263369622049613,-0.007870566097639515,-0.22050663596953735,-0.07860305141504455,-0.005974713561796378,34.86,36.78,3,792.0,0.0,428.0,760.0,0.0,417.0,2,0,1,-0.00328116381953919,-0.03988042053743437,0.028030616989528225,-0.002978081453841208,-0.09690431914871812,0.07224837941764865,0.004565254522258921,-0.09986828150215811,0.07635076175461698,23.54,36.03,3,1177.0,0.0,0.0,1081.0,0.0,0.0,3,0,0,0.05788362842724089,-0.039599468247444626,-0.007507541706155422,0.11548289098000379,-0.06673334146335357,-0.013963272789720036,0.17893170187579355,-0.10685841093329664,-0.023497116530439864
92,least_connections,3410,measured,398,309,10,medium,0,52.53,26.4,3,390.0,398.0,0.0,219.0,309.0,0.0,2,1,0,-0.032217633186275046,0.024184416776189,-0.001202827061666888,-0.23741614613734907,0.13815681453066223,-0.007120988374054799,-0.19950600397243856,0.06866866776734065,-0.0054056932225776755,23.11,23.19,2,381.0,0.0,428.0,325.0,0.0,417.0,1,0,1,-0.04605257225395949,-0.036082285248154905,0.025361034419096967,-0.10893935260789712,-0.08767533637264974,0.06536758137787259,-0.11886060305128954,-0.09035701659719067,0.06907926063512965,23.54,36.03,3,1177.0,0.0,0.0,1081.0,0.0,0.0,3,0,0,0.0523709019103608,-0.035828090319116566,-0.00679253773414062,0.10448452041047962,-0.060377785133510366,-0.012633437285937176,0.16189058741143225,-0.09668141941583981,-0.021259295908493212
92,least_connections,3411,measured,374,311,8,medium,1,52.53,26.4,3,390.0,398.0,0.0,219.0,309.0,0.0,2,1,0,-0.02914928716853457,0.02188113898798052,-0.0010882721034128986,-0.21480508460045866,0.12499902267059915,-0.0064427990050971995,-0.18050543216553966,0.06212879464664155,-0.004890865296617897,33.8,32.91,3,381.0,802.0,0.0,325.0,728.0,0.0,1,2,0,-0.041666612991677635,0.053521923324231724,-0.02013820241900297,-0.09856417616904976,0.12799442355399718,-0.05149735834519011,-0.10754054561783338,0.12408174688825607,-0.05540150228250175,23.54,36.03,3,1177.0,0.0,0.0,1081.0,0.0,0.0,3,0,0,0.04738319696651691,-0.032415891241105464,-0.00614562937850818,0.09453361370471966,-0.05462751988269986,-0.011430252782514588,0.1464724362293911,-0.08747366518575983,-0.019234601060065287
92,least_connections,3412,measured,198,124,7,light,0,52.93,27.4,3,396.0,398.0,0.0,239.0,309.0,0.0,2,1,0,-0.026373164581055097,0.019797220989125234,-0.0009846271411830987,-0.19072840987660544,0.1130943538448278,-0.005829199099849847,-0.15426681957834543,0.05621176658505664,-0.004425068601701907,33.8,32.91,3,755.0,428.0,0.0,636.0,417.0,0.0,2,1,0,0.005385536091429971,0.005340697066595151,-0.018220278379097923,0.007503160336846143,0.019124206344772965,-0.046592848026600575,-0.00936704127327781,0.024332890041755484,-0.050125168731787295,14.92,21.03,2,746.0,0.0,0.0,631.0,0.0,0.0,2,0,0,-0.0002133886856230116,-0.029328663503857325,-0.005560331342459782,0.0075399362090320665,-0.049424898941490346,-0.01034165727941796,-0.0031916053162651947,-0.07914283992997317,-0.01740273429244002
92,least_connections,3413,measured,179,125,5,light,2,52.93,27.4,3,794.0,0.0,0.0,548.0,0.0,0.0,3,0,0,0.01922246560580275,-0.02517212885564406,-0.0008908531277370893,0.06749969265132522,-0.1377400290610288,-0.0052740372808165285,0.00021097276244941288,-0.08892744928018685,-0.004003633496777916,22.91,22.75,2,374.0,428.0,0.0,311.0,417.0,0.0,1,1,0,-0.0382112723345112,0.004832059250728951,-0.016485013771564788,-0.09170122228026846,0.017302853359556503,-0.04215543392882909,-0.10036482305677517,0.022015471942540665,-0.04535134313828374,18.5,25.2,3,925.0,0.0,0.0,756.0,0.0,0.0,3,0,0,0.04289083427309845,-0.026535457455870912,-0.005030775976511232,0.039212323236743285,-0.044717765708967454,-0.009356737538521011,0.03481076979322037,-0.07160542660330907,-0.01574533102649335
92,least_connections,3414,measured,448,435,18,heavy,1,52.93,27.4,3,794.0,0.0,0.0,548.0,0.0,0.0,3,0,0,0.01739175459572631,-0.022774783250344627,-0.0008060099727145093,0.06107115049405615,-0.12462193105521654,-0.004771748015976859,0.00019088011840662222,-0.08045816839635954,-0.0036223350685133525,35.71,36.34,3,374.0,428.0,448.0,311.0,417.0,435.0,1,1,1,-0.03457210354074823,0.0043718631316119055,0.02816888776677018,-0.08296777253929051,0.015654962563408273,0.07766889311201178,-0.09080626847993946,0.019918760328965363,0.08195890382726709,10.74,14.6,2,537.0,0.0,0.0,438.0,0.0,0.0,2,0,0,-0.004277907313001622,-0.024008271031502253,-0.004551654454938733,-0.03473170754770846,-0.040458930879541985,-0.008465619677709486,-0.06440930352041965,-0.06478586216489868,-0.014245775690636842
92,least_connections,3415,measured,373,333,11,medium,2,52.93,27.4,3,794.0,0.0,0.0,548.0,0.0,0.0,3,0,0,0.015735397015180952,-0.02060575627412133,-0.0007292471181702704,0.05525485044700318,-0.11275317571662449,-0.004317295823979063,0.000172701059510727,-0.07279548569194434,-0.0032773507762739857,35.71,36.34,3,374.0,428.0,448.0,311.0,417.0,435.0,1,1,1,-0.03127952225115316,0.003955495214315527,0.025486136550887304,-0.07506607991650092,0.01416401374784558,0.07027185567277255,-0.08215805243423095,0.018021735535730568,0.07415329393895595,11.04,15.27,2,179.0,373.0,0.0,125.0,333.0,0.0,1,1,0,-0.04695438779566359,0.02136213119825533,-0.004118163554468378,-0.0962048782574505,0.03088953872803344,-0.007659370184594297,-0.15267190953434792,0.04181279137461548,-0.012889035148671428
92,least_connections,3416,measured,400,338,12,medium,2,39.73,21.65,2,596.0,0.0,0.0,433.0,0.0,0.0,2,0,0,-0.028847112451117457,-0.018643303295633584,-0.0006597950116778637,-0.06943608769080667,-0.10201477802932692,-0.0039061247931239137,-0.051867556184252234,-0.06586258229271155,-0.0029652221309145587,35.71,36.34,3,374.0,428.0,448.0,311.0,417.0,435.0,1,1,1,-0.028300520131995716,0.003578781384380711,0.0230588854508028,-0.06791692944826273,0.012815060057574573,0.06357929798965137,-0.07433347601192326,0.016305379770422887,0.06709107546857919,19.04,26.53,3,179.0,773.0,0.0,125.0,671.0,0.0,1,2,0,-0.04248254133893373,0.06241154273946457,-0.0037259575016618655,-0.08704250889959807,0.10032863027774452,-0.006929906357490078,-0.13813172767393386,0.1397671287040172,-0.011661507991655102
92,least_connections,3417,measured,361,309,13,medium,0,63.8,37.1,3,596.0,361.0,0.0,433.0,309.0,0.0,2,1,0,-0.026099768408153895,0.02621614962594603,-0.0005969573915180672,-0.06282312695834891,0.12544694686235502,-0.0035341129080644932,-0.04692778892860913,0.08019575887802288,-0.0026828200232084103,35.71,36.34,3,374.0,428.0,448.0,311.0,417.0,435.0,1,1,1,-0.02560523250037708,0.003237945062058739,0.020862801122154915,-0.061448650453190076,0.011594578147329379,0.05752412675254172,-0.06725409734412106,0.014752486458954037,0.06070144923347641,19.04,26.53,3,179.0,773.0,0.0,125.0,671.0,0.0,1,2,0,-0.03843658502094004,0.056467586288087,-0.0033711044062654976,-0.07875274614725539,0.09077352263224506,-0.0062699152758243564,-0.1249763250383211,0.1264559735893489,-0.010550888182926044
92,least_connections,3418,measured,385,328,13,medium,0,89.47,53.5,4,596.0,746.0,0.0,433.0,637.0,0.0,2,2,0,-0.0236140761788059,0.0668032736978514,-0.0005401043066115846,-0.056839972009934736,0.345721840811972,-0.0031975307263440653,-0.04245847569731301,0.22093901993725878,-0.0024273133543314188,35.71,36.34,3,802.0,448.0,0.0,728.0,435.0,0.0,2,1,0,0.01991726129784477,0.00292956934186267,-0.024208032544807682,0.055043057753236174,0.015660400636699365,-0.06376388531912892,0.05705284049817619,0.018436773462863168,-0.06807071259828323,15.46,22.37,2,0.0,773.0,0.0,0.0,671.0,0.0,0,2,0,-0.07785985810284597,0.05108972092731681,-0.0030500468437640216,-0.10364296079989772,0.08212842523869791,-0.005672780487650608,-0.150772230590227,0.11441254753322044,-0.00954604168931404
92,least_connections,3419,measured,382,342,9,medium,2,76.27,47.3,3,398.0,746.0,0.0,309.0,637.0,0.0,1,2,0,-0.06444901676948651,0.06044105715519888,-0.000488665801220005,-0.17085521277089333,0.3127959512108318,-0.0028930039905017734,-0.09451004944042604,0.19989720851466272,-0.0021961406539189026,25.03,26.62,2,428.0,448.0,0.0,417.0,435.0,0.0,1,1,0,-0.025063520957278762,0.0026505627378757557,-0.02190250563577838,-0.04687941033210606,0.014168933909394651,-0.05769113433635474,-0.0363123109778406,0.016680890275923815,-0.06158778758892293,23.1,33.77,3,373.0,782.0,0.0,333.0,680.0,0.0,1,2,0,-0.027360733294865172,0.0462240332199533,-0.002759566191976972,-0.0262769645332408,0.07593524188263147,-0.0051325156793029314,-0.035984399105443474,0.10623040014910419,-0.008636894861760322
92,least_connections,3420,measured,454,423,18,heavy,1,49.73,31.85,2,0.0,746.0,0.0,0.0,637.0,0.0,0,2,0,-0.10139491539914992,0.05468476599756089,-0.0004421262011038141,-0.39464677980858603,0.2830058606193241,-0.0026174798009301757,-0.22529480663657594,0.1808593791323139,-0.0019869844011647215,38.0,39.84,3,428.0,448.0,454.0,417.0,435.0,423.0,1,1,1,-0.022676518961347453,0.0023981281914114,0.023267347508672168,-0.04241470458619122,0.012819511632309447,0.06516380362765184,-0.03285399564661767,0.015092234059169166,0.0638759302766888,23.1,33.77,3,373.0,782.0,0.0,333.0,680.0,0.0,1,2,0,-0.02475494917154468,0.04182174434186251,-0.0024967503641696413,-0.023774396482455967,0.06870331408428561,-0.004643704662226461,-0.032557313476353614,0.09611321918252283,-0.007814333446354576
92,least_connections,3421,measured,390,349,13,medium,0,75.73,49.3,3,0.0,1136.0,0.0,0.0,986.0,0.0,0,3,0,-0.09173825678970707,0.0925605932721696,-0.0004000189438558318,-0.35706137220776835,0.491291016750817,-0.0023681960103653973,-0.20383815838547348,0.32151562873876016,-0.001797747791529986,38.0,39.84,3,428.0,448.0,454.0,417.0,435.0,423.0,1,1,1,-0.020516850488838168,0.002169735030324596,0.02105140965070339,-0.038375208911315864,0.011598605762565689,0.058957727091684994,-0.029725043680273122,0.013654878434486387,0.057792508345575574,23.1,33.77,3,1155.0,0.0,0.0,1013.0,0.0,0.0,3,0,0,0.06377046548878383,-0.048329079382305795,-0.002258964615201104,0.11999459365873033,-0.07934462059040827,-0.004201447075347751,0.17562274812456896,-0.11811978581898727,-0.007070111213368426
92,least_connections,3422,measured,195,121,6,light,0,88.73,55.35,4,195.0,1136.0,0.0,121.0,986.0,0.0,1,3,0,-0.03991737972583474,0.08374529867482011,-0.0003619219015838478,-0.20543647961655231,0.44450139610788203,-0.0021426535331877405,-0.1296869052059046,0.2908950926684021,-0.0016265337161461778,38.0,39.84,3,428.0,448.0,454.0,417.0,435.0,423.0,1,1,1,-0.01856286472799644,0.0019630935988651094,0.019046513493493546,-0.034720427110238164,0.010493976642321337,0.053342705463905474,-0.026894087139294726,0.012354413821678165,0.05228845993171123,23.1,33.77,3,1155.0,0.0,0.0,1013.0,0.0,0.0,3,0,0,0.057697087823185375,-0.04372630991732429,-0.002043825128039094,0.10856653711980363,-0.07178799005798843,-0.003801309258647965,0.15889677211270525,-0.10687028240765516,-0.0063967672882857185
92,least_connections,3423,measured,426,415,15,heavy,1,88.73,55.35,4,556.0,775.0,0.0,430.0,677.0,0.0,2,2,0,0.006968175712906893,0.032685655717127504,-0.0003274531490520528,0.031874931140579654,0.18442189806586162,-0.0019385912919317651,0.02244994290894345,0.12340508384284002,-0.0014716257431798751,50.17,52.81,4,428.0,448.0,880.0,417.0,435.0,838.0,1,1,2,-0.01679497284913964,0.0017761323037350923,0.06031646005420391,-0.03141371976640596,0.009494550295433585,0.15838489678026824,-0.024332745506980946,0.01117780298151834,0.16464491612869114,23.1,33.77,3,1155.0,0.0,0.0,1013.0,0.0,0.0,3,0,0,0.052202127078120095,-0.03956189944900769,-0.0018491751158448947,0.09822686691791757,-0.0649510386238943,-0.0034392798054433973,0.1437637461972095,-0.09669216027359276,-0.005787551356068031
92,least_connections,3424,measured,186,104,3,light,2,88.73,55.35,4,941.0,390.0,0.0,758.0,349.0,0.0,3,1,0,0.049388440157482644,-0.01351116410173725,-0.00029626713485661916,0.26106144563512756,-0.06536431444834745,-0.0017539635498430256,0.16869280548904408,-0.036728733666001906,-0.0013314709104960776,50.17,52.81,4,428.0,1328.0,0.0,417.0,1273.0,0.0,1,3,0,-0.015195451625412054,0.08777477729975125,-0.03159576516637787,-0.02842193693151017,0.23607330060743315,-0.08418237230084577,-0.02201534117298276,0.24704777412613566,-0.08797007588356519,26.82,37.23,4,1341.0,0.0,0.0,1117.0,0.0,0.0,4,0,0,0.09031439615458031,-0.03579409950148315,-0.0016730632000501427,0.12252907006859207,-0.058765225421618654,-0.0031117293477821214,0.16143704021017366,-0.08748338310467917,-0.005236355988823457
92,least_connections,3425,measured,366,304,8,medium,0,100.0,70.55,5,941.0,756.0,0.0,758.0,653.0,0.0,3,2,0,0.044684779190103344,0.03085951365851891,-0.0002680512172512269,0.2361984508127345,0.16162276311816182,-0.001586919402238928,0.15262682401389702,0.10429305049266496,-0.0012046641571154988,37.94,39.78,3,448.0,880.0,0.0,435.0,838.0,0.0,1,2,0,-0.013748265756325193,0.036331374473017576,-0.02858664467434188,-0.020545017767964996,0.09778060531148713,-0.07616500351028903,-0.014829356299365382,0.1005283432569799,-0.07959197341846375,26.82,37.23,4,1341.0,0.0,0.0,1117.0,0.0,0.0,4,0,0,0.08171302509223934,-0.03238513764419904,-0.0015137238476644148,0.11085963482396424,-0.0531685372862264,-0.0028153741718028717,0.14606208399968093,-0.07915163233280496,-0.004737655418459318
92,least_connections,3426,measured,423,429,16,heavy,1,100.0,70.55,5,1307.0,390.0,0.0,1062.0,349.0,0.0,4,1,0,0.0835129861606604,-0.015163387869049777,-0.00024252252989396717,0.4344652650210455,-0.07453178575023456,-0.0014357842210733157,0.27561474553638304,-0.043163430506636485,-0.0010899342373902133,50.03,53.19,4,448.0,880.0,423.0,435.0,838.0,429.0,1,2,1,-0.012438907112865646,0.03287124357082543,0.01721979314044805,-0.018588349409111193,0.08846816671039312,0.04043574512334394,-0.013417036651806796,0.09095421532774373,0.049282857383294715,19.36,26.13,3,968.0,0.0,0.0,784.0,0.0,0.0,3,0,0,0.030846931999554406,-0.02930083882094199,-0.0013695596716963754,0.03280633626930099,-0.04810486706849055,-0.0025472432982978363,0.031722837904473195,-0.07161338163444259,-0.004286450140510811
92,least_connections,3427,measured,381,325,11,medium,2,100.0,70.55,5,1697.0,0.0,0.0,1411.0,0.0,0.0,5,0,0,0.11864326865783106,-0.056803155917802405,-0.00021942514609454172,0.5095003191460253,-0.30267161567878365,-0.0012990428666853808,0.40724667453291796,-0.1969335799821949,-0.0009861309766863835,50.03,53.19,4,448.0,880.0,423.0,435.0,838.0,429.0,1,2,1,-0.011254249292592722,0.029740648945032533,0.01557981284135776,-0.016818030417767277,0.08004262702368903,0.036584721778263565,-0.012139223637349011,0.08229190910605386,0.04458925191821904,23.26,33.5,3,782.0,381.0,0.0,680.0,325.0,0.0,2,1,0,-0.015174771274779564,0.016573617484000328,-0.0012391254172491016,-0.003975219565870519,0.025419405985651414,-0.0023046486984599473,-0.0026634641181750573,0.03322281344185353,-0.0038782167937954958
92,least_connections,3428,measured,170,108,3,light,2,100.0,64.5,4,1502.0,0.0,0.0,1290.0,0.0,0.0,4,0,0,0.06426000951128025,-0.051393331544678365,-0.0001985275131331568,0.4609764792273563,-0.2738457475188995,-0.0011753244984296302,0.3137231817202591,-0.1781780009362716,-0.0008922137408114898,50.03,53.19,4,448.0,1303.0,0.0,435.0,1267.0,0.0,1,3,0,-0.010182416026631516,0.06999210641512013,-0.028987879084576538,-0.015216313235122791,0.18176645846360975,-0.07624647621422412,-0.010983107100458633,0.19574922728642968,-0.08095198635970659,11.02,14.43,2,170.0,381.0,0.0,108.0,325.0,0.0,1,1,0,-0.05681345518965315,0.014995177723619343,-0.0011211134727491872,-0.11433948436912095,0.022998510177494137,-0.0020851583462256668,-0.17491773737676153,0.030058735971200803,-0.00350886281343402
92,least_connections,3429,measured,365,348,9,medium,2,100.0,64.5,4,1502.0,0.0,0.0,1290.0,0.0,0.0,4,0,0,0.05814000860544405,-0.046498728540423286,-0.000179620130929999,0.4170739573961795,-0.24776520013614717,-0.0010633888319125226,0.2838447834611868,-0.16120866751376953,-0.0008072410035913479,50.03,53.19,4,448.0,1303.0,0.0,435.0,1267.0,0.0,1,3,0,-0.009212662119333276,0.06332619151844202,-0.02622712869556925,-0.013767140546063483,0.1644553671813612,-0.06898490705096468,-0.009937096900414971,0.17710644373534112,-0.07324227337306786,18.32,26.03,3,170.0,746.0,0.0,108.0,673.0,0.0,1,2,0,-0.051402649933495706,0.05665096578622249,-0.0010143407610587883,-0.10345000966729989,0.08685579492249469,-0.0018865718370613175,-0.15825890524564137,0.13214838016441977,-0.00317468540263078
92,least_connections,3430,measured,456,404,19,heavy,2,76.07,49.05,3,1141.0,0.0,0.0,981.0,0.0,0.0,3,0,0,0.009518964701977717,-0.042070278203240115,-0.00016251345179380864,0.16081294558067039,-0.22416851440889507,-0.0009621137050637109,0.11702623265535944,-0.14585546108388672,-0.0007303609080112196,50.03,53.19,4,448.0,1303.0,0.0,435.0,1267.0,0.0,1,3,0,-0.008335265727015817,0.05729512565954277,-0.023729306915038845,-0.012455984303581247,0.1487929512593268,-0.06241491590325375,-0.008990706719423092,0.16023916337959437,-0.06626681876610901,27.44,39.5,4,170.0,746.0,456.0,108.0,673.0,404.0,1,2,1,-0.04650715946363897,0.05125563571134416,0.04216616334770418,-0.0935976277942237,0.07858381445368567,0.08080738738551596,-0.1431866285555803,0.11956282014876074,0.11896893542936579
92,least_connections,3431,measured,499,437,16,heavy,0,83.67,54.5,3,756.0,0.0,499.0,653.0,0.0,437.0,2,0,1,-0.03447150359163467,-0.03806358504102677,0.04293686424656297,-0.08672479526828247,-0.2028191320842384,0.300113643155736,-0.04250007521657956,-0.13196446479018323,0.19702967346418032,50.03,53.19,4,1328.0,423.0,0.0,1273.0,429.0,0.0,3,1,0,0.07862636955764328,-0.034329353428214124,-0.021469372923130385,0.21621329311308637,-0.09286079920074514,-0.05647063819818197,0.22880007487290294,-0.09195623313274795,-0.05995569316933673,24.04,35.9,3,746.0,0.0,456.0,673.0,0.0,404.0,2,0,1,0.001005994045369718,-0.039793653857536686,0.03815033826697045,0.019545003424273788,-0.06389083454190343,0.07311144572975253,0.040847018608443225,-0.09479236907175616,0.10763856062656905
92,least_connections,3432,measured,186,117,3,light,0,96.07,60.35,4,942.0,0.0,499.0,770.0,0.0,437.0,3,0,1,0.011895396977183142,-0.03443848170378613,0.03884763908022364,0.0337251852334588,-0.1835030242666919,0.2715313914266183,0.01447612242309465,-0.1193964205244515,0.17826494265806792,37.23,39.59,3,880.0,423.0,0.0,838.0,429.0,0.0,2,1,0,0.02805424365872941,-0.03105989119695564,-0.01942467073997511,0.07981202710231625,-0.08401691356257893,-0.051092482179307494,0.08401852012310268,-0.0831984966439148,-0.05424562715320942,24.04,35.9,3,746.0,0.0,456.0,673.0,0.0,404.0,2,0,1,0.0009101850886678309,-0.03600378206158081,0.03451697271773517,0.017683574526723922,-0.05780599315696025,0.06614845089834753,0.03695682636002007,-0.08576452439825558,0.09738726913832438
92,least_connections,3433,measured,183,124,6,light,1,71.67,45.15,3,576.0,499.0,0.0,466.0,437.0,0.0,2,1,0,-0.032321398199782136,0.011925273923331828,-0.007936036297031216,-0.1902486419316325,0.1349575812190248,-0.05531286807432948,-0.12442636542672389,0.08966514333502007,-0.036403147118890936,42.46,43.47,4,1063.0,423.0,0.0,962.0,429.0,0.0,3,1,0,0.06846631115608398,-0.028101806321055092,-0.017574702098072718,0.11951700411298,-0.0760153027470952,-0.046226531495563924,0.11107628011137857,-0.07527483029687529,-0.04907937694814186,24.04,35.9,3,746.0,0.0,456.0,673.0,0.0,404.0,2,0,1,0.0008235007945089912,-0.03257485043666835,0.03122964198271277,0.015999424571797843,-0.05230066047534499,0.059848598431838235,0.03343712861144674,-0.07759647445556457,0.08811229112515064
92,least_connections,3434,measured,355,346,11,medium,0,69.33,45.0,3,186.0,854.0,0.0,117.0,783.0,0.0,1,2,0,-0.07232707002656025,0.053873433776438544,-0.007180223316361576,-0.40736781889052465,0.33623146237276846,-0.05004497587677429,-0.2704571877670359,0.2376494153983515,-0.03293618072661561,42.46,43.47,4,1063.0,423.0,0.0,962.0,429.0,0.0,3,1,0,0.061945710093599796,-0.025425443814287935,-0.015900920945875315,0.1081344322926962,-0.0687757501045147,-0.0418240046864626,0.10049758676743775,-0.06810579884003001,-0.04440515057212835,24.04,35.9,3,746.0,0.0,456.0,673.0,0.0,404.0,2,0,1,0.0007450721474129007,-0.029472483728414222,0.028255390365311557,0.01447566985067425,-0.0473196451919788,0.05414873191452031,0.03025264017226134,-0.07020633403122509,0.07972064435132677
92,least_connections,3435,measured,449,409,17,heavy,0,86.87,59.6,3,0.0,854.0,449.0,0.0,783.0,409.0,0,2,1,-0.10852267786983569,0.048742630559634875,0.03658750770243023,-0.48076135994856994,0.3042094183372667,0.22554660912736296,-0.297627931789223,0.21501613774136563,0.15522440791401443,42.46,43.47,4,1486.0,0.0,0.0,1391.0,0.0,0.0,4,0,0,0.09913001888287147,-0.0660878732015893,-0.014386547522458618,0.2071828537069972,-0.1715726174414997,-0.03784076614489473,0.21222103088482466,-0.18291417514097955,-0.04017608861287803,24.04,35.9,3,746.0,456.0,0.0,673.0,404.0,0.0,2,1,0,0.0006741128952783282,0.01641831971057307,-0.01751949942004691,0.013097034626800508,0.039701273397733466,-0.033522575886862575,0.027371436346331685,0.05832125333682808,-0.049713067809117044
92,least_connections,3436,measured,465,431,17,heavy,0,100.0,81.15,4,0.0,854.0,914.0,0.0,783.0,840.0,0,2,2,-0.09818718473937514,0.044100475268241075,0.076186883386099,-0.4349745637629919,0.27523709278133657,0.48454217016285217,-0.2692824144759636,0.19453841033742605,0.3354173214460131,42.46,43.47,4,1486.0,0.0,0.0,1391.0,0.0,0.0,4,0,0,0.08968906470355038,-0.05979379003953318,-0.01301640013936732,0.18745115335394985,-0.15523236816135688,-0.03423688365490476,0.19200950413388898,-0.1654937775085053,-0.0363497944592706,24.04,35.9,3,746.0,456.0,0.0,673.0,404.0,0.0,2,1,0,0.0006099116671565707,0.014854670214328014,-0.01585097566575673,0.011849697995676645,0.03592019974080647,-0.03032994961192328,0.02476463288477629,0.05276684825713017,-0.04497848992253447
92,least_connections,3437,measured,354,329,8,medium,2,100.0,81.15,4,0.0,854.0,914.0,0.0,783.0,840.0,0,2,2,-0.08883602428800608,0.03990043000459907,0.06893098973028006,-0.39354841483318315,0.2490240363259712,0.43839529681400907,-0.24363647024015758,0.17601094268624262,0.3034728146416309,42.46,43.47,4,1486.0,0.0,0.0,1391.0,0.0,0.0,4,0,0,0.08114724901749797,-0.05409914336910145,-0.0117767429832371,0.1695986625583356,-0.14044833309837051,-0.03097622806872335,0.17372288469256625,-0.14973246536483814,-0.0328879092726734,31.12,46.87,4,746.0,810.0,0.0,673.0,733.0,0.0,2,2,0,0.0005518248417130944,0.056523839944482714,-0.014341358935684662,0.010721155329421722,0.096556371194063,-0.0274413829822163,0.022406096419559485,0.14696365635962572,-0.040694824215626424
92,least_connections,3438,measured,390,335,8,medium,0,100.0,97.9,5,355.0,1338.0,465.0,346.0,1181.0,431.0,1,3,1,-0.03729155031953384,0.07918428927853748,0.01928223333873411,-0.1419406292935149,0.5172439693742914,0.12581796695870667,-0.06390918736014259,0.3392956148113624,0.08954683229480889,17.31,17.28,2,606.0,0.0,0.0,553.0,0.0,0.0,2,0,0,-0.01274886086625468,-0.0489468440006156,-0.010655148413404994,-0.07403658421592763,-0.12707230137471617,-0.028026111109797316,-0.07975667575434484,-0.13547223056818689,-0.029755727437180694,16.2,24.43,2,354.0,456.0,0.0,329.0,404.0,0.0,1,1,0,-0.04258463013187409,0.008056716865869853,-0.012975515227524218,-0.06123324041623748,0.023303383461295096,-0.02482791793629094,-0.08347384927119222,0.033744895436486746,-0.03681912667128105
92,least_connections,3439,measured,364,349,13,medium,1,100.0,97.9,5,745.0,1413.0,0.0,681.0,1277.0,0.0,2,3,0,0.009343926128131508,0.07164292839486724,-0.025638070063140794,0.10681562111539128,0.5132207341957874,-0.16664088703736063,0.09372502095987101,0.35041031816266116,-0.11395762792374434,22.49,24.31,2,423.0,364.0,0.0,429.0,349.0,0.0,1,1,0,-0.05461858386765446,-0.001201339583323413,-0.00964037237403309,-0.11429160340624744,-0.020874939339028925,-0.025356957670769002,-0.10722032568250248,-0.023894518133121462,-0.026921848633639674,16.2,24.43,2,354.0,456.0,0.0,329.0,404.0,0.0,1,1,0,-0.0385289510716956,0.007289410497691773,-0.011739751872521912,-0.055401503233738686,0.021084013607838417,-0.022463354323310848,-0.07552395886441202,0.030531095871107056,-0.033312543178778097
92,least_connections,3440,measured,363,325,10,medium,1,100.0,97.9,5,1244.0,914.0,0.0,1118.0,840.0,0.0,3,2,0,0.05153792862840016,0.021735892130503476,-0.023196349104746432,0.3976268318028144,0.16335844205015682,-0.1507703263671358,0.28248930467797856,0.11934743071859821,-0.10310452050243535,32.86,34.47,3,423.0,727.0,0.0,429.0,674.0,0.0,1,2,0,-0.049416813975496895,0.041996973937083806,-0.008722241671744225,-0.10340668879612863,0.07494988481570852,-0.022942009321171953,-0.09700886609369272,0.0702710312128901,-0.024357863049483515,16.2,24.43,2,354.0,456.0,0.0,329.0,404.0,0.0,1,1,0,-0.03485952716010554,0.006595180926483035,-0.010621680265615063,-0.05012516959243024,0.01907601231185381,-0.020323987244900293,-0.06833120087732517,0.02762337245481114,-0.03013992001889447
92,least_connections,3441,measured,153,125,4,light,2,100.0,97.9,5,1244.0,914.0,0.0,1118.0,840.0,0.0,3,2,0,0.04662955447331443,0.019665807165693633,-0.020987172999532486,0.35975760972635584,0.14780049518823712,-0.13641124766550383,0.2555855613753139,0.1079810087453984,-0.09328504235934627,32.86,34.47,3,423.0,727.0,0.0,429.0,674.0,0.0,1,2,0,-0.044710450739735286,0.037997262133552014,-0.007891551988720965,-0.09355843272030684,0.06781180054754579,-0.02075705605248891,-0.08776992646572199,0.06357855204975771,-0.022038066568580324,19.26,28.6,3,507.0,456.0,0.0,454.0,404.0,0.0,2,1,0,0.011544328034280932,0.005967068457294181,-0.009610091668889818,-0.01766562963124642,0.017259249234534396,-0.018388369412052647,-0.024125054762024367,0.024992575078162466,-0.027269451445666424
92,least_connections,3442,measured,394,317,13,medium,1,100.0,97.9,5,1244.0,914.0,0.0,1118.0,840.0,0.0,3,2,0,0.042188644523474955,0.01779287314991329,-0.01898839461862463,0.3254949802286077,0.13372425755126216,-0.12341970026878918,0.2312440793395697,0.09769710315059854,-0.0844007526108371,32.03,30.97,3,0.0,1121.0,0.0,0.0,991.0,0.0,0,3,0,-0.08353621280080357,0.07746237549044728,-0.007139975608842777,-0.19399504457007355,0.16320387396478633,-0.018780193571299487,-0.2007055287070818,0.14715142804501888,-0.01993920308585839,19.26,28.6,3,963.0,0.0,0.0,858.0,0.0,0.0,3,0,0,0.053528768448249636,-0.0376851240034912,-0.008694844843281264,0.06653109700030085,-0.06689877450208793,-0.0166370961347143,0.10001383934229541,-0.09922894000864665,-0.02467236083179343
92,least_connections,3443,measured,387,306,10,medium,1,100.0,97.9,5,1244.0,914.0,0.0,1118.0,840.0,0.0,3,2,0,0.0381706783783821,0.016098313802302505,-0.017179976083517522,0.2944954583020737,0.12098861397495148,-0.11166544310033306,0.20922083368818212,0.08839261713625585,-0.07636258569551928,43.09,40.53,4,363.0,1145.0,0.0,325.0,972.0,0.0,1,3,0,-0.032496482783493486,0.07008500639611896,-0.006459977931810132,-0.0816825913457128,0.15386472950555496,-0.016991603707366205,-0.08970083549688354,0.12776498251692187,-0.018040231363395685,19.26,28.6,3,963.0,0.0,0.0,858.0,0.0,0.0,3,0,0,0.048430790500797294,-0.034096064574587276,-0.007866764382016382,0.06019480204789124,-0.060527462644746226,-0.015052610788551033,0.09048871178588633,-0.08977856476972793,-0.022322612181146437
92,least_connections,3444,measured,383,306,11,medium,2,100.0,97.9,5,1244.0,914.0,0.0,1118.0,840.0,0.0,3,2,0,0.03453537567567905,0.014565141059226072,-0.015543787885087283,0.2664482717971143,0.10946588883447989,-0.10103063899553943,0.18929504000359332,0.07997427264708862,-0.0690899584864222,43.09,40.53,4,363.0,1145.0,0.0,325.0,972.0,0.0,1,3,0,-0.029401579661256005,0.06341024388220287,-0.005844741938304405,-0.07390329693183538,0.13921094574312115,-0.01537335573523609,-0.08115789878289462,0.1155968889438817,-0.016322114090691335,26.92,38.8,4,963.0,383.0,0.0,858.0,306.0,0.0,3,1,0,0.043818334262626116,0.012235079897368883,-0.007117548726586251,0.05446196375761589,0.014541819511896273,-0.013619028808689029,0.08187073923484955,0.011057489017865199,-0.020196649116275348
92,least_connections,3445,measured,355,307,11,medium,1,100.0,80.6,4,1338.0,465.0,0.0,1181.0,431.0,0.0,3,1,0,0.03124629227799533,-0.029905915458886156,-0.01406342713412659,0.29777065861008756,-0.1717848307370578,-0.09140867337691663,0.19976694095563202,-0.11266613427168168,-0.06250996244009628,53.23,50.12,5,727.0,1136.0,0.0,674.0,930.0,0.0,2,3,0,0.01648247100943051,0.05737117303627878,-0.005288099848942081,0.02723035039500607,0.12362622982200758,-0.013909226617594559,0.02524702014880964,0.09271266142541676,-0.014767627034435018,16.78,23.67,2,456.0,383.0,0.0,404.0,306.0,0.0,1,1,0,-0.04652264088256729,0.011069834192857564,-0.006439686943101846,-0.04246774707644277,0.01315688432028711,-0.012321978445956741,-0.0628471089462472,0.01000439482568756,-0.018273158724249124
92,least_connections,3446,measured,350,341,11,medium,2,94.2,63.85,3,1413.0,0.0,0.0,1277.0,0.0,0.0,3,0,0,0.02827045491818625,-0.0701416332609877,-0.012724053121352628,0.31464964350436486,-0.4359005611430523,-0.0827030854362579,0.22417008943604794,-0.2969122167219977,-0.056556632683896636,53.23,50.12,5,1114.0,749.0,0.0,980.0,624.0,0.0,3,2,0,0.05799661209243259,0.008823351567971066,-0.0047844712918999775,0.12467780001725037,0.011811486845761943,-0.01258453836829984,0.10936039918225635,-0.0026349729960515322,-0.013361186364488825,23.78,35.03,3,456.0,733.0,0.0,404.0,647.0,0.0,1,2,0,-0.04209191317946563,0.05309946449648564,-0.005826383424711194,-0.03842319973582917,0.07523718105168835,-0.011148456689198956,-0.056861669998985565,0.11189286515974907,-0.016532857893368256
92,least_connections,3447,measured,173,102,6,light,0,72.47,47.1,3,1087.0,0.0,0.0,942.0,0.0,0.0,3,0,0,0.025578030640263746,-0.0634614777123222,-0.011512238538366663,0.08804809015474291,-0.39438622198657114,-0.07482660110899525,0.05127293806118621,-0.2686348627484741,-0.05117028671400172,53.23,50.12,5,1114.0,749.0,0.0,980.0,624.0,0.0,3,2,0,0.05247312522648663,0.007983032371021437,-0.0043288073593380745,0.11280372382513129,0.010686583336641742,-0.011386010904652235,0.0989451230696605,-0.0023840231869037554,-0.0120886924250137,23.78,35.03,3,456.0,733.0,0.0,404.0,647.0,0.0,1,2,0,-0.03808315954332604,0.048042372639677484,-0.0052714897652148904,-0.034763847380035906,0.06807173523724185,-0.010086698909275245,-0.05144627285622502,0.10123640181120154,-0.014958299998761755
92,least_connections,3448,measured,426,419,18,heavy,0,100.0,68.05,4,1087.0,0.0,426.0,942.0,0.0,419.0,3,0,1,0.023142027722143382,-0.0574175274540058,0.03266806535871134,0.07966255775905318,-0.3568256294164215,0.18925212280614712,0.04638980110297797,-0.24305059010576227,0.14325069297304605,53.23,50.12,5,1508.0,355.0,0.0,1297.0,307.0,0.0,4,1,0,0.09055958495548337,-0.03586115665297607,-0.003916539991782067,0.2039108521683161,-0.0921815266409976,-0.010301628913732975,0.1791497542058833,-0.0917849495500558,-0.010937388384536204,23.78,35.03,3,839.0,350.0,0.0,710.0,341.0,0.0,2,1,0,0.008627708258986178,0.0003830083519984484,-0.00476944312090871,0.03785175713234848,-0.007716049071066905,-0.009126060917915698,0.045739086463415485,-0.0006908745517700404,-0.013533699998879684
92,least_connections,3449,measured,169,109,7,light,2,100.0,68.05,4,1087.0,0.0,426.0,942.0,0.0,419.0,3,0,1,0.020938025081939246,-0.05194919150600525,0.029556821038834072,0.07207564749628625,-0.3228422361386671,0.1712281111103236,0.04197172480745626,-0.21990291485759444,0.12960776983275596,53.23,50.12,5,1863.0,0.0,0.0,1604.0,0.0,0.0,5,0,0,0.12501876280552804,-0.07552970862706905,-0.003543536183040918,0.276259478492422,-0.17517104111056245,-0.009320521398139358,0.24888846809103726,-0.16984412102147906,-0.009895732347913709,18.04,25.2,3,552.0,350.0,0.0,415.0,341.0,0.0,2,1,0,0.00780602175813036,0.00034653136609383295,-0.004315210442726928,-0.01768650545168471,-0.006981187254774826,-0.008256912259066584,-0.047585270977544725,-0.0006250769754109903,-0.012244776189462571
92,least_connections,3450,measured,169,122,6,light,2,100.0,68.05,4,1087.0,0.0,426.0,942.0,0.0,419.0,3,0,1,0.018943927455087883,-0.04700164945781427,0.026741885701802255,0.06521130011568765,-0.29209535650641305,0.15492067195695947,0.03797441768293658,-0.1989597801092521,0.11726417270582681,42.86,39.97,4,1500.0,0.0,0.0,1279.0,0.0,0.0,4,0,0,0.07002831374014895,-0.06833640304353866,-0.0032060565465608305,0.15611231727545666,-0.15848808481431842,-0.008432852693554658,0.13329492351093847,-0.15366849044800487,-0.008953281648112403,21.42,29.27,4,1071.0,0.0,0.0,878.0,0.0,0.0,4,0,0,0.09323039156801363,-0.04277037184791057,-0.003904238019610078,0.07791220935323764,-0.06964964561146295,-0.007470539662965005,0.09658158022666588,-0.1034068156761655,-0.011078607028561374
92,least_connections,3451,measured,198,122,5,light,0,100.0,74.15,5,1285.0,0.0,426.0,1064.0,0.0,419.0,4,0,1,0.060223644114694025,-0.04252530189040339,0.024195039444487754,0.17842927153324128,-0.2642767511248499,0.14016632224677283,0.08954828266551407,-0.18001122962265667,0.10609615625765284,42.86,39.97,4,1500.0,0.0,0.0,1279.0,0.0,0.0,4,0,0,0.06335895052680143,-0.061828174182249264,-0.0029007178278407514,0.14124447753493696,-0.14339398149866905,-0.007629723865597071,0.12060016889084907,-0.13903339611962345,-0.008100588157815983,21.42,29.27,4,1071.0,0.0,0.0,878.0,0.0,0.0,4,0,0,0.08435130665677423,-0.03869700310049051,-0.003532405827266261,0.07049199893864358,-0.06301634602941886,-0.006759059695063576,0.08738333449079294,-0.09355854751653069,-0.010023501597269816
92,least_connections,3452,measured,193,112,5,light,1,84.13,53.7,4,836.0,426.0,0.0,655.0,419.0,0.0,3,1,0,0.011404158734156289,0.004608627087820963,-0.02119315025317321,-0.10938938924770236,0.017844844220373857,-0.13013523225291979,-0.10400393473120162,0.026680316055691572,-0.09355585862402838,37.97,32.56,4,1329.0,0.0,0.0,1042.0,0.0,0.0,4,0,0,0.05732476476234416,-0.05593977664108267,-0.0026244589870940134,0.08358854089895656,-0.12973741183212914,-0.006903083497444969,0.04210550994886347,-0.12579212029870693,-0.007329103571357318,21.42,29.27,4,1071.0,0.0,0.0,878.0,0.0,0.0,4,0,0,0.07631784887993859,-0.03501157423377713,-0.003195986224669474,0.06377847523020133,-0.0570147892647123,-0.00611533972410514,0.07906111215833647,-0.08464820965781347,-0.009068882397529834
92,least_connections,3453,measured,396,303,11,medium,0,68.0,42.2,3,198.0,822.0,0.0,122.0,722.0,0.0,1,2,0,-0.07584975207499238,0.04725361044907157,-0.01917475499096624,-0.4837967490018894,0.25500247810414783,-0.11774140060978457,-0.33521784570918245,0.1612107621456257,-0.08464577685031138,26.91,23.0,3,942.0,0.0,0.0,736.0,0.0,0.0,3,0,0,0.00878136312964925,-0.050612178865741465,-0.002374510512132679,-0.024413088846522324,-0.11738146784811684,-0.006245646973878781,-0.0484223957605521,-0.11381191836549674,-0.006631093707418526,21.42,29.27,4,1071.0,0.0,0.0,878.0,0.0,0.0,4,0,0,0.06904948231994444,-0.03167713859246503,-0.0028916065842247624,0.057704334732086915,-0.0515848093347397,-0.005532926417047507,0.07153148242897109,-0.07658647540468838,-0.008205179312050802
92,least_connections,3454,measured,398,338,10,medium,0,94.53,59.1,4,198.0,1220.0,0.0,122.0,1060.0,0.0,1,3,0,-0.06862596616308834,0.08583716682353641,-0.017348587848969452,-0.43772086814456657,0.47078001987200674,-0.10652793388504318,-0.3032923365940222,0.2987621181317566,-0.07658427429313887,26.91,23.0,3,942.0,0.0,0.0,736.0,0.0,0.0,3,0,0,0.007945042831587423,-0.04579197135471847,-0.0021483666538343288,-0.022088032765901155,-0.10620228043401048,-0.005650823452556993,-0.04381073902145191,-0.10297268804497324,-0.005999560973378666,21.42,29.27,4,1071.0,0.0,0.0,878.0,0.0,0.0,4,0,0,0.0624733411466164,-0.028660268250325503,-0.0026162154809652614,0.05220868380522148,-0.04667197035047877,-0.005005981043995363,0.0647189602928786,-0.06929252536614663,-0.007423733663284059
92,least_connections,3455,measured,161,116,7,light,1,94.53,59.1,4,198.0,1220.0,0.0,122.0,1060.0,0.0,1,3,0,-0.062090159861841826,0.07766219855462818,-0.01569634138716284,-0.39603316641651265,0.4259438275032442,-0.09638241637218192,-0.2744073521564963,0.27030858307158934,-0.06929053388426851,20.26,16.72,3,709.0,0.0,0.0,535.0,0.0,0.0,3,0,0,0.007188372085721956,-0.04143083122569766,-0.001943760305850107,-0.08021570311472692,-0.09608777753553328,-0.005112649790408708,-0.09646864482893269,-0.09316576537402341,-0.0054281742140092695,13.76,19.07,3,688.0,0.0,0.0,572.0,0.0,0.0,3,0,0,0.013439598905895578,-0.025930718893151645,-0.002367052101825713,-0.022068333700037718,-0.04222702079329032,-0.004529220944567234,-0.033730464496919355,-0.06269323723603744,-0.006716711409637958
92,least_connections,3456,measured,353,335,13,medium,1,81.33,53.0,3,0.0,1220.0,0.0,0.0,1060.0,0.0,0,3,0,-0.09926071153032855,0.07026579869228264,-0.014201451731242569,-0.47774429342446384,0.38537774869341146,-0.08720313862245031,-0.3034637948082586,0.24456490849334273,-0.06269143541910008,20.2,17.59,3,354.0,353.0,0.0,228.0,335.0,0.0,2,1,0,-0.036580135006342274,0.0055988624511261464,-0.0017586402767215254,-0.16434481982488897,0.004315140052884844,-0.004625730762750736,-0.17408175008332005,0.010424426566359765,-0.004911205241246482,7.0,11.37,1,350.0,0.0,0.0,341.0,0.0,0.0,1,0,0,-0.07400816334818064,-0.023461126617613393,-0.002141618568318502,-0.0811284923952722,-0.03820539976535791,-0.004097866568894164,-0.10018470597340323,-0.05672245273736721,-0.006077024608720057
92,least_connections,3457,measured,402,438,15,heavy,2,81.33,53.0,3,794.0,426.0,0.0,641.0,419.0,0.0,2,1,0,-0.003639509978687283,-0.02259398258906853,-0.012848932518743276,0.04667579801278665,-0.13024552895992936,-0.07889807780126457,0.015413709459194624,-0.0687031780298328,-0.05672082252204293,14.69,14.09,2,161.0,353.0,0.0,116.0,335.0,0.0,1,1,0,-0.07618021285154324,0.0050656374557808,-0.0015911507265575706,-0.19858408868510363,0.0039041743335624796,-0.004185184975822094,-0.18916920245633717,0.009431624036230254,-0.004443471408746817,8.04,14.6,1,0.0,0.0,402.0,0.0,0.0,438.0,0,0,1,-0.11004366706558746,-0.02122673360641212,0.041146245331612055,-0.13673530264334152,-0.03456679026389525,0.06903526358052432,-0.19348457524577753,-0.05132031438142747,0.12659697773496756
92,least_connections,3458,measured,490,412,13,heavy,2,81.33,53.0,3,794.0,426.0,0.0,641.0,419.0,0.0,2,1,0,-0.0032928899807170564,-0.020442174723442952,-0.011625224659815345,0.042230483916330774,-0.11784119286850753,-0.07138397515352508,0.013945737129747504,-0.06216001821746778,-0.051318839424705505,14.69,14.09,2,161.0,353.0,0.0,116.0,335.0,0.0,1,1,0,-0.06892495448472959,0.004583195793325487,-0.0014396125621235162,-0.17967131833414135,0.0035323482065565265,-0.003786595930505704,-0.17115308793668602,0.008533374128017843,-0.004020283655532834,17.84,28.33,2,0.0,892.0,0.0,0.0,850.0,0.0,0,2,0,-0.0995633178212458,0.06696266052390377,-0.005856344926727412,-0.12371289286778518,0.1301348088088567,-0.010282380570001798,-0.17505747284141776,0.20991654095648626,-0.017555115382648392
92,least_connections,3459,measured,378,342,7,medium,1,81.33,53.0,3,1220.0,0.0,0.0,1060.0,0.0,0.0,3,0,0,0.040104618815632403,-0.06157920116701528,-0.010518060406499597,0.29516091401953737,-0.3635706030715068,-0.06458550132937983,0.20216519073643824,-0.2457876355300899,-0.046431330908066885,25.49,24.78,3,539.0,353.0,0.0,458.0,335.0,0.0,2,1,0,-0.019276772878474152,0.004146700955865917,-0.0013025066038260384,-0.06484547849279457,0.0031959340916463824,-0.003425967746648018,-0.058156365276049254,0.007720671830111395,-0.0036373994978630402,17.84,28.33,2,0.0,892.0,0.0,0.0,850.0,0.0,0,2,0,-0.09008109707636526,0.06058526428353199,-0.005298597790848611,-0.11193071259466278,0.11774101749372748,-0.009303106230001627,-0.15838533257080656,0.1899244894368209,-0.015883199631919975
92,least_connections,3460,measured,177,122,6,light,2,81.33,53.0,3,1220.0,0.0,0.0,1060.0,0.0,0.0,3,0,0,0.0362851313093817,-0.05571451534158525,-0.00951634036778535,0.2670503507795815,-0.3289448313504109,-0.05843450120277223,0.1829113630472537,-0.22237928928912895,-0.0420092993930129,25.49,24.78,3,539.0,353.0,0.0,458.0,335.0,0.0,2,1,0,-0.017440889747190907,0.0037517770553072566,-0.001178458355842606,-0.058669718636337936,0.0028915594162514935,-0.0030996851041101116,-0.05261766382118743,0.006985369751053169,-0.0032909804980665604,21.38,32.4,3,177.0,892.0,0.0,122.0,850.0,0.0,1,2,0,-0.03841804474709691,0.0548152391136718,-0.00479396942981541,-0.06924207329993298,0.10652758725622963,-0.008417096112858615,-0.1065073643894599,0.17183644282379032,-0.014370513952689502
92,least_connections,3461,measured,188,106,6,light,0,93.87,58.3,4,1408.0,0.0,0.0,1166.0,0.0,0.0,4,0,0,0.07591330474476939,-0.05040837102333904,-0.008610022237520078,0.3550138094354943,-0.2976167521741813,-0.05286931061203202,0.21344361418561042,-0.20120030935683095,-0.03800841373653548,25.49,24.78,3,539.0,353.0,0.0,458.0,335.0,0.0,2,1,0,-0.015779852628410834,0.003394464954801807,-0.001066224226714739,-0.05308212638525814,0.0026161728051799227,-0.0028044769989567678,-0.047606457742979114,0.006320096441429071,-0.002977553783964983,21.38,32.4,3,177.0,892.0,0.0,122.0,850.0,0.0,1,2,0,-0.034759183342611494,0.049594740150464965,-0.0043374009126901335,-0.06264759012851079,0.09638210275563633,-0.007615467911633985,-0.09636380587617799,0.15547106731676266,-0.013001893576242882
92,least_connections,3462,measured,405,448,17,heavy,1,93.87,58.3,4,1408.0,0.0,0.0,1166.0,0.0,0.0,4,0,0,0.0686834661976485,-0.045607573783021035,-0.007790020119661023,0.3212029704416377,-0.26927229958616405,-0.04783413817279088,0.193115650929838,-0.18203837513237087,-0.03438856480924639,32.46,35.16,3,731.0,0.0,405.0,677.0,0.0,448.0,2,0,1,-0.01427700952094313,-0.040012717648603355,0.042119221164491655,0.001605967284086185,-0.08888468718987122,0.10215649359958333,0.018847133470637933,-0.0889990794101356,0.12397268943355551,21.38,32.4,3,177.0,892.0,0.0,122.0,850.0,0.0,1,2,0,-0.031448784929029444,0.044871431564706396,-0.003924315111481549,-0.056681152973414514,0.08720285487414715,-0.00689018525338313,-0.08718630055463722,0.1406642990008805,-0.011763617997553084
92,least_connections,3463,measured,396,309,13,medium,1,93.87,58.3,4,1408.0,0.0,0.0,1166.0,0.0,0.0,4,0,0,0.06214218370263436,-0.04126399532749522,-0.007048113441598069,0.2906122113519579,-0.24362731867319606,-0.043278505965858416,0.1747236841746153,-0.16470138702452602,-0.03111346339884197,43.77,44.81,4,731.0,396.0,405.0,677.0,309.0,448.0,2,1,1,-0.012917294328472356,0.006881917592306719,0.0381078667678734,0.0014530180189351038,0.021947868052701547,0.09242730373295635,0.01705216837819623,0.006843094819401124,0.11216576663035974,21.38,32.4,3,177.0,892.0,0.0,122.0,850.0,0.0,1,2,0,-0.028453662554836154,0.04059796189187721,-0.003550570815149973,-0.05128294792832741,0.07889782107660932,-0.006233977134013308,-0.07888284335895748,0.12726769909603475,-0.010643273426357552
92,least_connections,3464,measured,454,429,18,heavy,2,40.93,26.25,2,614.0,0.0,0.0,525.0,0.0,0.0,2,0,0,-0.02994391996065507,-0.03733409101059092,-0.0063768645423982525,-0.21598577703076827,-0.22042471689479645,-0.03915674349291952,-0.13189285717534804,-0.14901554064123784,-0.028150276408476067,43.77,44.81,4,731.0,396.0,405.0,677.0,309.0,448.0,2,1,1,-0.011687075820998788,0.006226496869229894,0.034478546123314024,0.0013146353504651098,0.019857594904825207,0.0836247033774367,0.015428152342177537,0.006191371503267679,0.10148331266556357,30.46,46.7,4,667.0,402.0,454.0,534.0,438.0,429.0,2,1,1,0.017340110296191313,-0.0063524108960113235,0.03987147901305025,0.04226780901722757,-0.017282923787829668,0.07651211592636892,0.05288377664348293,-0.009107002405174897,0.11975132404281935
92,least_connections,3465,measured,400,315,10,medium,0,67.6,42.0,3,614.0,400.0,0.0,525.0,315.0,0.0,2,1,0,-0.02709211805964029,0.009305436931460825,-0.005769544109788896,-0.19541570302783795,0.04183795455550163,-0.035427529826927186,-0.11933163268245778,0.007676415610308601,-0.02546929770290692,43.77,44.81,4,731.0,801.0,0.0,677.0,757.0,0.0,2,2,0,-0.010574020980903653,0.04871739739415584,-0.01188902516280658,0.0011894319837541523,0.12266027294110037,-0.029033431638101487,0.013958804500065397,0.1322683837410517,-0.03484843139782345,30.46,46.7,4,1069.0,0.0,454.0,972.0,0.0,429.0,3,0,1,0.05877257144712093,-0.048831319608862854,0.036074195297521656,0.11098516053939637,-0.08837978818898874,0.06922524774290521,0.17994246458219887,-0.14033490693801537,0.10834643603874132
92,least_connections,3466,measured,189,119,4,light,0,51.8,27.0,3,377.0,400.0,0.0,225.0,315.0,0.0,2,1,0,-0.02451191633967456,0.008419204842750272,-0.005220063718380429,-0.3197570646442343,0.037853387454977655,-0.032053479367219834,-0.24368100099841422,0.006945328409326851,-0.02304365030263007,32.97,34.12,3,353.0,801.0,0.0,335.0,757.0,0.0,1,2,0,-0.052650871590432094,0.0440776452613791,-0.010756737052063096,-0.09663813296707958,0.1109783421848051,-0.02626834291066325,-0.08406703402375033,0.11967139481333251,-0.031529533169459306,26.92,42.63,3,892.0,0.0,454.0,850.0,0.0,429.0,2,0,1,0.010091283463494916,-0.044180717741352106,0.03263855765013864,0.06838657382135863,-0.07996266550432315,0.06263236700548566,0.12601143620929103,-0.12696967770582343,0.09802772784457547
92,least_connections,3467,measured,401,400,16,heavy,0,66.0,41.7,3,189.0,400.0,401.0,119.0,315.0,400.0,1,1,1,-0.06526134834360578,0.0076173758101073935,0.038360985433936984,-0.4027008362654184,0.03424830293545597,0.21287224882648362,-0.2684256675699938,0.0062838685608195555,0.16010336401190614,32.97,34.12,3,353.0,801.0,0.0,335.0,757.0,0.0,1,2,0,-0.04763650286753379,0.0398797742841049,-0.009732285904247562,-0.08743450125592915,0.10040897626244272,-0.02376659596679056,-0.0760606498310122,0.10827411911682466,-0.028526720486653657,26.92,42.63,3,892.0,0.0,454.0,850.0,0.0,429.0,2,0,1,0.009130208847923982,-0.03997303033741381,0.029530123588220675,0.06187356679075304,-0.07234717355153047,0.05666737967162989,0.11401034704650143,-0.11487732744812597,0.08869175376413971
92,least_connections,3468,measured,398,307,11,medium,0,92.53,57.05,4,589.0,398.0,401.0,434.0,307.0,400.0,2,1,1,-0.01596208160793358,0.006891911447240023,0.03470755824975251,-0.12307853439887068,0.029780210592396633,0.19259870131919948,-0.10036131827761344,0.002066357269312924,0.1448554245822008,32.97,34.12,3,353.0,801.0,0.0,335.0,757.0,0.0,1,2,0,-0.043099693070625805,0.03608170054276157,-0.00880540153241446,-0.07910740589822161,0.09084621661840056,-0.02150311063662003,-0.06881677841853483,0.09796229824855565,-0.025809889964115214,26.92,42.63,3,892.0,454.0,0.0,850.0,429.0,0.0,2,1,0,0.00826066514812171,0.00691782515957344,-0.016366169361224377,0.05598084614401465,0.016695414405758155,-0.03088189458281106,0.10315221875635844,0.02544432278502888,-0.049136032308635495
92,least_connections,3469,measured,384,350,7,medium,1,92.53,57.05,4,589.0,799.0,0.0,434.0,707.0,0.0,2,2,0,-0.014441883359558955,0.04931943915521263,-0.011681823715076528,-0.1113567692180259,0.26881701593280327,-0.06761704801278776,-0.09080309748926932,0.18282194229128312,-0.04989271109229453,33.86,34.59,3,780.0,405.0,0.0,659.0,448.0,0.0,2,1,0,0.0040889398295244905,-0.010438552116639757,-0.007966791862660702,0.038807585139704254,-0.020173150950698826,-0.01945519533789431,0.02934434333561134,0.0012664841296455842,-0.02335180520562805,26.92,42.63,3,892.0,454.0,0.0,850.0,429.0,0.0,2,1,0,0.00747393513401487,0.006258984668185488,-0.014807486564917293,0.05064933698744184,0.015105374938543095,-0.027940761765400484,0.09332819792241956,0.02302105394835946,-0.04445641018400354
92,least_connections,3470,measured,390,348,10,medium,1,79.93,51.1,3,400.0,799.0,0.0,315.0,707.0,0.0,1,2,0,-0.056150366123501175,0.04462234971185904,-0.01056926907554543,-0.214751362625833,0.24321539536777437,-0.061177329154427015,-0.13598851677600557,0.16541032873973233,-0.04514102432159982,45.0,45.47,4,780.0,795.0,0.0,659.0,796.0,0.0,2,2,0,0.003699516988617396,0.03363949593074997,-0.00720804978050254,0.03511162465020862,0.08256442805140854,-0.017602319591428186,0.026549643970315034,0.09953872373634601,-0.021127823757472998,26.92,42.63,3,892.0,454.0,0.0,850.0,429.0,0.0,2,1,0,0.0067621317879182075,0.0056628908902630615,-0.013397249749210884,0.045825590607685485,0.013666767801538998,-0.025279736835362342,0.08443979812028438,0.02082857261994428,-0.04022246635695559
92,least_connections,3471,measured,159,102,6,light,0,90.53,56.2,4,559.0,799.0,0.0,417.0,707.0,0.0,2,2,0,-0.007718811980219897,0.04037260212025342,-0.00956267202073158,-0.09839408999480131,0.22005202438036725,-0.055350916854005394,-0.0768943723211479,0.14965696409785306,-0.04084187914811412,45.0,45.47,4,780.0,795.0,0.0,659.0,796.0,0.0,2,2,0,0.003347182037320512,0.030435734413535684,-0.006521568849026108,0.03176766039780779,0.07470114918936963,-0.015925908201768358,0.02402110644933264,0.09005884528526545,-0.019115650066285093,17.12,28.9,2,402.0,454.0,0.0,438.0,429.0,0.0,1,1,0,-0.03696578099006946,0.005123567948333241,-0.012121321201666991,-0.0472054180216179,0.012365170868059092,-0.02287214285104212,-0.047856055668949044,0.018844899037092452,-0.03639175527534077
92,least_connections,3472,measured,498,406,19,heavy,2,90.53,56.2,4,957.0,401.0,0.0,724.0,400.0,0.0,3,1,0,0.0361002131970346,-0.00655630783224237,-0.008651941352090476,0.15104026778248142,-0.04096880333839786,-0.05007940096314774,0.0693098536141995,-0.0034770324828948262,-0.036952176372103254,45.0,45.47,4,1185.0,390.0,0.0,1107.0,348.0,0.0,3,1,0,0.0461123030224283,-0.01554680718593937,-0.005900467053880765,0.1334360464823703,-0.03710712352254311,-0.014409155039695181,0.14840004869225334,-0.04518485426571224,-0.01729511196473413,19.04,27.83,2,0.0,454.0,498.0,0.0,429.0,406.0,0,1,1,-0.07652913064634402,0.004635609096111021,0.03211699056810628,-0.1154525210671781,0.011187535547291558,0.06942044218239046,-0.17539357417666818,0.01705014674784555,0.08951857062389804
92,least_connections,3473,measured,466,402,15,heavy,2,90.53,56.2,4,957.0,401.0,0.0,724.0,400.0,0.0,3,1,0,0.032662097654459876,-0.005931897562505006,-0.007827946937605669,0.13665548037462605,-0.037067012544264755,-0.04530993420475272,0.06270891517475191,-0.0031458865321429275,-0.03343292147952199,45.0,45.47,4,1575.0,0.0,0.0,1455.0,0.0,0.0,4,0,0,0.08480455534228774,-0.05715005910927394,-0.005338517810654026,0.22154417810989968,-0.13438943828910363,-0.013036854559724212,0.23265956786441971,-0.13927439195469202,-0.015647958444283263,28.36,41.23,3,0.0,454.0,964.0,0.0,429.0,808.0,0,1,2,-0.06924064201335887,0.004194122515529017,0.07214212978837733,-0.104457042870304,0.01012205597135904,0.14713278102216282,-0.15868942425508073,0.015426323248050738,0.2022310877073363
92,least_connections,3474,measured,447,432,17,heavy,2,90.53,56.2,4,957.0,401.0,0.0,724.0,400.0,0.0,3,1,0,0.029551421687368462,-0.005366954937504526,-0.007082428181643225,0.12364067271989976,-0.03353682087338239,-0.04099470237572865,0.05673663753906122,-0.002846278290986437,-0.030248833719567512,45.0,45.47,4,1575.0,0.0,0.0,1455.0,0.0,0.0,4,0,0,0.07672793102397463,-0.051707196336962136,-0.00483008754297269,0.2004447325756235,-0.12159044416633186,-0.01179524936356,0.21050151378209403,-0.12601016414948327,-0.014157676687684856,37.3,55.63,4,0.0,920.0,945.0,0.0,831.0,838.0,0,2,2,-0.06264629515494374,0.04687858250271219,0.06527145076091283,-0.09450875307313218,0.09348186016456293,0.12968203997243302,-0.14357614575459685,0.1351952448434745,0.19201860316378047
92,least_connections,3475,measured,182,113,6,light,0,76.0,46.1,4,739.0,401.0,0.0,522.0,400.0,0.0,3,1,0,0.026737000574285755,-0.004855816372027907,-0.006407911211962917,-0.019626692935963808,-0.03034283793306025,-0.037090445006611635,-0.040047804131325526,-0.002575204168035361,-0.027367992412942035,45.0,45.47,4,1575.0,0.0,0.0,1455.0,0.0,0.0,4,0,0,0.06942050902169133,-0.04678270144772765,-0.004370079205546719,0.18135475804461176,-0.11001040186477644,-0.010671892281316191,0.19045375056475172,-0.11400919613524677,-0.012809326526952965,37.3,55.63,4,454.0,466.0,945.0,429.0,402.0,838.0,1,1,2,-0.013596081103906019,-0.0006699446290653888,0.05905512211701637,-0.00335553849473863,0.0024264449107950364,0.11733136949886798,-0.0005212747303495469,-0.0070614451416183,0.17373111714818235
92,least_connections,3476,measured,381,348,10,medium,0,100.0,63.5,5,1140.0,381.0,0.0,922.0,348.0,0.0,4,1,0,0.06727451979396828,-0.004393357669930015,-0.005797633953680735,0.2241155317880963,-0.03951653590768944,-0.033558021672648625,0.14471865340499124,-0.025853756152032004,-0.024761516945042795,22.71,24.88,2,795.0,0.0,0.0,796.0,0.0,0.0,2,0,0,-0.02335876848150828,-0.04232720607175359,-0.003953881185970841,-0.0375497767351472,-0.09953322073479773,-0.009655521587857506,-0.014009106631891338,-0.10315117745569946,-0.011589390667243158,37.3,55.63,4,454.0,466.0,945.0,429.0,402.0,838.0,1,1,2,-0.012301216236867349,-0.0006061403786782049,0.05343082477253862,-0.003035963400001618,0.0021953549192907373,0.10615695335611865,-0.00047162951793530694,-0.006388926556702257,0.15718529646740306
92,least_connections,3477,measured,410,403,15,heavy,1,90.8,58.4,4,981.0,381.0,0.0,820.0,348.0,0.0,3,1,0,0.017783522443975852,-0.003974942653746205,-0.005245478339044474,0.10686643352256331,-0.035753056297433305,-0.03036201960858685,0.08479306736642062,-0.023391493661362284,-0.0224032772359911,34.43,37.47,3,795.0,0.0,410.0,796.0,0.0,403.0,2,0,1,-0.021134123864221782,-0.038296043588729435,0.03950657915373613,-0.03397360752227602,-0.0900538663791027,0.09725044645452349,-0.01267490600028262,-0.09332725579325189,0.10345781320582763,37.3,55.63,4,454.0,1411.0,0.0,429.0,1240.0,0.0,1,3,0,-0.01112967183335617,0.08561938772994875,-0.03782562565931313,-0.002746824028572889,0.1729862734984059,-0.07495323267779741,-0.0004267124209890727,0.2469497013693329,-0.11051489049774643
92,least_connections,3478,measured,370,309,5,medium,1,90.8,58.4,4,981.0,381.0,0.0,820.0,348.0,0.0,3,1,0,0.016089853639787682,-0.0035963766867227603,-0.004745908973421191,0.09668867794898584,-0.03234800331672538,-0.027470398693483344,0.07671753714104723,-0.021163732360280157,-0.020269631784944328,45.0,47.12,4,1165.0,410.0,0.0,1105.0,403.0,0.0,3,1,0,0.02396255006389003,0.008435098884573597,-0.007339852420996107,0.06490823264991352,0.024509086881492115,-0.017997895384682834,0.07589829933307762,0.029504506663248303,-0.02033876424234644,37.3,55.63,4,454.0,1411.0,0.0,429.0,1240.0,0.0,1,3,0,-0.010069703087322246,0.07746516032709648,-0.03422318512033092,-0.0024852217401373777,0.15651139030808153,-0.06781482956562623,-0.00038607314279964777,0.2234306821913012,-0.09998966283129439
92,least_connections,3479,measured,186,112,8,light,0,76.67,48.65,4,964.0,186.0,0.0,861.0,112.0,0.0,3,1,0,0.014557486626474575,-0.0032538646213205874,-0.004293917642619173,0.0772262641760666,-0.14688628871513248,-0.02485417024648493,0.08795872407999517,-0.125910043564063,-0.01833919066256868,33.43,33.12,3,760.0,410.0,0.0,657.0,403.0,0.0,2,1,0,-0.021403497787999715,0.007631756133661821,-0.006640818857091716,-0.04596738134395578,0.022174888130873815,-0.016283810109951134,-0.057996776793882154,0.026694553647700847,-0.018401739076408685,37.3,55.63,4,454.0,1411.0,0.0,429.0,1240.0,0.0,1,3,0,-0.009110683745672504,0.07008752601023015,-0.030963834156489883,-0.0022485339553623834,0.14160554361207375,-0.06135627436889993,-0.00034930427205681625,0.20215156960165348,-0.09046683779974254
92,least_connections,3480,measured,462,404,17,heavy,1,76.67,48.65,4,1150.0,0.0,0.0,973.0,0.0,0.0,4,0,0,0.05625495955547247,-0.046027872979380755,-0.0038849731052268705,0.18206185806406028,-0.24508759455178653,-0.022487106413486366,0.13024836940570989,-0.16458527751034271,-0.016592601075657375,35.49,34.88,3,370.0,410.0,462.0,309.0,403.0,404.0,1,1,1,-0.0624489696539952,0.0069049222161702145,0.037075540308436294,-0.1424058620322865,0.02006299402317155,0.10469560037671088,-0.150866131384941,0.024152215205062666,0.09757699797848737,37.3,55.63,4,454.0,1411.0,0.0,429.0,1240.0,0.0,1,3,0,-0.008242999579417987,0.06341252353306537,-0.028014897570157512,-0.0020343878643754865,0.12811930136330482,-0.055512819667099936,-0.00031603719852760226,0.18289903916340078,-0.08185094848548136
92,least_connections,3481,measured,395,329,10,medium,1,64.53,43.0,3,968.0,0.0,0.0,860.0,0.0,0.0,3,0,0,0.007813444132955816,-0.04164426602896354,-0.0035149756666338354,0.05494485570875285,-0.2217459188801878,-0.02034547723124957,0.06672471517659467,-0.14891048917602437,-0.015012353354166195,46.77,45.16,4,370.0,805.0,462.0,309.0,732.0,404.0,1,2,1,-0.056501448734567083,0.04933121080329232,0.033544536469537596,-0.12884339898159253,0.12026107622504636,0.09472459081702414,-0.13649792839589903,0.11487283756648527,0.08828395055196478,37.3,55.63,4,920.0,945.0,0.0,831.0,838.0,0.0,2,2,0,0.03562594822633157,0.014289335350777976,-0.02534681208728537,0.08248317288461264,0.031593653614418654,-0.05022588446070947,0.1209521568203798,0.044241987814505446,-0.07405562005829265
92,least_connections,3482,measured,155,102,3,light,0,74.87,48.1,4,1123.0,0.0,0.0,962.0,0.0,0.0,4,0,0,0.0501532068232412,-0.03767814545477654,-0.003180216079335375,0.14320407579998273,-0.20062725993921754,-0.018407812733035326,0.10651283754072849,-0.1347285378259268,-0.013582605415674177,46.77,45.16,4,370.0,805.0,462.0,309.0,732.0,404.0,1,2,1,-0.05112035837889402,0.04463300025059781,0.030349818710534018,-0.11657259907858371,0.10880764039408958,0.08570320121540279,-0.12349812569152771,0.1039325673220581,0.07987595526130147,28.22,41.33,3,466.0,945.0,0.0,402.0,838.0,0.0,1,2,0,-0.01085089945055262,0.012928446269751509,-0.022932829983734384,-0.007524748342493323,0.02858473422256927,-0.04544246689302285,-0.019948048591084955,0.04002846516550493,-0.06700270386226478
92,least_connections,3483,measured,389,315,11,medium,2,48.13,28.1,3,722.0,0.0,0.0,562.0,0.0,0.0,3,0,0,0.002292810708556109,-0.03408975064955973,-0.002877338357493911,-0.11230742348255535,-0.18151990184976824,-0.016654687710841484,-0.08458362317743612,-0.12189724850917187,-0.012289023947514731,36.2,35.5,3,0.0,1267.0,0.0,0.0,1136.0,0.0,0,3,0,-0.08933565304575672,0.08346613854872682,-0.015624540441036113,-0.2011167052887866,0.21787357940417626,-0.04188757985273082,-0.19910247086376318,0.20826041805329065,-0.041957469049298673,36.0,51.83,4,466.0,1334.0,0.0,402.0,1153.0,0.0,1,3,0,-0.009817480455261901,0.05478106589938968,-0.020748750937664442,-0.006808105643208245,0.09625285477280077,-0.041114612903211153,-0.018048234439553057,0.13121623038783786,-0.06062149397062052
92,least_connections,3484,measured,399,345,11,medium,0,74.73,45.35,4,722.0,399.0,0.0,562.0,345.0,0.0,3,1,0,0.002074447783931732,0.012240792496203329,-0.0026033061329706815,-0.1016114783889786,0.07643437451687635,-0.015068526976475628,-0.07652804001768032,0.045783441825034965,-0.01111864071441809,36.2,35.5,3,395.0,872.0,0.0,329.0,807.0,0.0,1,2,0,-0.03774359538607014,0.032433082269709756,-0.014136488970461245,-0.07985388981910627,0.09501487116160165,-0.03789828653342312,-0.08711949744816669,0.09540525919107251,-0.037961519616032134,36.0,51.83,4,1411.0,389.0,0.0,1240.0,315.0,0.0,3,1,0,0.0772853181368492,-0.036603978925495495,-0.01877267941979164,0.16484028537043066,-0.08391408377698976,-0.03719893548385771,0.2364008037610393,-0.13401071218878163,-0.05484801835437095
92,least_connections,3485,measured,161,122,5,light,1,64.4,40.25,3,567.0,399.0,0.0,460.0,345.0,0.0,2,1,0,-0.04120701889843817,0.011075002734660153,-0.0023553722155449023,-0.18542625822494896,0.06915491027717385,-0.013633429169192236,-0.11538251239694888,0.041423114032174496,-0.010059722551140177,40.8,39.31,4,966.0,462.0,0.0,854.0,404.0,0.0,3,1,0,0.052018833199451275,-0.01373968293511521,-0.012790156687560174,0.07535668472148893,-0.020020558744945433,-0.03428892591119235,0.06961509754689676,-0.02762440835093441,-0.034346136795457644,36.0,51.83,4,1411.0,389.0,0.0,1240.0,315.0,0.0,3,1,0,0.06992481164762547,-0.03311788569449592,-0.016984805189335293,0.14914121057324678,-0.07592226627441932,-0.03365617972349031,0.2138864414980832,-0.12124778721842151,-0.049624397558716574
92,least_connections,3486,measured,413,431,18,heavy,0,66.53,44.4,3,186.0,399.0,413.0,112.0,345.0,431.0,1,1,1,-0.0803664411348681,0.010020240569454428,0.0409528491745977,-0.3975761383940014,0.06256872834601446,0.23677610376755623,-0.26182227312104905,0.037478055552919776,0.1858745367394446,40.8,39.31,4,966.0,462.0,0.0,854.0,404.0,0.0,3,1,0,0.04706465860902734,-0.012431141703199478,-0.011572046526840157,0.06817985760515666,-0.01811383886447443,-0.03102331391965022,0.06298508825671612,-0.024993512317512095,-0.0310750761482712,36.0,51.83,4,1411.0,389.0,0.0,1240.0,315.0,0.0,3,1,0,0.06326530577642304,-0.029963801342639165,-0.015367204695112885,0.13493728575674707,-0.06869157424828416,-0.03045082927363409,0.19351630421255148,-0.10970037891190519,-0.04489826445788642
92,least_connections,3487,measured,154,106,3,light,0,64.4,44.1,3,154.0,399.0,413.0,106.0,345.0,431.0,1,1,1,-0.07271249436011876,0.0090659319437921,0.03705257782463601,-0.3790133315628266,0.0566098018368702,0.21422599864683659,-0.23960110425237768,0.03390871692883218,0.16817219990711654,40.8,39.31,4,966.0,462.0,0.0,854.0,404.0,0.0,3,1,0,0.04258231017007236,-0.011247223445751908,-0.010469946857617285,0.061686537833236965,-0.01638871135357209,-0.028068712593969248,0.05698650842274314,-0.02261317781108238,-0.028115545086531087,36.0,51.83,4,1800.0,0.0,0.0,1555.0,0.0,0.0,4,0,0,0.10032393878637821,-0.0701940062034309,-0.013903661390816419,0.1924765918751521,-0.13253999574844758,-0.027550750295192748,0.27008618000183227,-0.19425272377743802,-0.04062223927142105
92,least_connections,3488,measured,456,425,16,heavy,0,94.8,65.35,4,553.0,0.0,869.0,451.0,0.0,856.0,2,0,2,-0.022703594670492933,-0.03488139037285023,0.07660766111571377,-0.10225015712827173,-0.189448274528546,0.4688711416328522,-0.06071052289500836,-0.1253921132548661,0.34441770467786736,40.8,39.31,4,966.0,462.0,0.0,854.0,404.0,0.0,3,1,0,0.03852685205863689,-0.010176059308061244,-0.009472809061653735,0.05581162946816676,-0.01482788170085092,-0.025395501870734083,0.05155922190629139,-0.02045954182907453,-0.025437874125909078,26.68,38.43,3,1334.0,0.0,0.0,1153.0,0.0,0.0,3,0,0,0.047685377722822914,-0.0635088627554851,-0.012579503163119617,0.08982167836323285,-0.11991713901050019,-0.0249268693146982,0.12312559143022922,-0.17575246437006298,-0.03675345457890476
92,least_connections,3489,measured,192,115,9,light,2,94.8,65.35,4,553.0,0.0,869.0,451.0,0.0,856.0,2,0,2,-0.020541347559017403,-0.03155935319448354,0.06931169339040769,-0.09251204692557918,-0.17140558171630355,0.42421674719162816,-0.05492856833357898,-0.11345000723059313,0.31161601851807047,40.8,39.31,4,966.0,462.0,0.0,854.0,404.0,0.0,3,1,0,0.034857628053052425,-0.009206910802531595,-0.008570636770067665,0.05049623618548421,-0.013415702491246073,-0.022976882644949886,0.04664881981997793,-0.018511014035829332,-0.02301521944725107,30.52,42.27,4,1334.0,192.0,0.0,1153.0,115.0,0.0,3,1,0,0.04314391317779216,-0.014376499409157723,-0.01138145524282251,0.08126723280482973,-0.07375360196188113,-0.02255288176091742,0.11139934462735024,-0.12433159474751732,-0.03325312557139002
92,least_connections,3490,measured,153,120,5,light,0,94.73,66.05,4,552.0,869.0,0.0,465.0,856.0,0.0,2,2,0,-0.018585028743872883,0.05761409994422011,-0.023457220719336352,-0.08430455039298435,0.3690774895582651,-0.14034357793773328,-0.043363942778000014,0.2845928506008919,-0.10529979276936481,36.2,35.5,3,1267.0,0.0,0.0,1136.0,0.0,0.0,3,0,0,0.03153785395276172,-0.05141396238142881,-0.00775438564910884,0.1234965946440095,-0.13156658796827025,-0.020788608107335613,0.12193821793236098,-0.1309742507943218,-0.02082329378560811,30.52,42.27,4,1334.0,192.0,0.0,1153.0,115.0,0.0,3,1,0,0.03903496906562148,-0.013007308989237937,-0.010297507124458462,0.07352749634722691,-0.06672944939408293,-0.020404988259877667,0.1007898832342693,-0.112490490485849,-0.030086161231257638
92,least_connections,3491,measured,188,110,3,light,1,94.73,66.05,4,552.0,869.0,0.0,465.0,856.0,0.0,2,2,0,-0.016815026006361172,0.052127042806675336,-0.021223199698447177,-0.07627554559365252,0.3339272524574779,-0.1269775228960444,-0.039234043465809526,0.2574887695912832,-0.09527124107704435,30.29,28.66,3,1060.0,0.0,0.0,917.0,0.0,0.0,3,0,0,0.02853424881440346,-0.04651739453557845,-0.007015872730146094,0.05822481012009026,-0.1190364367331969,-0.018808740668541744,0.04840541146261235,-0.118500512623434,-0.018840122948883528,11.62,14.33,2,581.0,0.0,0.0,430.0,0.0,0.0,2,0,0,-0.007766547262623658,-0.05485241788368693,-0.009316792160224322,-0.06973226520965184,-0.09511712088036074,-0.018461656044651224,-0.12685677231185158,-0.13645965012211736,-0.027220812542566433
92,least_connections,3492,measured,189,108,6,light,2,94.73,66.05,4,552.0,869.0,0.0,465.0,856.0,0.0,2,2,0,-0.01521359495813629,0.047162562539372926,-0.01920194258430935,-0.06901120791806659,0.3021246569853372,-0.1148844254773735,-0.03549746789763722,0.23296602963020863,-0.08619778954589727,18.57,16.06,2,650.0,0.0,0.0,514.0,0.0,0.0,2,0,0,-0.017267198918487575,-0.04208716648457098,-0.0063476943748940855,-0.053306804449170075,-0.1076996332347972,-0.01701743203344253,-0.0701480801052555,-0.10721474951644029,-0.017045825525180334,15.4,17.93,3,770.0,0.0,0.0,538.0,0.0,0.0,3,0,0,0.036057024132002624,-0.04962837808524056,-0.00842947862115534,-0.0288910970944469,-0.08605834746318353,-0.016703403088017772,-0.08220374637738953,-0.12346349296763,-0.024628354205179153
92,least_connections,3493,measured,161,121,6,light,1,94.73,66.05,4,552.0,869.0,0.0,465.0,856.0,0.0,2,2,0,-0.01376468115259949,0.042670889916575507,-0.01737318614770846,-0.06243871192586975,0.2733508801295908,-0.10394305162238555,-0.03211675666929084,0.21077878871304592,-0.07798847625581182,23.17,19.84,3,811.0,0.0,0.0,635.0,0.0,0.0,3,0,0,0.02746119644336384,-0.03807886491461184,-0.005743152053475601,-0.006610918311153902,-0.09744252530767365,-0.015396724220733717,-0.029256001047612112,-0.09700382099106503,-0.015422413570401255,15.4,17.93,3,770.0,0.0,0.0,538.0,0.0,0.0,3,0,0,0.03262302183371665,-0.04490186588664622,-0.007626671133426259,-0.026139564037832907,-0.07786231437145176,-0.015112602793920842,-0.07437481815097147,-0.11170506506595095,-0.02228279666182876
92,least_connections,3494,measured,480,422,15,heavy,1,94.73,66.05,4,552.0,869.0,0.0,465.0,856.0,0.0,2,2,0,-0.012453759138066206,0.03860699563880641,-0.015718596990783845,-0.05649216793292977,0.24731746297439172,-0.09404371337263455,-0.029058017938882214,0.1907046183594225,-0.07056100232668688,31.51,29.59,3,623.0,0.0,480.0,525.0,0.0,422.0,2,0,1,-0.01823805582561866,-0.03445230635131548,0.037887715035517536,-0.05457994649920725,-0.08816228480218093,0.11015126312001644,-0.0575709057097443,-0.08776536184905884,0.1053618639124941,7.62,7.43,2,381.0,0.0,0.0,223.0,0.0,0.0,2,0,0,-0.01356783285339469,-0.04062549770696563,-0.006900321501671377,-0.09404055793899167,-0.07044685585988493,-0.013673307289737905,-0.16229150213659324,-0.10106648744062229,-0.0201606255511784
92,least_connections,3495,measured,361,340,10,medium,2,57.93,42.8,2,0.0,869.0,0.0,0.0,856.0,0.0,0,2,0,-0.09743548729271749,0.034930138911301034,-0.014221587753566337,-0.3840643424155079,0.2237634188815925,-0.08508716924190746,-0.23664773051613153,0.17254227375376324,-0.06384090686700242,31.51,29.59,3,623.0,480.0,0.0,525.0,422.0,0.0,2,1,0,-0.016501098127940705,0.011912765908900502,-0.00880453900414626,-0.049381856356425585,0.04431575592727849,-0.024420966020665402,-0.052087962308816266,0.039908720231803904,-0.02398807550774343,14.84,18.77,3,381.0,361.0,0.0,223.0,340.0,0.0,2,1,0,-0.012275658295928527,0.006327497539502749,-0.006243148025321723,-0.08508431432575438,0.001586178031532673,-0.012371087547858104,-0.14683516859977483,0.011098574855310003,-0.018240565974875694
92,least_connections,3496,measured,397,302,15,medium,0,84.4,57.9,3,0.0,869.0,397.0,0.0,856.0,302.0,0,2,1,-0.08815591707436345,0.03160345901498665,0.03021674940210211,-0.34748678599498334,0.2024526170833456,0.1624766881462107,-0.2141098514193571,0.15610967625340483,0.07885822712033114,31.51,29.59,3,623.0,480.0,0.0,525.0,422.0,0.0,2,1,0,-0.01492956497289874,0.010778216774719504,-0.007966011479941854,-0.04467882241771837,0.040095207743728156,-0.022095159732982983,-0.047127203993690914,0.03610788973353686,-0.02170349688795834,14.84,18.77,3,381.0,361.0,0.0,223.0,340.0,0.0,2,1,0,-0.011106547982030562,0.00572487872621677,-0.0056485624991006065,-0.07698104629473014,0.0014351134571009838,-0.01119288873377638,-0.1328508668283677,0.010041567726232867,-0.016503369215363724
92,least_connections,3497,measured,391,307,12,medium,0,100.0,73.25,4,869.0,788.0,0.0,856.0,609.0,0.0,2,2,0,0.006407685005281133,0.028593605775464104,-0.015744936481998317,0.20976592378231673,0.1343142725992174,-0.09245759961374586,0.1935196582396293,0.029503992800699597,-0.06527112784350993,18.31,16.97,2,161.0,480.0,0.0,121.0,422.0,0.0,1,1,0,-0.05659160186890384,0.009751719939031928,-0.007207343719947391,-0.15985226790174517,0.03627661653003976,-0.019990858806032224,-0.1568650893276251,0.032669043092247635,-0.019636497184343262,14.84,18.77,3,381.0,361.0,0.0,223.0,340.0,0.0,2,1,0,-0.010048781507551452,0.00517965218086279,-0.00511060416585293,-0.0696495180761844,0.0012984359849961269,-0.010126899330559581,-0.12019840332090409,0.009085227942782118,-0.014931619766281464
92,least_connections,3498,measured,393,336,11,medium,1,100.0,73.25,4,869.0,788.0,0.0,856.0,609.0,0.0,2,2,0,0.005797429290492456,0.025870405225419904,-0.014245418721808002,0.18978821675542945,0.12152243711357763,-0.08365211393624626,0.17508921459775983,0.026694088724442455,-0.05905482995365184,29.54,27.47,3,161.0,873.0,0.0,121.0,758.0,0.0,1,2,0,-0.05120192550043681,0.05190688493350054,-0.006520930032333354,-0.14462824238729327,0.13441353740472983,-0.01808696749117201,-0.14192555701070844,0.12455770565489073,-0.01776635459535819,7.22,11.33,1,361.0,0.0,0.0,340.0,0.0,0.0,1,0,0,-0.052175654924065826,-0.038397548253595794,-0.004623879959581223,-0.06663527825940495,-0.06414903410881304,-0.009162432727649146,-0.07346522205224658,-0.0943197144009749,-0.013509560740921325
92,least_connections,3499,measured,198,103,5,light,2,100.0,73.25,4,869.0,788.0,0.0,856.0,609.0,0.0,2,2,0,0.0052452931675884,0.023406557108713255,-0.012888712176873906,0.17171314849300762,0.10994887167418926,-0.07568524594231804,0.15841405130273506,0.024151794560209883,-0.05343056043425643,24.94,23.69,2,0.0,873.0,0.0,0.0,758.0,0.0,0,2,0,-0.08940945187000972,0.04696337208269097,-0.005899889076873035,-0.17247317168374152,0.12161224812808888,-0.01636439915867944,-0.1626201468192124,0.11269506702109161,-0.016074320824371695,11.18,14.77,2,559.0,0.0,0.0,443.0,0.0,0.0,2,0,0,-0.004122644704540296,-0.03474063889611048,-0.0041835104396211065,-0.02446048985374734,-0.05803960228892608,-0.008289820086920656,-0.03540504217425483,-0.08533688445802491,-0.012222935908452626
92,least_connections,3500,measured,406,419,17,heavy,1,100.0,73.25,4,869.0,788.0,0.0,856.0,609.0,0.0,2,2,0,0.004745741437341883,0.0211773611935977,-0.011661215779076391,0.15535951530319742,0.09947755056236168,-0.0684771272811449,0.14332699879771266,0.021851623649713714,-0.04834193563099391,36.54,36.78,3,0.0,873.0,406.0,0.0,758.0,419.0,0,2,1,-0.08089426597762785,0.042490669979577546,0.03774590534768177,-0.156047155332909,0.11003012925874708,0.09014649599929003,-0.14713251378881123,0.10196220349527335,0.10392382877794942,11.18,14.77,2,559.0,0.0,0.0,443.0,0.0,0.0,2,0,0,-0.003730011875536454,-0.031432006620290436,-0.003785080873942906,-0.02213091939148569,-0.05251202111855217,-0.007500313411975832,-0.032033133395754365,-0.07720956212868921,-0.011058846774314282
92,least_connections,3501,measured,414,410,18,heavy,2,100.0,73.25,4,869.0,788.0,0.0,856.0,609.0,0.0,2,2,0,0.00429376606235693,0.019160469651350293,-0.010550623800116735,0.14056337098860722,0.09000349812785102,-0.06195549611151205,0.1296768084360257,0.01977051663545526,-0.043737941761375444,36.54,36.78,3,0.0,873.0,406.0,0.0,758.0,419.0,0,2,1,-0.07319005017023472,0.038443939505332064,0.03415105721933112,-0.14118552149167957,0.0995510693293426,0.08156111542792907,-0.13311989342797206,0.09225151744810445,0.09402632127528758,19.46,28.43,3,559.0,0.0,414.0,443.0,0.0,410.0,2,0,1,-0.0033747726492948937,-0.028438482180262774,0.03965930324557093,-0.020023212782772762,-0.04751087625011863,0.0681282878653552,-0.028982358786634882,-0.06985627049738548,0.11364517037879501
92,least_connections,3502,measured,442,425,19,heavy,1,100.0,73.25,4,1260.0,397.0,0.0,1163.0,302.0,0.0,3,1,0,0.04696873618793744,-0.025748237208869,-0.009545802485819904,0.36301765311667633,-0.1544095334398808,-0.05605497267232042,0.25620758858497567,-0.12099334209173093,-0.039572423498387306,49.17,50.06,4,873.0,0.0,848.0,758.0,0.0,844.0,2,0,2,0.019948231251873783,-0.05138518852011906,0.07398247580615219,0.09793418803814025,-0.13560345428025464,0.18805189355043925,0.09387366785088241,-0.13084981754695313,0.20523512401097446,19.46,28.43,3,559.0,0.0,414.0,443.0,0.0,410.0,2,0,1,-0.0030533657303144224,-0.025730055305952033,0.03588222674599274,-0.0181162401367944,-0.042986030892964475,0.06163987949722613,-0.026222134140288705,-0.06320329235477734,0.10282182081890978
92,least_connections,3503,measured,398,350,5,medium,2,100.0,73.25,4,1260.0,397.0,0.0,1163.0,302.0,0.0,3,1,0,0.04249552321765768,-0.02329602414135766,-0.008636678439551342,0.32844454329604045,-0.1397038635884636,-0.05071640384638514,0.23180686586259702,-0.10947016665442319,-0.03580362126044566,49.17,50.06,4,873.0,406.0,442.0,758.0,419.0,425.0,2,1,1,0.01804839970407629,-0.0034074608152551145,0.023852625502618425,0.08860712251069833,-0.017736458634516103,0.06518980845039739,0.08493331853175076,7.933174323287995e-05,0.06722165981945309,27.42,40.1,4,957.0,0.0,414.0,793.0,0.0,410.0,3,0,1,0.04032133123266336,-0.023279573848242315,0.03246487181780296,0.05562816368575743,-0.03889212318887262,0.055769414783204595,0.08183076752386573,-0.05718393117813188,0.09302926645520408
92,least_connections,3504,measured,180,118,5,light,0,64.53,36.35,3,968.0,0.0,0.0,727.0,0.0,0.0,3,0,0,0.0384483305302617,-0.06416125540227144,-0.007814137635784547,0.12103712647419529,-0.3658590511832131,-0.04588627014672941,0.012491926256635366,-0.23566348411590668,-0.03239375256897464,49.17,50.06,4,873.0,406.0,442.0,758.0,419.0,425.0,2,1,1,0.01632950449416426,-0.0030829407376117696,0.021580946883321434,0.08016834893825087,-0.016047272097895512,0.05898125526464526,0.07684443105253641,7.177633911545356e-05,0.060819596979505175,23.46,36.67,3,759.0,0.0,414.0,690.0,0.0,410.0,2,0,1,-0.006602695778157169,-0.021062471576981143,0.029372979263726486,0.0145016719061615,-0.03518811145659904,0.05045804194670892,0.04297386902952935,-0.05173784249450027,0.08416933631661322
92,least_connections,3505,measured,437,448,14,heavy,0,93.67,58.75,4,968.0,437.0,0.0,727.0,448.0,0.0,3,1,0,0.03478658476547487,-0.014966759422916795,-0.007069934051424114,0.10950978109570053,-0.06742803043560552,-0.04151614918037423,0.011302218994098667,-0.010552676104867958,-0.029308633276691344,49.17,50.06,4,873.0,406.0,442.0,758.0,419.0,425.0,2,1,1,0.014774313589958149,-0.002789327334029701,0.019525618608719392,0.07253326808698887,-0.014518960469524514,0.05336399285848857,0.0695259138094377,6.494049729494078e-05,0.055027254410028495,16.24,25.33,2,398.0,414.0,0.0,350.0,410.0,0.0,1,1,0,-0.04905776783556623,0.02402737832377443,-0.01650834755957626,-0.052203249227758625,0.043077422967838966,-0.02926177157202526,-0.06365856294153693,0.07684036472719816,-0.0474975846024293
92,least_connections,3506,measured,170,115,2,light,2,93.67,58.75,4,968.0,437.0,0.0,727.0,448.0,0.0,3,1,0,0.0314735766925725,-0.01354135376359139,-0.006396606998907532,0.09908027813420528,-0.061006313251262156,-0.037562230210814784,0.010225817185136876,-0.009547659332975772,-0.026517334869387406,49.17,50.06,4,873.0,406.0,442.0,758.0,419.0,425.0,2,1,1,0.013367236105200242,-0.00252367711174116,0.017666035884079452,0.06562533779298993,-0.013136202329569788,0.048281707824346806,0.06290439820853888,5.875568802876652e-05,0.049786563513835314,19.64,29.17,3,568.0,414.0,0.0,465.0,410.0,0.0,2,1,0,-0.001301699243516835,0.021739056578653056,-0.01493612398247376,-0.016469606444162566,0.038974811256616206,-0.02647493618421333,-0.022913302978850886,0.06952223475317929,-0.04297400511648366
92,least_connections,3507,measured,445,400,15,heavy,2,93.67,58.75,4,968.0,437.0,0.0,727.0,448.0,0.0,3,1,0,0.028476093198041785,-0.012251701024201728,-0.00578740633234491,0.08964406116904289,-0.05519618817971339,-0.03398487495264195,0.009251929834171446,-0.008638358444120947,-0.023991874405636226,49.17,50.06,4,873.0,848.0,0.0,758.0,844.0,0.0,2,2,0,0.012094165999943063,0.04080057331613442,-0.02710034395068548,0.05937530562222898,0.10237336796032123,-0.07057505346504676,0.056913503141059,0.12021685038440696,-0.07511870443986329,28.54,42.5,4,568.0,414.0,445.0,465.0,410.0,400.0,2,1,1,-0.0011777278869914143,0.019668670237828957,0.02957026424261444,-0.01490107249709946,0.0352629244702718,0.05657029583333079,-0.020731083647531734,0.06290106953859079,0.08175367791048305
92,least_connections,3508,measured,368,310,13,medium,0,100.0,74.25,5,968.0,805.0,0.0,727.0,758.0,0.0,3,2,0,0.025764084322037806,0.031999027871527225,-0.00523622477688349,0.08110653153389591,0.1720288456151799,-0.030748220195247478,0.008370793659488451,0.1324224375981763,-0.021706933986051825,49.17,50.06,4,873.0,848.0,0.0,758.0,844.0,0.0,2,2,0,0.010942340666615147,0.03691480442888352,-0.02451935881252496,0.05372051461058813,0.09262352339267158,-0.06385361980170898,0.051493169508577186,0.10876762653827296,-0.06796454211225726,17.18,27.0,2,0.0,859.0,0.0,0.0,810.0,0.0,0,2,0,-0.0872333637798403,0.060879363775269285,-0.016329851626296684,-0.11626287511642333,0.11242836023500782,-0.029341160912700708,-0.15899478996681443,0.17754541212221708,-0.04666730728734074
92,least_connections,3509,measured,150,116,5,light,2,80.13,53.0,3,397.0,805.0,0.0,302.0,758.0,0.0,1,2,0,-0.06285743844786147,0.028951501407572244,-0.004737536702894586,-0.2710305984534593,0.1556451460327818,-0.027819818271890576,-0.18468832954617712,0.11981077687454045,-0.019639606939761176,24.23,26.38,2,0.0,848.0,0.0,0.0,844.0,0.0,0,2,0,-0.07626758746943436,0.033399108768989855,-0.022184181782760676,-0.17706919426388965,0.08380223545051238,-0.057772322677736694,-0.16772641806366825,0.09840880496319934,-0.06149172857775657,20.18,30.87,3,150.0,859.0,0.0,116.0,810.0,0.0,1,2,0,-0.03584152414547909,0.055081329130005546,-0.014774627661887476,-0.07804736320057348,0.10172089735548327,-0.026546764635300642,-0.10886830203346702,0.16063632525343452,-0.04222280183140353
92,least_connections,3510,measured,379,349,10,medium,1,80.13,53.0,3,397.0,805.0,0.0,302.0,758.0,0.0,1,2,0,-0.05687101573854132,0.02619421555923203,-0.0042863427311903395,-0.24521816050551076,0.14082179879156448,-0.025170311769805758,-0.16709896482749356,0.10840022669601279,-0.017769168183593444,35.06,37.28,3,406.0,821.0,0.0,419.0,774.0,0.0,1,2,0,-0.025920107483683244,0.030218241267181298,-0.020071402565354897,-0.0552530805244716,0.06884147833277651,-0.05227019670842844,-0.03328521158141412,0.06924487115718037,-0.05563537347511308,20.18,30.87,3,150.0,859.0,0.0,116.0,810.0,0.0,1,2,0,-0.03242804565543346,0.04983548826048121,-0.01336752026551724,-0.07061428099099507,0.09203319284543725,-0.024018501336700582,-0.09849989231599397,0.14533762761025026,-0.0382015826093651
92,least_connections,3511,measured,167,123,5,light,0,64.8,44.05,3,167.0,805.0,0.0,123.0,758.0,0.0,1,2,0,-0.05145472852534691,0.023699528363114702,-0.003878119613934117,-0.36059420871133513,0.12741019890665356,-0.02277313922030045,-0.23216096817725607,0.09807639558210679,-0.01607686645182264,35.06,37.28,3,406.0,821.0,0.0,419.0,774.0,0.0,1,2,0,-0.023451525818570546,0.027340313527449756,-0.018159840416273478,-0.04999088237928383,0.062285147062988294,-0.04729208273619716,-0.03011519143080324,0.06265012152316318,-0.050336766477483266,20.18,30.87,3,150.0,859.0,0.0,116.0,810.0,0.0,1,2,0,-0.02933966035491599,0.045089251283292525,-0.01209442309737274,-0.06388911137280506,0.08326812686015751,-0.021731025018919575,-0.08911895019066123,0.13149594879022644,-0.034563336646568424
92,least_connections,3512,measured,472,406,20,heavy,0,96.27,64.35,4,604.0,368.0,472.0,571.0,310.0,406.0,2,1,1,-0.0034703779628422193,-0.021641469802986923,0.03957512533795983,-0.06266460153247783,-0.14831140733842454,0.2640941438800456,-0.007383733112755531,-0.11393088018761768,0.16912093035311287,35.06,37.28,3,406.0,821.0,0.0,419.0,774.0,0.0,1,2,0,-0.021218047169182866,0.024736474143883108,-0.016430331805199812,-0.04522984596220918,0.056353228295084656,-0.04278807485655933,-0.02724707796120293,0.0566834432828619,-0.04554278871772296,20.18,30.87,3,564.0,445.0,0.0,526.0,400.0,0.0,2,1,0,0.016538493238976243,-0.0022888633513974688,-0.010942573278575337,0.017109851615081134,0.00042354334966630824,-0.019661403588546282,0.04301936252590971,-0.004678268554874521,-0.031271590299276196
92,least_connections,3513,measured,484,450,18,heavy,1,96.27,64.35,4,604.0,368.0,472.0,571.0,310.0,406.0,2,1,1,-0.00313986577590486,-0.019580377440797686,0.03580606578196366,-0.05669654424367043,-0.13418651140143176,0.23894232065337462,-0.006680520435350279,-0.10308032016974936,0.15301417508138782,48.89,51.34,4,785.0,442.0,484.0,768.0,425.0,450.0,2,1,1,0.023886619454639546,-0.02070328076324407,0.028218361926814678,0.057050547530790335,-0.04698653494390301,0.08640262615018782,0.07402347708272114,-0.04739057512502973,0.08602676258872685,20.18,30.87,3,564.0,445.0,0.0,526.0,400.0,0.0,2,1,0,0.014963398644788017,-0.0020708763655500895,-0.009900423442520543,0.015480341937454359,0.0003832058877933364,-0.017788888961065685,0.038922280380584984,-0.0042327191686959975,-0.028293343604107034
92,least_connections,3514,measured,362,339,13,medium,2,96.27,64.35,4,972.0,0.0,472.0,881.0,0.0,406.0,3,0,1,0.04024306928665297,-0.060799479816050515,0.0323959642789195,0.1706713806049331,-0.3433750976171684,0.21618590916257702,0.1341938148442069,-0.23350124205834466,0.13844139650220805,48.89,51.34,4,1227.0,0.0,484.0,1193.0,0.0,450.0,3,0,1,0.06469560354285982,-0.06181543996493057,0.02553089888616566,0.165875665453028,-0.156770130255368,0.07817380461207468,0.18713731259865246,-0.1630408774940745,0.07783373758027667,24.42,38.3,3,414.0,807.0,0.0,410.0,739.0,0.0,1,2,0,-0.02954558716718725,0.04121025018173586,-0.008957525971804301,-0.013136833485160343,0.06585147199371778,-0.01609470906001181,0.0002312695506879736,0.0984084921807036,-0.025598739451334937
92,least_connections,3515,measured,463,414,16,heavy,2,96.27,64.35,4,972.0,0.0,472.0,881.0,0.0,406.0,3,0,1,0.03641039602125745,-0.05500905316690285,0.029310634347593834,0.15441696340446326,-0.31067270736791425,0.19559677495661731,0.12141345152571098,-0.2112630285289785,0.12525650159723584,48.89,51.34,4,1227.0,0.0,484.0,1193.0,0.0,450.0,3,0,1,0.058534117491158874,-0.055928255206365754,0.023099384706530838,0.1500779830289301,-0.14183964165961868,0.07072868036330568,0.1693147113987808,-0.1475131748755912,0.07042100066786937,33.68,52.1,4,859.0,362.0,463.0,810.0,339.0,414.0,2,1,1,0.016352178504064147,-0.0057984357766154015,0.034979471966553474,0.06863810303723589,-0.02094390629139818,0.06921907275522741,0.12084416451411453,-0.031598665804760215,0.10169637859164936
92,least_connections,3516,measured,497,442,17,heavy,0,100.0,80.3,4,805.0,0.0,969.0,758.0,0.0,848.0,2,0,2,-0.010141160969429186,-0.04977009572243591,0.06960304558886607,0.03898042720721273,-0.28108483047573196,0.47674628845281253,0.054207408523262335,-0.1911427400976472,0.3132796919213086,48.89,51.34,4,1227.0,0.0,484.0,1193.0,0.0,450.0,3,0,1,0.052959439634858024,-0.0506017547105214,0.020899443305908854,0.13578484178807962,-0.12833110435870262,0.06399261556680037,0.1531895007893731,-0.13346430107791585,0.06371423869950087,33.68,52.1,4,859.0,362.0,463.0,810.0,339.0,414.0,2,1,1,0.014794828170343749,-0.00524620379789012,0.031648093684024575,0.06210114084321343,-0.018949248549360254,0.06262678011187242,0.10933519646515125,-0.02858926906144972,0.09201100920196847
92,least_connections,3517,measured,165,104,3,light,0,100.0,85.5,5,970.0,0.0,969.0,862.0,0.0,848.0,3,0,2,0.03390856411155953,-0.045030086606013445,0.06297418410421217,0.13479181509224014,-0.25431484662090037,0.43134188002873514,0.09609241723533257,-0.17293866961215698,0.28344353078594586,37.29,38.25,3,821.0,484.0,0.0,774.0,450.0,0.0,2,1,0,0.004831783252399885,-0.0026986397494286607,-0.024174880092839832,0.01790057114159585,0.009006551838724841,-0.06721756550758878,0.020132762618956634,0.00647872759617138,-0.06958592689092778,33.68,52.1,4,859.0,825.0,0.0,810.0,753.0,0.0,2,2,0,0.013385796916025289,0.03833733488580916,-0.014449910703116084,0.0561867464771931,0.06663639416962644,-0.027118627517829716,0.0989223206113273,0.09899066132535503,-0.04160908691250473
92,least_connections,3518,measured,430,403,18,heavy,1,100.0,85.5,5,970.0,472.0,497.0,862.0,406.0,442.0,3,1,1,0.030679177053315757,0.0023423932975071143,0.013892742534196499,0.12195449936916958,0.05460402766045519,0.10556328827996667,0.08694075845101518,0.027198346541381785,0.07278224213966533,49.57,50.84,4,821.0,484.0,430.0,774.0,450.0,403.0,2,1,1,0.0043716134188379885,-0.0024416264399592658,0.021211389666568947,0.01619575484239627,0.008148784996941522,0.05034056998292988,0.018215356655246484,0.005861705920345545,0.05098475662249391,33.68,52.1,4,859.0,825.0,0.0,810.0,753.0,0.0,2,2,0,0.012110959114499081,0.03468616013477972,-0.013073728731390743,0.05083562776507948,0.060290070915376304,-0.02453590108756022,0.08950114721977231,0.08956297929436885,-0.03764631673036142
92,least_connections,3519,measured,484,402,17,heavy,1,100.0,63.1,4,533.0,969.0,0.0,414.0,848.0,0.0,2,2,0,-0.015326549559471686,0.045203208448311424,-0.03051427602915101,-0.15324751644376716,0.349181421851523,-0.20426813600066507,-0.12400598044908148,0.22456040877553587,-0.1341017809212552,63.4,63.41,5,821.0,484.0,914.0,774.0,450.0,805.0,2,1,2,0.003955269283710566,-0.002209090588534579,0.06227515754412927,0.014653302000263296,0.007372710235328039,0.170661876243059,0.01648056078331822,0.005303448213645978,0.15978977980130404,25.4,38.43,3,445.0,825.0,0.0,400.0,753.0,0.0,1,2,0,-0.03212636578982962,0.03138271631241975,-0.01182861170935353,-0.028920146307785236,0.05454815939962618,-0.022199148603030672,-0.04267356521385682,0.0810331717425242,-0.034060953232231767
92,least_connections,3520,measured,350,326,11,medium,2,89.13,57.9,3,368.0,969.0,0.0,310.0,848.0,0.0,1,2,0,-0.0569507783996127,0.04089814097704367,-0.0276081545025652,-0.23817632440150363,0.3159260483418541,-0.18481402781012554,-0.15924350612059754,0.2031737031778658,-0.1213301827382785,52.57,52.5,4,442.0,484.0,914.0,425.0,450.0,805.0,1,1,2,-0.03950532325578114,-0.0019987010086741364,0.0563441901589741,-0.08471503968683661,0.006670547355772993,0.15440836421991053,-0.08376461167223592,0.004798357907584455,0.14457170553451318,32.4,49.3,4,807.0,813.0,0.0,739.0,740.0,0.0,2,2,0,0.014017188321673424,0.028393886187427386,-0.01070207726084367,0.03933891524533717,0.047181668028233203,-0.02008494397417061,0.06362867909222478,0.06939509189402984,-0.03081705292440017
92,least_connections,3521,measured,381,311,10,medium,0,90.0,57.95,3,0.0,1350.0,0.0,0.0,1159.0,0.0,0,3,0,-0.0946107949692641,0.0800869801583683,-0.02497880645470185,-0.4374611189029477,0.5156473770712013,-0.16721269182820883,-0.2843155531567311,0.32451430287521194,-0.10977492723939483,39.94,39.22,3,0.0,484.0,914.0,0.0,450.0,805.0,0,1,2,-0.07882681174389268,-0.0018083485316575526,0.05097807681050038,-0.1909054440704032,0.006035257131413646,0.1397028057227762,-0.19595072008440392,0.004341371440195446,0.13080297167408333,32.4,49.3,4,807.0,813.0,0.0,739.0,740.0,0.0,2,2,0,0.01268221800532357,0.025689706550529545,-0.009682831807429987,0.03559235188863838,0.042688175835068135,-0.018172092167106742,0.057568804892965286,0.06278603552316986,-0.027882095503028725
92,least_connections,3522,measured,182,111,2,light,0,100.0,63.5,4,182.0,1350.0,0.0,111.0,1159.0,0.0,1,3,0,-0.042516342840672045,0.07245964871471418,-0.022599872506635005,-0.28602037742012726,0.46653810306442023,-0.1512876735588556,-0.20702359571323292,0.2936081787918584,-0.09932017226421437,39.94,39.22,3,0.0,1398.0,0.0,0.0,1255.0,0.0,0,3,0,-0.07131949633971242,0.08453167559153886,-0.04004477857734773,-0.17272397320655528,0.2417325795814831,-0.10987433223721607,-0.17728874674303213,0.23153207416017685,-0.10925862086630556,23.5,35.97,3,362.0,813.0,0.0,339.0,740.0,0.0,1,2,0,-0.03160951250765509,0.023243067831431485,-0.008760657349579513,-0.04832120543408906,0.03862263527934737,-0.016441416722620388,-0.06854885906509488,0.05680641309239179,-0.02522665783607361
92,least_connections,3523,measured,168,115,2,light,1,100.0,63.5,4,182.0,1350.0,0.0,111.0,1159.0,0.0,1,3,0,-0.0384671673320366,0.0655587297895033,-0.02044750369647929,-0.2587803414753532,0.42210590277257065,-0.13687932369610745,-0.18730706278816311,0.2656454950973957,-0.0898611082390511,44.74,42.81,4,168.0,1398.0,0.0,115.0,1255.0,0.0,1,3,0,-0.021443263128220535,0.07648103982091611,-0.03623099014140985,-0.11284549956783572,0.21871042914515135,-0.09941011011938597,-0.12788922324369573,0.20948140043063618,-0.09885303792665741,23.5,35.97,3,362.0,813.0,0.0,339.0,740.0,0.0,1,2,0,-0.028599082745021265,0.021029442323676095,-0.00792630903057194,-0.04371918586893772,0.034944289062266654,-0.014875567510942255,-0.06202039629699059,0.05139627851216402,-0.02282411899454279
92,least_connections,3524,measured,182,116,1,light,2,90.0,57.95,3,381.0,969.0,0.0,311.0,848.0,0.0,1,2,0,-0.03480362758612836,0.016231141011364664,-0.01850012239205269,-0.11410284863643072,0.15209581679423056,-0.1238431976298115,-0.07899210442738566,0.09965544794526277,-0.08130290745437956,44.74,42.81,4,652.0,914.0,0.0,565.0,805.0,0.0,2,2,0,0.023682852634557827,0.026113231039785786,-0.03278041965175177,0.023017337125699644,0.07276521820615733,-0.08994248058420636,0.01152284563665626,0.062298648008670826,-0.08943846288602338,27.14,39.83,4,1357.0,0.0,0.0,1195.0,0.0,0.0,4,0,0,0.10337634010144334,-0.06714116216066493,-0.007171422456231756,0.14049216516619917,-0.11549802418175874,-0.013458846795614422,0.20204503827097675,-0.17667320833026431,-0.020650393376014906
92,least_connections,3525,measured,197,100,7,light,0,100.0,62.95,4,1050.0,497.0,0.0,817.0,442.0,0.0,3,1,0,0.05467880406606526,-0.028398582168856004,-0.01673820597376196,0.30028789885275314,-0.147087911789347,-0.11204860737935327,0.15743571504188913,-0.09350221376380988,-0.07355977341110531,39.94,39.22,3,484.0,914.0,0.0,450.0,805.0,0.0,1,2,0,-0.021656557366919335,0.02362625665504428,-0.029658474923013507,-0.0226033616481765,0.06583519742461852,-0.08137653005237717,-0.02208944918588246,0.056365443436416474,-0.08092051403973544,23.5,35.97,3,1175.0,0.0,0.0,1079.0,0.0,0.0,3,0,0,0.050447074150738985,-0.060746765764411126,-0.006488429841352541,0.09417862562656115,-0.10449821235492457,-0.012177051862698763,0.14781852668961393,-0.15984718848928675,-0.018683689244965867
92,least_connections,3526,measured,173,125,5,light,1,100.0,62.95,4,1547.0,0.0,0.0,1259.0,0.0,0.0,4,0,0,0.09255519914367356,-0.06877785552238899,-0.015144091119117962,0.5431176227715386,-0.43285731701575836,-0.10137731143846247,0.342394218371233,-0.28454962197678035,-0.06655408070528576,44.89,43.12,4,657.0,914.0,0.0,575.0,805.0,0.0,2,2,0,0.02348987213287798,0.021376136973611487,-0.026833858263678886,0.02427042789654779,0.059565178622273895,-0.07362638433310316,0.01535656978420158,0.050997305966281575,-0.0732137984169035,23.5,35.97,3,1175.0,0.0,0.0,1079.0,0.0,0.0,3,0,0,0.04564259089828765,-0.05496135950113388,-0.005870484142176108,0.08520923270974579,-0.09454600165445556,-0.011017332637679834,0.13374057176679355,-0.1446236467284023,-0.016904290269254833
92,least_connections,3527,measured,184,110,7,light,2,100.0,62.95,4,1547.0,0.0,0.0,1259.0,0.0,0.0,4,0,0,0.0837404182728475,-0.062227583567875756,-0.013701796726821014,0.49139213488853484,-0.3916328106333052,-0.09172232939670415,0.30978524519302036,-0.2574496579789918,-0.06021559682859188,44.89,43.12,4,657.0,914.0,0.0,575.0,805.0,0.0,2,2,0,0.021252741453556268,0.019340314404696107,-0.024278252714757087,0.02195895857306704,0.0538923044677716,-0.06661434772995048,0.01389403932856334,0.04614041968377858,-0.06624105571053174,19.94,28.33,3,997.0,0.0,0.0,850.0,0.0,0.0,3,0,0,0.0412956774794031,-0.0497269443105497,-0.005311390414349812,0.04488454388024618,-0.08554162054450741,-0.009968062862662707,0.05193988239217828,-0.13084996608760208,-0.015294357862659135
92,least_connections,3528,measured,183,107,6,light,2,100.0,62.95,4,1547.0,0.0,0.0,1259.0,0.0,0.0,4,0,0,0.07576514034210012,-0.056301147037601876,-0.012396863705219013,0.44459288394676966,-0.35433444771584754,-0.0829868694541609,0.2802818885079708,-0.2329306429333735,-0.0544807780830117,44.89,43.12,4,657.0,914.0,0.0,575.0,805.0,0.0,2,2,0,0.01922867083893187,0.01749837969948695,-0.021966038170494508,0.01986762918515589,0.048759704042269536,-0.06027012413662186,0.012570797487747781,0.041746093999609185,-0.05993238373810014,23.6,31.9,4,1180.0,0.0,0.0,957.0,0.0,0.0,4,0,0,0.08044665604145541,-0.04499104485240211,-0.004805543708221259,0.07372411112974653,-0.07739479954026861,-0.009018723542409115,0.07926306819609782,-0.1183880645554495,-0.013837752351929694
92,least_connections,3529,measured,379,301,10,medium,0,100.0,78.0,5,1547.0,379.0,0.0,1259.0,301.0,0.0,4,1,0,0.06854941269047155,-0.007855232807263371,-0.011216210019007678,0.40225070452326783,-0.0919851352349732,-0.07508335807757414,0.2535883753167355,-0.07458010551114747,-0.0492921325512963,44.89,43.12,4,1571.0,0.0,0.0,1380.0,0.0,0.0,4,0,0,0.10356516930778643,-0.07033593310635988,-0.019874034535209317,0.25424758286820226,-0.19215618613862687,-0.05453011231408644,0.23897774534605754,-0.18983389114321075,-0.05422453766780489,23.6,31.9,4,1180.0,0.0,0.0,957.0,0.0,0.0,4,0,0,0.072785069751793,-0.04070618343788762,-0.0043478728788668534,0.0667027672126278,-0.07002386625071921,-0.008159797490751105,0.07171420455837424,-0.10711301078826382,-0.012519871175555437
92,least_connections,3530,measured,424,407,16,heavy,1,100.0,78.0,5,1547.0,379.0,0.0,1259.0,301.0,0.0,4,1,0,0.06202089719614093,-0.0071071153970478085,-0.010147999541006947,0.3639411136162899,-0.08322464616497577,-0.06793256207018614,0.22943710147704643,-0.06747723831960961,-0.044597643736887134,57.0,55.84,5,1571.0,0.0,424.0,1380.0,0.0,407.0,4,0,1,0.09370181984990202,-0.06363727281051608,0.025102630885377508,0.23003352735694488,-0.17385559698256717,0.0602686738926973,0.21621796007500443,-0.17175447293909543,0.06601410877674796,23.6,31.9,4,1180.0,0.0,0.0,957.0,0.0,0.0,4,0,0,0.06585315834686033,-0.03682940406285071,-0.003933789747546201,0.06035012271618706,-0.06335492660779357,-0.007382673920203381,0.06488428031471954,-0.09691177166557204,-0.011327502492169204
92,least_connections,3531,measured,163,121,4,light,2,100.0,62.45,4,1166.0,379.0,0.0,948.0,301.0,0.0,3,1,0,0.01303024485546539,-0.006430247263995631,-0.00918152339424438,0.12781973771632582,-0.07529848938735906,-0.06146279425397793,0.06689547276494678,-0.06105083467012298,-0.04035024909527884,38.23,37.88,3,914.0,0.0,424.0,805.0,0.0,407.0,2,0,1,-0.0013899634464605293,-0.0575765801618955,0.022711904134389175,0.03828883767669161,-0.15729792107946552,0.05452880018863089,0.03305136863928973,-0.155396904087753,0.059727050798010065,10.6,11.27,3,530.0,0.0,0.0,338.0,0.0,0.0,3,0,0,0.016497528753735308,-0.03332184177115064,-0.0035591431049227535,-0.06301655563773552,-0.05732112407371799,-0.006679562118279249,-0.12797771463588867,-0.08768207912599375,-0.010248692731010233
92,least_connections,3532,measured,384,315,13,medium,1,58.4,37.15,2,876.0,0.0,0.0,743.0,0.0,0.0,2,0,0,-0.03129463107181249,-0.04890174298942008,-0.008307092594792535,-0.05927420555824492,-0.29673037928697565,-0.05560919480121813,-0.032213619879333855,-0.19140313613011126,-0.03650736822906181,49.2,47.72,4,914.0,808.0,0.0,805.0,722.0,0.0,2,2,0,-0.001257585975369041,0.03407470411656167,-0.022535034581357638,0.034642281707482875,0.06655358160837474,-0.06026986105382376,0.02990361924507165,0.0635397058253663,-0.06103564451608614,10.6,11.27,3,530.0,0.0,0.0,338.0,0.0,0.0,3,0,0,0.014926335539093866,-0.030148333031041058,-0.0032201770949301105,-0.05701497891033215,-0.051861969400030565,-0.006043413345109797,-0.11578936086104213,-0.07933140492351816,-0.009272626756628306
92,least_connections,3533,measured,365,321,5,medium,0,49.6,31.1,2,744.0,0.0,0.0,622.0,0.0,0.0,2,0,0,-0.028314190017354163,-0.044244434133284834,-0.007515940919098008,-0.1332480907431739,-0.26847034316440654,-0.050313081010625926,-0.08388375131939729,-0.17317426602248162,-0.033030476016770206,49.2,47.72,4,914.0,808.0,0.0,805.0,722.0,0.0,2,2,0,-0.0011378158824767448,0.03082949420069865,-0.02038884081170453,0.0313430167829607,0.06021514526472002,-0.05452987428679292,0.02705565550744579,0.0574883052705695,-0.055222725990744605,10.6,11.27,3,530.0,0.0,0.0,338.0,0.0,0.0,3,0,0,0.01350477977346587,-0.027277063218560958,-0.002913493562079624,-0.05158498091887197,-0.04692273421907527,-0.005467850169385054,-0.10476180268380003,-0.07177603302604024,-0.00838951944647323
92,least_connections,3534,measured,163,121,5,light,0,60.47,37.15,3,907.0,0.0,0.0,743.0,0.0,0.0,3,0,0,0.01746629973486552,-0.04003067850154342,-0.006800137022041055,-0.022240336069220823,-0.24290173905351067,-0.04552135900961393,-0.021156727384216645,-0.15668147878224528,-0.029884716396125426,49.2,47.72,4,914.0,808.0,0.0,805.0,722.0,0.0,2,2,0,-0.001029452465098002,0.027893351895870208,-0.01844704644868505,0.028357967565535852,0.054480369525222866,-0.04933655292614598,0.02447892641149857,0.05201322857813431,-0.04996341875353083,3.26,4.03,1,163.0,0.0,0.0,121.0,0.0,0.0,1,0,0,-0.0739491901822837,-0.024679247673936106,-0.0026360179847387073,-0.11308164940278895,-0.042453902388687154,-0.004947102534205525,-0.1602289325869302,-0.06494022035689355,-0.00759051759442816
92,least_connections,3535,measured,354,325,9,medium,2,60.47,37.15,3,907.0,0.0,0.0,743.0,0.0,0.0,3,0,0,0.015802842617259283,-0.036218232929967856,-0.006152504924703811,-0.020122208824533194,-0.21976824009603346,-0.041185991484888794,-0.01914180096667223,-0.14175943318393622,-0.027038552929827767,49.2,47.72,4,914.0,808.0,0.0,805.0,722.0,0.0,2,2,0,-0.0009314093731838946,0.025236842191501616,-0.016690184882143615,0.02565720874977051,0.049291762903773045,-0.04463783359984636,0.022147600086593944,0.047059587761169114,-0.045204997919861226,7.08,10.83,1,0.0,354.0,0.0,0.0,325.0,0.0,0,1,0,-0.10999031039168071,0.020755057093196128,-0.0023849686528588303,-0.13180720660252332,0.02564646926737829,-0.0044759499119002375,-0.18146109773738128,0.03926043555011219,-0.006867611156863573
92,least_connections,3536,measured,375,301,13,medium,2,60.47,37.15,3,907.0,0.0,0.0,743.0,0.0,0.0,3,0,0,0.014297809987044108,-0.03276887741282806,-0.00556655207473202,-0.01820580798410154,-0.19883793151545884,-0.03726351610537557,-0.017318772303179686,-0.12825853478546612,-0.024463452650796552,23.09,22.56,2,0.0,808.0,0.0,0.0,722.0,0.0,0,2,0,-0.08701050417210969,0.022833333411358597,-0.015100643464796604,-0.21305844378422123,0.044597309293889914,-0.04038661135224195,-0.20756586182641504,0.042577722260105394,-0.04089976002273159,14.58,20.87,2,0.0,729.0,0.0,0.0,626.0,0.0,0,2,0,-0.09951504273533017,0.06186228521583958,-0.0021578287811579895,-0.11925413930704491,0.0910610912419137,-0.004049668967909739,-0.16417908842905926,0.12629912422787928,-0.006213552951447995
92,least_connections,3537,measured,446,400,19,heavy,1,60.47,37.15,3,907.0,0.0,0.0,743.0,0.0,0.0,3,0,0,0.012936113797801824,-0.029648031944939673,-0.0050364042580908755,-0.016471921509425225,-0.1799009856568437,-0.03371460980962552,-0.015669365417162573,-0.11604343623446935,-0.022133600017387355,35.83,35.06,3,0.0,808.0,446.0,0.0,722.0,400.0,0,2,1,-0.07872378948905162,0.020658730229324435,0.029421413282417583,-0.19276716342381922,0.04034994650399562,0.07875224959286953,-0.1877976845096136,0.038522701092476325,0.07609069331276666,14.58,20.87,2,354.0,375.0,0.0,325.0,301.0,0.0,1,1,0,-0.04695351939092231,0.01288673877804987,-0.0019523212781905619,-0.04383945937304064,0.01833146350458857,-0.003663986209061192,-0.050527111753275816,0.016254763190303473,-0.005621786003691043
92,least_connections,3538,measured,377,335,11,medium,2,36.13,21.1,2,542.0,0.0,0.0,422.0,0.0,0.0,2,0,0,-0.031379797266841425,-0.02682440985494542,-0.004556746709701269,-0.23506189723868637,-0.16276755845143,-0.030503694589661182,-0.15939133061552804,-0.10499168040261513,-0.020025638110969513,35.83,35.06,3,384.0,424.0,446.0,315.0,407.0,400.0,1,1,1,-0.028142385501432193,-0.024392668114511448,0.02661937392218734,-0.0751430798324351,-0.06275821166645291,0.07125203534592958,-0.08084969074679325,-0.054208627582997576,0.06884396061631269,22.12,32.03,3,354.0,752.0,0.0,325.0,636.0,0.0,1,2,0,-0.0424817556394059,0.054743330549754866,-0.0017663859183628893,-0.03966427276608439,0.08480465745653253,-0.0033150351415315547,-0.04571500587201144,0.1157384365372587,-0.005086377812863325
92,least_connections,3539,measured,398,306,6,medium,0,26.53,15.3,1,398.0,0.0,0.0,306.0,0.0,0.0,1,0,0,-0.07147514537294722,-0.02426970415447443,-0.004122770832586862,-0.29953219273976384,-0.1472658862179605,-0.02759858081921726,-0.19668739436643015,-0.09499247274522321,-0.01811843448135337,35.83,35.06,3,808.0,0.0,446.0,722.0,0.0,400.0,2,0,1,0.017621741915937766,-0.06515345709226772,0.024084195453407592,0.0416188461380009,-0.1663866813036615,0.0644661272177458,0.041924684562425124,-0.16412030590842638,0.06228739293856862,22.12,32.03,3,354.0,752.0,0.0,325.0,636.0,0.0,1,2,0,-0.03843587414993867,0.049529680021206786,-0.0015981586880426141,-0.03588672297883827,0.07672802341305324,-0.00299931750900474,-0.04136119578896272,0.10471572829561501,-0.004601960878304913
92,least_connections,3540,measured,402,428,16,heavy,0,53.33,36.7,2,398.0,0.0,402.0,306.0,0.0,428.0,1,0,1,-0.06466798867076176,-0.021958303758810197,0.03935377423536925,-0.2710053172407386,-0.13324056372101187,0.21750604592547013,-0.1779552615696273,-0.08594557057901148,0.17722617832639456,35.83,35.06,3,808.0,0.0,446.0,722.0,0.0,400.0,2,0,1,0.01594348078108654,-0.05894836594062317,0.02179046255308306,0.03765514650581034,-0.15054033070331277,0.05832649605415097,0.03793185746124175,-0.14848980058381434,0.05635526027775256,22.12,32.03,3,354.0,752.0,0.0,325.0,636.0,0.0,1,2,0,-0.03477531470708736,0.04481256763823471,-0.0014459530987052222,-0.032468939837996535,0.06942059261181008,-0.0027136682224328597,-0.03742203428525198,0.09474280179127073,-0.004163678889894921
92,least_connections,3541,measured,182,102,6,light,0,65.47,41.8,3,580.0,0.0,402.0,408.0,0.0,428.0,2,0,1,-0.015425232380122333,-0.019867036734161608,0.03560579573676266,-0.13541750924955714,-0.12055098622377264,0.19679118440875867,-0.11486428427728182,-0.07776027814291514,0.16034749467626175,35.83,35.06,3,808.0,0.0,446.0,722.0,0.0,400.0,2,0,1,0.014425054040030666,-0.05333423585104001,0.019715180405170386,0.034068942076685566,-0.1362031563506163,0.05277159166804135,0.03431929960779015,-0.13434791481392724,0.05098809263225232,22.12,32.03,3,354.0,752.0,0.0,325.0,636.0,0.0,1,2,0,-0.031463379973079034,0.04054470405364093,-0.0013082432797809154,-0.02937665985342544,0.06280910760116151,-0.0024552236298202063,-0.03385803101998988,0.08571967781114972,-0.003767138043238262
92,least_connections,3542,measured,194,101,4,light,0,78.4,46.85,4,774.0,402.0,0.0,509.0,428.0,0.0,3,1,0,0.029127737597122866,0.02510896222918258,-0.010869132655400675,-0.005504730590869089,0.13340625055944383,-0.06442702363017073,-0.05823435244135017,0.12326451025164821,-0.04854274291195364,35.83,35.06,3,808.0,446.0,0.0,722.0,400.0,0.0,2,1,0,0.013051239369551548,-0.005170884590850258,-0.02524635605065083,0.030824280926525033,-0.007938910167564428,-0.06754679121190815,0.031050794883238725,-0.008457637212600844,-0.06696315428510505,22.12,32.03,3,1106.0,0.0,0.0,961.0,0.0,0.0,3,0,0,0.057700932858824175,-0.04948449678593484,-0.0011836486817065426,0.1094973077516627,-0.07924890264656816,-0.0022213928079325676,0.16117606717239014,-0.1142536248375312,-0.0034083629915012846
92,least_connections,3543,measured,168,110,3,light,1,78.4,46.85,4,774.0,402.0,0.0,509.0,428.0,0.0,3,1,0,0.02635366734977783,0.022717632493069954,-0.009833977164410134,-0.004980470534595827,0.12070089336330633,-0.058291116617773524,-0.052688223637412046,0.11152503308482457,-0.04391962453938662,40.63,38.5,4,976.0,446.0,0.0,832.0,400.0,0.0,3,1,0,0.05489216441825638,-0.004678419391721658,-0.022841941188684083,0.07131720655257029,-0.0071828234849392325,-0.061113763477440707,0.05919476679912075,-0.007652147954257893,-0.06058571101985695,22.12,32.03,3,1106.0,0.0,0.0,961.0,0.0,0.0,3,0,0,0.05220560591988854,-0.04477168756822676,-0.001070920235829729,0.09906899272769483,-0.07170138810879977,-0.002009831588129466,0.1458259655369244,-0.1033723272339568,-0.003083756992310686
92,least_connections,3544,measured,172,113,3,light,2,78.4,46.85,4,774.0,402.0,0.0,509.0,428.0,0.0,3,1,0,0.0238437942688466,0.02055404844611091,-0.008897407910656787,-0.004506140007491499,0.10920557018584859,-0.052739581701795095,-0.0476702975767061,0.10090360136246034,-0.039736803154683135,40.63,38.5,4,976.0,446.0,0.0,832.0,400.0,0.0,3,1,0,0.04966433923556529,-0.004232855640129124,-0.020666518218333218,0.06452509164280168,-0.006498745057802152,-0.055293405051017784,0.05355716996110926,-0.006923371958614283,-0.0548156433036801,18.48,24.97,3,924.0,0.0,0.0,749.0,0.0,0.0,3,0,0,0.04723364345132773,-0.040507717323633737,-0.0009689278324173738,0.056700517229819114,-0.06487268447939026,-0.0018184190559266595,0.06800127040642365,-0.09352734368786568,-0.0027900658501858588
92,least_connections,3545,measured,393,325,12,medium,2,51.87,31.55,3,376.0,402.0,0.0,203.0,428.0,0.0,2,1,0,-0.021510943507324742,0.018596520022671776,-0.008050035728689474,-0.24414047587979393,0.09880503969195825,-0.04771676439686223,-0.18155884066463882,0.09129373456603555,-0.03595234571137998,29.66,28.66,3,592.0,446.0,0.0,517.0,400.0,0.0,2,1,0,0.0018505019387540789,-0.0038297265315453966,-0.018698278388015768,-0.040885461302771264,-0.005879816957059081,-0.05002736647473038,-0.040606012892329735,-0.006264003200651014,-0.04959510584618676,26.34,35.8,4,924.0,393.0,0.0,749.0,325.0,0.0,3,1,0,0.042735201217867946,0.006434060743469708,-0.0008766489912347667,0.05130046796983634,0.01241995213769452,-0.001645236288695549,0.0615249589391452,0.013395895393518348,-0.002524345293025301
92,least_connections,3546,measured,191,122,1,light,0,51.67,32.6,3,373.0,402.0,0.0,224.0,428.0,0.0,2,1,0,-0.01946228222091287,0.016825422877655417,-0.007283365659290476,-0.222698525796004,0.08939503591177175,-0.04317231064478012,-0.15476752250610182,0.08259909317879408,-0.03252831278648665,12.74,12.5,1,0.0,446.0,0.0,0.0,400.0,0.0,0,1,0,-0.084493536794642,-0.003464990671398216,-0.016917489970109504,-0.19002562145080668,-0.005319834389720113,-0.04526285538189891,-0.18291436880734596,-0.005667431467255679,-0.04487176243226421,26.34,35.8,4,924.0,393.0,0.0,749.0,325.0,0.0,3,1,0,0.03866518205426148,0.005821293053615451,-0.0007931586111171699,0.04641470911556622,0.011237099553152191,-0.001488547118343592,0.05566543904017898,0.012120095832230879,-0.00228393145559432
92,least_connections,3547,measured,456,422,16,heavy,1,26.8,21.4,1,0.0,402.0,0.0,0.0,428.0,0.0,0,1,0,-0.10377653198672161,0.015223001651212043,-0.006589711786977098,-0.42647326937098773,0.08088122296779349,-0.039060662011943914,-0.24136109179123497,0.07473251287605179,-0.029430378235392685,25.77,25.69,2,0.0,446.0,456.0,0.0,400.0,422.0,0,1,1,-0.07644653329039038,-0.0031349915598364864,0.027777599777610674,-0.17192794321739652,-0.00481318349546106,0.07692544377011867,-0.16549395273045586,-0.005127676089421801,0.07871721494223713,22.9,32.03,3,752.0,393.0,0.0,636.0,325.0,0.0,2,1,0,-0.008101116463377939,0.005266884191366367,-0.0007176196957726775,0.010870451104559947,0.010166899595709128,-0.0013467807261203929,0.016284603576034923,0.010965800991066033,-0.0020664141741091467
92,least_connections,3548,measured,359,332,9,medium,0,50.73,38.0,2,0.0,761.0,0.0,0.0,760.0,0.0,0,2,0,-0.09389305274989099,0.0568570921969016,-0.005962120188217374,-0.38585676752613174,0.28971793189149564,-0.03534059896318735,-0.21837432114445068,0.21780560688785638,-0.026627485070117193,25.77,25.69,2,0.0,446.0,456.0,0.0,400.0,422.0,0,1,1,-0.06916591107225796,-0.0028364209350901504,0.025132114084504897,-0.1555538533871683,-0.004354785067321898,0.06959921103010737,-0.14973262389898387,-0.004639325985667353,0.07122033732869074,22.9,32.03,3,752.0,393.0,0.0,636.0,325.0,0.0,2,1,0,-0.007329581562103837,0.004765276173141,-0.0006492749628419463,0.00983517004698281,0.009198623443736828,-0.001218515895061308,0.014733688949745888,0.009921438991916887,-0.0018696128241939898
92,least_connections,3549,measured,152,120,4,light,0,60.87,44.0,3,554.0,359.0,0.0,548.0,332.0,0.0,2,1,0,0.0012169432036133743,0.008358230808534553,-0.0053942992179109575,-0.014949773793484278,0.019649557425638953,-0.03197482763335999,0.050327995155020844,0.00344316813663198,-0.024091534111058414,25.77,25.69,2,446.0,456.0,0.0,400.0,422.0,0.0,1,1,0,-0.019494781219571267,-0.002566285607938701,-0.020345320816967223,-0.025446683676825732,-0.001355009618733416,-0.054906836278882445,-0.022377135908604462,0.002022752679634282,-0.054878028131184566,7.86,10.83,1,0.0,393.0,0.0,0.0,325.0,0.0,0,1,0,-0.09279932662875154,0.004311440347127576,-0.0005874392520950943,-0.1271777032908251,0.008322564068142843,-0.0011024667621983262,-0.17847904333118228,0.00897654004030575,-0.0016915544599850384
92,least_connections,3550,measured,400,429,17,heavy,2,60.87,44.0,3,913.0,0.0,0.0,880.0,0.0,0.0,3,0,0,0.04418494407764566,-0.03552169139998801,-0.004880556435252771,0.20301369672653014,-0.198761511535533,-0.02892960595399237,0.19572532894978073,-0.14707522882876156,-0.02179710229095761,25.77,25.69,2,446.0,456.0,0.0,400.0,422.0,0.0,1,1,0,-0.017638135389135903,-0.0023218774548016824,-0.018407671215351296,-0.023023189993318538,-0.0012259610836159451,-0.04967761377613174,-0.020245980107785,0.0018301095672881573,-0.04965154926154794,15.86,25.13,2,393.0,0.0,400.0,325.0,0.0,429.0,1,0,1,-0.04087739529449402,-0.039183073246022895,0.0425524075700999,-0.043951255358365554,-0.06358434679548981,0.07138348245324913,-0.06346516618852999,-0.08989424155083449,0.12785049834572781
92,least_connections,3551,measured,464,424,15,heavy,1,60.87,44.0,3,913.0,0.0,0.0,880.0,0.0,0.0,3,0,0,0.03997685416548892,-0.03213867317141772,-0.004415741536657269,0.1836790589430511,-0.17983184377024417,-0.026174405386945477,0.177084821430754,-0.1330680641784033,-0.019721187787056886,39.03,38.94,3,446.0,456.0,464.0,400.0,422.0,424.0,1,1,1,-0.015958312971122962,-0.002100746268630091,0.026429340555725243,-0.0208305052320501,-0.0011092028851763247,0.07499916576717332,-0.0183177915260912,0.0016558134180226225,0.07495812209669472,15.86,25.13,2,393.0,0.0,400.0,325.0,0.0,429.0,1,0,1,-0.03698431002835173,-0.03545135198449691,0.03849979732532848,-0.0397654215147117,-0.05752869471972888,0.0645850555529397,-0.05742086464676521,-0.08133288521265977,0.11567426040803945
92,least_connections,3552,measured,394,305,9,medium,2,60.87,44.0,3,913.0,0.0,0.0,880.0,0.0,0.0,3,0,0,0.03616953472115664,-0.029077847155092224,-0.003995194723642291,0.16618581523418913,-0.1627050015064114,-0.02368160487390305,0.16021960034211075,-0.12039491520903156,-0.0178429794263848,39.03,38.94,3,446.0,920.0,0.0,400.0,846.0,0.0,1,2,0,-0.014438473640539823,0.041183225031330144,-0.01917163972395834,-0.018846647590902488,0.11894201371613297,-0.05208919015623094,-0.016573239952177743,0.12137906928297287,-0.052061699055371446,23.74,35.3,3,393.0,394.0,400.0,325.0,305.0,429.0,1,1,1,-0.03346199478755632,0.01100886747887922,0.034833149961011486,-0.035978238513310584,0.01924546668215006,0.05843409788123115,-0.05195221087088281,0.01839723083933957,0.10465766417870236
92,least_connections,3553,measured,371,307,8,medium,0,75.47,53.35,3,761.0,371.0,0.0,760.0,307.0,0.0,2,1,0,-0.010359083098091831,0.016775371848340593,-0.0036146999880573107,0.05867605505315521,0.07656849070054841,-0.02142621393353133,0.09067487650000494,0.029952219572780964,-0.01614364805244339,39.03,38.94,3,446.0,920.0,0.0,400.0,846.0,0.0,1,2,0,-0.013063380912869363,0.037261013123584416,-0.017345769274057544,-0.017051728772721292,0.10761420288602508,-0.047128314903256564,-0.014994836147208424,0.10981915792268973,-0.04710344200247893,23.74,35.3,3,393.0,794.0,0.0,325.0,734.0,0.0,1,2,0,-0.030275138141122385,0.05304430413621952,-0.011568193119175547,-0.03255173960728101,0.08979351747432625,-0.019512006678886102,-0.04700438126413206,0.1460260659974977,-0.03469068479069786
92,least_connections,3554,measured,440,401,16,heavy,0,100.0,73.4,4,1132.0,0.0,440.0,1067.0,0.0,401.0,3,0,1,0.03371139647134094,-0.027906182840163496,0.0398134573804198,0.27686563711158496,-0.1545015242868054,0.2460112032664875,0.2209201263571473,-0.11178132514843626,0.1667986041430274,39.03,38.94,3,446.0,920.0,0.0,400.0,846.0,0.0,1,2,0,-0.011819249397357998,0.03371234520705257,-0.015693791247956827,-0.015427754603890703,0.09736523118259413,-0.04263990396008927,-0.013566756514140965,0.09936019050148118,-0.04261739990700474,23.74,35.3,3,787.0,400.0,0.0,630.0,429.0,0.0,2,1,0,0.01569210857526568,0.004908565420298397,-0.010466460441158829,0.04184366416484099,0.009946515810104709,-0.017653720328515997,0.04945635345943608,0.04013469463265665,-0.031386810048726635
92,least_connections,3555,measured,422,417,18,heavy,1,100.0,73.4,4,1132.0,0.0,440.0,1067.0,0.0,401.0,3,0,1,0.030500787283594177,-0.025248451141100307,0.03602169953466554,0.25049748119619586,-0.13978709340234774,0.22258156486015537,0.1998801143231333,-0.101135484658109,0.15091302279607244,51.09,51.97,4,446.0,920.0,422.0,400.0,846.0,417.0,1,2,1,-0.010693606597609623,0.030501645663523758,0.028884755764320237,-0.013958444641615414,0.08809235202234708,0.0705094746483546,-0.012274684465175156,0.08989731521562583,0.07934318579842428,23.74,35.3,3,787.0,400.0,0.0,630.0,429.0,0.0,2,1,0,0.014197622044287983,0.0044410829993176,-0.009469654684857987,0.037858553291998984,0.008999228590094735,-0.015972413630562093,0.04474622455853741,0.036312342762879826,-0.028397590044086003
92,least_connections,3556,measured,152,111,9,light,2,78.0,52.0,3,730.0,440.0,0.0,639.0,401.0,0.0,2,1,0,-0.015487949827315023,0.020240063480047567,-0.010492838743012359,-0.015835612251060893,0.13892278850898698,-0.06401350480906577,-0.012775134660022225,0.08990122816647282,-0.044864407946410674,38.34,39.47,3,456.0,464.0,422.0,422.0,424.0,417.0,1,1,1,-0.009675167874027751,-0.01548717319785492,0.026133826643908786,-0.010044034947856106,-0.03817494680971317,0.06379428658660655,-0.004885428801825159,-0.03797981004300521,0.07178669191286007,26.78,39.0,4,787.0,552.0,0.0,630.0,540.0,0.0,2,2,0,0.012845467563879609,0.047102022940425675,-0.008567782810109607,0.03425297678799907,0.0356469211053238,-0.01445123138003237,0.04048467936248623,0.0663302148807008,-0.025693057658934954
92,least_connections,3557,measured,151,121,5,light,0,64.13,41.45,3,522.0,440.0,0.0,428.0,401.0,0.0,2,1,0,-0.014012906986618362,0.018312438386709703,-0.009493520767487372,-0.13978777616365834,0.12569204674622633,-0.0579169805415357,-0.10701083612097254,0.08133920643633255,-0.040591607189609656,38.34,39.47,3,456.0,464.0,422.0,422.0,424.0,417.0,1,1,1,-0.008753723314596534,-0.01401220432186874,0.02364489077306033,-0.009087460190917412,-0.03453923758974048,0.05771864024502496,-0.004420149868317985,-0.0343626852770047,0.0649498641116353,18.92,28.17,3,394.0,552.0,0.0,305.0,540.0,0.0,1,2,0,-0.03146181052610439,0.04261611599371847,-0.007751803494861073,-0.04012349719181038,0.03225197623815011,-0.013074923629553098,-0.06138687740219499,0.0600130515587293,-0.023246099786655434
92,least_connections,3558,measured,412,434,15,heavy,0,91.6,63.15,4,522.0,440.0,412.0,428.0,401.0,434.0,2,1,1,-0.012678344416464232,0.016568396635594493,0.03449452429426879,-0.12647465462426233,0.11372137562753812,0.1961068588751185,-0.09681932791897516,0.07359261534715802,0.15960759349511508,38.34,39.47,3,456.0,464.0,422.0,422.0,424.0,417.0,1,1,1,-0.007920035379873056,-0.012677708672166957,0.02139299641372125,-0.008221987791782404,-0.03124978639071757,0.052221626888355924,-0.003999183214192459,-0.031090048583956642,0.05876416276767003,18.92,28.17,3,546.0,400.0,0.0,416.0,429.0,0.0,2,1,0,0.014618452607901011,-0.004526461946726373,-0.007013536495350495,-0.008797449840209373,0.0016755975488024766,-0.011829692807690898,-0.02206431764960498,0.020821332362659845,-0.02103218552125968
92,least_connections,3559,measured,372,349,10,medium,1,91.6,63.15,4,522.0,852.0,0.0,428.0,835.0,0.0,2,2,0,-0.011470883043467633,0.058074354325628574,-0.011874568722418936,-0.11442944942195166,0.3513987049328519,-0.07107792133521025,-0.08759843954573945,0.2629171281712382,-0.05192646302822922,48.97,50.38,4,920.0,794.0,0.0,846.0,766.0,0.0,2,2,0,0.03591815393068175,0.03161359238051108,-0.023728332042914333,0.11250663689587034,0.057032506190711346,-0.06184029676087525,0.1162626437585878,0.0685673369954678,-0.06473420987686997,18.92,28.17,3,546.0,400.0,0.0,416.0,429.0,0.0,2,1,0,0.01322621902619614,-0.004095370332752438,-0.006345580638650448,-0.007959597474475152,0.0015160168298689047,-0.010703055397434621,-0.019962954063928312,0.018838348328120813,-0.01902912023352066
92,least_connections,3560,measured,483,403,13,heavy,2,91.6,63.15,4,522.0,852.0,0.0,428.0,835.0,0.0,2,2,0,-0.0103784179917088,0.05254346343747347,-0.010743657415521895,-0.10353140661986104,0.31793216160591364,-0.06430859549376165,-0.0792557310175738,0.23787740167873933,-0.04698108559696929,48.97,50.38,4,920.0,794.0,0.0,846.0,766.0,0.0,2,2,0,0.032497377365854924,0.028602774058557642,-0.02146849089597011,0.10179171909626367,0.051600838934453136,-0.055950744688410936,0.10519001101967468,0.06203711442447088,-0.058569047031453776,28.58,41.6,4,946.0,483.0,0.0,845.0,403.0,0.0,3,1,0,0.055050479345696735,-0.003705335062966497,-0.005741239625445643,0.06517941180880821,0.016390681893690917,-0.009683716788155133,0.11131923203739819,0.009202950074648997,-0.017216823068423457
92,least_connections,3561,measured,177,102,5,light,0,78.67,52.9,4,328.0,852.0,0.0,223.0,835.0,0.0,2,2,0,-0.009389997230593666,0.047539324062476,-0.009720451947376953,-0.2106871456719377,0.2876529081196362,-0.05818396735149864,-0.16444566139685252,0.21522241104266893,-0.04250669649249603,48.97,50.38,4,920.0,794.0,0.0,846.0,766.0,0.0,2,2,0,0.029402389045297322,0.025878700338695007,-0.019423872715401528,0.09209726965852427,0.046686473321648075,-0.050622102337133705,0.09517191473208661,0.05612881781261653,-0.052991042552267706,20.7,31.43,3,552.0,483.0,0.0,540.0,403.0,0.0,2,1,0,0.006723676324111111,-0.0033524460093506403,-0.0051944548992127245,-0.012323389315840205,0.014829664570482265,-0.008761458046426073,0.008733273430661825,0.008326478638968127,-0.015577125633335508
92,least_connections,3562,measured,477,407,14,heavy,2,68.6,46.85,3,177.0,852.0,0.0,102.0,835.0,0.0,1,2,0,-0.05157961200681831,0.043011769389859233,-0.008794694619055339,-0.28170106830635633,0.26025739306062323,-0.05264263712754639,-0.20352226507334276,0.19472503856241474,-0.03845843968368688,48.97,50.38,4,1292.0,422.0,0.0,1195.0,417.0,0.0,3,1,0,0.06968606174393113,-0.01966983801555712,-0.017573980075839477,0.17948936642573968,-0.05392312277701229,-0.04580094973359716,0.18478351809093546,-0.04789237912191838,-0.04794427659490888,30.24,45.0,4,552.0,960.0,0.0,540.0,810.0,0.0,2,2,0,0.006083326198005279,0.04005073478972584,-0.004699744908811513,-0.011149733190522093,0.09973160127805539,-0.00792703347057597,0.007901533103932101,0.13027951241938387,-0.014093589858732127
92,least_connections,3563,measured,166,107,5,light,0,79.67,52.2,4,783.0,412.0,0.0,610.0,434.0,0.0,3,1,0,0.03950053244734579,-0.004168489826408536,-0.007957104655335783,0.11065141438948717,-0.029925850722928138,-0.047629052639208636,0.04567033160030892,-0.005224965110196184,-0.03479573114238337,35.94,37.19,3,836.0,422.0,0.0,773.0,417.0,0.0,2,1,0,0.019965393732037456,-0.017796520109313582,-0.01590026768766429,0.04451759003145153,-0.0487875872744397,-0.04143895452087362,0.047869611606084495,-0.04333120015792613,-0.043378155014441366,30.24,45.0,4,552.0,960.0,0.0,540.0,810.0,0.0,2,2,0,0.0055039617981952615,0.03623637909546624,-0.0042521501555913685,-0.0100878538390438,0.09023335353728822,-0.0071720779019496875,0.007149006141652869,0.11787193980801397,-0.012751343205519544
92,least_connections,3564,measured,393,329,7,medium,1,79.67,52.2,4,783.0,412.0,0.0,610.0,434.0,0.0,3,1,0,0.03573857697617,-0.003771490795322005,-0.007199285164351423,0.10011318444763123,-0.027075769701696895,-0.04309295238785543,0.04132077620980329,-0.004727349385415608,-0.03148185198596591,47.17,47.47,4,1229.0,422.0,0.0,1102.0,417.0,0.0,3,1,0,0.06114782788907697,-0.016101613432236095,-0.01438595647931531,0.14186965628695955,-0.04414115039115972,-0.037492387423647563,0.1363314343102669,-0.039204419190504575,-0.03924690215592314,30.24,45.0,4,552.0,960.0,0.0,540.0,810.0,0.0,2,2,0,0.00497977496027191,0.032785295372088505,-0.0038471834741064764,-0.009127105854372958,0.08163970081945125,-0.006489022863668765,0.0064681484138763845,0.10664604077867931,-0.011536929566898635
92,least_connections,3565,measured,385,340,9,medium,0,100.0,69.2,5,783.0,797.0,0.0,610.0,774.0,0.0,3,2,0,0.03233490297843952,0.03967159903098984,-0.006513638958222716,0.09057859545261876,0.20772509725402027,-0.038988861684250156,0.037385464189822026,0.14953239817510017,-0.028483580368254872,47.17,47.47,4,1229.0,422.0,0.0,1102.0,417.0,0.0,3,1,0,0.055324225232974394,-0.014568126438689794,-0.013015865386047185,0.12835826045010626,-0.03993723130628736,-0.03392168385949065,0.12334748818547958,-0.035470664981885086,-0.03550910195059713,27.2,41.3,3,400.0,960.0,0.0,429.0,810.0,0.0,1,2,0,-0.03857838954841611,0.029662886289032464,-0.0034807850480010976,-0.03576261958252791,0.07386449121759876,-0.005871020686176501,-0.027624056196968977,0.09648927499023366,-0.010438174370051146
92,least_connections,3566,measured,185,108,7,light,2,93.53,64.1,4,1018.0,385.0,0.0,942.0,340.0,0.0,3,1,0,0.02925538840906433,-0.0071905487225284725,-0.005893292390772934,0.22369809429840104,-0.060566181849537215,-0.03527563676194062,0.18401541998126753,-0.061042115936814134,-0.025770858428421074,33.91,34.22,3,1187.0,0.0,0.0,1095.0,0.0,0.0,3,0,0,0.050055251401262546,-0.05626458605223861,-0.011776259158804597,0.10527652135961993,-0.145222120841743,-0.030691047301443924,0.10962094169162437,-0.14999429212646745,-0.032127282717206926,30.9,44.9,4,1068.0,477.0,0.0,940.0,407.0,0.0,3,1,0,0.05126354324304301,-0.01624605072715657,-0.0031492817100962313,0.08851953466342713,-0.020570222231696356,-0.005311875858921597,0.1291179174090916,-0.03423986231042353,-0.00944406252528437
92,least_connections,3567,measured,356,337,5,medium,1,93.53,64.1,4,1403.0,0.0,0.0,1282.0,0.0,0.0,4,0,0,0.06955306116829177,-0.04958963478523551,-0.005332026448794559,0.4346157361112518,-0.2870201962765654,-0.03191605230842247,0.32029966569733737,-0.2090381048952128,-0.02331649095904764,44.09,44.75,4,1543.0,0.0,0.0,1432.0,0.0,0.0,4,0,0,0.08837198482789967,-0.050906054047263505,-0.010654710667489874,0.18727739687639083,-0.1313914426663389,-0.027768090415592122,0.19446359010194586,-0.13570912144775626,-0.02906754150604436,22.9,30.6,3,668.0,477.0,0.0,511.0,407.0,0.0,2,1,0,0.003297400802662498,-0.014698807800760702,-0.002849350118658495,0.007708150409767384,-0.018611153447725265,-0.004805982919976683,-0.012559979487012374,-0.030978923042764145,-0.008544627999066811
92,least_connections,3568,measured,190,124,6,light,2,82.47,58.75,3,1237.0,0.0,0.0,1175.0,0.0,0.0,3,0,0,0.019845059877887566,-0.04486681242473689,-0.00482421440605222,0.2930967771165294,-0.25968493948832105,-0.0288764282790489,0.24139017372616234,-0.18912971395281158,-0.02109587277247167,44.09,44.75,4,1543.0,0.0,0.0,1432.0,0.0,0.0,4,0,0,0.07995560532048065,-0.0460578584237146,-0.009639976318205123,0.16944145431673457,-0.11887797193621139,-0.02512351037601192,0.1759432481874748,-0.12278444321463662,-0.026299204219754423,26.7,34.73,4,858.0,477.0,0.0,635.0,407.0,0.0,3,1,0,0.046067262857737726,-0.013298921343545392,-0.002577983440691019,0.04135499322788477,-0.01683866264318,-0.004348270260931285,0.026033034432385638,-0.02802854941964375,-0.007730853903917591
92,least_connections,3569,measured,189,122,4,light,0,95.07,64.85,4,1426.0,0.0,0.0,1297.0,0.0,0.0,4,0,0,0.061038954401988976,-0.04059378267000004,-0.004364765414999627,0.37918279834352664,-0.23495304048943333,-0.026126292252472816,0.2735911095617659,-0.17111736024302002,-0.019086742032236273,33.46,33.84,3,1171.0,0.0,0.0,1083.0,0.0,0.0,3,0,0,0.02925688553939179,-0.04167139571669416,-0.008721883335518921,0.057140907647113603,-0.10755626032323887,-0.022730795102106023,0.060511153122001005,-0.11109068671800457,-0.023794518103587334,26.7,34.73,4,1335.0,0.0,0.0,1042.0,0.0,0.0,4,0,0,0.0847638047170915,-0.05511625763282225,-0.0023324612082442553,0.12373070815856244,-0.10154926620097238,-0.003934149283699734,0.14629972956580922,-0.1481051955066618,-0.006994582103544487
92,least_connections,3570,measured,441,403,16,heavy,1,65.73,44.8,3,986.0,0.0,0.0,896.0,0.0,0.0,3,0,0,0.012141820422661237,-0.036727708130000036,-0.003949073470713949,0.07767332548541295,-0.21257656044282064,-0.0236380739427135,0.0661300515082644,-0.15482046879130382,-0.0172689570767852,46.06,46.44,4,1171.0,0.0,441.0,1083.0,0.0,403.0,3,0,1,0.026470515488021137,-0.03770269136272329,0.03519267244700215,0.051698916442626586,-0.09731280695912088,0.09343404252666598,0.05474818615800087,-0.10051062131628985,0.09241507885865909,26.7,34.73,4,1335.0,0.0,0.0,1042.0,0.0,0.0,4,0,0,0.07669106141070182,-0.04986709023922013,-0.0021103220455543263,0.11194683119108029,-0.09187790751516549,-0.0035594683995378547,0.1323664219881131,-0.13399993879174163,-0.006328431427016441
92,least_connections,3571,measured,492,420,16,heavy,0,98.53,65.8,4,986.0,0.0,492.0,896.0,0.0,420.0,3,0,1,0.010985456572883967,-0.03322983116523813,0.03951092899134951,0.07027586591537371,-0.1923311737339806,0.27537507595659255,0.05983195136462016,-0.14007566223975107,0.17437570550195625,34.83,36.16,3,778.0,0.0,441.0,754.0,0.0,403.0,2,0,1,-0.019134386213785853,-0.03411195885198774,0.03184098935681147,-0.0548166266199365,-0.08804492058206174,0.08453556228603112,-0.04348676014276112,-0.09093818119092892,0.08361364277688203,26.7,34.73,4,1335.0,0.0,0.0,1042.0,0.0,0.0,4,0,0,0.0693871508001588,-0.045117843549770595,-0.0019093389935967715,0.1012852282205012,-0.08312763060895925,-0.003220471409105678,0.11976009608448329,-0.1212380398591948,-0.0057257236720624945
92,least_connections,3572,measured,163,123,4,light,1,98.53,65.8,4,986.0,0.0,492.0,896.0,0.0,420.0,3,0,1,0.009939222613561699,-0.030065085339977357,0.03574798337312575,0.06358292630438567,-0.1740139190926491,0.24914887824644089,0.05413367028227534,-0.1267351229788224,0.1577684954541509,29.31,29.47,3,585.0,441.0,0.0,540.0,403.0,0.0,2,1,0,-0.017312063717234816,0.012220699360673215,-0.014275386046785082,-0.09948715197586094,0.03434030994956319,-0.03751544364597184,-0.099851116319641,0.03166605035106432,-0.038293013678059123,26.7,34.73,4,1335.0,0.0,0.0,1042.0,0.0,0.0,4,0,0,0.0627788507239532,-0.04082090606884006,-0.0017274971846827933,0.09163901600902488,-0.07521071340810599,-0.0029137598463337086,0.10835437264786585,-0.10969155987260483,-0.00518041665567559
92,least_connections,3573,measured,437,432,14,heavy,1,58.47,38.0,2,385.0,492.0,0.0,340.0,420.0,0.0,1,1,0,-0.07717517046981605,0.015882156347730235,-0.010740486698691215,-0.3049805269944447,0.1393207398685556,-0.07134149111036302,-0.20254572688746517,0.0753348887334464,-0.04725707554148253,29.74,29.94,3,163.0,878.0,0.0,123.0,835.0,0.0,1,2,0,-0.05874719597092219,0.054140723457842654,-0.01291582547090079,-0.19910062049516672,0.14403579063463878,-0.03394254425111738,-0.20824327190824665,0.15079309317477246,-0.034646059994434444,13.34,17.7,2,667.0,0.0,0.0,531.0,0.0,0.0,2,0,0,-0.029367887893747557,-0.03693320072895053,-0.001562973643284432,-0.03796469980135847,-0.0680477883216197,-0.002636258908587641,-0.05607620252494677,-0.09924474464664247,-0.004687043640849343
92,least_connections,3574,measured,380,339,7,medium,0,58.13,37.95,2,380.0,492.0,0.0,339.0,420.0,0.0,1,1,0,-0.06982515423459547,0.014369570028898784,-0.009717583203577766,-0.2789506355346563,0.1260520979763122,-0.06454706338556654,-0.18370803861246846,0.06816013742549912,-0.04275640168038895,29.74,29.94,3,163.0,878.0,0.0,123.0,835.0,0.0,1,2,0,-0.05315222492607245,0.04898446408090526,-0.011685746854624524,-0.18013865663848416,0.1303180962884827,-0.0307099209891062,-0.1884105793455565,0.1364318462057465,-0.03134643523305974,9.54,13.57,1,477.0,0.0,0.0,407.0,0.0,0.0,1,0,0,-0.06965484641633848,-0.03341575304047905,-0.0014141190105906767,-0.06872996648694336,-0.06156704657670354,-0.0023851866315792946,-0.08813243720511058,-0.0897928642041051,-0.004240658532197025
92,least_connections,3575,measured,367,347,9,medium,2,58.13,37.95,2,380.0,492.0,0.0,339.0,420.0,0.0,1,1,0,-0.06317513954558637,0.013001039549956045,-0.008792099088951313,-0.2523839083408796,0.11404713626428248,-0.058399724015512584,-0.16621203493509049,0.06166869576592779,-0.03868436342511381,29.74,29.94,3,163.0,878.0,0.0,123.0,835.0,0.0,1,2,0,-0.048090108266446496,0.04431927702558095,-0.010572818582755522,-0.16298259410148566,0.11790684902291293,-0.027785166609191326,-0.17046671464597968,0.12343833704329446,-0.02836106044895881,16.88,25.13,2,477.0,367.0,0.0,407.0,347.0,0.0,1,1,0,-0.06302105151954433,0.012850599856800135,-0.0012794410095820408,-0.062184255392948765,0.01070600547822062,-0.0021580260000003144,-0.07973887175700481,0.02340963079946047,-0.0038367862910354033
92,least_connections,3576,measured,370,309,6,medium,0,82.8,53.4,3,750.0,492.0,0.0,648.0,420.0,0.0,2,1,0,-0.014074559362106498,0.011762845307103087,-0.007954756318574997,-0.005172742467145053,0.10318550423911271,-0.05283784553784472,-0.010596603036510444,0.05579548664536324,-0.035000138337007734,25.09,26.09,2,0.0,878.0,0.0,0.0,835.0,0.0,0,2,0,-0.08659399818211372,0.040098393499335146,-0.009565883479635948,-0.18959649670406525,0.10667762530644503,-0.02513896026545882,-0.1890085751558864,0.11168230494393308,-0.025660007072867495,7.34,11.57,1,0.0,367.0,0.0,0.0,347.0,0.0,0,1,0,-0.10010294683967844,0.011626733203771555,-0.0011575894848599416,-0.1425762310698108,0.00968638590886628,-0.0019524997142859987,-0.19489072524046466,0.021180142151892803,-0.0034713780728415555
92,least_connections,3577,measured,482,405,16,heavy,2,82.8,53.4,3,750.0,492.0,0.0,648.0,420.0,0.0,2,1,0,-0.012734125137143976,0.010642574325474219,-0.007197160478710711,-0.004680100327416947,0.09335831335919723,-0.0478056697723357,-0.009587402747318952,0.050481630774376285,-0.031666791828721286,25.09,26.09,2,0.0,878.0,0.0,0.0,835.0,0.0,0,2,0,-0.07834695073619813,0.03627949888035085,-0.008654846957765857,-0.17153968749415427,0.096517851467736,-0.02274477357351036,-0.1710077584743734,0.1010458949492728,-0.023216196875451543,16.98,25.07,2,367.0,0.0,482.0,347.0,0.0,405.0,1,0,1,-0.047485432628189786,-0.03256447494715453,0.04203655735950314,-0.06258801858697165,-0.05764565084435909,0.08545250025850315,-0.07167891013819819,-0.08548780789431921,0.11900208650552432
92,least_connections,3578,measured,377,323,10,medium,1,82.8,53.4,3,750.0,492.0,0.0,648.0,420.0,0.0,2,1,0,-0.011521351314558836,0.009628995818286204,-0.006511716623595405,-0.004234376486710545,0.08446704542022607,-0.04325274884163706,-0.008674316771383805,0.045673856414911895,-0.02865090689265259,35.86,36.19,3,0.0,1255.0,0.0,0.0,1158.0,0.0,0,3,0,-0.07088533638036974,0.075908208737551,-0.007830575818931014,-0.1552025743994729,0.18478145745040064,-0.02057860466174747,-0.15472130528633785,0.18274688114458015,-0.02100513050636092,16.98,25.07,2,367.0,0.0,482.0,347.0,0.0,405.0,1,0,1,-0.04296301047312409,-0.029463096380758863,0.038033075706217126,-0.05662725491202196,-0.052155588859182034,0.07731416690055046,-0.0648523472678936,-0.07734611190438405,0.10766855445737915
92,least_connections,3579,measured,351,329,5,medium,2,82.8,53.4,3,750.0,492.0,0.0,648.0,420.0,0.0,2,1,0,-0.010424079760791322,0.008711948597497035,-0.005891553135633938,-0.0038311025355952655,0.07642256490401406,-0.039133439428147815,-0.007848191364585366,0.041323965327777434,-0.025922249093352345,35.86,36.19,3,441.0,814.0,0.0,403.0,755.0,0.0,1,2,0,-0.0210504517364343,0.02559495529769354,-0.007084806693318537,-0.02642137683761836,0.05318322340750534,-0.018618737551104853,-0.026042490497162812,0.051398963892715366,-0.0190046418867075,24.0,36.03,3,718.0,482.0,0.0,676.0,405.0,0.0,2,1,0,0.004212605036787942,0.016426813025118395,-0.008673022206846638,0.012280102698646794,0.040030657698835306,-0.01726813470902577,0.040546288979842304,0.052163041610319205,-0.024728450729037926
92,least_connections,3580,measured,173,113,1,light,0,94.33,59.05,4,1415.0,0.0,0.0,1181.0,0.0,0.0,4,0,0,0.07673649019375116,-0.03520166101949815,-0.0053304528370021345,0.3976448754836678,-0.22761767937255872,-0.03540644519689564,0.23401830305108945,-0.15261165041772518,-0.023453463465414028,35.86,36.19,3,878.0,377.0,0.0,835.0,323.0,0.0,2,1,0,0.024038253417602518,-0.01992655971932035,-0.006410063198716772,0.08906093116052216,-0.06484783188300534,-0.016845524450999627,0.09858060383590031,-0.0756390326684956,-0.017194675992735355,24.0,36.03,3,718.0,482.0,0.0,676.0,405.0,0.0,2,1,0,0.0038114045570938615,0.014862354641773788,-0.007847020091908862,0.011110569108299495,0.03621821410847004,-0.015623550451023316,0.03668473764842875,0.0471951328855269,-0.022373360183415267
92,least_connections,3581,measured,197,100,5,light,1,57.47,36.45,2,862.0,0.0,0.0,729.0,0.0,0.0,2,0,0,-0.016739547421073198,-0.03184912187478404,-0.00482279066204955,0.02621837940585814,-0.20593980514660076,-0.032034402797191296,0.007254655141461841,-0.13807720752079897,-0.02121980027823174,41.49,39.31,4,1452.0,0.0,0.0,1258.0,0.0,0.0,4,0,0,0.10791669640277415,-0.061112692353761496,-0.005799580989315174,0.2289598900976153,-0.15612763020707288,-0.015241188788999663,0.2087901891848622,-0.15975972003340078,-0.015557087802951036,24.0,36.03,3,718.0,482.0,0.0,676.0,405.0,0.0,2,1,0,0.003448413646894438,0.013446892294938187,-0.0070996848450603995,0.010052419669413837,0.032768860383853834,-0.014135593265211572,0.033190953110483146,0.042700358325000534,-0.020242563975470956
92,least_connections,3582,measured,487,423,15,heavy,0,65.27,42.15,2,492.0,0.0,487.0,420.0,0.0,423.0,1,0,1,-0.058229205036299775,-0.028815872172423655,0.03872042296109349,-0.19945321228358864,-0.18632649037073404,0.26476252445333487,-0.13322197868153454,-0.12492699728072287,0.17215827593874272,41.49,39.31,4,1452.0,0.0,0.0,1258.0,0.0,0.0,4,0,0,0.09763891579298614,-0.05529243593911754,-0.005247239942713729,0.20715418627879478,-0.14125833209211355,-0.013789646999571125,0.18890540926249436,-0.14454450860164833,-0.014075460393146175,24.0,36.03,3,718.0,482.0,0.0,676.0,405.0,0.0,2,1,0,0.003119993299571161,0.012166235885896451,-0.006423524383626076,0.00909504636756489,0.02964801653777252,-0.012789346287572374,0.030029909957103806,0.038633657532143345,-0.018314700739711816
92,least_connections,3583,measured,198,118,8,light,0,78.47,48.05,3,492.0,685.0,0.0,420.0,541.0,0.0,1,2,0,-0.052683566461414075,0.060096297059417145,-0.00805113659529183,-0.18045766825658022,0.24459349283917714,-0.05419898581206211,-0.12053417118805507,0.13170890722220313,-0.0355948931982804,41.49,39.31,4,1452.0,0.0,0.0,1258.0,0.0,0.0,4,0,0,0.08833997143174936,-0.05002648965920158,-0.004747502805312422,0.1874252161570048,-0.12780515760715036,-0.012476347285326256,0.17091441790416156,-0.13077836492530087,-0.012734940355703682,24.0,36.03,3,718.0,482.0,0.0,676.0,405.0,0.0,2,1,0,0.002822851080564376,0.01100754675390632,-0.005811760156614069,0.008228851475415855,0.026824395915127516,-0.011571313307803576,0.027169918532617743,0.03495426157670112,-0.01657044352640593
92,least_connections,3584,measured,366,310,9,medium,0,100.0,63.55,4,690.0,853.0,0.0,538.0,733.0,0.0,2,2,0,-0.004582183714522042,0.054372840196615514,-0.007284361681454513,-0.043842652232144064,0.3226322078068745,-0.049037177639484765,-0.05567377393204975,0.20602234462961233,-0.032204903369872744,41.49,39.31,4,1452.0,0.0,0.0,1258.0,0.0,0.0,4,0,0,0.07992664081920181,-0.04526206207261096,-0.004295359680996953,0.1695751955706234,-0.1156332378350408,-0.011288123734342802,0.15463685429424143,-0.1183232825514627,-0.011522088893255712,9.64,13.5,1,0.0,482.0,0.0,0.0,405.0,0.0,0,1,0,-0.0836137923330041,0.009959208967820002,-0.005258259189317491,-0.12247865818890948,0.024269691542258234,-0.01046928346896514,-0.17929070862921886,0.031625284283681956,-0.014992306047700603
92,least_connections,3585,measured,180,119,4,light,2,100.0,63.55,4,690.0,853.0,0.0,538.0,733.0,0.0,2,2,0,-0.004145785265519952,0.04919447446360451,-0.006590612949887417,-0.03966716154336841,0.2919053308728865,-0.04436697024524812,-0.050371509748044996,0.18640116895060163,-0.02913776971559915,41.49,39.31,4,1452.0,0.0,0.0,1258.0,0.0,0.0,4,0,0,0.07231457978880164,-0.040951389494267056,-0.0038862778066162907,0.15342517694484975,-0.10462054851741787,-0.01021306433107206,0.139909534837647,-0.10705439849894244,-0.010424747093898025,13.24,17.47,2,180.0,482.0,0.0,119.0,405.0,0.0,1,1,0,-0.032566673788817765,0.00901071287564667,-0.004757472599858682,-0.07824259550425144,0.021958292347757438,-0.009472208852873223,-0.12632651415659485,0.02861335244714082,-0.01356446737649102
92,least_connections,3586,measured,159,122,4,light,2,100.0,63.55,4,1056.0,487.0,0.0,848.0,423.0,0.0,3,1,0,0.0393329516531917,0.0014253861926943334,-0.005962935526088615,0.18487256812742847,0.04334291840880211,-0.04014154450760544,0.09466387213272115,0.028410581431496718,-0.02636274402839923,23.26,23.59,2,814.0,0.0,0.0,755.0,0.0,0.0,2,0,0,-0.02074032350174182,-0.037051257161479716,-0.0035161561107480725,-0.02611191473697269,-0.09465668675385426,-0.009240391537636625,-0.015632444670700324,-0.09685874149904315,-0.009431914037336307,16.42,21.53,3,821.0,0.0,0.0,646.0,0.0,0.0,3,0,0,0.05670271464458437,-0.034931350482124666,-0.004304379971300712,0.04519955644853442,-0.06735202120917184,-0.008570093724028154,0.044641090366255465,-0.09625458588115832,-0.012272613340634734
92,least_connections,3587,measured,175,108,4,light,1,70.07,42.55,3,564.0,487.0,0.0,428.0,423.0,0.0,2,1,0,-0.007496943969107744,0.0012896351267234485,-0.005395036904556366,-0.1294962478847076,0.03921502141748762,-0.03631854026878587,-0.1043517347370618,0.025704811771354197,-0.023852006501885018,15.77,13.47,2,552.0,0.0,0.0,431.0,0.0,0.0,2,0,0,-0.018765054596814018,-0.033522566003243555,-0.0031812841002006372,-0.09135295687086645,-0.08564176420586814,-0.0083603542483379,-0.10575078327349077,-0.08763409945151523,-0.008533636509970945,16.42,21.53,3,821.0,0.0,0.0,646.0,0.0,0.0,3,0,0,0.0513024561070049,-0.031604555198112796,-0.0038944390216530253,0.04089483678676924,-0.060937542998774526,-0.007753894321739759,0.04038955795042162,-0.08708748246390514,-0.011103793022479045
92,least_connections,3588,measured,441,426,15,heavy,1,70.07,42.55,3,564.0,487.0,0.0,428.0,423.0,0.0,2,1,0,-0.006782949305383201,0.0011668127337021716,-0.004881223866027189,-0.11716327189568781,0.035480257472965016,-0.03285963167175865,-0.0944134742859131,0.023256734459796674,-0.021580386835038826,17.6,16.69,2,175.0,0.0,441.0,108.0,0.0,426.0,1,0,1,-0.06006180676673195,-0.03032994066960131,0.04020559556467108,-0.18010845757704247,-0.07748540571007118,0.10643586996578952,-0.18700368486649166,-0.07928799474184711,0.11272551934812153,16.42,21.53,3,821.0,0.0,0.0,646.0,0.0,0.0,3,0,0,0.046416507906337764,-0.02859459756019729,-0.00352354006720988,0.03700009042612454,-0.055133967475081716,-0.007015428195859782,0.03654293338371481,-0.0787934365149618,-0.010046288925100089
92,least_connections,3589,measured,393,346,10,medium,1,70.07,42.55,3,564.0,487.0,0.0,428.0,423.0,0.0,2,1,0,-0.006136954133441952,0.0010556877114448193,-0.004416345402596028,-0.10600486504847945,0.032101185332682636,-0.02973014294111497,-0.08542171483011188,0.021041807368387483,-0.01952511189836846,28.83,27.5,3,175.0,834.0,0.0,108.0,772.0,0.0,1,2,0,-0.05434163469370985,0.05872642556197069,-0.006707409001578774,-0.16295527114113367,0.1454859934732009,-0.017700879554761864,-0.169193810117302,0.14653705237642406,-0.018456672970747188,12.82,17.57,2,641.0,0.0,0.0,527.0,0.0,0.0,2,0,0,-0.0010880121210231908,-0.025871302554464216,-0.0031879648227137007,0.0009048437188745873,-0.04988311342983584,-0.00634729217720647,-0.002826234875051681,-0.07128929970401306,-0.009089499503661985
92,least_connections,3590,measured,351,332,12,medium,2,70.07,42.55,3,1051.0,0.0,0.0,851.0,0.0,0.0,3,0,0,0.03753141791554798,-0.042128754202116814,-0.003995741078539263,0.19783686813074086,-0.2647021021593189,-0.026898700756246875,0.1140708294394226,-0.1723193171428875,-0.01766557743185718,28.83,27.5,3,175.0,834.0,0.0,108.0,772.0,0.0,1,2,0,-0.04916624091335653,0.053133432651306815,-0.006068608144285557,-0.14743572150864476,0.1316301845709913,-0.0160150815019274,-0.1530801139156542,0.13258114262628842,-0.01669889459258079,16.66,24.57,2,482.0,351.0,0.0,405.0,332.0,0.0,1,1,0,-0.04406829214577834,0.01967653124890879,-0.002884349125312396,-0.027952760444827765,0.018381944992053284,-0.005742788160329663,-0.039350720442507064,0.035627141537638976,-0.008223832884265606
92,least_connections,3591,measured,177,116,6,light,2,56.87,36.65,2,853.0,0.0,0.0,733.0,0.0,0.0,2,0,0,-0.009126903065071107,-0.038116491897153305,-0.0036151943091545717,0.05956669021352745,-0.23949237814414567,-0.02433691973184241,0.049825988540429966,-0.15590795360546966,-0.01598314148596602,23.83,24.12,2,0.0,834.0,0.0,0.0,772.0,0.0,0,2,0,-0.08756764200550851,0.04807310573213474,-0.0054906454638774084,-0.1786323194602024,0.11909397651661117,-0.01448983564460098,-0.16903676973321097,0.11995436713807048,-0.015108523679001666,20.2,28.43,3,659.0,351.0,0.0,521.0,332.0,0.0,2,1,0,0.00321258828533888,0.017802575891869857,-0.0026096492086159773,0.006737978645155851,0.01663128356423868,-0.005195855954583981,-0.0006189057971889567,0.03223408043881622,-0.007440610704811739
92,least_connections,3592,measured,396,335,12,medium,0,83.27,53.4,3,853.0,396.0,0.0,733.0,335.0,0.0,2,1,0,-0.008257674201731013,0.008597550415047228,-0.0032708900892350888,0.05389367209795337,0.02217356263148726,-0.022019117852619324,0.04508065629848429,0.010488041976003643,-0.014460937534921637,23.83,24.12,2,393.0,441.0,0.0,346.0,426.0,0.0,1,1,0,-0.036143966349655096,0.0004108144832693089,-0.004967726848270036,-0.06002788087215592,0.006159856304144798,-0.013109851297496125,-0.055110648806238505,0.010702760743968531,-0.013669616661953888,20.2,28.43,3,659.0,351.0,0.0,521.0,332.0,0.0,2,1,0,0.0029066274962589733,0.01610709247359654,-0.002361111188747789,0.006096266393236238,0.015047351796215948,-0.004701012530337888,-0.0005599623879328774,0.029164168016071815,-0.0067319811138772875
92,least_connections,3593,measured,473,437,15,heavy,1,58.87,37.9,2,487.0,396.0,0.0,423.0,335.0,0.0,1,1,0,-0.05055512926641875,0.00777873608980463,-0.0029593767474031755,-0.1720009633399469,0.020061794761821822,-0.019922059009512723,-0.09945083477756181,0.009489180835431849,-0.013083705388738624,37.34,37.78,3,393.0,441.0,473.0,346.0,426.0,437.0,1,1,1,-0.03270168384016413,0.00037168929438652354,0.03858929022117971,-0.05431093983671252,0.005573203322797676,0.1104108148124695,-0.04986201558659675,0.009683450196923904,0.11118879921061316,10.56,14.93,2,177.0,351.0,0.0,116.0,332.0,0.0,1,1,0,-0.04045409439680876,0.014573083666587341,-0.002136243456486095,-0.08170337802516721,0.013614270672766805,-0.004253297051258089,-0.12264948977955832,0.026386628205017346,-0.006090840055412784
92,least_connections,3594,measured,365,346,5,medium,0,83.2,55.2,3,852.0,396.0,0.0,769.0,335.0,0.0,2,1,0,-0.0026564548238119934,0.0070379040812518084,-0.0026775313428885872,0.06453881094639724,0.018151147641648324,-0.018024720056225796,0.06654448282030123,0.008585449327295464,-0.011837638208858754,37.34,37.78,3,393.0,914.0,0.0,346.0,863.0,0.0,1,2,0,-0.029587237760148488,0.04342019054072613,-0.008169780502832864,-0.04913846937607323,0.1273145308974972,-0.02237660972749359,-0.045113252197397063,0.13231776446388355,-0.022957157857064293,10.56,14.93,2,177.0,351.0,0.0,116.0,332.0,0.0,1,1,0,-0.03660132350187459,0.013185170936436168,-0.0019327916987255144,-0.07392210392753223,0.012317673465836627,-0.0038482211416144617,-0.11096858599102895,0.023873615995015696,-0.005510760050135376
92,least_connections,3595,measured,423,433,14,heavy,2,83.2,55.2,3,852.0,396.0,0.0,769.0,335.0,0.0,2,1,0,-0.002403459126306101,0.0063676275020849715,-0.002422528357851579,0.05839225752293087,0.016422466913872308,-0.01630808005087096,0.060206913027891606,0.007767787486600647,-0.01071024409372935,37.34,37.78,3,393.0,914.0,0.0,346.0,863.0,0.0,1,2,0,-0.026769405592515297,0.03928493429875221,-0.007391706169229734,-0.04445861514978054,0.11518933747868793,-0.020245504039160866,-0.04081675198812115,0.11971607261018036,-0.020770761870677217,19.02,29.37,3,528.0,423.0,0.0,448.0,433.0,0.0,2,1,0,0.009968417058394657,0.011929440371061292,-0.001748716298846894,-0.003367617839195841,0.024173133135756947,-0.003481723890032132,-0.0002731651029944382,0.05206025574152215,-0.0049859257596462925
92,least_connections,3596,measured,472,436,18,heavy,0,100.0,77.0,4,852.0,396.0,472.0,769.0,335.0,436.0,2,1,1,-0.002174558257134085,0.0057611867876006945,0.040892088855367846,0.05283109013979459,0.014858422445884478,0.2699434831285771,0.05447292131094955,0.007027998202162461,0.18754787439138773,37.34,37.78,3,834.0,473.0,0.0,772.0,437.0,0.0,2,1,0,0.01886396183352923,-0.0075403882421720275,-0.006687734153112616,0.0737755386740081,-0.009781075614520407,-0.01831736079733602,0.08351698629646179,-0.012131886686027299,-0.01879259407346986,19.02,29.37,3,528.0,423.0,0.0,448.0,433.0,0.0,2,1,0,0.009019044005214222,0.010793303192864978,-0.0015821718894329041,-0.0030468923307010037,0.021870929979970574,-0.0031501311386005005,-0.0002471493788997192,0.04710213614709147,-0.0045110756872990265
92,least_connections,3597,measured,423,423,17,heavy,1,82.2,55.85,3,761.0,0.0,472.0,681.0,0.0,436.0,2,0,1,-0.001967457470740369,-0.03787139789511865,0.036997604202475665,-0.007089331143360411,-0.2254138082632474,0.24423457997347447,0.009475500233716294,-0.14518895400756732,0.16968617206839842,49.43,51.0,4,834.0,473.0,423.0,772.0,437.0,423.0,2,1,1,0.017067394039859768,-0.006822256028631832,0.03703309313584595,0.06674929689553116,-0.008849544603613702,0.09277408853030142,0.07556298760156066,-0.010976468906405634,0.10259539107638443,15.48,25.5,2,351.0,423.0,0.0,332.0,433.0,0.0,1,1,0,-0.034923812793468303,0.009765369555449266,-0.001431488852344056,-0.0347852835373009,0.01978798426759243,-0.0028501186492099766,-0.035207738326941046,0.04261621841879705,-0.004081449431365786
92,least_connections,3598,measured,416,436,20,heavy,2,82.2,55.85,3,761.0,0.0,472.0,681.0,0.0,436.0,2,0,1,-0.0017800805687651078,-0.03426459809558354,0.03347402284985894,-0.0064141567487546736,-0.20394582652389048,0.22097414378552455,0.008573071640029017,-0.1313614345782752,0.1535255842523605,49.43,51.0,4,834.0,473.0,423.0,772.0,437.0,423.0,2,1,1,0.015441927940825495,-0.006172517359238322,0.033506131884813,0.06039222100071867,-0.008006730831840975,0.0839384610512251,0.0683665125918882,-0.00993109091531938,0.0928244014500621,23.8,40.03,3,351.0,423.0,416.0,332.0,433.0,436.0,1,1,1,-0.03159773538456656,0.008835334359692193,0.04178874364606513,-0.03147239939089129,0.017903414337345533,0.07269751169833383,-0.03185462039104189,0.03855753095034019,0.1277993235303516
92,least_connections,3599,measured,158,105,5,light,0,68.4,43.8,3,554.0,0.0,472.0,440.0,0.0,436.0,2,0,1,-0.0016105490860255645,-0.0310013030388613,0.0302860206736819,-0.13066042753458756,-0.18452241447399614,0.19992898723452218,-0.10126722089711662,-0.11885082176129662,0.13890410003784998,38.2,40.19,3,441.0,473.0,423.0,426.0,437.0,423.0,1,1,1,-0.029112632089820012,-0.00558465856312039,0.030315071705307006,-0.04695125582928178,-0.007244185038332296,0.07594432190348938,-0.03597196479781545,-0.008985272732908,0.0839839822643419,23.8,40.03,3,351.0,423.0,416.0,332.0,433.0,436.0,1,1,1,-0.02858842725270308,0.007993873944483407,0.03780886329882083,-0.02847502802033021,0.016198327257598344,0.06577393915563537,-0.028820847020466472,0.034885385145545886,0.11562795938460382
92,least_connections,3600,measured,390,337,9,medium,0,94.4,60.65,4,554.0,862.0,0.0,440.0,773.0,0.0,2,2,0,-0.0014571634587850213,0.058119002465973554,-0.015682262474378508,-0.11821657729319829,0.3529876567457495,-0.10381028139098784,-0.09162272366881982,0.24215878031120786,-0.07156295710861192,38.2,40.19,3,441.0,896.0,0.0,426.0,860.0,0.0,1,2,0,-0.0263400004622181,0.038031113907743684,-0.015655978207670077,-0.04247970765506448,0.10279267612178097,-0.04063540943425791,-0.03254606338849969,0.11146868181308323,-0.04361270652273829,23.8,40.03,3,351.0,423.0,416.0,332.0,433.0,436.0,1,1,1,-0.025865719895302786,0.007232552616437363,0.03420801917512361,-0.025763120589822566,0.014655629423541358,0.05950975447414629,-0.026076004447088713,0.031562967512636764,0.10461577277654632
92,least_connections,3601,measured,353,326,9,medium,1,94.4,60.65,4,554.0,862.0,0.0,440.0,773.0,0.0,2,2,0,-0.0013183859865197878,0.052583859373976076,-0.01418871366729484,-0.10695785564622706,0.31936978467472577,-0.09392358792517948,-0.08289674998607507,0.21909603932918809,-0.06474743738398221,48.29,50.38,4,914.0,776.0,0.0,863.0,749.0,0.0,2,2,0,0.019252471237131474,0.034409103059387144,-0.01416493266408245,0.08383808763181239,0.061982489280250824,-0.036765370440519064,0.094110109315167,0.06946868830707534,-0.039459115425334645,23.8,40.03,3,351.0,423.0,416.0,332.0,433.0,436.0,1,1,1,-0.02340231800051204,0.006543738081538561,0.030950112587016597,-0.023309490057458512,0.01325985519272789,0.053842158809941885,-0.023592575452127867,0.028556970606671367,0.09465236584544667
92,least_connections,3602,measured,195,111,1,light,2,94.4,60.65,4,944.0,472.0,0.0,777.0,436.0,0.0,3,1,0,0.04189107481038232,0.004491972540173375,-0.01283740760374295,0.13846670203436595,0.053715519467608996,-0.08497848431325762,0.07745055953640828,0.04577736891688444,-0.05858101477598391,48.29,50.38,4,914.0,776.0,0.0,863.0,749.0,0.0,2,2,0,0.017418902547880866,0.031132045625159796,-0.01281589145797936,0.07585350785735406,0.05607939506308407,-0.03326390658904106,0.08514724176134159,0.06285262275402057,-0.03570110443244563,20.68,32.67,3,618.0,0.0,416.0,544.0,0.0,436.0,2,0,1,0.021910374416770295,-0.03716337529584152,0.02800248281682454,0.027224747090870874,-0.06454584530181762,0.048714334161375994,0.04259084443220179,-0.10475004246697989,0.08563785481254699
92,least_connections,3603,measured,155,116,5,light,2,94.4,60.65,4,944.0,472.0,0.0,777.0,436.0,0.0,3,1,0,0.03790144863796495,0.004064165631585431,-0.01161479735576743,0.12527939707871205,0.048599755708789105,-0.07688529533104262,0.07007431577103607,0.04141761949622877,-0.05300187051160449,35.69,37.06,3,826.0,423.0,0.0,763.0,423.0,0.0,2,1,0,0.0157599594480827,-0.014916811327803273,-0.01159533036674323,0.04588106493216387,-0.04051320038510081,-0.030095915485322866,0.048764171117404276,-0.03530596036540998,-0.03230099924840319,19.88,32.83,3,578.0,0.0,416.0,549.0,0.0,436.0,2,0,1,0.019823672091363598,-0.03362400622004709,0.02533557969141268,0.017393818796502217,-0.05839862193973975,0.04407487376505447,0.040042510041833346,-0.09477384794631513,0.07748186863992346
92,least_connections,3604,measured,495,400,17,heavy,1,57.47,38.65,2,390.0,472.0,0.0,337.0,436.0,0.0,1,1,0,-0.05187601359059406,0.00367710223810111,-0.010508626179027675,-0.22081070423037158,0.043971207546047275,-0.0695628862518957,-0.13564704763572924,0.03747308430611174,-0.047954073320023105,49.83,49.56,4,826.0,423.0,495.0,763.0,423.0,400.0,2,1,1,0.014259010929217691,-0.01349616262991725,0.03259288703779921,0.0415114397005292,-0.03665480034842453,0.10072954585341537,0.04411996434431817,-0.03194348794965665,0.08387052448953997,19.88,32.83,3,578.0,416.0,0.0,549.0,436.0,0.0,2,1,0,0.01793570332075753,0.012662180313381427,-0.0201612328869078,0.01573726462540677,0.02243934205452118,-0.03539892373637928,0.03622893765689683,0.04574429630254029,-0.06138942043689466
92,least_connections,3605,measured,190,101,6,light,0,70.13,43.7,3,580.0,472.0,0.0,438.0,436.0,0.0,2,1,0,-0.003851540640922968,0.003326902024948619,-0.009507804638167897,-0.08517793874811397,0.039783473494042765,-0.06293784946600088,-0.07703780500375504,0.033904219134101105,-0.04338701871811614,49.83,49.56,4,826.0,423.0,495.0,763.0,423.0,400.0,2,1,1,0.01290100988833981,-0.012210813808020374,0.029488802558008807,0.03755796925285976,-0.0331638669819079,0.09113625577213771,0.03991806297819264,-0.028901251002070305,0.07588285549053617,19.88,32.83,3,578.0,416.0,0.0,549.0,436.0,0.0,2,1,0,0.01622754109973301,0.011456258378773676,-0.018241115469107057,0.014238477518225184,0.02030226185885249,-0.03202759766624792,0.03277856264195428,0.04138769665467931,-0.055542808966714215
92,least_connections,3606,measured,374,306,12,medium,0,95.07,59.0,4,580.0,846.0,0.0,438.0,742.0,0.0,2,2,0,-0.0034847272465493573,0.04609395443980612,-0.008602299434532858,-0.07706575410543642,0.26158187284381645,-0.056943768564476985,-0.06970087119387361,0.16910381731180577,-0.039254921697343174,49.83,49.56,4,826.0,423.0,495.0,763.0,423.0,400.0,2,1,1,0.0116723422799265,-0.01104787915963748,0.02668034517153178,0.03398101980020643,-0.030005403459821417,0.08245661236526745,0.03611634269455524,-0.026148750906635043,0.06865591687238987,19.88,32.83,3,578.0,416.0,0.0,549.0,436.0,0.0,2,1,0,0.014682060994996526,0.010365186152223801,-0.016503866376811147,0.012882432040298986,0.018368713110390344,-0.028977350269462406,0.02965679477129196,0.037446011258995576,-0.050253017636550955
92,least_connections,3607,measured,165,122,5,light,2,95.07,59.0,4,1052.0,374.0,0.0,874.0,306.0,0.0,3,1,0,0.03993105176559367,-0.0013798462097899256,-0.007783032821720205,0.2149722542220655,-0.048029099173054896,-0.05152055251071727,0.134175402253162,-0.044239403384556675,-0.03551635772616763,49.83,49.56,4,1249.0,495.0,0.0,1186.0,400.0,0.0,3,1,0,0.053644590860976574,-0.009995700192052953,-0.018944540309657185,0.140091670975697,-0.00853550108949827,-0.05335558200965598,0.15227490529507376,-0.030161369867907906,-0.05097797997259965,23.18,36.9,4,743.0,416.0,0.0,671.0,436.0,0.0,3,1,0,0.056367669698420886,0.009378025566297729,-0.01493206957901961,0.04151267660788957,0.01661931186178174,-0.0262176026247517,0.06362598892005783,0.03387972447242457,-0.045467015956879436
92,least_connections,3608,measured,157,114,9,light,0,100.0,64.7,5,1052.0,531.0,0.0,874.0,420.0,0.0,3,2,0,0.036128094454584744,0.04183546794170934,-0.007041791600603996,0.19449870620091647,0.05124351344660111,-0.04661383322398229,0.1213967925147656,0.011545301699686816,-0.03213384746653262,36.31,35.91,3,776.0,495.0,0.0,749.0,400.0,0.0,2,1,0,0.005451681980792877,-0.009043728745190771,-0.01714029837540412,0.004477498229712246,-0.007722596223831757,-0.04827409800873637,0.014215985743162018,-0.027288858451916698,-0.046122934260923495,20.08,33.03,3,588.0,416.0,0.0,555.0,436.0,0.0,2,1,0,0.007915419976575827,0.008484880274269371,-0.013509967714351074,0.00951146931190007,0.015036520255897759,-0.023720688089061064,0.022582243943544383,0.030653084046479373,-0.041136823960986155
92,least_connections,3609,measured,158,110,6,light,1,79.53,47.85,4,662.0,531.0,0.0,537.0,420.0,0.0,2,2,0,-0.010396576672609265,0.03785113766154655,-0.006371144781498853,-0.059263075342028015,0.04636317883263913,-0.04217442053598398,-0.04261718772473588,0.010445749156859502,-0.02907348104114856,40.83,39.34,4,934.0,495.0,0.0,859.0,400.0,0.0,3,1,0,0.04801637439985568,-0.008182421245648788,-0.015507889006318012,0.04489460724184846,-0.006987110869181107,-0.04367656486504719,0.043963272815241816,-0.024689919551734163,-0.04173027385512126,11.62,18.6,2,165.0,416.0,0.0,122.0,436.0,0.0,1,1,0,-0.035922329771760186,0.007676796438624664,-0.012223304122508116,-0.06793724205113803,0.013604470707717017,-0.021461574937721915,-0.11015574754314239,0.027733742708719422,-0.037219031202796994
92,least_connections,3610,measured,151,100,4,light,2,79.53,47.85,4,819.0,374.0,0.0,651.0,306.0,0.0,3,1,0,0.03367747371344422,-0.008837632818691446,-0.0057643690880227715,0.04107943976991113,-0.05275077470697728,-0.038157809056366454,0.013013020630000871,-0.042120512667603305,-0.026304578084848696,30.74,29.16,3,581.0,495.0,0.0,533.0,400.0,0.0,2,1,0,0.00035948613501682325,-0.0074031430317774705,-0.014030947196192488,-0.05063277031859967,-0.006321671738782897,-0.03951689202075698,-0.052396324595733595,-0.02233849864204518,-0.03775596205939542,14.64,21.93,3,316.0,416.0,0.0,222.0,436.0,0.0,2,1,0,0.01058274471897433,0.006945672968279457,-0.011059179920364485,-0.034143218998648694,0.01230880683079158,-0.019417615419843638,-0.06950599380887486,0.02509243387931756,-0.03367436156443537
92,least_connections,3611,measured,398,329,9,medium,1,66.87,42.8,3,1003.0,0.0,0.0,856.0,0.0,0.0,3,0,0,0.030470095264544764,-0.05107985372938296,-0.0052153815558301266,0.14815123915690365,-0.27331419298885246,-0.03452373200337917,0.10451178057000077,-0.17653760669926014,-0.023799380172005963,42.11,39.44,4,581.0,893.0,0.0,533.0,729.0,0.0,2,2,0,0.00032524936025332685,0.03638581843610156,-0.012694666510840823,-0.04581060171682827,0.09716474597783586,-0.0357533784949706,-0.04740619844375896,0.07280981075243531,-0.034160156148976814,14.64,21.93,3,732.0,0.0,0.0,658.0,0.0,0.0,3,0,0,0.05265876449630556,-0.036799719922123574,-0.010005924689853582,0.04438470662027022,-0.06413965096261715,-0.017568318713191863,0.06860568814117673,-0.10878938522029999,-0.030467279510679623
92,least_connections,3612,measured,192,108,6,light,0,79.67,48.2,4,1195.0,0.0,0.0,964.0,0.0,0.0,4,0,0,0.07065208165658358,-0.046215105755156013,-0.004718678550512972,0.2498511211419605,-0.24728426984705698,-0.031235757526866872,0.143415420515715,-0.1597245012993306,-0.021532772536576823,42.11,39.44,4,581.0,893.0,0.0,533.0,729.0,0.0,2,2,0,0.000294273230705383,0.03292050239456808,-0.011485650652665507,-0.04144768726760653,0.08791096064661341,-0.032348294828782924,-0.04289132240149621,0.06587554306172719,-0.030906807944312355,11.34,17.87,2,567.0,0.0,0.0,536.0,0.0,0.0,2,0,0,0.004559743841328623,-0.03329498469144514,-0.009052979481296098,0.010300448846911142,-0.05803111277570123,-0.015895145502411685,0.025278162286461514,-0.09842849138979523,-0.02756563384299585
92,least_connections,3613,measured,400,325,10,medium,2,79.67,48.2,4,1195.0,0.0,0.0,964.0,0.0,0.0,4,0,0,0.0639233119750042,-0.04181366711180782,-0.0042692805933212605,0.22605577627129758,-0.22373338700448012,-0.028260923476689074,0.12975680903802783,-0.1445126440327277,-0.019482032294998078,42.11,39.44,4,979.0,495.0,0.0,862.0,400.0,0.0,3,1,0,0.0433501474354908,-0.013298683774529113,-0.010391779161935458,0.06538406526128115,-0.02334586553741777,-0.02926750484508931,0.05421439877959863,-0.03341915151558017,-0.027963302425806417,19.34,28.7,3,567.0,400.0,0.0,536.0,325.0,0.0,2,1,0,0.004125482523106849,0.012959866458307004,-0.008190790959267898,0.00931945371863388,0.019876612250556036,-0.01438132212122962,0.022870718259179468,0.008961523663201132,-0.02494033538175815
92,least_connections,3614,measured,443,435,15,heavy,2,48.2,26.4,3,723.0,0.0,0.0,528.0,0.0,0.0,3,0,0,0.014751477274436903,-0.03783141310115946,-0.0038626824415763784,-0.08017175797676246,-0.20242544538500581,-0.025569406955099638,-0.07983907753702241,-0.13074953507722983,-0.017626600647855404,30.03,26.22,3,1051.0,0.0,0.0,839.0,0.0,0.0,3,0,0,0.03922156196544406,-0.05511604268942657,-0.009402085908417795,0.07776925632483261,-0.1490816334454188,-0.02648012343127128,0.042548146514874985,-0.1433316132760011,-0.025300130766205804,25.18,39.87,3,416.0,400.0,443.0,436.0,325.0,435.0,1,1,1,-0.03935132080108926,0.011725593462277764,0.035673184596943554,-0.01889192282599793,0.017983601560026888,0.06715023236650652,-0.00946617554328208,0.00810804521908673,0.10862541084507596
92,least_connections,3615,measured,475,417,16,heavy,0,79.87,47.25,4,723.0,0.0,475.0,528.0,0.0,417.0,3,0,1,0.013346574676871475,-0.03422842137723951,0.03958909230342636,-0.07253635245516599,-0.18314683153881478,0.26337371116760827,-0.07223535586682978,-0.11829719840320795,0.17269498036622605,25.51,22.78,2,893.0,0.0,0.0,729.0,0.0,0.0,2,0,0,-0.007597725115165127,-0.049866895766624036,-0.008506649155235147,0.029519123069406378,-0.1348833826410932,-0.023958206914007348,0.007394751608696404,-0.12968098344019147,-0.02289059450275763,25.18,39.87,3,416.0,843.0,0.0,436.0,760.0,0.0,1,2,0,-0.03560357596289028,0.053692770502151536,-0.010808161781903674,-0.0170926920806648,0.09643278236383385,-0.019406932620779804,-0.008564635015350458,0.13852632662679276,-0.0329103425687408
92,least_connections,3616,measured,174,110,5,light,1,79.87,47.25,4,723.0,0.0,475.0,528.0,0.0,417.0,3,0,1,0.012075472326693232,-0.03096857172226432,0.035818702560242895,-0.06562812841181687,-0.16570427615416575,0.238290500580217,-0.06535579816522691,-0.10703079855528339,0.15624783937896644,30.49,26.22,3,1067.0,0.0,0.0,839.0,0.0,0.0,3,0,0,0.0362097679797032,-0.04511766759837413,-0.0076964920928318005,0.07168736985191196,-0.12203734619908432,-0.021676472922197126,0.0377916800269158,-0.11733041358874466,-0.02071053788344738,25.18,39.87,3,816.0,443.0,0.0,761.0,435.0,0.0,2,1,0,0.010871141022237601,0.005495273084713065,-0.00977881304076999,0.05691613573654139,0.014867755472040153,-0.01755865332356268,0.090266917525794,0.02731747012265373,-0.029776024228860724
92,least_connections,3617,measured,157,104,4,light,1,69.4,41.55,3,566.0,475.0,0.0,414.0,417.0,0.0,2,1,0,-0.03215847288355872,0.015064716287565838,-0.01067650267225189,-0.15407624316624696,0.1365850199875008,-0.07091176931631159,-0.11070286500663393,0.09180546797379122,-0.04727576437141131,34.97,29.47,4,1224.0,0.0,0.0,943.0,0.0,0.0,4,0,0,0.07584511887506026,-0.04082074687471945,-0.006963492845895439,0.10544503530819241,-0.11041474179917153,-0.019612046929606924,0.06359723431006664,-0.10615608848505469,-0.018738105704071438,25.18,39.87,3,816.0,443.0,0.0,761.0,435.0,0.0,2,1,0,0.009835794258214986,0.004971913743311823,-0.008847497513077611,0.05149555138068029,0.013451778760417268,-0.01588640062608052,0.08167006823762313,0.02471580630144861,-0.026940212397540655
92,least_connections,3618,measured,364,308,9,medium,0,55.93,36.25,2,0.0,839.0,0.0,0.0,725.0,0.0,0,2,0,-0.11526356163387738,0.05671388162979313,-0.009659692893942187,-0.4807991406424774,0.3431324784013896,-0.06415826747666287,-0.2874454492917164,0.2223954234048587,-0.04277331062175309,34.97,29.47,4,1224.0,0.0,0.0,943.0,0.0,0.0,4,0,0,0.06862177422029261,-0.03693305669617474,-0.006300303051048254,0.09540265099312645,-0.09989905210401234,-0.017744232936311027,0.05754035485196504,-0.09604598481981139,-0.016953524208445588,16.86,25.33,2,400.0,443.0,0.0,325.0,435.0,0.0,1,1,0,-0.03418484827884857,0.004498398148710697,-0.008004878702308314,-0.02868497732224165,0.01217065697371085,-0.014373410090263328,-0.05760009699135682,0.022361919987024928,-0.024374477883489162
92,least_connections,3619,measured,374,329,8,medium,0,80.87,52.7,3,0.0,1213.0,0.0,0.0,1054.0,0.0,0,3,0,-0.1042860795735081,0.0943964597965702,-0.00873972214213817,-0.4350087462955748,0.536040496331416,-0.05804795628840926,-0.2600696922163148,0.3500482402234436,-0.03869966199110994,34.97,29.47,4,1224.0,0.0,0.0,943.0,0.0,0.0,4,0,0,0.0620863671516933,-0.03341562272511048,-0.005700274189043658,0.08631668423187633,-0.09038485666553497,-0.01605430598999569,0.05206032105653979,-0.08689874817030555,-0.015338902855260295,16.86,25.33,2,400.0,443.0,0.0,325.0,435.0,0.0,1,1,0,-0.030929148442767757,0.00406997927740492,-0.007242509302088474,-0.025953074720123398,0.011011546785738388,-0.01300451389119063,-0.052114373468370445,0.020232213321593973,-0.022053099037442576
92,least_connections,3620,measured,428,424,15,heavy,2,80.87,52.7,3,738.0,475.0,0.0,637.0,417.0,0.0,2,1,0,-0.008186271541564039,-0.0007614796851893174,-0.007907367652410725,0.051563515256384695,0.0398461633474716,-0.05251957949903695,0.05286551656619137,0.02854364591644895,-0.03501397989671852,23.6,19.19,3,826.0,0.0,0.0,614.0,0.0,0.0,3,0,0,0.013089479577155616,-0.030233182465576148,-0.005157390932944262,-0.024788306103132318,-0.08177677507834116,-0.014525324467138959,-0.0459186380917021,-0.07862267691599073,-0.013878054964283125,25.42,39.47,3,400.0,443.0,428.0,325.0,435.0,424.0,1,1,1,-0.02798351525774226,0.00368236220336636,0.03653115371534399,-0.023481353318206888,0.009962828044239494,0.06568163028892277,-0.0471510998047161,0.01830533586239455,0.1079202119819964
92,least_connections,3621,measured,392,316,13,medium,0,100.0,68.5,4,738.0,867.0,0.0,637.0,733.0,0.0,2,2,0,-0.007406626632843666,0.04239494241634799,-0.007154285018847798,0.04665270427958612,0.27249573509215685,-0.04751771478484295,0.04783070546464935,0.16877758440059668,-0.03167931514465009,0.0,0.0,0,0.0,0.0,0.0,0.0,0.0,0.0,0,0,0,-0.11740883820570273,-0.027353831754568896,-0.0046662108440924275,-0.23595132456950066,-0.07398851078516581,-0.013141960232173344,-0.21514662494011141,-0.07113480292399162,-0.012556335443875207,25.42,39.47,3,400.0,871.0,0.0,325.0,859.0,0.0,1,2,0,-0.025318418566528708,0.04641556126789836,-0.010031904008112809,-0.021245033954568143,0.08646160632574049,-0.018021382119546073,-0.04266051887093361,0.14443498641518238,-0.030230919317876276
92,least_connections,3622,measured,156,117,1,light,1,100.0,68.5,4,738.0,867.0,0.0,637.0,733.0,0.0,2,2,0,-0.006701233620191899,0.03835732885288628,-0.006472924540862294,0.04220958958629217,0.2465437603214753,-0.04299221813866743,0.043275400182301804,0.152703528743397,-0.028662237511826272,4.46,3.66,1,156.0,0.0,0.0,117.0,0.0,0.0,1,0,0,-0.06314314386411653,-0.02474870492080043,-0.00422180981132172,-0.17315323923635095,-0.06694198594848336,-0.011890344971966359,-0.16157611304105318,-0.06436005978837336,-0.01136049397302995,25.42,39.47,3,843.0,428.0,0.0,760.0,424.0,0.0,2,1,0,0.02017675961894569,-0.0010888686034207645,-0.009076484578768732,0.06094020737443835,-0.0019347371338538505,-0.01630506001292264,0.09259286387867913,-0.0005112027672159181,-0.027351784144745202
92,least_connections,3623,measured,157,122,7,light,1,100.0,68.5,4,738.0,867.0,0.0,637.0,733.0,0.0,2,2,0,-0.006063020894459342,0.03470424991451616,-0.005856455536970647,0.03818962867331194,0.22306340219562049,-0.03889772117308005,0.039153933498273064,0.13816033552974014,-0.025932500605938057,4.49,3.81,1,157.0,0.0,0.0,122.0,0.0,0.0,1,0,0,-0.05712951111515305,-0.02239168540453372,-0.003819732686433937,-0.15640395114581412,-0.06056655871529447,-0.01075793116511242,-0.14477422132285764,-0.05823053028471876,-0.010278542166074716,17.42,28.63,2,443.0,428.0,0.0,435.0,424.0,0.0,1,1,0,-0.024828736761996983,-0.000985166831666412,-0.008212057476028854,-0.017244574280270056,-0.0017504764544391954,-0.014752197154549054,-0.014241377125639554,-0.00046251678938583063,-0.024746852321436134
92,least_connections,3624,measured,163,100,5,light,1,100.0,68.5,4,1213.0,392.0,0.0,1054.0,316.0,0.0,3,1,0,0.0375983098936751,-0.011684816970766565,-0.005298697866782966,0.32106045768855207,-0.0846886678547561,-0.035193176299453385,0.22406784459367568,-0.06364064880642559,-0.023462738643467766,9.14,6.94,2,320.0,0.0,0.0,222.0,0.0,0.0,2,0,0,-0.008604705067904922,-0.020259143937435272,-0.0034559486210592764,-0.09937228232920599,-0.054798315028123566,-0.00973336629224457,-0.10271239072068071,-0.05268476549569792,-0.009299633388353315,17.42,28.63,2,443.0,428.0,0.0,435.0,424.0,0.0,1,1,0,-0.022464095165616316,-0.000891341419126751,-0.007429956764026106,-0.015602233872625285,-0.0015837644111592747,-0.013347225996972953,-0.012885055494626263,-0.00041846757134908485,-0.022390009243204122
92,least_connections,3625,measured,151,124,5,light,1,100.0,68.5,4,1213.0,392.0,0.0,1054.0,316.0,0.0,3,1,0,0.03401751847522985,-0.01057197725926498,-0.004794059974708398,0.29048327124202333,-0.07662308044001742,-0.03184144522331497,0.2027280498704685,-0.05757963463438506,-0.021228192105994644,13.46,10.81,3,471.0,0.0,0.0,346.0,0.0,0.0,3,0,0,0.0352986908796053,-0.018329701657679533,-0.003126810657148869,-0.05087424183526801,-0.04957942788258799,-0.008806379026316516,-0.05787073446156829,-0.04766716878182193,-0.00841395401803395,17.42,28.63,2,443.0,428.0,0.0,435.0,424.0,0.0,1,1,0,-0.02032465753079571,-0.0008064517601622939,-0.006722341834118858,-0.014116306837137174,-0.0014329297053345819,-0.012076061616308862,-0.011657907352280894,-0.00037861351693488365,-0.020257627410518016
92,least_connections,3626,measured,350,324,11,medium,2,100.0,68.5,4,1213.0,392.0,0.0,1054.0,316.0,0.0,3,1,0,0.03077775481092225,-0.009565122282192126,-0.004337482834259979,0.26281819779040205,-0.06932564420763482,-0.028808926630618303,0.1834206165494715,-0.052095859907300784,-0.019206459524471343,13.46,10.81,3,471.0,0.0,0.0,346.0,0.0,0.0,3,0,0,0.031936910795833356,-0.016584015785519577,-0.002829019165991834,-0.04602907594619485,-0.0448575776080558,-0.00796767626190542,-0.05235923594141895,-0.043127438421648415,-0.007612625063935479,24.42,39.43,3,443.0,778.0,0.0,435.0,748.0,0.0,1,2,0,-0.018388975861196116,0.04235425339613434,-0.0060821188022980146,-0.012771896662171725,0.062036873123744896,-0.010925960509993733,-0.010547630461587465,0.0973717306275351,-0.018328329561897252
92,least_connections,3627,measured,170,101,6,light,1,57.8,36.65,2,867.0,0.0,0.0,733.0,0.0,0.0,2,0,0,-0.015237360159732483,-0.05173805848207405,-0.003924389230997124,0.029089480540522517,-0.2991676463465902,-0.02606521933246418,0.020737700687617044,-0.19008673039231977,-0.01737727290309312,18.31,13.97,4,641.0,0.0,0.0,447.0,0.0,0.0,4,0,0,0.0719792004706066,-0.01500458571070819,-0.0025595887692307067,0.0023002238037828915,-0.04058542735966954,-0.00720884995124776,-0.018816094423188573,-0.039020063333872375,-0.006887613153084481,24.42,39.43,3,443.0,778.0,0.0,435.0,748.0,0.0,1,2,0,-0.016637644826796485,0.03832051497745488,-0.005502869392555346,-0.011555525551488713,0.056128599492912046,-0.009885392842375282,-0.00954309422715055,0.08809823247253176,-0.016582774365526087
92,least_connections,3628,measured,168,108,4,light,0,69.0,42.05,3,1035.0,0.0,0.0,841.0,0.0,0.0,3,0,0,0.02929771722509464,-0.04681062434092414,-0.0035506378756640644,0.1276523871557108,-0.27067548955167686,-0.023582817491277115,0.06761982443165349,-0.1719832322597179,-0.015722294531369967,18.31,13.97,4,641.0,0.0,0.0,447.0,0.0,0.0,4,0,0,0.06512403852102502,-0.0135755775477836,-0.0023158184102563535,0.00208115487008928,-0.03672014856351053,-0.006522292813033688,-0.017024085430503932,-0.03530386682588453,-0.006231649995647863,24.42,39.43,3,871.0,350.0,0.0,859.0,324.0,0.0,2,1,0,0.028030793002512933,-0.008412958104298193,-0.004978786593264361,0.06699261973912926,-0.026664600458793847,-0.008943926857387161,0.1192387877627368,-0.048165091255010936,-0.015003462521190268
92,least_connections,3629,measured,374,348,10,medium,0,93.93,59.45,4,1035.0,374.0,0.0,841.0,348.0,0.0,3,1,0,0.026507458441752285,0.0007314305849688563,-0.003212481887505582,0.11549501695040498,-0.019309569911834662,-0.021336834873060248,0.0611798411524484,0.001824694622159978,-0.01422493314742997,13.66,10.84,3,478.0,0.0,0.0,347.0,0.0,0.0,3,0,0,0.0158378489113129,-0.012282665400375639,-0.0020952642759462245,-0.04025310477740221,-0.03322299155746191,-0.005901122068935241,-0.04367655348474163,-0.03194159379484791,-0.005638159519871877,15.56,24.93,2,428.0,350.0,0.0,424.0,324.0,0.0,1,1,0,-0.01772270655781709,-0.007611723999126935,-0.004504616441524898,-0.019549534521740186,-0.02412511470081348,-0.008092124299540765,-0.02330776345276192,-0.04357793970691466,-0.013574561328695956
92,least_connections,3630,measured,400,420,21,heavy,2,93.93,59.45,4,1035.0,374.0,0.0,841.0,348.0,0.0,3,1,0,0.02398293859015682,0.0006617705292575327,-0.00290653123155267,0.1044954915265569,-0.01747056325356469,-0.019304755361340225,0.055353189614119946,0.0016509141819542605,-0.012870177609579496,4.86,3.16,1,170.0,0.0,0.0,101.0,0.0,0.0,1,0,0,-0.07183831810518401,-0.011112887743197006,-0.0018957152972846794,-0.11603852337003057,-0.03005889712341792,-0.005339110443322361,-0.10907045315286149,-0.02889953724295763,-0.0051011919465507455,23.56,38.93,3,778.0,0.0,400.0,748.0,0.0,420.0,2,0,1,0.027049070483970483,-0.04997069813072936,0.03900829487490151,0.04564565924223506,-0.08516081806264078,0.06505950658612979,0.07662630925702493,-0.13714194544911326,0.11438492070260843
92,least_connections,3631,measured,427,415,19,heavy,1,62.27,38.6,3,560.0,374.0,0.0,424.0,348.0,0.0,2,1,0,-0.0213850510261393,0.0005987447645663391,-0.0026297187333095585,-0.1919643965553373,-0.015806700086558517,-0.017466207231688777,-0.1385613998729391,0.001493684259863376,-0.011644446408667164,17.06,16.12,2,170.0,0.0,427.0,101.0,0.0,415.0,1,0,1,-0.06499657352373792,-0.010054517481940148,0.041368729243499804,-0.10498723543002764,-0.027196145016425737,0.10555032864651787,-0.09868279094782706,-0.02614720036267595,0.1127209453816922,23.56,38.93,3,778.0,0.0,400.0,748.0,0.0,420.0,2,0,1,0.024472968533116146,-0.045211584023040846,0.035293219172529935,0.04129845360011743,-0.0770502639614369,0.058863363101736475,0.06932856551826067,-0.12408080778729295,0.10349111873093145
92,least_connections,3632,measured,475,400,13,heavy,1,51.07,33.2,2,766.0,0.0,0.0,664.0,0.0,0.0,2,0,0,-0.019348379499840307,-0.04254217877310211,-0.0023792693301372195,-0.049428104819908336,-0.23988860166561643,-0.015802758923908894,-0.01679364750408774,-0.15607714281250457,-0.010535451512603624,30.63,28.62,3,170.0,475.0,427.0,101.0,400.0,415.0,1,1,1,-0.058806423664334306,0.03398695583833533,0.03742885026792839,-0.09498845110335832,0.09818307967901616,0.09549791639446854,-0.08928442990517688,0.08943824729091224,0.10198561725010247,23.56,38.93,3,778.0,0.0,400.0,748.0,0.0,420.0,2,0,1,0.022142209625200332,-0.040905718877989335,0.03193196020371756,0.037365267542963376,-0.0697121435841572,0.053257328520618714,0.06272584499271203,-0.11226358799802696,0.09363482170893797
92,least_connections,3633,measured,152,119,4,light,0,61.2,39.15,3,918.0,0.0,0.0,783.0,0.0,0.0,3,0,0,0.025578223536425665,-0.038490542699473336,-0.002152672251076532,0.04696187341690827,-0.21704206817365296,-0.014297734264489,0.03863908082963491,-0.14121265302083746,-0.009532075178069945,25.77,25.47,2,0.0,475.0,427.0,0.0,400.0,415.0,0,1,1,-0.09628971211353603,0.030750102901351013,0.03386419786145902,-0.12988751018195005,0.08883231018577653,0.08640287673785249,-0.10933769848563622,0.08092031897749202,0.09227270132152127,23.56,38.93,3,778.0,0.0,400.0,748.0,0.0,420.0,2,0,1,0.02003342775613362,-0.03700993612770464,0.02889082113669684,0.03380667063410972,-0.06307289181423746,0.04818520199484551,0.05675195499340613,-0.10157181771250058,0.08471721964142007
92,least_connections,3634,measured,377,338,10,medium,1,35.07,23.35,2,526.0,0.0,0.0,467.0,0.0,0.0,2,0,0,-0.01994169797951509,-0.034824776728094926,-0.0019476558462121004,-0.1939551304005751,-0.19637139501425743,-0.01293604528691862,-0.10799321258271125,-0.12776382892361485,-0.008624258494444237,36.54,36.03,3,0.0,852.0,427.0,0.0,738.0,415.0,0,2,1,-0.0871192633408183,0.07090542189940828,0.030639036160367686,-0.11751727111700243,0.17782787248100873,0.0781740313342475,-0.09892458434414705,0.16877909812249278,0.08348482500518592,23.56,38.93,3,778.0,0.0,400.0,748.0,0.0,420.0,2,0,1,0.01812548225554947,-0.033485180306018485,0.02613931436177333,0.030586987716575476,-0.05706594973669104,0.043596135138193555,0.05134700689879604,-0.091898311263691,0.07664891300890388
92,least_connections,3635,measured,469,445,16,heavy,0,66.33,45.6,3,526.0,0.0,469.0,467.0,0.0,445.0,2,0,1,-0.01804248864813271,-0.03150813132541922,0.04132173541351785,-0.17548321321956795,-0.17766935739385195,0.27118484791501013,-0.0977081447176911,-0.1155958452166039,0.1935066232669314,36.54,36.03,3,0.0,852.0,427.0,0.0,738.0,415.0,0,2,1,-0.07882219064169275,0.06415252457565512,0.027721032716523146,-0.1063251500582403,0.16089188462567455,0.07072888549289058,-0.08950319535899019,0.152704898301303,0.0755338892904063,15.0,24.8,2,350.0,0.0,400.0,324.0,0.0,420.0,1,0,1,-0.02668465437649832,-0.030296115514969104,0.023649855851128252,-0.04977367778024122,-0.0516310973808157,0.0394441222678894,-0.08141620010743851,-0.08314609114333947,0.06934901653186541
92,least_connections,3636,measured,171,116,6,light,2,66.33,45.6,3,526.0,0.0,469.0,467.0,0.0,445.0,2,0,1,-0.0163241563959296,-0.028507356913474533,0.03738633204080186,-0.15877052624627574,-0.1607484662134851,0.24535771954215202,-0.08840260712553002,-0.10458671710073687,0.1750774210510332,36.54,36.03,3,0.0,1279.0,0.0,0.0,1153.0,0.0,0,3,0,-0.07131531534248392,0.101126660557112,-0.018002965864188807,-0.09619894529078885,0.2559498003756103,-0.04638815122071804,-0.08097908151527684,0.25549788417736935,-0.04899612397534669,18.42,28.67,3,521.0,0.0,400.0,440.0,0.0,420.0,2,0,1,0.01894064150516364,-0.027410771180210142,0.021397488627211275,-0.01409047037259921,-0.046713850011214204,0.035687539194757076,-0.03867814930355548,-0.07522741579635477,0.06274434829073537
92,least_connections,3637,measured,182,101,3,light,0,68.33,44.7,3,556.0,469.0,0.0,449.0,445.0,0.0,2,1,0,-0.014769474834412488,0.017291529685994695,-0.009258171237460443,-0.12555428565139237,0.13744980041002142,-0.06089857120789419,-0.08812616835167006,0.10668344643266664,-0.04290614285858903,36.54,36.03,3,377.0,902.0,0.0,338.0,815.0,0.0,1,2,0,-0.02143948032120427,0.04841164980110588,-0.016288397686647017,0.010418641335544793,0.1341178465983413,-0.041970232056840126,0.02229868815284476,0.13559927616047707,-0.0443298264538851,11.42,17.87,2,171.0,400.0,0.0,116.0,420.0,0.0,1,1,0,-0.02594712934113312,0.018283678682757716,-0.0237242676592805,-0.07608185414663737,0.030116040466044297,-0.04009222644283884,-0.13270880175083588,0.05860376666044094,-0.06989797059409658
92,least_connections,3638,measured,404,432,19,heavy,2,68.33,44.7,3,556.0,469.0,0.0,449.0,445.0,0.0,2,1,0,-0.013362858183516069,0.015644717334947586,-0.008376440643416591,-0.113596734636974,0.12435934322811462,-0.05509870728333283,-0.0797331999372253,0.09652311820098411,-0.038819843538723406,36.54,36.03,3,852.0,427.0,0.0,738.0,415.0,0.0,2,1,0,0.023686275174239213,0.000717116259957476,-0.014737121716490158,0.13221550542603713,-0.0014443972953782913,-0.037973067099045826,0.13327024166209764,0.009589821288050679,-0.04010793822018176,19.5,32.27,3,171.0,400.0,404.0,116.0,420.0,432.0,1,1,1,-0.023475974165787103,0.016542375951066505,0.02161908663026549,-0.06883596327552907,0.027247846135944845,0.03683084274219343,-0.12006986825075629,0.053022455549922756,0.06704469327200785
92,least_connections,3639,measured,390,333,10,medium,0,69.4,43.95,3,182.0,859.0,0.0,101.0,778.0,0.0,1,2,0,-0.05517410524993857,0.057238644482186136,-0.007578684391662631,-0.3283652995921828,0.3477536914921037,-0.04985121135158685,-0.2295681332765372,0.23797329741993803,-0.035122715582654514,36.54,36.03,3,852.0,427.0,0.0,738.0,415.0,0.0,2,1,0,0.02143043944335929,0.0006488194732948566,-0.013333586314919666,0.11962355252831931,-0.0013068356481994031,-0.03435658451818432,0.12057783769427881,0.008676504974902993,-0.03628813458016445,19.5,32.27,3,171.0,400.0,404.0,116.0,420.0,432.0,1,1,1,-0.021240167102378804,0.014966911574774457,0.019560125998811632,-0.06228015724928821,0.024652813170616766,0.033323143433413104,-0.1086346427030652,0.047972697878501544,0.06065948438895949
92,least_connections,3640,measured,353,316,12,medium,0,80.8,54.7,3,0.0,1212.0,0.0,0.0,1094.0,0.0,0,3,0,-0.0930033287862256,0.09487124523444959,-0.006856904925789999,-0.4068701916945146,0.5275549272230146,-0.04510347693715001,-0.2533949777263908,0.3582615548085154,-0.03177769505097313,36.54,36.03,3,852.0,427.0,0.0,738.0,415.0,0.0,2,1,0,0.019389445210658413,0.0005870271425048729,-0.012063720951593984,0.10823083323990795,-0.0011823751102756491,-0.03108452884978581,0.10909423410434749,0.00785017116776937,-0.032832121763005935,19.5,32.27,3,171.0,400.0,404.0,116.0,420.0,432.0,1,1,1,-0.019217294045009395,0.013541491424795937,0.017697256856067666,-0.05634871370173696,0.022304926201986597,0.030149510725468995,-0.09828848625515423,0.04340386950912044,0.05488239063763002
92,least_connections,3641,measured,383,301,7,medium,0,100.0,69.75,4,383.0,1212.0,0.0,301.0,1094.0,0.0,1,3,0,-0.041061968675065785,0.08583588854545439,-0.006203866361429047,-0.13710477661249731,0.4773116008208227,-0.04080790770504048,-0.0930954560381631,0.3241414067315139,-0.028751247903261404,36.54,36.03,3,852.0,427.0,0.0,738.0,415.0,0.0,2,1,0,0.017542831381071905,0.0005311197955996522,-0.010914795146680272,0.09792313483610718,-0.0010697679569160595,-0.02812409753075859,0.09870430704679059,0.007102535818458003,-0.029705253023672037,19.5,32.27,3,171.0,400.0,404.0,116.0,420.0,432.0,1,1,1,-0.01738707556453231,0.01225182557481537,0.01601180382215646,-0.050982169539666784,0.020180647516083117,0.027278128751614804,-0.08892767804037764,0.03927016765110897,0.049655496291189066
92,least_connections,3642,measured,364,349,13,medium,1,100.0,69.75,4,773.0,822.0,0.0,634.0,761.0,0.0,2,2,0,0.005932595235031174,0.034577141790558506,-0.005613021946054852,0.11119091639821671,0.19661525788550627,-0.03692144030456044,0.0664136350130905,0.14262793942375065,-0.02601303381723651,46.94,46.94,4,852.0,791.0,0.0,738.0,764.0,0.0,2,2,0,0.015872085535255542,0.043564437184680865,-0.009875290846996437,0.08859712199457315,0.0931273528008855,-0.025445612051638724,0.08930389685185816,0.10510169907384295,-0.026876181307131843,16.08,28.4,2,0.0,400.0,404.0,0.0,420.0,432.0,0,1,1,-0.05881506383276279,0.011084985043880571,0.014486870124808225,-0.07706958196446043,0.018258681085979958,0.024680211727651488,-0.11544250235399248,0.03553015168433668,0.04492640140631392
92,least_connections,3643,measured,354,318,11,medium,2,100.0,69.75,4,773.0,822.0,0.0,634.0,761.0,0.0,2,2,0,0.005367586165028193,0.03128408066764818,-0.005078448427382961,0.1006013053126723,0.1778899952297438,-0.033405112656507065,0.060088526916605656,0.1290443261452982,-0.023535602025118747,46.94,46.94,4,1279.0,364.0,0.0,1153.0,349.0,0.0,3,1,0,0.057444358568179046,-0.0036684570596651617,-0.0089347869568063,0.19054025323318521,-0.02612287127538933,-0.023022220427673133,0.19813507334215735,-0.022244296076046832,-0.024316544992166907,23.16,39.0,3,0.0,1158.0,0.0,0.0,1170.0,0.0,0,3,0,-0.05321362918202348,0.09619707263607334,-0.029976732018597546,-0.06972962177736895,0.15368166383969617,-0.05077504653212484,-0.10444797832027891,0.258336803904876,-0.08963801777523978
92,least_connections,3644,measured,172,101,4,light,2,100.0,69.75,4,1242.0,353.0,0.0,1079.0,316.0,0.0,3,1,0,0.047940287709401924,-0.014779255813170925,-0.004594786672394107,0.3739091175051162,-0.12194079796673979,-0.030223673355887343,0.2556753338769289,-0.08455513348758736,-0.02129411611796458,36.17,36.38,3,902.0,364.0,0.0,815.0,349.0,0.0,2,1,0,0.008889567049214148,-0.0033190801968399075,-0.00808385486568189,0.07493778013614719,-0.023634978772971313,-0.02082962800598998,0.08369959016671383,-0.02012579168785189,-0.022000683564341487,26.6,42.37,4,572.0,758.0,0.0,521.0,750.0,0.0,2,2,0,0.038022135955493495,0.043951546443975656,-0.027121805159683494,0.040416056487142374,0.06666436252162987,-0.04593932781477962,0.06262643231339844,0.10706663210441164,-0.08110106370140742
92,least_connections,3645,measured,376,350,11,medium,1,100.0,69.75,4,1595.0,0.0,0.0,1395.0,0.0,0.0,4,0,0,0.08645844624954958,-0.05645560786724535,-0.004157187941689907,0.4939177729808195,-0.323248023557209,-0.027345228274374262,0.3742776830315071,-0.21945464458400762,-0.019266105059110812,33.34,34.81,3,427.0,740.0,0.0,415.0,699.0,0.0,1,2,0,-0.03504095861080171,0.040080922905806976,-0.007313963926093139,-0.054988266951649156,0.07581325049792392,-0.01884585391018141,-0.03736703746821132,0.08074928371099116,-0.019905380367737535,26.6,42.37,4,572.0,758.0,0.0,521.0,750.0,0.0,2,2,0,0.0344009801502084,0.039765684877882734,-0.024538776096856497,0.036566908250271674,0.06031537561480797,-0.041564153737181565,0.05666201018831288,0.09686980999922959,-0.07337715287270195
92,least_connections,3646,measured,469,436,14,heavy,1,100.0,69.75,4,1595.0,0.0,0.0,1395.0,0.0,0.0,4,0,0,0.07822430851149724,-0.051078883308460075,-0.0037612652805765825,0.44687798507788434,-0.2924624975041415,-0.02474092081967195,0.33863218940945883,-0.19855420224267356,-0.017431237910624068,46.74,48.44,4,427.0,1209.0,0.0,415.0,1135.0,0.0,1,3,0,-0.031703724457392016,0.07934759237963035,-0.0066173959331318885,-0.04975128914673019,0.1898310361647883,-0.017051010680640324,-0.03380827199504835,0.1963326852623253,-0.018009629856524437,26.6,42.37,4,572.0,758.0,0.0,521.0,750.0,0.0,2,2,0,0.03112469632637903,0.035978476794274857,-0.022201749801917782,0.03308434555976961,0.05457105412768341,-0.03760566290506904,0.05126562826561641,0.08764411380882678,-0.06638885259911129
92,least_connections,3647,measured,471,443,15,heavy,0,100.0,91.9,5,1595.0,0.0,471.0,1395.0,0.0,443.0,4,0,1,0.07077437436754512,-0.0462142277552734,0.03968085068718808,0.40431817697522865,-0.2646089263132709,0.2617105954488682,0.3063815047037961,-0.1796442782195618,0.18463364189038775,46.74,48.44,4,427.0,1209.0,0.0,415.0,1135.0,0.0,1,3,0,-0.028684322128116585,0.07179067881966555,-0.00598716774902409,-0.04501307113275588,0.1717518898633799,-0.015427104901531721,-0.030588436566948513,0.177634334284961,-0.01629442701304592,26.6,42.37,4,926.0,404.0,0.0,839.0,432.0,0.0,3,1,0,0.07124433976014792,-0.01053194503193726,-0.020087297439830374,0.09399059836360107,-0.014683331979715011,-0.03402417119982437,0.14228794938317676,-0.016607706553918633,-0.06006610473252926
92,least_connections,3648,measured,417,411,18,heavy,1,100.0,76.85,4,1212.0,471.0,0.0,1094.0,443.0,0.0,3,1,0,0.020950057534354888,0.001271027495795718,-0.0071821781764443435,0.19209739821568306,0.04468716190704064,-0.04730946126054779,0.1410356471129584,0.03786946256325363,-0.03335527638488728,58.66,61.28,5,791.0,845.0,417.0,764.0,786.0,411.0,2,2,1,0.017131418301318563,0.02186957108627338,0.037666938930021286,0.05336912611798278,0.06129932892401041,0.09383806155167539,0.07100034310609418,0.062041183400679045,0.10146278032152989,23.16,39.0,3,754.0,404.0,0.0,738.0,432.0,0.0,2,1,0,0.02137526431813838,-0.009528902647943233,-0.018174221493179862,0.05391530328135334,-0.013284919410218338,-0.03078377394269824,0.09827639864827103,-0.015026020215450187,-0.05434552332943124
92,least_connections,3649,measured,428,420,17,heavy,2,86.2,60.2,3,822.0,471.0,0.0,761.0,443.0,0.0,2,1,0,-0.024129086267102945,0.0011499772581008844,-0.006498161207259168,-0.061435687328667776,0.04043124172541773,-0.04280379828335276,-0.023039176421609076,0.03426284708103902,-0.030178583395850396,58.66,61.28,5,1167.0,469.0,417.0,1114.0,436.0,411.0,3,1,1,0.058583754880331296,-0.023297145434414787,0.0340796114128764,0.145483631113549,-0.041735981313650444,0.08490110330865869,0.1631967390007519,-0.04282583406605228,0.0917996583861461,31.72,53.0,4,754.0,404.0,428.0,738.0,432.0,420.0,2,1,1,0.01933952485926807,-0.00862138811004387,0.026640556971023206,0.04878051249265303,-0.012019688990197536,0.04959563309946349,0.08891674163414998,-0.013594970671121587,0.07749690746384794
92,least_connections,3650,measured,168,125,5,light,0,97.4,66.45,4,990.0,471.0,0.0,886.0,443.0,0.0,3,1,0,0.02125282217556898,0.0010404556144722327,-0.005879288711329723,0.04574866384549103,0.036580647275377964,-0.03872724606589059,0.03570264990425848,0.03099971878760674,-0.027304432596245598,46.46,48.31,4,740.0,469.0,417.0,699.0,436.0,411.0,2,1,1,0.0099204494268757,-0.02107836967875623,0.030833934135459602,0.021247094817020556,-0.03776112595044562,0.07681528394592929,0.030317882905442184,-0.03874718320261872,0.08305683377794171,31.72,53.0,4,1158.0,0.0,428.0,1170.0,0.0,420.0,3,0,1,0.060581565575618945,-0.0508842037548923,0.024103361069020997,0.11723951130287656,-0.08397971861017872,0.04487223947094316,0.21073419481185,-0.14258592584530047,0.07011624961014813
92,least_connections,3651,measured,160,122,5,light,0,76.8,50.3,4,681.0,471.0,0.0,563.0,443.0,0.0,3,1,0,0.019228743873133836,0.0009413646035701106,-0.0053193564531078446,-0.14498930413979377,0.03309677610629436,-0.035038936916758155,-0.11381665008662328,0.02804736461735849,-0.02470401044422221,46.46,48.31,4,740.0,469.0,417.0,699.0,436.0,411.0,2,1,1,0.008975644719554199,-0.019070905899827073,0.027897368979701548,0.019223561977304293,-0.03416482824087935,0.06949954261774555,0.02743046548587627,-0.035056975278559804,0.07514665913242344,23.72,39.0,3,758.0,0.0,428.0,750.0,0.0,420.0,2,0,1,0.011727992436897872,-0.04603808911156922,0.021807802871971378,0.033692891178793094,-0.07598165017111408,0.04059869285466286,0.06399760482976902,-0.12900631386003375,0.06343851155203878
92,least_connections,3652,measured,372,330,10,medium,2,53.27,34.5,3,328.0,471.0,0.0,247.0,443.0,0.0,2,1,0,-0.02568646529392199,0.0008517108318015221,-0.004812751076621383,-0.34410143390425785,0.02994470219140921,-0.03170189530563833,-0.2459293500783734,0.025376187034752917,-0.022351247544772475,46.46,48.31,4,740.0,886.0,0.0,699.0,847.0,0.0,2,2,0,0.008120821412929996,0.02582927107929478,-0.01784342353083692,0.017392746550894345,0.07688488329226564,-0.04491537980843431,0.024818040201507102,0.08448714141463637,-0.04821552268971213,31.16,50.0,4,758.0,800.0,0.0,750.0,750.0,0.0,2,2,0,0.010611040776240921,0.044514291257333055,-0.023353030961640407,0.030484044399860424,0.07601660222613488,-0.040715468369590745,0.05790259484598148,0.10947047793615994,-0.06926991811958398
92,least_connections,3653,measured,166,101,5,light,0,64.33,39.55,4,494.0,471.0,0.0,348.0,443.0,0.0,3,1,0,0.019843764960827945,0.0007705955144870907,-0.004354393831228871,-0.21120288464353493,0.027092825792227382,-0.02868266718129182,-0.17681703102329022,0.0229594073171574,-0.02022255730241319,46.46,48.31,4,1209.0,417.0,0.0,1135.0,411.0,0.0,3,1,0,0.050431310076551175,-0.019714559726443037,-0.016144049861233405,0.13697438973652343,-0.05167558178318825,-0.040637724588583425,0.1457282268489826,-0.04683306252961472,-0.04362356814783479,31.16,50.0,4,758.0,800.0,0.0,750.0,750.0,0.0,2,2,0,0.009600465464217972,0.04027483494711086,-0.021128932774817512,0.027580802076064198,0.06877692582364583,-0.03683780471534401,0.05238806200350704,0.09904471813271615,-0.06267278306057598
92,least_connections,3654,measured,354,331,8,medium,0,87.93,56.1,5,494.0,825.0,0.0,348.0,774.0,0.0,3,2,0,0.017953882583606237,0.043781105692245685,-0.003939689656826122,-0.19108832420129346,0.2380363661929677,-0.02595098459259736,-0.15997731378297686,0.17051089233457098,-0.018296599464088126,46.46,48.31,4,1209.0,417.0,0.0,1135.0,411.0,0.0,3,1,0,0.045628328164498674,-0.017836982609638938,-0.0146065213030207,0.12392920976161642,-0.046754097803837005,-0.03676746510395643,0.13184934810146046,-0.04237277086012761,-0.03946894260994576,24.08,39.4,3,404.0,800.0,0.0,432.0,750.0,0.0,1,2,0,-0.03439776480675062,0.03643913638071935,-0.01911665346293013,-0.039103083835941924,0.06222674241187004,-0.033329442361501725,-0.0485060391396841,0.08961188783436222,-0.05670394657861637
92,least_connections,3655,measured,373,331,9,medium,2,76.73,49.85,4,1151.0,0.0,0.0,997.0,0.0,0.0,4,0,0,0.05932788923097254,-0.04655632387481626,-0.003564481118080777,0.22339627810359164,-0.28225281153969595,-0.02347946225044523,0.1488538589582591,-0.19587109741157865,-0.01655406618179402,36.06,37.41,3,845.0,417.0,0.0,786.0,411.0,0.0,2,1,0,-0.001801127125544283,-0.016138222361101892,-0.013215424036066348,0.01803118978431964,-0.04230132658442397,-0.03326580176072249,0.020616672091797572,-0.03833726887344879,-0.03570999569471283,31.54,50.43,4,776.0,801.0,0.0,762.0,751.0,0.0,2,2,0,0.011962113020649673,0.03296874243969846,-0.017296019799793925,0.03193530510081445,0.056481338372644324,-0.030155209755644417,0.05563739315933347,0.08137900962791506,-0.05130357071398624
92,least_connections,3656,measured,390,309,13,medium,1,66.07,43.75,3,991.0,0.0,0.0,875.0,0.0,0.0,3,0,0,0.010593713839360641,-0.0421223882676909,-0.003225006725882608,0.10561250558578927,-0.25537159139305826,-0.021243322988498067,0.07948682477175822,-0.1772167071819045,-0.014977488450194589,36.46,36.12,3,469.0,807.0,0.0,436.0,720.0,0.0,1,2,0,-0.04471349143558315,0.028482651423855657,-0.011956812223107648,-0.08088334529718019,0.06254369771613341,-0.030097630164463204,-0.08030515382170697,0.05267997101926061,-0.032309043723787796,31.54,50.43,4,776.0,801.0,0.0,762.0,751.0,0.0,2,2,0,0.010822864161540185,0.029828862207346235,-0.01564877981886117,0.028893847472165446,0.051102163289535346,-0.027283285017011615,0.05033859381082553,0.07362862775858983,-0.04641751636027326
92,least_connections,3657,measured,381,334,13,medium,0,91.47,60.45,4,991.0,381.0,0.0,875.0,334.0,0.0,3,1,0,0.009584788711802489,0.004973167984560836,-0.0029178632281795023,0.09555417172047598,-0.0012409636413384106,-0.01922014937054587,0.07191665098397171,-0.009243687450294524,-0.013551060978747486,36.46,36.12,3,469.0,807.0,0.0,436.0,720.0,0.0,1,2,0,-0.040455063679813316,0.025770017954917027,-0.0108180682018593,-0.07318016955459158,0.056587155076501666,-0.02723118919641909,-0.07265704393392536,0.047662830922188176,-0.029231991940569912,23.46,36.03,3,745.0,428.0,0.0,661.0,420.0,0.0,2,1,0,0.009792115193774459,-0.01609588203915839,-0.014158419836112488,0.020532528665292538,-0.021259947499944226,-0.024684876920153365,0.01508412455900085,-0.033209019329529854,-0.04199680051643771
92,least_connections,3658,measured,350,308,6,medium,1,80.4,55.4,3,825.0,381.0,0.0,774.0,334.0,0.0,2,1,0,-0.03441194853512655,0.004499532938412182,-0.002639971492162407,-0.013673209713220058,-0.0011227766278776308,-0.017389658954303406,0.019376969937879185,-0.008363336264552185,-0.012260483742676296,46.46,45.75,4,819.0,807.0,0.0,744.0,720.0,0.0,2,2,0,0.0064816997545453225,0.023315730530639206,-0.009787775992158415,0.024265560879179027,0.05119790221207293,-0.024637742606283937,0.021346007869305655,0.04312351369150358,-0.026447992708134683,23.46,36.03,3,745.0,428.0,0.0,661.0,420.0,0.0,2,1,0,0.00885953279436738,-0.014562940892571874,-0.012809998899339871,0.018577049744788493,-0.019235190595187635,-0.02233393626109114,0.013647541267667429,-0.030046255583860343,-0.03799710522915793
92,least_connections,3659,measured,350,342,11,medium,0,100.0,72.5,4,825.0,731.0,0.0,774.0,676.0,0.0,2,2,0,-0.031134620103209748,0.047154906218654105,-0.0023885456357659873,-0.012370999264342042,0.2100952655906504,-0.01573350095865546,0.017531544229509755,0.14714745766540518,-0.011092818624326173,46.46,45.75,4,1236.0,390.0,0.0,1155.0,309.0,0.0,3,1,0,0.04894829524277457,-0.021988715460940944,-0.00885560685004809,0.1297504734485089,-0.06147400684213808,-0.02229129092949499,0.13551841188175273,-0.0771888447553063,-0.023929136259740903,23.46,36.03,3,1173.0,0.0,0.0,1081.0,0.0,0.0,3,0,0,0.05109966799308975,-0.05625989436765573,-0.011589999004164646,0.09425542595957054,-0.09485088672897929,-0.020206894712415793,0.13901444209931818,-0.1538513740996832,-0.034378333302571465
92,least_connections,3660,measured,443,447,17,heavy,2,100.0,72.5,4,825.0,731.0,0.0,774.0,676.0,0.0,2,2,0,-0.028169418188618345,0.042663962769258476,-0.0021610650990263693,-0.011192808858214276,0.19008619267725513,-0.01423507229592637,0.015861873350508815,0.13313341407822374,-0.01003635970772368,33.06,32.12,3,767.0,390.0,0.0,719.0,309.0,0.0,2,1,0,0.0012026526119434389,-0.019894552083708467,-0.008012215721472081,-0.003844809737063387,-0.05561933952383921,-0.02016831084097166,-0.0006619130593665812,-0.0698375262071819,-0.02165017090167034,32.32,50.93,4,1173.0,0.0,443.0,1081.0,0.0,447.0,3,0,1,0.04623303294612882,-0.05090180918978376,0.03259771065156078,0.08527871872532572,-0.08581746894526697,0.06187947621257618,0.12577497142319266,-0.13919886228066575,0.10370531748814962
92,least_connections,3661,measured,448,400,20,heavy,1,100.0,72.5,4,825.0,731.0,0.0,774.0,676.0,0.0,2,2,0,-0.025486616456368988,0.038600728219805286,-0.001955249375309572,-0.010126827062193922,0.1719827457556118,-0.012879351124885764,0.014351218745698446,0.12045404130886911,-0.00908051592603571,45.86,44.62,4,767.0,390.0,448.0,719.0,309.0,400.0,2,1,1,0.001088114267948831,-0.01799983283764099,0.03583475266923501,-0.0034786373811525884,-0.050322259569187844,0.09756200447721612,-0.0005988737203792838,-0.06318633323506934,0.09350698823182207,32.32,50.93,4,1173.0,0.0,443.0,1081.0,0.0,447.0,3,0,1,0.0418298869512594,-0.04605401783837578,0.029493166779983565,0.07715693598958043,-0.07764437666476535,0.05598619276375941,0.11379640271622193,-0.1259418277777452,0.09382862058451633
92,least_connections,3662,measured,161,111,5,light,0,59.47,39.35,3,161.0,731.0,0.0,111.0,676.0,0.0,1,2,0,-0.06614321987775788,0.03492446838934764,-0.0017690351490896128,-0.4096703038499216,0.1556034366360297,-0.011652746255849025,-0.2869441354205586,0.10898222785088157,-0.00821570488546088,45.86,44.62,4,1157.0,0.0,448.0,1028.0,0.0,400.0,3,0,1,0.044068384564425356,-0.05936946327033731,0.032421919081688816,0.09766898794766468,-0.14634598995035364,0.08827038500319553,0.08682423330060918,-0.1445346586412532,0.08460156078117236,24.88,39.93,3,801.0,0.0,443.0,751.0,0.0,447.0,2,0,1,-0.005237812032760775,-0.041667920901387615,0.026684293753318464,0.0024943706572394253,-0.0702496741252639,0.05065417440530613,0.003434840552772239,-0.11394736798938852,0.08489256148122906
92,least_connections,3663,measured,154,123,4,light,0,69.73,45.5,4,1046.0,0.0,0.0,910.0,0.0,0.0,4,0,0,0.0694078350765864,-0.05456947191077163,-0.0016005556110810784,0.16315543937388055,-0.30013657320232234,-0.010542960898149118,0.10183625842901844,-0.20720655575396432,-0.007433256801131273,45.86,44.62,4,1157.0,0.0,448.0,1028.0,0.0,400.0,3,0,1,0.0398713955582896,-0.05371522867316233,0.02933411726438512,0.08836717957169662,-0.13240827662174853,0.07986368166955787,0.07855525870055116,-0.13076945305637194,0.07654426927820357,24.88,39.93,3,801.0,443.0,0.0,751.0,447.0,0.0,2,1,0,-0.004738972791545476,0.005384352744549528,-0.018940967783278757,0.002256811547026144,0.016602675791427893,-0.03433193744281826,0.003107712881079666,0.03171428610483895,-0.05800196818364989
92,least_connections,3664,measured,174,116,4,light,2,69.73,45.5,4,1046.0,0.0,0.0,910.0,0.0,0.0,4,0,0,0.06279756506929246,-0.049372379347841,-0.0014481217433590708,0.14761682610017768,-0.271552137659244,-0.009538869384039679,0.09213756715006433,-0.1874725980631106,-0.006725327581975914,35.86,35.0,3,807.0,0.0,448.0,720.0,0.0,400.0,2,0,1,-0.007009780435923929,-0.04859949260905163,0.026540391810634157,-0.010524932768464973,-0.11979796456253439,0.0722576167486476,-0.016009527842358456,-0.11831521943195557,0.0692543388707556,20.9,32.77,3,602.0,443.0,0.0,536.0,447.0,0.0,2,1,0,-0.0042876420494935286,0.004871557245068617,-0.01713706608963316,-0.03396764669554779,0.015021468573196653,-0.031062229114930808,-0.0620295296155311,0.028693877904378107,-0.05247797121377847
92,least_connections,3665,measured,490,425,15,heavy,1,69.73,45.5,4,1046.0,0.0,0.0,910.0,0.0,0.0,4,0,0,0.05681684458650271,-0.04467024798137995,-0.0013102053868486831,0.13355808075730358,-0.2456900293107446,-0.008630405633178757,0.08336256075482013,-0.16961806491424292,-0.0060848201932163035,49.86,48.28,4,807.0,0.0,938.0,720.0,0.0,825.0,2,0,2,-0.0063421822991692745,-0.043970969503427666,0.06709663567447399,-0.009522558219087346,-0.10838863460419777,0.1920426056297288,-0.014484810904990986,-0.10704710329557884,0.18282237802592174,20.9,32.77,3,602.0,443.0,0.0,536.0,447.0,0.0,2,1,0,-0.003879295187636994,0.004407599412204935,-0.015504964557287147,-0.030732632724543227,0.013590852518606492,-0.028103921580175495,-0.056121955366432885,0.02596112762777067,-0.04748006919341862
92,least_connections,3666,measured,169,102,5,light,2,69.73,45.5,4,1046.0,0.0,0.0,910.0,0.0,0.0,4,0,0,0.051405716530645296,-0.04041593864981996,-0.0011854239214345228,0.1208382635423223,-0.2222909789001975,-0.007808462239542685,0.07542326925436105,-0.15346396349383884,-0.005505313508148084,37.94,35.44,3,390.0,490.0,448.0,309.0,425.0,400.0,1,1,1,-0.048822065164100995,0.0033006421046085227,0.017622579669195285,-0.11641156627985452,0.028600759167630593,0.047086166998326046,-0.1293106622473728,0.023311549399238185,0.045247032499643486,15.72,22.17,3,343.0,443.0,0.0,218.0,447.0,0.0,2,1,0,-0.0035098385031001322,0.0039878280396139915,-0.014028301266116943,-0.07467238198887244,0.012296485612072541,-0.02542735762015878,-0.1466817691410583,0.023488639282268686,-0.042958157841664464
92,least_connections,3667,measured,184,103,5,light,1,48.73,33.8,2,731.0,0.0,0.0,676.0,0.0,0.0,2,0,0,-0.03965786644959757,-0.03656680163555139,-0.0010725264051074253,-0.08067014250932752,-0.20112040948113108,-0.007064799169110048,-0.03761704210319716,-0.13884834792299705,-0.004980997935943504,43.2,38.66,4,574.0,938.0,0.0,412.0,825.0,0.0,2,2,0,-0.0010884444455244724,0.04607019546426032,-0.027139661478437823,-0.057760124593337764,0.14168640115166578,-0.0732077536681812,-0.08787333727143254,0.13418663993264407,-0.07215744678603685,15.72,22.17,3,343.0,443.0,0.0,218.0,447.0,0.0,2,1,0,-0.0031755681694715376,0.0036080348929840855,-0.012692272574105806,-0.06756072656136078,0.0111253917442561,-0.023005704513476992,-0.1327120768419099,0.02125162601729072,-0.038866904713886895
92,least_connections,3668,measured,175,115,4,light,0,60.4,39.55,3,906.0,0.0,0.0,791.0,0.0,0.0,3,0,0,0.0072029734390262334,-0.03308424909883221,-0.0009703810331924324,0.032568283761402084,-0.1819660847686424,-0.0063919611530043295,0.017989342859012047,-0.12562469573985446,-0.004506617180139361,43.2,38.66,4,574.0,938.0,0.0,412.0,825.0,0.0,2,2,0,-0.0009847830697602422,0.04168255780099743,-0.024554931813824697,-0.05225916034635322,0.12819245818484046,-0.06623558665216395,-0.07950444800748657,0.12140695993905892,-0.06528530899689049,12.24,18.3,2,169.0,443.0,0.0,102.0,447.0,0.0,1,1,0,-0.04595703333246971,0.003264412522223703,-0.011483484709905253,-0.09261208593646927,0.010065830625755515,-0.02081468503600299,-0.15505695841252165,0.019227661634691612,-0.035165294741135764
92,least_connections,3669,measured,173,125,5,light,2,60.4,39.55,3,906.0,0.0,0.0,791.0,0.0,0.0,3,0,0,0.006516975968642785,-0.029933368232276762,-0.0008779637919360103,0.029466542450792388,-0.16463598145734312,-0.005783202947956298,0.016276072110534667,-0.11366043900272547,-0.004077415543935613,32.06,29.0,3,184.0,938.0,0.0,103.0,825.0,0.0,1,2,0,-0.04397489443273092,0.03771279039137863,-0.022216366879174727,-0.1480984239868366,0.11598365264342708,-0.05992743554243405,-0.15929866724486882,0.10984439232581522,-0.05906766052099616,15.7,22.47,3,342.0,443.0,0.0,227.0,447.0,0.0,2,1,0,0.001503727211665723,0.0029535160915357267,-0.010389819499438086,-0.05248712537109124,0.009107180089969288,-0.018832334080193185,-0.10259121634148785,0.017396455764720986,-0.03181621905150379
92,least_connections,3670,measured,421,444,12,heavy,0,39.73,27.95,2,175.0,421.0,0.0,115.0,444.0,0.0,1,1,0,-0.08027148886283794,0.016001328968983153,-0.0007943481927040094,-0.41426042984610845,0.10498014376081655,-0.005232421714817603,-0.29108355380475437,0.09802150756896266,-0.0036890902540369828,32.06,29.0,3,184.0,938.0,0.0,103.0,825.0,0.0,1,2,0,-0.039786809248661306,0.034121096068390186,-0.02010052241449142,-0.13399381217856646,0.1049375904869102,-0.0542200607288689,-0.1441273656025004,0.09938302162811855,-0.05344216904280605,15.7,22.47,3,785.0,0.0,0.0,674.0,0.0,0.0,3,0,0,0.04444441532302636,-0.04041167138203457,-0.009400312880443983,0.03267355323567936,-0.07192207515669445,-0.01703877845350812,0.04198889950055862,-0.11906987335572862,-0.02878610295136057
92,least_connections,3671,measured,436,442,16,heavy,0,68.8,50.05,3,175.0,421.0,436.0,115.0,444.0,442.0,1,1,1,-0.07262658516161528,0.014477392876699038,0.042365204242882315,-0.37480705557505056,0.09498203483121498,0.2582500311469111,-0.26336131058525397,0.08868612589572814,0.1966146326272999,32.06,29.0,3,184.0,938.0,0.0,103.0,825.0,0.0,1,2,0,-0.03599758932021736,0.030871467871400646,-0.018186186946444617,-0.12123249673298872,0.0949435342500616,-0.04905624542135758,-0.1304009498308337,0.08991797194925011,-0.0483524386577769,12.32,19.07,2,616.0,0.0,0.0,572.0,0.0,0.0,2,0,0,-0.002872286363066856,-0.03656294077422175,-0.008505044987068366,-0.0010191661200996266,-0.06507235371319975,-0.01541603764841211,0.007228051929076884,-0.1077298854170878,-0.026044569336945277
92,least_connections,3672,measured,173,123,3,light,2,57.13,44.3,2,0.0,421.0,436.0,0.0,444.0,442.0,0,1,1,-0.10879366775393311,0.013098593555108659,0.03833042288641733,-0.4446667010758394,0.08593612675205164,0.2336547900853005,-0.2903030905295155,0.08023982819137307,0.17788942951993797,26.8,25.78,2,0.0,938.0,0.0,0.0,825.0,0.0,0,2,0,-0.07565314770695403,0.027931328074124392,-0.01645416914202132,-0.15725117051352042,0.08590129289291287,-0.04438422204789495,-0.1471038355612305,0.08135435557313106,-0.04374744449989339,15.78,23.17,3,789.0,0.0,0.0,695.0,0.0,0.0,3,0,0,0.04048516494588736,-0.033080755938581584,-0.007695040702585664,0.03038265922467176,-0.05887498669289501,-0.013947843586658576,0.04363490412630763,-0.0974698963297461,-0.02356413416199811
92,least_connections,3673,measured,374,341,15,medium,0,82.07,61.35,3,0.0,857.0,374.0,0.0,886.0,341.0,0,2,1,-0.09843236606308234,0.05493500868137949,0.03467990642104425,-0.40231749144956896,0.34073586071217377,0.1740051275374941,-0.2626551771457521,0.27255032074457564,0.11525710289899152,26.8,25.78,2,490.0,448.0,0.0,425.0,400.0,0.0,1,1,0,-0.025364185793820077,-0.017812698635882918,-0.014887105414209765,-0.015608201893185125,-0.04894644928736455,-0.04015715328142877,-0.012930255983970462,-0.04655736876716715,-0.03958102121418926,15.78,23.17,3,789.0,0.0,0.0,695.0,0.0,0.0,3,0,0,0.03662943495104094,-0.029930207753954767,-0.006962179683291792,0.027489072631845884,-0.053267845103095485,-0.01261947753078633,0.03947919897142119,-0.08818704906024648,-0.02131993090847448
92,least_connections,3674,measured,150,113,7,light,1,82.07,61.35,3,0.0,1231.0,0.0,0.0,1227.0,0.0,0,3,0,-0.08905785500945546,0.09278700331943404,-0.011706842036288759,-0.36400153988294337,0.533872127945935,-0.06815409095814028,-0.23764039836996617,0.40085505210223515,-0.049981668805674354,31.09,29.31,3,1088.0,0.0,0.0,938.0,0.0,0.0,3,0,0,0.06321925140196323,-0.05920015137350858,-0.013469285850951692,0.14046332753881885,-0.16009440649809173,-0.03633266249272127,0.13334583982402673,-0.15521857174172266,-0.035811400146171235,12.32,19.0,2,616.0,0.0,0.0,570.0,0.0,0.0,2,0,0,-0.009942982890101287,-0.027079711777387647,-0.006299114951549716,-0.006433696190234678,-0.048194716998038775,-0.011417622527854299,-0.001979137438555434,-0.07978828248308015,-0.019289461298143577
92,least_connections,3675,measured,199,120,5,light,2,82.07,61.35,3,421.0,810.0,0.0,444.0,783.0,0.0,1,2,0,-0.037492254305607084,0.040866245633682956,-0.010591904699499353,-0.07539821862425033,0.22909065544314755,-0.061663225152603106,-0.014150836620445556,0.16182123761630798,-0.045221509871800604,31.09,29.31,3,1088.0,0.0,0.0,938.0,0.0,0.0,3,0,0,0.05719837031606197,-0.05356204171888871,-0.012186496722289625,0.12708586777321704,-0.14484732016494015,-0.03287240892198591,0.12064623603126226,-0.14043585062346337,-0.032400790608440644,12.84,18.9,2,642.0,0.0,0.0,567.0,0.0,0.0,2,0,0,-0.008996032138663068,-0.02450069160811263,-0.0056991992418783145,-0.0011162013149742522,-0.04360474395060651,-0.01033022990615389,-0.002695410063454917,-0.07218939843707252,-0.017452369745939427
92,least_connections,3676,measured,421,407,20,heavy,2,82.07,61.35,3,421.0,810.0,0.0,444.0,783.0,0.0,1,2,0,-0.033921563419358786,0.03697422223999886,-0.009583151870975606,-0.06821743589813123,0.20727249778189538,-0.05579053704283138,-0.012803137894688815,0.1464096911766596,-0.040914699407819596,31.09,29.31,3,1088.0,0.0,0.0,938.0,0.0,0.0,3,0,0,0.051750906476437014,-0.04846089488851836,-0.01102587798683347,0.11498245179481542,-0.1310523372920887,-0.029741703310368205,0.10915611831399918,-0.12706100770694304,-0.02931500102668439,21.26,32.47,3,642.0,0.0,421.0,567.0,0.0,407.0,2,0,1,-0.008139267173076115,-0.02216729240734,0.03792748186505794,-0.0010098964278338618,-0.039451911193405895,0.06683455389443219,-0.002438704343125875,-0.06531421763354181,0.10695579245208654
92,least_connections,3677,measured,425,422,16,heavy,0,100.0,82.45,4,421.0,810.0,425.0,444.0,783.0,422.0,1,2,1,-0.030690938331800796,0.03345286774095135,0.034413429486350865,-0.06172053724116633,0.18753225989790534,0.20587205378664464,-0.011583791428527973,0.13246591106459676,0.15388670053578227,31.09,29.31,3,1088.0,0.0,0.0,938.0,0.0,0.0,3,0,0,0.046822248716776343,-0.04384557156580233,-0.009975794369039807,0.1040317421000711,-0.11857116231188979,-0.026909160137952186,0.09876029752218973,-0.11495995935390084,-0.026523096167000163,12.4,17.57,2,199.0,0.0,421.0,120.0,0.0,407.0,1,0,1,-0.050447999097635754,-0.020056121701879048,0.03431534073505242,-0.08107562057756396,-0.035694586317843426,0.06046935828543865,-0.1370159705961615,-0.05909381595415688,0.09676952650426877
92,least_connections,3678,measured,385,336,13,medium,2,100.0,82.45,4,421.0,810.0,425.0,444.0,783.0,422.0,1,2,1,-0.02776799182401024,0.030266880337051216,0.03113596001146031,-0.05584239083724574,0.1696720446695334,0.1862651915212499,-0.010480573197239579,0.11985011001082563,0.1392308242942792,31.09,29.31,3,1088.0,0.0,0.0,938.0,0.0,0.0,3,0,0,0.042362986934226216,-0.03966980284524973,-0.009025718714845539,0.09412395713815958,-0.10727867066313838,-0.02434638298195674,0.08935455490102881,-0.10401139179638648,-0.023997087008238244,20.1,28.77,3,199.0,385.0,421.0,120.0,336.0,407.0,1,1,1,-0.04564342775500377,0.024937885353628706,0.031047213045999812,-0.07335413290351024,0.037371564760046425,0.05471037178206355,-0.12396683053938423,0.047867499851000916,0.08755338112290985
92,least_connections,3679,measured,353,301,10,medium,1,100.0,82.45,4,421.0,1235.0,0.0,444.0,1205.0,0.0,1,3,0,-0.0251234211741045,0.07046822053170847,-0.01491326974019804,-0.05052406790036518,0.40986200866926037,-0.0878235568775993,-0.009482423368931042,0.29934057572408035,-0.06493401611469976,41.17,38.72,4,1088.0,353.0,0.0,938.0,301.0,0.0,3,1,0,0.038328416750014194,0.00719217384295999,-0.00816612645628882,0.08515977074404912,-0.005809953729234055,-0.022027679840818003,0.080844597291407,-0.009001378291968731,-0.02171165015031079,20.1,28.77,3,199.0,385.0,421.0,120.0,336.0,407.0,1,1,1,-0.04129643463547959,0.022562848653283115,0.028090335613047447,-0.06636802500793784,0.033812368116232484,0.04949986018377178,-0.11216046572610955,0.04330869034138178,0.0792149638731089
92,least_connections,3680,measured,179,123,5,light,2,100.0,82.45,4,857.0,799.0,0.0,886.0,763.0,0.0,2,2,0,0.020353185831139015,0.020673061206693155,-0.013492958336369655,0.2172718750742728,0.10784340466901327,-0.07945940860354223,0.1913730455233481,0.07087956851226312,-0.05874982410377597,27.17,25.44,3,598.0,353.0,0.0,513.0,301.0,0.0,2,1,0,-0.008405808881506438,0.006507204905535233,-0.007388400127118456,-0.049617350279193645,-0.005256624802640331,-0.019929805570263907,-0.04701857864110798,-0.008144104168924096,-0.019643873945519287,19.7,28.87,3,179.0,385.0,421.0,123.0,336.0,407.0,1,1,1,-0.037363440860672004,0.020414005924399008,0.025415065554661977,-0.06366630834051519,0.030592142581353204,0.04478558778531733,-0.1005737547045753,0.03918405316601209,0.07167068159947948
92,least_connections,3681,measured,397,350,9,medium,1,100.0,82.45,4,1231.0,425.0,0.0,1227.0,422.0,0.0,3,1,0,0.06149868740731171,-0.02437970199213023,-0.012207914685286831,0.42216661713069126,-0.12801469736295623,-0.07189184587939534,0.32740894594969594,-0.09013277134604766,-0.053154602760559215,21.43,20.34,2,0.0,750.0,0.0,0.0,651.0,0.0,0,2,0,-0.09377305610821103,0.048971371331765434,-0.006684742972154794,-0.1994769223614473,0.09786985647108051,-0.01803172884928639,-0.18758526162766911,0.09158985813287819,-0.017773028807850783,19.7,28.87,3,179.0,385.0,421.0,123.0,336.0,407.0,1,1,1,-0.033805017921560376,0.018469814883980053,0.022994583120884645,-0.05760285040332326,0.027678605192652903,0.0405202937105252,-0.09099530187556815,0.03545223857877283,0.06484490239952906
92,least_connections,3682,measured,194,110,4,light,1,82.33,60.25,3,810.0,425.0,0.0,783.0,422.0,0.0,2,1,0,0.012557769332238927,-0.022057825611927345,-0.011045256143830942,0.1280237647055461,-0.1158228214236271,-0.06504500341469102,0.09536999871639157,-0.08154869788451932,-0.04809225964050596,26.97,23.78,3,547.0,397.0,0.0,411.0,350.0,0.0,2,1,0,0.0013255115937047535,0.001223530978173265,-0.0060481007843305274,-0.039077759687567964,-0.002702782920723054,-0.016314421339830545,-0.053514641472653,-0.0022371521654911547,-0.01608035939757928,19.7,28.87,3,179.0,806.0,0.0,123.0,743.0,0.0,1,2,0,-0.030585492405221293,0.05979468512178694,-0.02227927740309983,-0.0521168646506258,0.10122349993620977,-0.03951973426190577,-0.08232908264932357,0.15482186665063574,-0.06407683433693402
92,least_connections,3683,measured,367,350,16,medium,0,100.0,77.75,4,810.0,425.0,367.0,783.0,422.0,350.0,2,1,1,0.011361791300597113,-0.019957080315553308,0.03309057323948175,0.11583102520977978,-0.10479207652613881,0.16251483818035892,0.08628714169578283,-0.07378215522885082,0.11482128889668508,26.97,23.78,3,944.0,0.0,0.0,761.0,0.0,0.0,3,0,0,0.04428317262106167,-0.041976896008410126,-0.005472091185822858,0.06726978205138412,-0.1050712253636474,-0.01476066692651335,0.05054032438188538,-0.10098242338782533,-0.014548896597809826,19.7,28.87,3,179.0,806.0,0.0,123.0,743.0,0.0,1,2,0,-0.02767258836662878,0.05409995320542628,-0.020157441459947467,-0.04715335373151858,0.0915831666089517,-0.03575595004648617,-0.0744882176351023,0.14007692696962282,-0.05797427868579745
92,least_connections,3684,measured,382,349,13,medium,1,100.0,77.75,4,810.0,425.0,367.0,783.0,422.0,350.0,2,1,1,0.01027971593863547,-0.01805640599978632,0.029939090073816826,0.10479949899932456,-0.09481187876174468,0.14703723454413425,0.0780693186771369,-0.0667552833022936,0.10388592804938174,37.89,34.69,4,944.0,382.0,0.0,761.0,349.0,0.0,3,1,0,0.04006572760953199,0.005104803838195823,-0.004950939644315919,0.0608631361417285,0.003683857324046899,-0.01335488912398827,0.04572696015503916,0.007310545506253277,-0.013163287398018414,19.7,28.87,3,564.0,421.0,0.0,459.0,407.0,0.0,2,1,0,0.018046796466474196,0.005863676482914026,-0.01823768513042866,0.02700410852862606,0.013194293598575338,-0.03235062147063034,0.03393923166347887,0.02540293392489683,-0.0524529188109596
92,least_connections,3685,measured,363,332,12,medium,2,100.0,77.75,4,810.0,792.0,0.0,783.0,772.0,0.0,2,2,0,0.009300695373051143,0.02674715194123642,-0.01599615206473262,0.09481859433272222,0.13558290334254852,-0.08833139096800552,0.07063414546979058,0.0979356960598296,-0.06434130319341651,37.89,34.69,4,944.0,382.0,0.0,761.0,349.0,0.0,3,1,0,0.0362499440276718,0.00461863204408193,-0.004479421582952498,0.05506664698537339,0.003333013769375767,-0.012082994921703673,0.04137201156884496,0.006614303077086298,-0.011909640979159518,23.38,35.83,3,385.0,784.0,0.0,336.0,739.0,0.0,1,2,0,-0.02675584628089976,0.04838913133034625,-0.016500762737054503,-0.00795818752171927,0.07762340849394912,-0.029269609901998884,-0.0063883142092334005,0.12311059101141458,-0.047457402733725354
92,least_connections,3686,measured,485,412,13,heavy,2,100.0,77.75,4,1235.0,367.0,0.0,1205.0,350.0,0.0,3,1,0,0.051498815088089345,-0.01888409608944823,-0.014472709010948562,0.34213745836452647,-0.13367896046785296,-0.07991887754248118,0.2548118459012391,-0.10229627499348753,-0.05821356003213875,32.34,31.25,3,750.0,382.0,0.0,651.0,349.0,0.0,2,1,0,-0.010286331820768602,0.00417876232559794,-0.004052810003623689,-0.0003274554486077663,0.003015583886578063,-0.010932233500589039,0.006330629514669228,0.005984369450697122,-0.010775389457334802,33.08,49.57,4,385.0,1269.0,0.0,336.0,1151.0,0.0,1,3,0,-0.02420767044462359,0.08686454285897541,-0.014929261524001694,-0.0072002649006031455,0.15799260768500162,-0.02648202800657042,-0.0057799033321635634,0.23563974107381955,-0.04293765009241818
92,least_connections,3687,measured,378,302,11,medium,1,77.73,55.65,3,799.0,367.0,0.0,763.0,350.0,0.0,2,1,0,0.0035102658053234592,-0.017085610747596014,-0.013094355771810604,0.04656881153615877,-0.12094763089948604,-0.0723075558717687,0.03059167010112107,-0.0925537726131554,-0.05266941145764934,43.14,40.69,4,750.0,760.0,0.0,651.0,651.0,0.0,2,2,0,-0.009306681171171588,0.04686468518801265,-0.0036668280985166705,-0.00029626921540701345,0.10044267113547539,-0.009891068405294844,0.005727712418034048,0.09080133426491643,-0.009749161889969583,33.08,49.57,4,385.0,1269.0,0.0,336.0,1151.0,0.0,1,3,0,-0.021902178021326102,0.07859172925335871,-0.01350742709314439,-0.0065145253862599894,0.1429456926673824,-0.02395993010118276,-0.005229436348147987,0.21319786097155102,-0.038848350083616444
92,least_connections,3688,measured,364,304,10,medium,0,77.07,53.8,3,425.0,731.0,0.0,422.0,654.0,0.0,1,2,0,-0.039907945450512336,0.027625490502741934,-0.011847274269733404,-0.18345361495934842,0.11012674664649674,-0.0654211219792193,-0.1265837270513667,0.05378468192143082,-0.047653277033111306,43.14,40.69,4,750.0,760.0,0.0,651.0,651.0,0.0,2,2,0,-0.008420330583440966,0.042401381836773354,-0.003317606374848416,-0.00026805309965396984,0.09087670245590632,-0.008949061890504859,0.005182215997268896,0.0821535881444482,-0.008820670281401051,33.08,49.57,4,385.0,1269.0,0.0,336.0,1151.0,0.0,1,3,0,-0.019816256305009328,0.07110680265780074,-0.012221005465225877,-0.005894094397092375,0.12933181717525075,-0.021678031996308213,-0.004731394791181523,0.19289330278378425,-0.035148507218510115
92,least_connections,3689,measured,154,116,7,light,0,87.33,59.6,4,579.0,731.0,0.0,538.0,654.0,0.0,2,2,0,0.006976711485817633,0.024994491407242705,-0.0107189624345207,-0.07309295321718823,0.09963848506111611,-0.05919053893357937,-0.062051943522665076,0.04866233126224695,-0.043114869696624515,33.06,31.28,3,397.0,760.0,0.0,350.0,651.0,0.0,1,2,0,-0.05070229456415633,0.03836315499517589,-0.003001643862958091,-0.09149422491329237,0.08222177841248668,-0.008096770281885348,-0.08041549505009002,0.074329436892596,-0.007980606445077141,33.08,49.57,4,806.0,848.0,0.0,743.0,744.0,0.0,2,2,0,0.025154906426987034,0.021250825987443295,-0.011057100182823413,0.07084820030739263,0.040833548872845876,-0.019613457520469335,0.11846524598258182,0.05177648029643972,-0.03180103034055677
92,least_connections,3690,measured,392,316,12,medium,1,87.33,59.6,4,579.0,731.0,0.0,538.0,654.0,0.0,2,2,0,0.006312262772882632,0.022614063654171984,-0.009698108869328252,-0.066131719577456,0.09014910553148603,-0.05355334474942895,-0.05614223461574458,0.04402782352298534,-0.03900869163027933,32.91,30.22,3,382.0,770.0,0.0,349.0,618.0,0.0,1,2,0,-0.04587350460566525,0.03470952118611152,-0.002715773018866844,-0.08665804022767272,0.07697616686299816,-0.007325649302658172,-0.07303961456912905,0.05792008575996782,-0.007220548688403128,33.08,49.57,4,1169.0,485.0,0.0,1075.0,412.0,0.0,3,1,0,0.06584310127974563,-0.023856962428594378,-0.010004043022554516,0.1297864669447838,-0.028741074829329916,-0.017745509185186543,0.20730982573027243,-0.05328159719211009,-0.02877236078431327
92,least_connections,3691,measured,174,115,4,light,1,87.33,59.6,4,943.0,367.0,0.0,842.0,350.0,0.0,3,1,0,0.04879499511650831,-0.022623556920601764,-0.008774479453201752,0.15972209498547635,-0.1379920791223063,-0.04845302620186429,0.08672845439527871,-0.09768911205063235,-0.0352935781416813,37.89,33.81,4,934.0,392.0,0.0,766.0,316.0,0.0,3,1,0,0.04466320104838903,-0.011680047725037418,-0.0024571279694509543,0.06428898401169747,-0.028069182362049264,-0.006627968416690727,0.05181832491364516,-0.03298301764574338,-0.006532877384745687,25.38,38.37,3,784.0,485.0,0.0,739.0,412.0,0.0,2,1,0,0.01648842950253629,-0.02158487076872824,-0.009051277020406466,0.0477591843786139,-0.026003829607488968,-0.01605546069135925,0.08623269947024648,-0.0482071593642901,-0.026032135947712007
92,least_connections,3692,measured,195,108,5,light,2,87.33,59.6,4,1310.0,0.0,0.0,1192.0,0.0,0.0,4,0,0,0.08723175295121727,-0.0635528326787304,-0.007938814743373013,0.3658755462567008,-0.3462150557138327,-0.043838452277877214,0.2368019349290617,-0.2467187204267626,-0.0319322849853307,37.89,33.81,4,934.0,392.0,0.0,766.0,316.0,0.0,3,1,0,0.040409562853304354,-0.0105676622274148,-0.0022231157818841966,0.05816622362963103,-0.02539592689899693,-0.005996733329386848,0.04688324635044086,-0.029841777869958286,-0.0059106985861984785,29.28,41.97,4,1464.0,0.0,0.0,1259.0,0.0,0.0,4,0,0,0.10108590333676186,-0.06261306901751149,-0.008189250637510612,0.16625830967588878,-0.1112891791686805,-0.014526369196944085,0.23484545825085795,-0.16786996958356407,-0.02355288490507277
92,least_connections,3693,measured,381,307,13,medium,0,84.4,53.85,4,885.0,381.0,0.0,770.0,307.0,0.0,3,1,0,0.03584006672910588,-0.014416281720665378,-0.007182737148766059,0.07468104978780865,-0.08343266945537248,-0.03966336158474605,0.023344607792960603,-0.08434074705278521,-0.028891114986727775,37.89,33.81,4,934.0,392.0,0.0,766.0,316.0,0.0,3,1,0,0.03656103305775156,-0.009561218205756242,-0.002011390469323797,0.05262658328395187,-0.02297726719433056,-0.005425615869445244,0.042418175269446495,-0.026999703787105117,-0.005347774911322433,29.28,41.97,4,1464.0,0.0,0.0,1259.0,0.0,0.0,4,0,0,0.09145867444754645,-0.0566499195872723,-0.007409322005366745,0.15042418494485177,-0.10069020972404426,-0.013142905463901792,0.21247922413172862,-0.15188235343274845,-0.021309753009351555
92,least_connections,3694,measured,192,100,7,light,0,97.2,58.85,5,1077.0,381.0,0.0,870.0,307.0,0.0,4,1,0,0.07551062726737696,-0.013043302509173432,-0.0064986669441216725,0.18337809266516025,-0.07548670093581322,-0.035885898576675,0.06635940705077387,-0.07630829495251995,-0.026139580226087034,37.89,33.81,4,934.0,392.0,0.0,766.0,316.0,0.0,3,1,0,0.033079029909394264,-0.008650625995684225,-0.00181982947224534,0.04761452773309929,-0.020788956032965752,-0.004908890548545697,0.03837834905330875,-0.024428303426428433,-0.004838463015006011,29.28,41.97,4,1464.0,0.0,0.0,1259.0,0.0,0.0,4,0,0,0.08274832450016108,-0.05125468915038922,-0.006703672290569912,0.13609807209296113,-0.09110066594080195,-0.011891200181625431,0.19224310754775448,-0.13741736739153432,-0.019280252722746645
92,least_connections,3695,measured,174,100,6,light,1,97.2,58.85,5,1077.0,381.0,0.0,870.0,307.0,0.0,4,1,0,0.0683191389561982,-0.011801083222585482,-0.005879746282776752,0.16591351241133545,-0.06829749132287866,-0.032468193950325,0.060039463522128744,-0.06904083829037519,-0.023650096395031125,37.89,33.34,4,1326.0,0.0,0.0,1067.0,0.0,0.0,4,0,0,0.07301254633525694,-0.050910657079995474,-0.0016465123796505457,0.1444131441394708,-0.12014238879173092,-0.004441377162969916,0.11982743485775552,-0.11144703643343526,-0.004377657013576867,29.28,41.97,4,1464.0,0.0,0.0,1259.0,0.0,0.0,4,0,0,0.07486753169062192,-0.04637329018368549,-0.006065227310515634,0.12313635094125053,-0.08242441204167796,-0.010758704926232533,0.17393424016225406,-0.12432999906853105,-0.017444038177723154
92,least_connections,3696,measured,378,323,13,medium,1,86.93,53.05,4,923.0,381.0,0.0,754.0,307.0,0.0,3,1,0,0.018728654066945766,-0.010677170534720198,-0.005319770446321823,0.057223336626128884,-0.0617929683397474,-0.029375985002675,0.001845228900973661,-0.06246552035795849,-0.021397706262171017,48.69,43.44,5,1326.0,378.0,0.0,1067.0,323.0,0.0,4,1,0,0.06605897049380391,-0.002978122845619491,-0.0014897016768266843,0.1306595113642831,-0.010985970811566076,-0.004018388861734686,0.10841529820463594,-0.009508628201679525,-0.003960737297998118,20.86,28.4,3,1043.0,0.0,0.0,852.0,0.0,0.0,3,0,0,0.024653390350471982,-0.04195678635666782,-0.00548758661427605,0.03522812704208381,-0.07457446803770863,-0.009734066361829434,0.03462304268648378,-0.11248904677629,-0.015782701208416187
92,least_connections,3697,measured,192,125,4,light,2,86.93,53.05,4,923.0,381.0,0.0,754.0,307.0,0.0,3,1,0,0.016944972727236662,-0.009660297150461128,-0.004813125641910221,0.051773495042688134,-0.05590792373596193,-0.02657827214527738,0.001669492815166651,-0.05651642318101005,-0.019359829475297588,37.77,32.53,4,944.0,378.0,0.0,718.0,323.0,0.0,3,1,0,0.016683739743827114,-0.002694492098417628,-0.0013478253266527144,0.019467449057480657,-0.009939687877131217,-0.0036356851606170965,-0.0005855635291389105,-0.008603044563424339,-0.003583524221998297,13.54,17.9,2,677.0,0.0,0.0,537.0,0.0,0.0,2,0,0,-0.020778451814425586,-0.03796090194174708,-0.004964959317678331,-0.03435550410478133,-0.06747213774840305,-0.008807012422607584,-0.0636743899503242,-0.10177580422616714,-0.014279586807614646
92,least_connections,3698,measured,180,111,7,light,2,62.67,37.85,3,559.0,381.0,0.0,450.0,307.0,0.0,2,1,0,-0.027752734425924186,-0.008740268850417204,-0.004354732723633057,-0.17271286956455195,-0.05058335957063226,-0.02404700813144144,-0.13601331602437303,-0.05113390668758053,-0.017516036191935914,26.97,23.09,3,566.0,378.0,0.0,416.0,323.0,0.0,2,1,0,-0.027989088077580465,-0.002437873803330229,-0.0012194610098286464,-0.08010087942418417,-0.008993050936452057,-0.0032894294310345158,-0.08591670033588758,-0.00778370698595536,-0.003242236200855602,17.14,21.6,3,857.0,0.0,0.0,648.0,0.0,0.0,3,0,0,0.024284348585134216,-0.03434557794729498,-0.004492106049328014,0.0014878772385311934,-0.06104621986760276,-0.007968249334740196,-0.024133971859817138,-0.0920828704903417,-0.012919626159270394
92,least_connections,3699,measured,421,429,13,heavy,0,66.27,41.8,3,573.0,421.0,0.0,407.0,429.0,0.0,2,1,0,-0.025109616861550443,-0.007907862293234619,-0.003939996273763242,-0.1478195803996739,-0.021638912627397422,-0.021756816880827968,-0.14251204783157564,0.008926465377903314,-0.015847842268894397,26.97,23.09,3,566.0,378.0,0.0,416.0,323.0,0.0,2,1,0,-0.025323460641620416,-0.002205695345870201,-0.001103321866035442,-0.07247222424092856,-0.00813656989488519,-0.002976150437602657,-0.07773415744675544,-0.007042401558721517,-0.002933451800774116,7.44,7.87,2,372.0,0.0,0.0,236.0,0.0,0.0,2,0,0,-0.021112346744969257,-0.03107457052374308,-0.004064286425582489,-0.08641573011751941,-0.05523229416592631,-0.00720936844571732,-0.1460894666033266,-0.08331307330078534,-0.011689185572673214
92,least_connections,3700,measured,483,400,14,heavy,2,66.27,41.8,3,573.0,421.0,0.0,407.0,429.0,0.0,2,1,0,-0.02271822477949803,-0.007154732551021795,-0.0035647585334048384,-0.13374152512351445,-0.01957806380574051,-0.019684739082653877,-0.1289394718476161,0.008076325818102997,-0.014338523957571122,26.97,23.09,3,566.0,378.0,0.0,416.0,323.0,0.0,2,1,0,-0.022911702485275603,-0.00199562912245399,-0.0009982435930796856,-0.06557010764655438,-0.007361658476324695,-0.0026927075387833564,-0.07033090435658826,-0.006371696648367092,-0.002654075438795629,17.1,21.2,3,372.0,483.0,0.0,236.0,400.0,0.0,2,1,0,-0.019101647054972193,0.014968812610037435,-0.003677211527907966,-0.07818566058251755,0.037427924326066675,-0.006522761927077575,-0.13217618406967646,0.0452564257437339,-0.010575929803847193
92,least_connections,3701,measured,197,107,1,light,0,66.6,42.15,3,578.0,421.0,0.0,414.0,429.0,0.0,2,1,0,-0.020554584324307734,-0.006473329450924478,-0.003225257720699616,-0.11798836400064,-0.017713486300431902,-0.01781000202716303,-0.11349285548117646,0.007307151930664613,-0.012972950247326254,22.0,19.97,2,392.0,378.0,0.0,316.0,323.0,0.0,1,1,0,-0.06381353580867338,-0.0018055692060297973,-0.0009031727746911442,-0.10430492732647438,-0.006660548145246151,-0.00243625920175637,-0.09190653251310368,-0.005764868396141654,-0.002401306349386521,13.26,17.03,2,180.0,483.0,0.0,111.0,400.0,0.0,1,1,0,-0.06036634280030363,0.01354321140908149,-0.0033270009062024456,-0.10548226433656349,0.03386336010453651,-0.005901546505451139,-0.1572863887614533,0.04094628995861639,-0.009568698393956984
92,least_connections,3702,measured,178,121,4,light,1,53.47,36.8,2,381.0,421.0,0.0,307.0,429.0,0.0,1,1,0,-0.061680905091607216,-0.005856821884169763,-0.002918090318728224,-0.2255767737783569,-0.016026487605152684,-0.01611381135790941,-0.1510887740067787,0.006611232699172742,-0.011737431176152325,15.89,13.88,2,556.0,0.0,0.0,444.0,0.0,0.0,2,0,0,-0.014652155981089987,-0.04471751046078433,-0.0008171563199586543,-0.05197656690082375,-0.103740495940937,-0.002204234515874811,-0.046963053226141416,-0.0965402380726996,-0.002172610506587805,13.26,17.03,2,180.0,483.0,0.0,111.0,400.0,0.0,1,1,0,-0.0546171672955128,0.012253381751073725,-0.0030101436770403078,-0.09543633439974791,0.03063827818981875,-0.005339494457312935,-0.14230673268893393,0.037046643295891024,-0.0086573937850087
92,least_connections,3703,measured,435,424,15,heavy,0,82.47,58.0,3,381.0,421.0,435.0,307.0,429.0,424.0,1,1,1,-0.055806533178120815,-0.005299029323772644,0.040443723271717545,-0.2040932715137515,-0.014500155452281005,0.24780178972379624,-0.13669936695851406,0.005981591489727711,0.18118994322157647,15.89,13.88,2,556.0,0.0,0.0,444.0,0.0,0.0,2,0,0,-0.01325671255431951,-0.04045869994070963,-0.0007393319085340206,-0.04702641767217386,-0.09386044870846681,-0.001994307419124829,-0.04249038149031842,-0.08734592968482345,-0.001965695220246109,13.26,17.03,2,180.0,483.0,0.0,111.0,400.0,0.0,1,1,0,-0.04941553231498777,0.011086393012876228,-0.0027234633268459927,-0.08634715969501003,0.027720346933645543,-0.004830971175664084,-0.12875371052808307,0.03351839155342522,-0.007832880091198348
92,least_connections,3704,measured,425,447,15,heavy,1,82.47,58.0,3,381.0,856.0,0.0,307.0,853.0,0.0,1,2,0,-0.050491625256395015,0.03828954036239164,-0.006491960123774825,-0.1846558170838704,0.24926176411460288,-0.03817933310704148,-0.12368037962913178,0.19722143991927746,-0.027875765656668907,28.03,27.84,3,556.0,0.0,425.0,444.0,0.0,447.0,2,0,1,-0.01199416850152718,-0.03660549042254681,0.042414980880940874,-0.04254771122720491,-0.0849213583552795,0.10805957219902311,-0.038443678491240474,-0.07902726971484027,0.12460544241977732,13.26,17.03,2,180.0,483.0,0.0,111.0,400.0,0.0,1,1,0,-0.04470929114213179,0.010030546059268966,-0.002464085867146374,-0.07812362067643766,0.025080313892345968,-0.004370878682743695,-0.11649145238255135,0.03032616378643234,-0.00708689151108422
92,least_connections,3705,measured,494,448,18,heavy,2,82.47,58.0,3,802.0,435.0,0.0,736.0,424.0,0.0,2,1,0,-0.0025989988147428755,-0.008440982756022078,-0.005873678207224842,0.0868669591463394,-0.028413959451867254,-0.034543206144466106,0.08217013271649981,-0.015632982930177536,-0.02522093083222425,28.03,27.84,3,556.0,425.0,0.0,444.0,447.0,0.0,2,1,0,-0.010851866739476967,0.009964646987310255,-0.00470844133447753,-0.03849554825318541,0.03303033563774031,-0.01209576120768657,-0.034782375777789004,0.054883065496096894,-0.013645671144010985,19.54,28.27,2,0.0,483.0,494.0,0.0,400.0,448.0,0,1,1,-0.08353516364106708,0.009075255958386208,0.040854489204101126,-0.10325470442153883,0.0226917125692654,0.0854358716679938,-0.13887321882230838,0.027437957711534025,0.1286991616487016
92,least_connections,3706,measured,452,411,16,heavy,2,57.07,42.65,2,421.0,435.0,0.0,429.0,424.0,0.0,1,1,0,-0.04543537534485806,-0.007637079636400923,-0.005314280282727238,-0.15121560839140713,-0.025707868075498908,-0.03125337698785029,-0.06453654658983346,-0.014144127413017765,-0.022818937419631466,22.94,24.06,2,378.0,425.0,0.0,323.0,447.0,0.0,1,1,0,-0.0529022558481889,0.009015632988518804,-0.004260018350241574,-0.08084291100458273,0.02988458938652694,-0.010943783949811658,-0.06568107808466624,0.049656106877421,-0.012346083416009939,28.58,41.97,3,0.0,483.0,946.0,0.0,400.0,859.0,0,1,2,-0.07557943377048927,0.008210945867111324,0.08004748569713457,-0.09342092304805895,0.020530597086478225,0.15908959817580393,-0.12564719798208854,0.024824818881864122,0.24039447958692048
92,least_connections,3707,measured,404,433,19,heavy,0,84.0,64.3,3,421.0,435.0,404.0,429.0,424.0,433.0,1,1,1,-0.041108196740585856,-0.006909738718648459,0.03827574187571844,-0.1368141218779398,-0.023259499687356133,0.21540567478877037,-0.058390208819373096,-0.012797067659397005,0.1752352470965239,22.94,24.06,2,378.0,425.0,0.0,323.0,447.0,0.0,1,1,0,-0.047863945767409,0.008157001275326536,-0.003854302316885234,-0.07314358614700343,0.027038438016381505,-0.009901518811734358,-0.05942573731469801,0.044926953841476144,-0.011170265947818517,28.58,41.97,3,483.0,0.0,946.0,400.0,0.0,859.0,1,0,2,-0.025297492232256732,-0.035654949204132834,0.0724239156307408,0.0028763077184228575,-0.06882469787413875,0.1439382078733464,0.006954122460650053,-0.09817437021799595,0.217499767245309
92,least_connections,3708,measured,452,430,16,heavy,1,84.0,64.3,3,421.0,435.0,404.0,429.0,424.0,433.0,1,1,1,-0.03719313038433958,-0.006251668364491467,0.03463043312565001,-0.12378420550861219,-0.02104430924094125,0.19489084861841127,-0.052829236550861386,-0.011578299310883028,0.158546175944474,35.86,37.5,3,378.0,425.0,452.0,323.0,447.0,430.0,1,1,1,-0.04330547474194148,0.007380144011009726,0.03959667432100406,-0.0661775303234793,0.02446334868148803,0.10788502039482538,-0.05376614328472677,0.04064819633276413,0.11147094985673563,28.58,41.97,3,483.0,452.0,494.0,400.0,411.0,448.0,1,1,1,-0.022888207257756088,0.010824660470637182,0.02244249962962717,0.002602373650001627,0.01952051144720779,0.0484393309330277,0.006291825083445279,0.035127950755146534,0.07283312274575578
92,least_connections,3709,measured,150,120,4,light,0,94.0,70.3,4,571.0,435.0,404.0,549.0,424.0,433.0,2,1,1,0.009432972736164419,-0.005656271377397035,0.031332296637492874,-0.02151904307922059,-0.019040089313232533,0.17632981541665782,0.006487833596839743,-0.010475604138417999,0.1434465401402384,25.06,27.41,2,0.0,425.0,452.0,0.0,447.0,430.0,0,1,1,-0.0822650440408949,0.006677273152818325,0.035825562480908436,-0.15758919410219555,0.02213350594991774,0.09761025654769914,-0.13996996297189565,0.03677693953916755,0.10085466891799891,28.58,41.97,3,483.0,946.0,0.0,400.0,859.0,0.0,1,2,0,-0.020708377995112645,0.05287764065257196,-0.022778781514237546,0.0023545285404776573,0.10705189130937849,-0.045564414870117795,0.005692603646926669,0.16689354274671986,-0.06921447624590352
92,least_connections,3710,measured,438,412,18,heavy,1,94.0,70.3,4,571.0,435.0,404.0,549.0,424.0,433.0,2,1,1,0.008534594380339239,-0.005117578865263983,0.028348268386303076,-0.019469610405009108,-0.017226747473877035,0.1595364996626904,0.005869944682855011,-0.009477927553806748,0.1297849648887871,37.57,40.28,3,0.0,877.0,438.0,0.0,877.0,412.0,0,2,1,-0.07443027794176205,0.049125242603116806,0.032413604149393344,-0.14258069942579596,0.1368690904172725,0.08469499401934685,-0.12663949030790558,0.1548517548211516,0.08616017664009425,28.58,41.97,3,483.0,946.0,0.0,400.0,859.0,0.0,1,2,0,-0.018736151519387637,0.04784167487613653,-0.020609373750976826,0.002130287727098834,0.09685647308943769,-0.04122494678724943,0.005150450918647936,0.15099891962798465,-0.06262262136534127
92,least_connections,3711,measured,478,448,17,heavy,1,94.0,70.3,4,1006.0,0.0,404.0,973.0,0.0,433.0,3,0,1,0.05080567609468334,-0.04771409062866288,0.02564843330189326,0.2447655905859441,-0.2779670572382697,0.14434254731386276,0.19712042614163072,-0.20038479159630135,0.11742449204223596,51.23,54.28,4,0.0,877.0,916.0,0.0,877.0,860.0,0,2,2,-0.06734168004254662,0.04444664806948664,0.07241049445716087,-0.1290015851947678,0.12383393894896083,0.20019342996308254,-0.11457858646905743,0.14010396864770858,0.2046211121981805,28.58,41.97,3,483.0,946.0,0.0,400.0,859.0,0.0,1,2,0,-0.016951756136588808,0.043285324887933053,-0.018646576250883794,0.0019274031816608472,0.08763204708091982,-0.03729876137893996,0.004659931783538601,0.13661807013960514,-0.05665856218768973
92,least_connections,3712,measured,388,345,10,medium,2,65.93,48.85,3,585.0,404.0,0.0,544.0,433.0,0.0,2,1,0,0.002883140049384697,-8.599129441380637e-05,-0.019878174858377753,-0.03248192597779659,-0.00781146448541864,-0.11308690163666384,-0.015724376348048408,0.014580426650965456,-0.08963974529511985,51.23,54.28,4,425.0,452.0,916.0,447.0,430.0,860.0,1,1,2,-0.01784428647840386,-0.0028702662591266054,0.06551425688981222,-0.006851774359891941,0.002176284899399944,0.18112738901421754,0.022717588432757563,0.00037680496697442556,0.1851333872269252,36.34,53.47,4,483.0,1334.0,0.0,400.0,1204.0,0.0,1,3,0,-0.015337303171199398,0.08224681322060155,-0.01687071184603772,0.001743840973883623,0.14949566164464173,-0.03374649839046949,0.0042161287565349315,0.2276544444120237,-0.05126250864600499
92,least_connections,3713,measured,388,321,9,medium,0,81.8,58.9,3,435.0,792.0,0.0,424.0,754.0,0.0,1,2,0,-0.04047534494398074,0.04300609857943059,-0.017985015348056063,-0.11986459969419694,0.22696423054493875,-0.10231672052841013,-0.06851253098156765,0.15840610030325444,-0.08110262669558463,51.23,54.28,4,425.0,452.0,916.0,447.0,430.0,860.0,1,1,2,-0.01614483062331777,-0.0025969075677812203,0.05927480385268724,-0.006199224420854618,0.001969019670885669,0.16387716148905396,0.02055400858201875,0.000340918779643512,0.16750163606245616,36.34,53.47,4,483.0,1334.0,0.0,400.0,1204.0,0.0,1,3,0,-0.01387660763108517,0.07441378339006807,-0.015263977384510317,0.001577760881132803,0.13525797958324728,-0.030532546162805728,0.003814592684483975,0.20597306875373575,-0.04638036496543309
92,least_connections,3714,measured,497,418,17,heavy,0,100.0,79.8,4,435.0,792.0,497.0,424.0,754.0,418.0,1,2,1,-0.036620550187411144,0.03891027966710387,0.026811743483278073,-0.10844892353284485,0.20534858954065888,0.20720550682350192,-0.06198752803094218,0.1433198050362778,0.11571667108494724,51.23,54.28,4,425.0,1368.0,0.0,447.0,1290.0,0.0,1,3,0,-0.014607227706811318,0.08381821741599839,-0.03253821601536914,-0.005608822095058932,0.23857060963420268,-0.08851930287044779,0.018596483955159823,0.24346321222920128,-0.09160566261015872,26.68,40.13,3,0.0,1334.0,0.0,0.0,1204.0,0.0,0,3,0,-0.05563892617869157,0.06732675640053778,-0.013810265252652191,-0.08597250205992747,0.12237626724198564,-0.027624684623490898,-0.11718362249181609,0.18635658601528474,-0.04196318734967756
92,least_connections,3715,measured,196,110,9,light,2,100.0,79.8,4,823.0,404.0,497.0,745.0,433.0,418.0,2,1,1,0.00995102148576632,-0.007879361480330055,0.024258244103918258,0.13591129140679115,-0.04824016501876899,0.18747164903078745,0.08913033178152852,-0.01554398591955819,0.10469603574352368,51.23,54.28,4,425.0,1368.0,0.0,447.0,1290.0,0.0,1,3,0,-0.01321606316330548,0.07583553004304616,-0.029439338299619696,-0.0050746485621961795,0.21584959919285004,-0.0800888930732623,0.016825390245144595,0.220276239635944,-0.0828813137901436,30.6,43.8,4,840.0,690.0,0.0,756.0,558.0,0.0,2,2,0,0.03582781962517475,0.017830784135633965,-0.012495001895256744,0.07421535527911324,-0.005811948685822493,-0.024993762278396527,0.12197672250740449,-0.02621705709728206,-0.037966693316374936
92,least_connections,3716,measured,152,113,6,light,0,100.0,85.45,5,975.0,404.0,497.0,858.0,433.0,418.0,3,1,1,0.05208720538054594,-0.007128946101251005,0.02194793514164033,0.21464989857439837,-0.04364586358841005,0.16961720626595053,0.13176077637376388,-0.014063606308171689,0.09472498472033095,51.23,54.28,4,425.0,1368.0,0.0,447.0,1290.0,0.0,1,3,0,-0.011957390481085906,0.0686130986103751,-0.026635591794894012,-0.004591348699129874,0.19529249450781672,-0.07246137944723731,0.01522297212655939,0.19929755014680647,-0.07498785533393945,30.6,43.8,4,1334.0,196.0,0.0,1204.0,110.0,0.0,3,1,0,0.07549954655429643,-0.026951286008802824,-0.011305001714756102,0.15653770239538814,-0.09464890595383942,-0.02261340396616829,0.2454710029035247,-0.15883130562769965,-0.03435081776243447
92,least_connections,3717,measured,183,122,6,light,1,100.0,85.45,5,975.0,901.0,0.0,858.0,851.0,0.0,3,2,0,0.047126519153827276,0.03663390137324456,-0.023226244622416115,0.19420705109112235,0.26028866310254967,-0.14631459115620346,0.11921213100483397,0.17637102286403514,-0.10339168049112914,56.46,58.09,5,1060.0,916.0,0.0,999.0,860.0,0.0,3,2,0,0.07534920906586558,0.018994617563582006,-0.02409886876680887,0.15999558246949477,0.0598496719016301,-0.06556029569035757,0.16984459382879186,0.05873945013282489,-0.06784615482594522,30.6,43.8,4,1530.0,0.0,0.0,1314.0,0.0,0.0,4,0,0,0.1113930137758827,-0.06746839709186468,-0.01022833488477933,0.17709601645297024,-0.1211013911010928,-0.020459746445580834,0.25526741532541125,-0.17687911779014093,-0.031079311308869283
92,least_connections,3718,measured,177,119,3,light,2,96.07,64.25,4,540.0,901.0,0.0,434.0,851.0,0.0,2,2,0,-0.0004456209923422161,0.0331449583853165,-0.02101422132504315,-0.08666981091755599,0.23549926661659254,-0.13237986818894598,-0.08395092909086452,0.15957378259126986,-0.09354485377768827,56.46,58.09,5,1060.0,916.0,0.0,999.0,860.0,0.0,3,2,0,0.06817309391673552,0.017185606367050382,-0.021803738408065168,0.1447579079485905,0.0541497031490939,-0.05931645800556161,0.15366891822604978,0.05314521678684156,-0.0613846162710933,34.14,47.77,5,1707.0,0.0,0.0,1433.0,0.0,0.0,5,0,0,0.1438680555477941,-0.061042835464068045,-0.009254207752895585,0.1922583006003064,-0.1095679252819411,-0.018511199165049327,0.2668451218023562,-0.1600334875244132,-0.02811937689850078
92,least_connections,3719,measured,388,343,9,medium,0,100.0,81.4,5,944.0,885.0,0.0,867.0,761.0,0.0,3,2,0,0.042680719328923936,0.02998829568195302,-0.01901286691313428,0.16526699647141763,0.20341997138326623,-0.11977226169476066,0.11992534987017023,0.10366199377305368,-0.0846358200845751,44.31,44.12,4,635.0,916.0,0.0,552.0,860.0,0.0,2,2,0,0.01859651807886048,0.01554888195114082,-0.019727191893011344,0.021107494946683902,0.04899258856346589,-0.05366727152884146,0.012649854585473574,0.04808376756904714,-0.05553846234051298,34.14,47.77,5,1707.0,0.0,0.0,1433.0,0.0,0.0,5,0,0,0.1301663359718137,-0.05522923208653775,-0.008372854633572195,0.17394798625742008,-0.0991328847788991,-0.01674822781599701,0.2414313006783223,-0.1447922029982786,-0.025441341003405466
92,least_connections,3720,measured,370,333,7,medium,1,100.0,81.4,5,944.0,885.0,0.0,867.0,761.0,0.0,3,2,0,0.03861588891664547,0.02713226752176702,-0.01720211768331197,0.14952728252175884,0.1840466407753361,-0.10836537962859298,0.1085038879777731,0.09378942293752474,-0.07657526579080604,54.89,54.53,5,1005.0,916.0,0.0,885.0,860.0,0.0,3,2,0,0.059909321345726366,0.014068036051032157,-0.017848411712724548,0.11474351583611536,0.044326627747897696,-0.048556102811808936,0.1055968922439999,0.0435043611338998,-0.05024908497474984,34.14,47.77,5,1707.0,0.0,0.0,1433.0,0.0,0.0,5,0,0,0.11776954206973624,-0.049969305221153205,-0.00757543990656532,0.15738151137576104,-0.08969165765709919,-0.015153158500187771,0.21843784347086304,-0.13100246937939494,-0.02301835614593828
92,least_connections,3721,measured,163,105,7,light,0,100.0,86.65,6,1495.0,497.0,0.0,1315.0,418.0,0.0,5,1,0,0.12110598566381302,-0.018535658183253867,-0.01556382076109178,0.46763579529746435,-0.06751335675882286,-0.0980448672830127,0.30083685102750896,-0.07030956972319194,-0.06928238333453879,54.89,54.53,5,1921.0,0.0,0.0,1745.0,0.0,0.0,5,0,0,0.14037147214726717,-0.07343957735972374,-0.016148562978179352,0.34060467759322,-0.1966840714933987,-0.04393171206782713,0.33869480726838086,-0.20379367325980494,-0.04546345783429748,30.6,43.8,4,1530.0,0.0,0.0,1314.0,0.0,0.0,4,0,0,0.06346949497919446,-0.04521032377151957,-0.006853969439273385,0.11036422457806952,-0.08114959502308974,-0.013710000547788936,0.16174535044189192,-0.11852604372421448,-0.020826131751087013
92,least_connections,3722,measured,155,123,4,light,2,96.8,64.95,4,955.0,497.0,0.0,881.0,418.0,0.0,3,1,0,0.023404281813744654,-0.01677035740389636,-0.014081552117178278,0.09738476717389632,-0.06108351325798261,-0.08870726087510673,0.07585238902488906,-0.0636134202257451,-0.06268406111220176,54.89,54.53,5,1921.0,0.0,0.0,1745.0,0.0,0.0,5,0,0,0.12700276051419412,-0.06644533189689292,-0.014610604599305127,0.3081661368700561,-0.17795225516069407,-0.03974773948993883,0.30643815895710647,-0.18438475199696638,-0.04113360470722153,16.9,22.7,3,845.0,0.0,0.0,681.0,0.0,0.0,3,0,0,0.014340880944894774,-0.04090457865042246,-0.006201210445056872,-0.02409903490555615,-0.07342106216374786,-0.012404286209904275,-0.04456373055257398,-0.1072378490838131,-0.01884269063193587
92,least_connections,3723,measured,382,329,14,medium,2,96.8,64.95,4,955.0,497.0,0.0,881.0,418.0,0.0,3,1,0,0.021175302593388012,-0.015173180508287185,-0.012740451915542251,0.08811002744304908,-0.05526603580484141,-0.08025895031557276,0.06862835197489958,-0.05755499925186461,-0.056714150530087305,49.66,50.72,4,1738.0,0.0,0.0,1623.0,0.0,0.0,4,0,0,0.07182335928608492,-0.060117205049569786,-0.013219118446990353,0.23151085852869024,-0.16100442133586607,-0.03596224049089704,0.24275952477071538,-0.16682429942582672,-0.037216118544629,14.66,18.73,3,351.0,382.0,0.0,233.0,329.0,0.0,2,1,0,-0.030108817467090654,0.006074995733517996,-0.005610618974099074,-0.11119436491455083,0.002695229470894789,-0.01122292561848482,-0.17543067684915425,0.0021975016225817823,-0.017048148666989598
92,least_connections,3724,measured,373,317,8,medium,2,96.8,64.95,4,1452.0,0.0,0.0,1299.0,0.0,0.0,4,0,0,0.062242507335060815,-0.056812015924731486,-0.011527075542633465,0.3794963740357745,-0.3497803816012057,-0.07261524076170868,0.25118755654871866,-0.24116880884692513,-0.05131280286055518,36.74,37.28,3,1286.0,0.0,0.0,1193.0,0.0,0.0,3,0,0,0.02189913912731946,-0.05439175694961076,-0.011960154785372224,0.09261866792051565,-0.14567066692292643,-0.0325372652060497,0.0980621890782663,-0.15093627090908132,-0.033671726302283385,18.2,25.63,3,155.0,755.0,0.0,123.0,646.0,0.0,1,2,0,-0.0703252112684108,0.04858032493803555,-0.005076274309899162,-0.136071092065546,0.06993377904509528,-0.010154075559581505,-0.19189759651431415,0.09759139035693908,-0.015424515460609637
92,least_connections,3725,measured,389,342,11,medium,1,96.8,64.95,4,1452.0,0.0,0.0,1299.0,0.0,0.0,4,0,0,0.05631464949362647,-0.05140134774142373,-0.010429258824287422,0.3433538622228436,-0.3164679643058528,-0.06569950354630785,0.22726493211550736,-0.2182003508615037,-0.04642586925478802,47.86,47.97,4,1286.0,389.0,0.0,1193.0,342.0,0.0,3,1,0,0.019813506829479507,-0.0061276893943190275,-0.010821092424860583,0.08379784240427607,-0.03123944694387222,-0.029438478043568778,0.08872293297557426,-0.03986495939393073,-0.030464895225875442,18.2,25.63,3,528.0,382.0,0.0,440.0,329.0,0.0,2,1,0,-0.02054367187323336,0.0008697270981319477,-0.0045928196137182895,-0.05561670234501778,-0.004221818959199514,-0.009187020744383266,-0.07801846033834772,-0.007306202375467807,-0.013955513988170624
92,least_connections,3726,measured,196,110,5,light,2,69.87,43.3,3,1048.0,0.0,0.0,866.0,0.0,0.0,3,0,0,0.007867449315095143,-0.04650598128985956,-0.00943599607911719,0.06697095470955683,-0.2863281581814858,-0.059442407970469006,0.00973970048545908,-0.19741936506517,-0.04200435789718916,47.86,47.97,4,1286.0,389.0,0.0,1193.0,342.0,0.0,3,1,0,0.01792650617905288,-0.005544099928193408,-0.00979051219392148,0.0758170955086307,-0.028264261520646303,-0.0266348134679908,0.08027312983504337,-0.03606829659450875,-0.027563476632934923,19.02,25.2,3,569.0,382.0,0.0,427.0,329.0,0.0,2,1,0,-0.018587131694830172,0.0007868959459289004,-0.004155408221935595,-0.042900825931206546,-0.00381974096308528,-0.008312066387775336,-0.07450876570294951,-0.006610373577804196,-0.01262641741786866
92,least_connections,3727,measured,458,417,15,heavy,0,100.0,64.15,4,1048.0,0.0,458.0,866.0,0.0,417.0,3,0,1,0.007118168427943217,-0.04207684021463484,0.034546570440889435,0.06059276854674189,-0.2590588097832491,0.2224727419949725,0.008812109963034387,-0.17861752077324905,0.15063891428349552,37.29,37.56,3,916.0,389.0,0.0,860.0,342.0,0.0,2,1,0,-0.02686468035047143,-0.005016090411222612,-0.008858082461167054,-0.02704983875749739,-0.025572427090108554,-0.02409816456627739,-0.021523715863532245,-0.03263322072836505,-0.024938383620274455,19.02,25.2,3,569.0,382.0,0.0,427.0,329.0,0.0,2,1,0,-0.016816928676274906,0.0007119534748880468,-0.003759655057941729,-0.03881503298537735,-0.0034559561094581193,-0.007520441017511019,-0.06741269277885906,-0.00598081418944188,-0.01142390147330974
92,least_connections,3728,measured,434,411,16,heavy,1,63.67,41.75,2,497.0,458.0,0.0,418.0,417.0,0.0,1,1,0,-0.07972755282823277,0.005014378127802033,-0.011827479351666928,-0.27752717766405893,0.04186742606912386,-0.07496910644899316,-0.19469380527154037,0.027036528824203238,-0.05235050612445643,23.51,23.53,2,0.0,389.0,434.0,0.0,342.0,411.0,0,1,1,-0.11047393981822698,-0.004538367514915695,0.03506944466665384,-0.2612627792839943,-0.023136957843431546,0.09038737491622521,-0.26262860006700534,-0.029525294944711233,0.09364205767689454,19.02,25.2,3,569.0,382.0,0.0,427.0,329.0,0.0,2,1,0,-0.015215316421391595,0.0006441483820415622,-0.003401592671471088,-0.03511836317724616,-0.0031268174323668685,-0.006804208539652827,-0.06099243632372961,-0.005411212838066476,-0.010335910856804052
92,least_connections,3729,measured,193,116,7,light,0,76.53,47.55,3,690.0,458.0,0.0,534.0,417.0,0.0,2,1,0,-0.029050552332119894,0.004536818306106596,-0.010701052746746268,-0.1346833194738311,0.03788005215777873,-0.06782919154908905,-0.12367534762663174,0.02446162131713628,-0.04736474363641296,23.51,23.53,2,389.0,0.0,434.0,342.0,0.0,411.0,1,0,1,-0.0568687119897337,-0.047190042264062045,0.03172949755554395,-0.13582278669912407,-0.12149126117807071,0.08177905349563233,-0.14091992387014768,-0.12340979066426254,0.08472376646957125,19.02,25.2,3,569.0,382.0,0.0,427.0,329.0,0.0,2,1,0,-0.013766238666973352,0.0005828009170852216,-0.003077631464664318,-0.03177375716036558,-0.002829025295950985,-0.00615618867873351,-0.05518363286432679,-0.004895859234441108,-0.009351538394251286
92,least_connections,3730,measured,498,433,14,heavy,1,76.53,47.55,3,690.0,458.0,0.0,534.0,417.0,0.0,2,1,0,-0.02628383306239418,0.004104740372191676,-0.009681904866103767,-0.12185633666679957,0.034272428142752165,-0.0613692685444139,-0.11189674309076203,0.022131943096456635,-0.042853815671040296,37.74,37.06,3,389.0,932.0,0.0,342.0,844.0,0.0,1,2,0,-0.051452644181187626,0.04347204792888717,-0.014376259581265219,-0.1228872832039694,0.1310045051926299,-0.03819990398014217,-0.12749897873965743,0.12697447511328627,-0.03955052081324506,19.02,25.2,3,951.0,0.0,0.0,756.0,0.0,0.0,3,0,0,0.030628731909019574,-0.042556604158918356,-0.002784523706124859,0.040376124473954944,-0.07168340383919375,-0.005569884995044605,0.04929417344021228,-0.10365180914862132,-0.008460915690036878
92,least_connections,3731,measured,181,122,4,light,0,55.47,32.75,3,374.0,458.0,0.0,238.0,417.0,0.0,2,1,0,-0.023780610865975688,0.003713812717697232,-0.008759818688379599,-0.3008541458731362,0.031008387367251977,-0.05552457630208877,-0.23514467232021324,0.020024138992032203,-0.03877249989284598,37.74,37.06,3,389.0,932.0,0.0,342.0,844.0,0.0,1,2,0,-0.04655239235440785,0.03933185288804077,-0.013007092002097103,-0.11118373242263897,0.11852788565047467,-0.0345618178867953,-0.11535621885969005,0.11488166795963997,-0.03578380454531696,15.1,21.53,2,755.0,0.0,0.0,646.0,0.0,0.0,2,0,0,-0.015372190404311092,-0.03850359423902137,-0.0025193309722082056,0.0010641126192925399,-0.06485641299736578,-0.005039419757421309,0.011424887080826979,-0.09378020827732406,-0.007655114195747651
92,least_connections,3732,measured,499,438,16,heavy,2,55.47,32.75,3,374.0,458.0,0.0,238.0,417.0,0.0,2,1,0,-0.021515790783501826,0.003360116268392735,-0.007925550241867257,-0.27220137007569467,0.028055207617989908,-0.05023652141617555,-0.21274994162305005,0.018117078135648196,-0.03507988085543208,37.74,37.06,3,389.0,932.0,0.0,342.0,844.0,0.0,1,2,0,-0.04211883117779758,0.03558596213679879,-0.011768321335230713,-0.10059480552524479,0.10723951558852471,-0.03127021618329098,-0.10436991230162432,0.10394055672538854,-0.03237582316004868,17.62,25.57,2,382.0,0.0,499.0,329.0,0.0,438.0,1,0,1,-0.05699207249732455,-0.03483658526387647,0.04080450553761661,-0.06653246953492578,-0.05867961175952142,0.08573576307661882,-0.08526637200623591,-0.08484875986995986,0.12516918239432354
92,least_connections,3733,measured,435,416,19,heavy,2,55.47,32.75,3,374.0,458.0,0.0,238.0,417.0,0.0,2,1,0,-0.019466667851739755,0.0030401051952124725,-0.0071707359331179945,-0.2462774300684856,0.025383283082943242,-0.045452090805111214,-0.19248804242085477,0.01639164212272931,-0.03173893982158141,37.74,37.06,3,389.0,932.0,0.0,342.0,844.0,0.0,1,2,0,-0.03810751392276923,0.0321968228856751,-0.010647528827113503,-0.09101434785617386,0.09702622838961758,-0.02829210035631089,-0.09442992065385059,0.09404145608487535,-0.029292411430520235,26.32,39.43,3,382.0,0.0,934.0,329.0,0.0,854.0,1,0,2,-0.05156425606900793,-0.03151881523874538,0.08000226237983907,-0.06019604386493285,-0.053091077306233664,0.15628473802170273,-0.07714576514849916,-0.07676792559663036,0.23870862534089593
92,least_connections,3734,measured,397,327,11,medium,0,81.93,49.1,4,374.0,855.0,0.0,238.0,744.0,0.0,2,2,0,-0.0176126994849074,0.04583447159385437,-0.006487808701392471,-0.2228224367286298,0.26242614501155176,-0.04112332025224348,-0.17415584790458288,0.1627591047777075,-0.028716183648097464,37.74,37.06,3,389.0,932.0,0.0,342.0,844.0,0.0,1,2,0,-0.034478226882505486,0.029130458801325088,-0.009633478462626502,-0.08234631472701444,0.08778563520965399,-0.025597614608090808,-0.08543659487729338,0.08508512693393483,-0.02650265796094688,26.32,39.43,3,382.0,499.0,435.0,329.0,438.0,416.0,1,1,1,-0.04665337453862621,0.014566876915511548,0.0292990990692875,-0.05446308730636781,0.04226045386578859,0.051105239162492946,-0.06979854942007069,0.06263854350781062,0.08387923245128678
92,least_connections,3735,measured,479,418,12,heavy,1,69.87,43.0,3,651.0,397.0,0.0,533.0,327.0,0.0,2,1,0,-0.01593529953396383,-0.0016146164037462718,-0.0058699221584027125,-0.03452188719891902,-0.038820789433992864,-0.03720681356155363,-0.02411719572319404,-0.041384619486836055,-0.025981309014945324,51.43,50.12,4,389.0,1411.0,0.0,342.0,1262.0,0.0,1,3,0,-0.031194586227028767,0.06944002961843244,-0.00871600432332874,-0.07450380856253687,0.20324822777472093,-0.0231597465501774,-0.07729977631755117,0.19516630532117912,-0.023978595297999557,26.32,39.43,3,382.0,499.0,435.0,329.0,438.0,416.0,1,1,1,-0.042210196011138,0.013179555304510447,0.026508708681736312,-0.049276126610523246,0.03823564873571349,0.04623807352796981,-0.0631510685229211,0.05667296793563817,0.07589073412259281
92,least_connections,3736,measured,168,123,2,light,0,68.2,43.35,3,626.0,397.0,0.0,540.0,327.0,0.0,2,1,0,-0.014417651959300615,-0.0014608434129132902,-0.0053108819528405495,-0.04631345349743465,-0.03512357139266026,-0.03366330750807233,-0.01865365327336599,-0.037443227154756425,-0.02350689863256958,40.31,39.44,3,0.0,1411.0,0.0,0.0,1262.0,0.0,0,3,0,-0.07130757347978339,0.06282669346429602,-0.007885908673487908,-0.16796603087630887,0.18389125370093798,-0.020954056402541457,-0.16663432143016535,0.1765790381477335,-0.021694919555332932,26.32,39.43,3,382.0,499.0,435.0,329.0,438.0,416.0,1,1,1,-0.03819017734341057,0.011924359561223737,0.023984069759666188,-0.0445831621714258,0.03459415837993125,0.04183444747768697,-0.057136681044547666,0.05127554241795834,0.06866304515853636
92,least_connections,3737,measured,155,100,5,light,0,78.53,48.35,4,781.0,397.0,0.0,640.0,327.0,0.0,3,1,0,0.030039357977866332,-0.0013217154688263122,-0.00480508367161764,0.05158941508962267,-0.031778469355264016,-0.03045727822158925,0.02836098037171647,-0.033877205520970094,-0.021268146381848665,40.31,39.44,3,932.0,479.0,0.0,844.0,418.0,0.0,2,1,0,0.02165142444799642,-0.029324601604865955,-0.007134869752203346,0.08895590403708109,-0.0745473691005119,-0.018958431983251794,0.08786656632508846,-0.07886896548538397,-0.01962873674053932,18.68,28.47,2,0.0,499.0,435.0,0.0,438.0,416.0,0,1,1,-0.07763691782317646,0.010788706269678622,0.02169987263969798,-0.10946095625033762,0.031299476629461614,0.03785021438457393,-0.15091731459586058,0.046392157425771824,0.06212370752439003
92,least_connections,3738,measured,159,103,5,light,2,67.33,42.2,3,1010.0,0.0,0.0,844.0,0.0,0.0,3,0,0,0.027178466741879057,-0.04427973803188594,-0.004347456655273103,0.18480312158902362,-0.26821226592460395,-0.02755658505762837,0.11794564890774345,-0.17857937642373486,-0.019242608631196412,40.31,39.44,3,932.0,479.0,0.0,844.0,418.0,0.0,2,1,0,0.01958938402437771,-0.02653178240440253,-0.006455358347231599,0.08048391317640671,-0.06744761966236792,-0.017152867032465907,0.07949832191317527,-0.07135763543915694,-0.01775933324144034,21.86,31.9,3,159.0,934.0,0.0,103.0,854.0,0.0,1,2,0,-0.02715902542278323,0.0528451106612285,-0.02345068212417348,-0.07026467470268641,0.10703285980760813,-0.04446885365205216,-0.10548074495181037,0.16743417417887294,-0.06925315350967885
92,least_connections,3739,measured,478,439,17,heavy,0,99.2,64.15,4,1010.0,0.0,478.0,844.0,0.0,439.0,3,0,1,0.02459004133789057,-0.040062620124087275,0.03915048706246266,0.1672028242948309,-0.24266824059845118,0.263385311931987,0.10671272996414888,-0.16157181676433155,0.18118525885748896,40.31,39.44,3,932.0,479.0,0.0,844.0,418.0,0.0,2,1,0,0.0177237284030084,-0.02400494598493562,-0.005840562314161923,0.07281877858817751,-0.0610240368373805,-0.015519260648421535,0.07192705315953951,-0.06456167015923722,-0.016067968170826973,21.86,31.9,3,159.0,934.0,0.0,103.0,854.0,0.0,1,2,0,-0.02457245157299434,0.04781224297920674,-0.02121728382663315,-0.06357280092147818,0.09683925411164544,-0.0402337247328091,-0.09543495971830462,0.1514880623523136,-0.06265761508018564
92,least_connections,3740,measured,191,112,4,light,1,99.2,64.15,4,1010.0,0.0,478.0,844.0,0.0,439.0,3,0,1,0.02224813263904385,-0.03624713249322182,0.03542186924699002,0.15127874579056133,-0.21955697958907489,0.238300996509893,0.09654961282470614,-0.14618402469153807,0.1639295199186805,45.77,42.94,4,1602.0,0.0,0.0,1374.0,0.0,0.0,4,0,0,0.10220355472290328,-0.06480266087979436,-0.00528431828424174,0.23908093572943953,-0.1790353530569497,-0.014041235824762341,0.21492804809672625,-0.1765974634774051,-0.014537685487891071,21.86,31.9,3,159.0,934.0,0.0,103.0,854.0,0.0,1,2,0,-0.022232218089852027,0.0432586960288061,-0.019196590128858566,-0.057518248452765965,0.08761646800577445,-0.036401941424922514,-0.08634591593560895,0.13706062784256945,-0.056690223167787004
92,least_connections,3741,measured,168,105,4,light,2,99.2,64.15,4,1010.0,0.0,478.0,844.0,0.0,439.0,3,0,1,0.02012926286389681,-0.032795024636724505,0.03204835789013383,0.1368712461914603,-0.19864679105678204,0.21560566350895083,0.08735441160330559,-0.1322617366256773,0.14831718468832997,45.77,42.94,4,1602.0,0.0,0.0,1374.0,0.0,0.0,4,0,0,0.09246988284453155,-0.05863097889124252,-0.004781049876218717,0.21631132280282625,-0.1619843670515259,-0.012703975270023071,0.19445871018275232,-0.15977865743193795,-0.013153144012853826,25.22,35.4,4,826.0,435.0,0.0,646.0,416.0,0.0,3,1,0,0.06605293646745813,-0.00394508001021851,-0.017368343449919655,0.06865491806654508,-0.011023195613823117,-0.03293508986064418,0.0856394093915919,-0.008088003380532421,-0.05129115429466443
92,least_connections,3742,measured,388,344,7,medium,0,84.2,55.5,3,785.0,478.0,0.0,671.0,439.0,0.0,2,1,0,-0.02487171001656502,0.013412211269720906,-0.014087766897588663,-0.0118783963029645,0.10858941126608607,-0.09324566952364766,0.0007730390696574774,0.07892985733867292,-0.06440349956770146,45.77,42.94,4,1602.0,0.0,0.0,1374.0,0.0,0.0,4,0,0,0.08366322733552854,-0.053047076139695615,-0.004325711792769316,0.19571024444065233,-0.14655728447519012,-0.011494072863354207,0.1759388330224902,-0.14456164243842004,-0.01190046363067727,25.22,35.4,4,826.0,435.0,0.0,646.0,416.0,0.0,3,1,0,0.0597621806134145,-0.0035693581044834166,-0.01571421550230826,0.06211635444115984,-0.009973367460125684,-0.029798414635820926,0.07748327516382122,-0.007317717344291236,-0.04640628245707734
92,least_connections,3743,measured,352,338,10,medium,0,100.0,72.4,4,785.0,830.0,0.0,671.0,777.0,0.0,2,2,0,-0.022502975729273123,0.05521875804221914,-0.012746074812104028,-0.010747120464586923,0.3105650228915382,-0.08436512956901454,0.0006994163011186938,0.224317489973085,-0.058269832942206085,45.77,42.94,4,1602.0,0.0,0.0,1374.0,0.0,0.0,4,0,0,0.07569530092262107,-0.04799497365020079,-0.003913739241077,0.17707117354154261,-0.13259944785850536,-0.010399399257320472,0.15918275368701496,-0.13079386696809434,-0.01076708614204134,22.04,31.97,3,667.0,435.0,0.0,543.0,416.0,0.0,2,1,0,0.010986644137760515,-0.003229419237389758,-0.014217623549707474,0.02742908258962079,-0.009023522940113715,-0.026960470384790363,0.03904042356091761,-0.00662079188293016,-0.04198663650878426
92,least_connections,3744,measured,360,310,11,medium,2,100.0,72.4,4,785.0,830.0,0.0,671.0,777.0,0.0,2,2,0,-0.02035983518362805,0.049959828704864935,-0.011532162925236978,-0.009723585182245253,0.2809874016637727,-0.0763303553243465,0.0006328052248216753,0.20295391949945787,-0.052720325042948366,13.69,13.06,1,479.0,0.0,0.0,418.0,0.0,0.0,1,0,0,-0.060765476035995886,-0.043424023778753096,-0.003541002170498238,-0.13009206747601926,-0.11997092901483818,-0.009408980280432808,-0.12627512761651027,-0.1183373082092282,-0.009741649366608832,29.24,42.3,4,667.0,795.0,0.0,543.0,726.0,0.0,2,2,0,0.009940297077021432,0.04016204472626187,-0.012863564164021048,0.024816789009656906,0.05697871733989712,-0.024392806538619853,0.03532228798368736,0.08750182321703145,-0.03798790922223338
92,least_connections,3745,measured,188,120,3,light,1,81.2,56.05,3,388.0,830.0,0.0,344.0,777.0,0.0,1,2,0,-0.06150470348813512,0.04520174978059208,-0.010433861694262027,-0.2482578469109203,0.25422669674341336,-0.06906079767440873,-0.1473560333680185,0.1836249747852238,-0.047699341705524714,19.06,16.81,2,667.0,0.0,0.0,538.0,0.0,0.0,2,0,0,-0.011894387615334151,-0.039288402466490895,-0.003203763868546025,-0.06910370730823512,-0.10854512625152025,-0.008512886920391588,-0.08032035355779499,-0.10706708837977791,-0.00881387323645561,25.88,38.8,3,934.0,360.0,0.0,854.0,310.0,0.0,2,1,0,0.0089936021173051,-0.006746812141091865,-0.011638462815066662,0.0707675710087372,-0.02716211288295023,-0.022069682106370343,0.12575191135032032,-0.046292001216336615,-0.0343700131058302
92,least_connections,3746,measured,174,106,5,light,1,81.2,56.05,3,740.0,478.0,0.0,682.0,439.0,0.0,2,1,0,-0.012563212452983946,-0.002187078996697858,-0.009440160580522787,-0.012296782125753303,0.01769717006943744,-0.06248357884827457,0.019582636476554727,0.013232120043773915,-0.0431565472573795,24.03,20.12,3,841.0,0.0,0.0,644.0,0.0,0.0,3,0,0,0.03232231143193123,-0.03554664985063462,-0.0028986435001130705,-0.017542810013573246,-0.0982074951799469,-0.007702135785116199,-0.042700557980862114,-0.09687022281979905,-0.007974456737745552,25.88,38.8,3,934.0,360.0,0.0,854.0,310.0,0.0,2,1,0,0.008137068582323659,-0.006104258603845017,-0.010530037785060313,0.06402780234123842,-0.024575244989335915,-0.01996780762004936,0.113775538840766,-0.04188323919573314,-0.03109667852432256
92,least_connections,3747,measured,375,338,15,medium,0,100.0,72.95,4,740.0,478.0,375.0,682.0,439.0,338.0,2,1,1,-0.01136671602889025,-0.0019787857589171065,0.03454280255866532,-0.011125660018538708,0.0160117253009196,0.16965771437537064,0.01771762347878758,0.01197191813484308,0.11385836200522807,10.34,7.06,2,362.0,0.0,0.0,226.0,0.0,0.0,2,0,0,-0.013839904169295786,-0.032161254626764654,-0.002622582214388016,-0.13969519545445744,-0.08885440040090434,-0.006968599043676561,-0.15681836198268478,-0.08764448731315153,-0.00721498466748407,25.88,38.8,3,934.0,360.0,0.0,854.0,310.0,0.0,2,1,0,0.007362109669721395,-0.005522900641574069,-0.009527177043625996,0.05792991640397763,-0.022234745466542014,-0.018066111656235135,0.10293977323688352,-0.03789435927232998,-0.0281350900934347
92,least_connections,3748,measured,179,116,4,light,1,100.0,72.95,4,740.0,853.0,0.0,682.0,777.0,0.0,2,2,0,-0.010284171645186413,0.0412935702544038,-0.011830888387964934,-0.010066073350106508,0.24067727527226057,-0.07269063937466466,0.016030230766522102,0.16373649736009613,-0.04989005342384128,10.09,6.94,2,353.0,0.0,0.0,222.0,0.0,0.0,2,0,0,-0.012521818057934286,-0.02909827799564421,-0.0023728124796843957,-0.1287174217377064,-0.08039207655319916,-0.006304922944278793,-0.14301423227004811,-0.07929739328332758,-0.006527843270580825,15.9,24.2,2,795.0,0.0,0.0,726.0,0.0,0.0,2,0,0,0.006660956367843168,-0.04808081033103867,-0.00861982684899495,0.027260400555979752,-0.08526000780306182,-0.01634552959373655,0.05453281070638666,-0.12777743616702872,-0.025455557703583775
92,least_connections,3749,measured,373,337,8,medium,1,80.33,55.75,3,830.0,375.0,0.0,777.0,338.0,0.0,2,1,0,-0.00930472672659724,-0.005723050948963457,-0.010704137112920654,0.045178314587998814,-0.07056183030922458,-0.06576772133898232,0.05747973259828193,-0.050452692864674936,-0.045138619764427824,20.74,17.47,3,353.0,373.0,0.0,222.0,337.0,0.0,2,1,0,-0.011329263957178648,0.01675688680212689,-0.0021468303387620724,-0.11645861966744868,0.023686080397445658,-0.005704454092442718,-0.12939382919671022,0.023537477505560775,-0.00590614391147789,15.9,24.2,2,795.0,0.0,0.0,726.0,0.0,0.0,2,0,0,0.006026579570905716,-0.043501685537606416,-0.007798890958614478,0.024664171931600726,-0.07714000705991308,-0.014788812489571165,0.049339209686730806,-0.1156081565320736,-0.023031218874671036
92,least_connections,3750,measured,194,104,2,light,2,80.33,55.75,3,830.0,375.0,0.0,777.0,338.0,0.0,2,1,0,-0.008418562276445135,-0.0051779984776336024,-0.009684695483118688,0.040875617960570376,-0.06384165599406033,-0.05950412883050781,0.05200547235082653,-0.04564767449661067,-0.04083970359638708,20.74,17.47,3,726.0,0.0,0.0,559.0,0.0,0.0,3,0,0,0.03283361378931002,-0.02792290740578542,-0.001942370306499018,-0.008945553848780069,-0.07499150549074644,-0.0051611727503053165,-0.02178786927321405,-0.07398692511401644,-0.005343654015146662,19.78,27.67,3,989.0,0.0,0.0,830.0,0.0,0.0,3,0,0,0.048536519838529205,-0.039358667867358185,-0.007056139438746433,0.05741996508097211,-0.06979333972087375,-0.013380354157231053,0.07600531670069297,-0.10459785590997135,-0.0208377694580357
92,least_connections,3751,measured,383,337,9,medium,0,100.0,72.6,4,830.0,758.0,0.0,777.0,675.0,0.0,2,2,0,-0.007616794440593211,0.03839904446127935,-0.008762343532345479,0.036982701964325515,0.17325437473553268,-0.05383706894188802,0.047052570222176404,0.11115210402687609,-0.036950208015778786,15.77,14.16,2,552.0,0.0,0.0,453.0,0.0,0.0,2,0,0,-0.013377297274524497,-0.025263582890948714,-0.0017573826582610163,-0.05307318817610712,-0.0678494573487706,-0.004669632488371477,-0.0496830721995746,-0.06694055129363392,-0.004834734585132694,19.78,27.67,3,989.0,0.0,0.0,830.0,0.0,0.0,3,0,0,0.04391399413962166,-0.035610223308562165,-0.00638412615886582,0.051951396978022396,-0.06314635498555243,-0.01210603471368524,0.06876671511015078,-0.09463615534711693,-0.018853219985841822
92,least_connections,3752,measured,196,101,6,light,1,100.0,72.6,4,830.0,758.0,0.0,777.0,675.0,0.0,2,2,0,-0.006891385446251008,0.03474199260782417,-0.007927834624503053,0.033460539872484985,0.15675395809405335,-0.04870972904266059,0.04257137305815961,0.1005661893576498,-0.033431140585704615,16.26,13.69,2,569.0,0.0,0.0,438.0,0.0,0.0,2,0,0,-0.012103268962665031,-0.022857527377525028,-0.0015900128812837767,-0.043624041002872455,-0.061387604267935304,-0.004224905584717051,-0.049192422466281804,-0.06056526069424022,-0.004374283672262914,7.2,10.33,1,360.0,0.0,0.0,310.0,0.0,0.0,1,0,0,-0.046436091470047514,-0.032218773469651484,-0.005776114143735742,-0.06681540273417023,-0.05713241641549982,-0.010953079026667598,-0.09460789267811756,-0.08562318817120103,-0.017057675225285458
92,least_connections,3753,measured,177,110,2,light,2,82.4,55.7,3,861.0,375.0,0.0,776.0,338.0,0.0,2,1,0,-0.006235063022798526,-0.011650668819678356,-0.007172802755502763,0.048972234487803856,-0.08919086331172943,-0.044070707229073865,0.03806457562404919,-0.061463923914507335,-0.03024722243468513,16.26,13.69,2,569.0,0.0,0.0,438.0,0.0,0.0,2,0,0,-0.010950576680506446,-0.02068062000823693,-0.0014385830830662741,-0.039469370431170325,-0.05554116576622718,-0.003822533624267808,-0.04450742985044545,-0.054797140628122104,-0.003957685227285494,10.74,14.0,2,537.0,0.0,0.0,420.0,0.0,0.0,2,0,0,0.0010702936586191314,-0.0291503188534942,-0.005226008034808528,-0.028423459616630203,-0.05169123389973793,-0.009909928643175445,-0.052423014010360314,-0.07746859882156283,-0.015433134727639224
92,least_connections,3754,measured,374,324,9,medium,1,82.4,55.7,3,861.0,375.0,0.0,776.0,338.0,0.0,2,1,0,-0.005641247496817714,-0.010541081313042322,-0.006489678683550119,0.044308212155632076,-0.08069649537727897,-0.03987349701678112,0.034439377945568284,-0.055610216875030455,-0.027366534583762737,26.94,23.81,3,569.0,374.0,0.0,438.0,324.0,0.0,2,1,0,-0.00990766461569631,0.024372863076447766,-0.0013015751703932957,-0.03571038277105887,0.04642874117749514,-0.003458482802908969,-0.04026862700754588,0.04202877752693715,-0.0035807628246868756,10.74,14.0,2,537.0,0.0,0.0,420.0,0.0,0.0,2,0,0,0.0009683609292268358,-0.026374098010304277,-0.004728292983874382,-0.02571646346266543,-0.046768259242620035,-0.008966125915253975,-0.047430346009373625,-0.07009063702903304,-0.013963312372625965
92,least_connections,3755,measured,362,326,10,medium,2,82.4,55.7,3,1236.0,0.0,0.0,1114.0,0.0,0.0,3,0,0,0.037979914396303244,-0.05262106903379566,-0.005871614047021536,0.2662788586170005,-0.2992015910556334,-0.03607602111042101,0.18406419909360944,-0.2032187676488371,-0.024760197956737715,26.94,23.81,3,569.0,374.0,0.0,438.0,324.0,0.0,2,1,0,-0.008964077509439505,0.02205163802154798,-0.001177615630355839,-0.03230939393571994,0.04200695630344799,-0.00312910348834621,-0.0364335196734939,0.038026036810086,-0.003239737793764316,7.24,10.87,1,0.0,362.0,0.0,0.0,326.0,0.0,0,1,0,-0.08529166437469045,0.019221621074577307,-0.004277979366362536,-0.12043870503764967,0.02319062259001045,-0.008112209161420263,-0.16957983686562378,0.03490212205309709,-0.01263347309904254
92,least_connections,3756,measured,189,104,6,light,2,50.53,33.75,2,758.0,0.0,0.0,675.0,0.0,0.0,2,0,0,-0.008721120534863958,-0.047609538649624646,-0.005312412709209961,-0.04739849299731702,-0.2707062014312873,-0.0326402095760952,-0.032060962724829556,-0.18386459930132878,-0.022402083865619836,26.94,23.81,3,943.0,0.0,0.0,762.0,0.0,0.0,3,0,0,0.03497354438488352,-0.023132418207261574,-0.0010654617607981402,0.0674479633098588,-0.05867397831048584,-0.0028310936323132376,0.05864348220017218,-0.05720263336230315,-0.0029311913372153334,11.02,14.33,2,189.0,362.0,0.0,104.0,326.0,0.0,1,1,0,-0.03408474849320066,0.017390990496046137,-0.0038705527600422945,-0.07476835217692114,0.020981991867152314,-0.0073396178127135715,-0.12206429684667548,0.03157811042899261,-0.011430285184848014
92,least_connections,3757,measured,382,310,13,medium,0,76.0,49.25,3,758.0,382.0,0.0,675.0,310.0,0.0,2,1,0,-0.007890537626781685,8.603353287450766e-06,-0.004806468641666155,-0.042884350807096405,-0.014511960025132942,-0.02953161818789566,-0.02900753770341724,-0.026115589844059373,-0.02026855206889414,16.29,13.28,2,570.0,0.0,0.0,425.0,0.0,0.0,2,0,0,-0.011441169592815131,-0.020929330758950947,-0.0009639892121506982,-0.03539742095094403,-0.053085980376153856,-0.0025614656673310244,-0.04222434943793946,-0.05175476351827428,-0.0026520302574805396,11.02,14.33,2,189.0,362.0,0.0,104.0,326.0,0.0,1,1,0,-0.030838581970038692,0.015734705686898887,-0.003501928687657314,-0.06764755673150008,0.018983706927423523,-0.0066406065924551365,-0.11043912571842067,0.028570671340517134,-0.010341686595814869
92,least_connections,3758,measured,364,304,6,medium,1,76.0,49.25,3,758.0,382.0,0.0,675.0,310.0,0.0,2,1,0,-0.007139057852802472,7.783986307699498e-06,-0.004348709723412236,-0.038800126920706224,-0.013129868594167926,-0.026719083122381786,-0.026244915064996543,-0.02362839081129181,-0.018338213776618508,21.09,19.62,2,738.0,0.0,0.0,628.0,0.0,0.0,2,0,0,-0.010351534393499395,-0.018936061162860382,-0.0008721807157553936,0.011402333425336336,-0.04803017272128206,-0.002317516556156641,0.01919285050853095,-0.046825738421295775,-0.0023994559472442977,11.02,14.33,2,551.0,0.0,0.0,430.0,0.0,0.0,2,0,0,0.01518232606338904,-0.028847737938610757,-0.003168411669785189,0.0042998296238808825,-0.048329027065664436,-0.006008167869364171,-0.001603653427777435,-0.07246780529508767,-0.00935676406288012
92,least_connections,3759,measured,398,350,8,medium,1,76.0,49.25,3,758.0,382.0,0.0,675.0,310.0,0.0,2,1,0,-0.006459147581106994,7.042654278394123e-06,-0.003934546892611071,-0.03510487673778184,-0.011879404918532843,-0.024174408539297806,-0.02374539934452069,-0.021378067876883067,-0.016591717226464364,32.46,30.56,3,738.0,398.0,0.0,628.0,350.0,0.0,2,1,0,-0.009365673975070876,0.02595127346035988,-0.0007891158856834513,0.010316396908637615,0.05942848318414617,-0.0020968006936655324,0.01736495998390894,0.056592189047399065,-0.002170936333221031,11.02,14.33,2,551.0,0.0,0.0,430.0,0.0,0.0,2,0,0,0.01373639024782819,-0.026100334325409733,-0.002866658177424695,0.0038903220406541345,-0.0437262625832202,-0.0054359614056152025,-0.001450924529893871,-0.06556610955269837,-0.008465643675939155
92,least_connections,3760,measured,157,101,7,light,2,50.47,32.4,2,375.0,382.0,0.0,338.0,310.0,0.0,1,1,0,-0.04892789089537798,6.371925299494818e-06,-0.003559828140933826,-0.2627774281595804,-0.010748033021529713,-0.021872083916507537,-0.17393631369266158,-0.01934206141241801,-0.015011553681086805,32.46,30.56,3,1136.0,0.0,0.0,978.0,0.0,0.0,3,0,0,0.03461019520169324,-0.019604176619765094,-0.0007139619918088369,0.11221823665883537,-0.04911572609869768,-0.0018971053895069103,0.114669487604489,-0.04775587657616275,-0.001964180491961885,14.16,17.7,3,708.0,0.0,0.0,531.0,0.0,0.0,3,0,0,0.055512062831935244,-0.023614588199180234,-0.0025936431129080575,0.03192933898916327,-0.03956185662291352,-0.004918250795556612,0.029147576218984894,-0.0593217181667271,-0.0076593918972782836
92,least_connections,3761,measured,190,105,3,light,0,63.13,37.65,3,565.0,382.0,0.0,443.0,310.0,0.0,2,1,0,-0.0011841915357274635,5.7650752709748065e-06,-0.0032207968894163185,-0.12314783182692196,-0.00972441082900305,-0.01978902830541158,-0.10987095048383669,-0.017499960325521063,-0.013581881901935681,32.46,30.56,3,1136.0,0.0,0.0,978.0,0.0,0.0,3,0,0,0.031313986134865315,-0.017737112179787465,-0.0006459656116365668,0.10153078554847009,-0.04443803789882171,-0.0017164286857443475,0.1037485840231091,-0.043207697854623445,-0.0017771156832036103,14.16,17.7,3,708.0,0.0,0.0,531.0,0.0,0.0,3,0,0,0.05022519970508427,-0.021365579799258308,-0.00234662948310729,0.02888844956162391,-0.03579406075406461,-0.004449845957884554,0.026371616579081575,-0.0536720307222769,-0.0069299260022994
92,least_connections,3762,measured,191,121,5,light,0,50.87,26.8,3,381.0,382.0,0.0,226.0,310.0,0.0,2,1,0,-0.0010714113894677024,5.216020483256312e-06,-0.0029140543285195264,-0.22240359387515163,-0.008798276464336119,-0.01790435894299143,-0.19757371710442367,-0.015833297437376187,-0.012288369339846568,32.46,30.56,3,1136.0,0.0,0.0,978.0,0.0,0.0,3,0,0,0.02833170174106861,-0.016047863400760087,-0.000584445077194989,0.09186118692480627,-0.04020584381321964,-0.0015529592871020286,0.09386776649709871,-0.03909267901132597,-0.0016078665705175522,10.38,14.23,2,519.0,0.0,0.0,427.0,0.0,0.0,2,0,0,0.0023579471254617235,-0.019330762675519423,-0.002123140960906596,-0.008062831349006941,-0.03238510258701084,-0.004026051104752692,-0.007505045317338865,-0.04856040874872672,-0.006269933049699457
92,least_connections,3763,measured,382,310,11,medium,2,50.87,26.8,3,763.0,0.0,0.0,536.0,0.0,0.0,3,0,0,0.04211452801723897,-0.04307918097012966,-0.002636525344851,0.029190399192323135,-0.23837304378519297,-0.01619918190080177,-0.03851907738019278,-0.1545634595861975,-0.011118048450337372,21.77,20.44,2,762.0,0.0,0.0,654.0,0.0,0.0,2,0,0,-0.01745045579436197,-0.014519495457830555,-0.0005287836412716567,-0.013567769653066442,-0.036376715831008245,-0.001405058402616121,-0.0066791636454821,-0.03536956672453302,-0.001454736420944452,18.02,24.57,3,519.0,382.0,0.0,427.0,310.0,0.0,2,1,0,0.0021333807325606136,0.02559416256795408,-0.0019209370598678725,-0.007294942649101521,0.0398230024212759,-0.0036426176662048165,-0.006790279096639901,0.04955645557654884,-0.005672796568775699
92,least_connections,3764,measured,371,308,11,medium,1,38.2,21.55,2,573.0,0.0,0.0,431.0,0.0,0.0,2,0,0,-0.004980279639731633,-0.03897640183011731,-0.0023854276929604285,-0.08819281342916802,-0.21567084913898413,-0.014656402672153982,-0.08235059382017443,-0.13984313010179775,-0.010059186693162385,21.97,20.56,2,398.0,371.0,0.0,350.0,308.0,0.0,1,1,0,-0.05887240785022772,0.029947213860148772,-0.00047842329448387984,-0.10637083920991727,0.06299249520051635,-0.0012712433166526809,-0.0919954337744838,0.05508229677304155,-0.0013161900951402185,18.02,24.57,3,519.0,382.0,0.0,427.0,310.0,0.0,2,1,0,0.0019302016151738766,0.023156623275767976,-0.0017379906732137894,-0.006600186206329947,0.036030335524011525,-0.003295701697994834,-0.006143585849340855,0.04483679314068705,-0.005132530228892299
92,least_connections,3765,measured,446,429,16,heavy,0,67.93,43.0,3,573.0,0.0,446.0,431.0,0.0,429.0,2,0,1,-0.004505967293090524,-0.03526436356058233,0.040925656123602695,-0.07979349786448536,-0.19513076826860468,0.2557553182172575,-0.07450768012301492,-0.12652473675876938,0.18497025965856737,21.97,20.56,2,398.0,371.0,0.0,350.0,308.0,0.0,1,1,0,-0.053265511864491744,0.027095098254420316,-0.0004328591711997008,-0.09624028309468705,0.05699320994332432,-0.0011501725245905208,-0.08323396389119961,0.04983636374703759,-0.0011908386575078167,10.78,13.7,2,157.0,382.0,0.0,101.0,310.0,0.0,1,1,0,-0.04133752733683814,0.020951230582837693,-0.0015724677519553332,-0.07147635894858426,0.03259887499791519,-0.00298182534580485,-0.10387594275257826,0.040566622365383526,-0.004643717826140652
92,least_connections,3766,measured,376,328,8,medium,1,67.93,43.0,3,573.0,0.0,446.0,431.0,0.0,429.0,2,0,1,-0.004076827550891421,-0.031905852745288774,0.037027974588021484,-0.07219411711548679,-0.17654688557635662,0.23139766886323299,-0.06741171058748965,-0.11447476182936277,0.16735404445298951,32.71,30.81,3,398.0,747.0,0.0,350.0,636.0,0.0,1,2,0,-0.04819260597263539,0.06759851293313765,-0.00039163448822830075,-0.08707454184757399,0.14876256409838187,-0.0010406322841533284,-0.07530691971108536,0.13782813862827212,-0.0010774254520308818,10.78,13.7,2,157.0,382.0,0.0,101.0,310.0,0.0,1,1,0,-0.03740061997142498,0.018955875289234102,-0.0014227089184357777,-0.06466908666776672,0.029494220236208978,-0.0026978419795377216,-0.09398299582376128,0.03670313452106129,-0.004201458985555828
92,least_connections,3767,measured,419,435,15,heavy,2,55.2,36.95,2,382.0,446.0,0.0,310.0,429.0,0.0,1,1,0,-0.04677245848708769,0.014216700123877046,-0.009582399409023641,-0.18052483612036108,0.10928297654202654,-0.059656077377709844,-0.11572964291249063,0.09049902501152893,-0.042655864542533284,21.34,19.88,2,376.0,371.0,0.0,328.0,308.0,0.0,1,1,0,-0.043602833975241534,0.01807665909370051,-0.00035433596553989115,-0.0844688031682132,0.03739742193935229,-0.0009415244475672971,-0.0743550702147915,0.03196355399700809,-0.0009748135042184168,16.02,24.83,2,382.0,0.0,419.0,310.0,0.0,435.0,1,0,1,-0.0338386561646226,-0.0259333463936408,0.04179668739579166,-0.017795840318455602,-0.04243856264342997,0.07337814297089444,-0.02200048828499035,-0.06028446559205566,0.12738915615592566
92,least_connections,3768,measured,423,436,14,heavy,0,83.4,58.75,3,382.0,869.0,0.0,310.0,865.0,0.0,1,2,0,-0.04231793863117457,0.05594662891026517,-0.00866978994149758,-0.16333199458508857,0.35401793115707164,-0.053974546198880334,-0.1047077721589201,0.2791181654866214,-0.03859340125276821,21.34,19.88,2,747.0,0.0,0.0,636.0,0.0,0.0,2,0,0,0.0036337171063007545,-0.026728827713409287,-0.00032058968310752056,0.019480606657330923,-0.062068999197728875,-0.0008518554525608878,0.019809698377093427,-0.0581639273360403,-0.0008819741228642819,16.02,24.83,2,382.0,419.0,0.0,310.0,435.0,0.0,1,1,0,-0.030615927006087118,0.019620396346796645,-0.005267849725803004,-0.016100998383364595,0.037422252846420506,-0.009429299216809791,-0.019905203686419848,0.0766473882738544,-0.015933620620829144
92,least_connections,3769,measured,392,313,12,medium,1,83.4,58.75,3,382.0,869.0,0.0,310.0,865.0,0.0,1,2,0,-0.03828765876153889,0.050618378537858964,-0.007844095661354954,-0.14777656652936583,0.32030193771354104,-0.0488341132275584,-0.09473560338188008,0.25253548305932416,-0.03491783922869505,32.54,29.66,3,747.0,392.0,0.0,636.0,313.0,0.0,2,1,0,0.00328764881046259,0.018900675152720394,-0.0002900573323353757,0.017625310785204157,0.045175667392531024,-0.0007707263618408033,0.017923060436417865,0.03587251812453497,-0.000797976587353398,16.02,24.83,2,382.0,419.0,0.0,310.0,435.0,0.0,1,1,0,-0.02770012443407882,0.017751787170911252,-0.004766149751917004,-0.014567569965901306,0.03385822876580903,-0.008531270719970764,-0.018009470001998915,0.06934763700967779,-0.01441613294265494
92,least_connections,3770,measured,382,301,11,medium,2,57.93,43.25,2,0.0,869.0,0.0,0.0,865.0,0.0,0,2,0,-0.07772511529672113,0.045797580581872395,-0.007097038931702102,-0.3641153062249818,0.2897969912646324,-0.04418324530112427,-0.2259512602026534,0.22848448467272184,-0.031592330730724094,32.54,29.66,3,747.0,392.0,0.0,636.0,313.0,0.0,2,1,0,0.0029745393999423553,0.01710061085246131,-0.00026243282449391135,0.015946709758041855,0.040873222878956644,-0.0006973238511892982,0.016216102299616147,0.03245608782696022,-0.0007219788171292648,23.66,34.87,3,382.0,801.0,0.0,310.0,736.0,0.0,1,2,0,-0.025062017345118925,0.05914504100043898,-0.004312230727924909,-0.013180182350101183,0.09975744507382722,-0.007718768746640215,-0.016294282382760927,0.153520877929391,-0.013043167900497327
92,least_connections,3771,measured,161,114,7,light,0,68.67,48.95,3,161.0,869.0,0.0,114.0,865.0,0.0,1,2,0,-0.027238823136942703,0.04143590624074169,-0.006421130462016187,-0.2323265469019677,0.2621972778108579,-0.03997531717720767,-0.1528606639928769,0.20672405756103404,-0.02858353732779799,32.54,29.66,3,747.0,392.0,0.0,636.0,313.0,0.0,2,1,0,0.0026912499332811812,0.015471981247464989,-0.0002374392221611579,0.014427975495371198,0.03698053498572268,-0.0006309120558379365,0.014671711604414606,0.029365031843440192,-0.0006532189297836205,23.66,34.87,3,382.0,801.0,0.0,310.0,736.0,0.0,1,2,0,-0.022675158550345687,0.05351217995277812,-0.0039015420871701557,-0.01192492688818679,0.09025673601917703,-0.006983647913626861,-0.014742445965355136,0.13889984193611565,-0.011800961433783296
92,least_connections,3772,measured,169,105,4,light,0,79.93,54.2,4,330.0,869.0,0.0,219.0,865.0,0.0,2,2,0,0.018439250721904443,0.03748962945590915,-0.0058095942275384555,-0.10826370116527237,0.2372261084955381,-0.0361681441127117,-0.09080250551736481,0.1870360520790308,-0.025861295677531513,32.54,29.66,3,747.0,392.0,0.0,636.0,313.0,0.0,2,1,0,0.0024349404158258425,0.013998459223896892,-0.0002148259629077143,0.013053882591050114,0.033458579272796704,-0.0005708251933771807,0.013274405737327494,0.02656836214406494,-0.0005910076031375614,23.66,34.87,3,382.0,801.0,0.0,310.0,736.0,0.0,1,2,0,-0.02051561964078895,0.04841578186203735,-0.0035299666502968076,-0.010789219565502342,0.08166085639830302,-0.006318538588519541,-0.01333840349246418,0.12567128556124751,-0.010677060344851554
92,least_connections,3773,measured,351,321,9,medium,1,79.93,54.2,4,330.0,869.0,0.0,219.0,865.0,0.0,2,2,0,0.016683131605532586,0.03391918855534637,-0.005256299539201459,-0.09795287248286547,0.21463314578167736,-0.03272355895912011,-0.08215464784904435,0.1692230947381707,-0.023398315136814226,42.57,39.69,4,747.0,743.0,0.0,636.0,634.0,0.0,2,2,0,0.002203041328604327,0.05574917285790218,-0.0001943663473926939,0.011810655677616771,0.12100674179103374,-0.0005164608892460206,0.012010176619486779,0.11479697051129685,-0.0005347211647435079,23.66,34.87,3,382.0,801.0,0.0,310.0,736.0,0.0,1,2,0,-0.01856175110357096,0.04380475501803379,-0.00319377935026854,-0.009761674844978308,0.07388363197941701,-0.005716773008660537,-0.012068079350324737,0.11370259169827154,-0.009660197454865693
92,least_connections,3774,measured,462,430,14,heavy,2,79.93,54.2,4,776.0,423.0,0.0,648.0,436.0,0.0,3,1,0,0.05817816215557256,-0.012395110581443991,-0.004755699583087035,0.18039184553137572,-0.07482397921340306,-0.029607029534442005,0.1197410328984837,-0.040964819046416995,-0.021169904171403346,31.83,29.44,3,763.0,351.0,0.0,621.0,321.0,0.0,2,1,0,0.001993227868737235,0.007355827597058884,-0.0001758552666886278,0.01482188574913626,0.008148956858554351,-0.00046727413788925676,0.006625278846202315,0.015366901891173346,-0.0004837953395298405,25.26,38.87,3,382.0,881.0,0.0,301.0,865.0,0.0,1,2,0,-0.016793965284183254,0.03963287358774486,-0.002889609888338203,-0.008831991526408942,0.08132328607661538,-0.005172318436407153,-0.013633024174103336,0.14177853534605522,-0.008740178649640388
92,least_connections,3775,measured,430,445,17,heavy,1,79.93,54.2,4,1199.0,0.0,0.0,1084.0,0.0,0.0,4,0,0,0.09572128503418016,-0.054298524086159074,-0.004302775813269222,0.41835452690933994,-0.32284074309784083,-0.026787312435923718,0.3055752202414853,-0.23430150294675822,-0.019153722821745885,33.51,33.72,3,743.0,0.0,430.0,634.0,0.0,445.0,2,0,1,0.001803396643143218,-0.03642862763894219,0.04292479308070575,0.008240209555340966,-0.08336182814838279,0.11073369074599135,0.009669895146563995,-0.07685554114608126,0.12538073278804443,25.26,38.87,3,801.0,462.0,0.0,736.0,430.0,0.0,2,1,0,0.027889360207734415,-0.007225586028321546,-0.0026144089465917073,0.06782819814277287,-0.00224083640687181,-0.004679716680558853,0.11885583527104937,-0.00291465849642622,-0.00790778068300797
92,least_connections,3776,measured,162,121,4,light,1,68.67,48.95,3,1030.0,0.0,0.0,979.0,0.0,0.0,3,0,0,0.043521071947024675,-0.04912723607795345,-0.003892987640576915,0.276574730695752,-0.29209400565995125,-0.024236139822978602,0.22897281831372474,-0.211987074094686,-0.017329558743484373,38.14,37.5,4,905.0,0.0,430.0,755.0,0.0,445.0,3,0,1,0.04471554480864885,-0.032959234530471504,0.03883671754920996,0.049332978713335696,-0.07542260641996539,0.10018762496065885,0.04296026227546265,-0.06953596579883542,0.11343971061775449,25.26,38.87,3,801.0,462.0,0.0,736.0,430.0,0.0,2,1,0,0.025233230664140655,-0.006537434978005213,-0.002365417618344878,0.06136836974822307,-0.002027423415741164,-0.004234029377648486,0.10753623191190181,-0.002637071972957067,-0.007154658713197686
92,least_connections,3777,measured,467,449,17,heavy,0,99.8,71.4,4,1030.0,0.0,467.0,979.0,0.0,449.0,3,0,1,0.03937620795206995,-0.04444845168957693,0.03956167331385445,0.2502342801532994,-0.2642755289304321,0.25975460365222575,0.20716588323622714,-0.19179782894281114,0.1874399230416094,38.14,37.5,4,905.0,0.0,430.0,755.0,0.0,445.0,3,0,1,0.04045692149353944,-0.02982025981328374,0.0351379825445233,0.044634599788256096,-0.06823950104663534,0.09064594639297704,0.03886880872541859,-0.062913492865613,0.10263592865415883,25.26,38.87,3,801.0,462.0,0.0,736.0,430.0,0.0,2,1,0,0.022830065838984392,-0.005914822122957103,-0.0021401397499310804,0.055523763105535154,-0.001834335471384868,-0.0038307884845391062,0.09729468601553021,-0.00238592226124687,-0.006473262645274097
92,least_connections,3778,measured,434,417,15,heavy,2,89.07,65.7,3,869.0,0.0,467.0,865.0,0.0,449.0,2,0,1,-0.007457807317741705,-0.04021526581437913,0.035793894903011166,0.12929133283711225,-0.2391064309370576,0.2350160699710614,0.13586437054706269,-0.17353136904349578,0.16958850179955134,38.14,37.5,4,905.0,430.0,0.0,755.0,445.0,0.0,3,1,0,0.03660388135129758,0.016103665157595884,-0.011292392210283903,0.04038368552270788,0.049415961638078224,-0.02914346346757859,0.03516701741823586,0.06889672074063587,-0.032957374074808685,33.94,52.77,4,801.0,462.0,434.0,736.0,430.0,417.0,2,1,1,0.020655773854319215,-0.005351505730294526,0.04114758331015306,0.05023578566691275,-0.001659636855062499,0.07506738184732176,0.08802852544262257,-0.0021586915696995557,0.1199051433209425
92,least_connections,3779,measured,166,105,4,light,0,100.0,70.95,4,1035.0,0.0,467.0,970.0,0.0,449.0,3,0,1,0.03633636027261011,-0.03638524049872397,0.032384952531295814,0.21710485669389512,-0.21633438989543308,0.21263358711667457,0.1704249066854377,-0.1570045719917343,0.1534372159138798,38.14,37.5,4,905.0,430.0,0.0,755.0,445.0,0.0,3,1,0,0.033117797413078756,0.014569982761634376,-0.01021692628549496,0.036537620234830925,0.04470967957730887,-0.02636789551828539,0.03181777766411814,0.06233512828914674,-0.029818576543874525,33.94,52.77,4,801.0,896.0,0.0,736.0,847.0,0.0,2,2,0,0.018688557296764996,0.038242061708871844,-0.005855134374714126,0.045451425127206777,0.07703175713113394,-0.010615225947661263,0.07964485635284899,0.12380880286550991,-0.017276298900099657
92,least_connections,3780,measured,350,316,14,medium,0,100.0,86.75,5,1035.0,817.0,0.0,970.0,765.0,0.0,3,2,0,0.03287575453236152,0.05324782095466924,-0.013783228888918295,0.1964282036754289,0.29706253612635414,-0.08929977038650079,0.1541939631915865,0.20401967295985945,-0.0642948998874421,33.51,33.72,3,743.0,430.0,0.0,634.0,445.0,0.0,2,1,0,-0.013120178757781348,0.013182365355764433,-0.009243885686876393,-0.00881970414127542,0.040451614855660414,-0.02385666737368678,-0.005423796399131209,0.0563984494044661,-0.02697871211112457,33.94,52.77,4,801.0,896.0,0.0,736.0,847.0,0.0,2,2,0,0.016908694697073096,0.034599960593741194,-0.005297502529503256,0.0411227179722347,0.06969539930912119,-0.009604252047884,0.07205963193829193,0.11201748830688993,-0.015630937100090166
92,least_connections,3781,measured,187,106,4,light,1,93.73,65.3,4,589.0,817.0,0.0,541.0,765.0,0.0,2,2,0,-0.01333916993557313,0.048176599911367406,-0.012470540423307029,-0.09129511730953249,0.26877086601908234,-0.0807950303496912,-0.054562604731421716,0.18458922791606333,-0.058171576088638086,27.66,27.25,3,538.0,430.0,0.0,427.0,445.0,0.0,2,1,0,-0.011870637923706934,0.011926901988548774,-0.008363515621459594,-0.060972929597208375,0.03659908010750228,-0.02158460381428804,-0.06343403007540444,0.051027168508802664,-0.024409310957684133,26.3,42.73,3,881.0,434.0,0.0,865.0,417.0,0.0,2,1,0,0.015298342821161381,-0.011779173975277238,-0.004792978479074375,0.05168245911773614,-0.02054225776793797,-0.008689561376656952,0.1041015717536927,-0.028333383595353534,-0.014142276423891103
92,least_connections,3782,measured,166,120,5,light,1,65.53,43.5,3,166.0,817.0,0.0,105.0,765.0,0.0,1,2,0,-0.05515267302560925,0.04358835230076099,-0.011282869906801598,-0.33774320137529124,0.24317364068393166,-0.07310026555448251,-0.24660426142366731,0.16700930144786683,-0.05263142598495827,22.37,20.97,3,353.0,430.0,0.0,226.0,445.0,0.0,2,1,0,-0.010740100978591988,0.010791006561067934,-0.007566990324177728,-0.10298911317298447,0.033113453430597295,-0.019528927260546322,-0.11422305102060401,0.04616743817463098,-0.022084614675999932,17.92,28.23,2,462.0,434.0,0.0,430.0,417.0,0.0,1,1,0,-0.02924254243618278,-0.010657347882393697,-0.004336504338210149,-0.0290587274649054,-0.018585852266229594,-0.007861984102689623,-0.037003339841897076,-0.025634966110081786,-0.012795392954949093
92,least_connections,3783,measured,445,439,14,heavy,2,54.47,38.25,2,0.0,817.0,0.0,0.0,765.0,0.0,0,2,0,-0.09298393772611811,0.039437080653069466,-0.010208310868058589,-0.40570416632367623,0.22001424633308103,-0.06613833550167465,-0.2706181412880799,0.15110365369092713,-0.047618909224486056,22.37,20.97,3,353.0,430.0,0.0,226.0,445.0,0.0,2,1,0,-0.009717234218726084,0.00976329165049003,-0.006846324579017945,-0.09318062620412883,0.029959791199111838,-0.017669029426208578,-0.10334466520911792,0.04177053930085661,-0.019981318040190415,26.82,42.87,3,462.0,879.0,0.0,430.0,856.0,0.0,1,2,0,-0.026457538394641558,0.0334415378569726,-0.0039235039250472776,-0.026291229611104888,0.06370803842579228,-0.007113223711957278,-0.0334792122379069,0.10920328463056089,-0.011576784102096798
92,least_connections,3784,measured,398,318,11,medium,0,81.0,54.15,3,0.0,1215.0,0.0,0.0,1083.0,0.0,0,3,0,-0.08412832460934495,0.07876506843667735,-0.009236090785386342,-0.3670656742928499,0.4391240006505655,-0.059839446406277065,-0.24484498497492946,0.2805699723870293,-0.04308377501263024,22.37,20.97,3,353.0,430.0,0.0,226.0,445.0,0.0,2,1,0,-0.008791783340752174,0.00883345435044336,-0.0061942936667305215,-0.08430628085135468,0.027106477751577374,-0.015986264718950618,-0.09350231614158289,0.03779239270077503,-0.01807833536969609,26.82,42.87,3,462.0,879.0,0.0,430.0,856.0,0.0,1,2,0,-0.02393777283324712,0.030256629489641876,-0.0035498368845665843,-0.023787302981475855,0.05764060619476445,-0.006435773834628013,-0.03029071583429674,0.0988029718086027,-0.010474233235230435
92,least_connections,3785,measured,378,313,15,medium,0,100.0,69.8,4,0.0,1215.0,378.0,0.0,1083.0,313.0,0,3,1,-0.07611610321797876,0.07126363334746999,0.034727437135217344,-0.33210703864591185,0.3973026672552736,0.17385954848955884,-0.22152641497731712,0.25384902263588366,0.1026146797504774,17.03,17.66,2,596.0,0.0,0.0,565.0,0.0,0.0,2,0,0,-0.007954470641632932,-0.0350917272430229,-0.00560436093656571,-0.013460784715851493,-0.08663155414313067,-0.014463763317145797,0.01125088063380597,-0.09162533517548926,-0.01635658914401075,26.82,42.87,3,462.0,879.0,0.0,430.0,856.0,0.0,1,2,0,-0.021657984944366437,0.027375045728723596,-0.003211757181274529,-0.021521845554668628,0.05215102465240594,-0.005822842993234869,-0.02740588575483993,0.08939316496968816,-0.009476687212827536
92,least_connections,3786,measured,419,440,16,heavy,1,100.0,69.8,4,0.0,1593.0,0.0,0.0,1396.0,0.0,0,4,0,-0.06886695053055221,0.10756052087446831,-0.011663838056798818,-0.3004777968701107,0.5313690798976285,-0.07069850374754201,-0.2004286611699536,0.37126816333722806,-0.0487533849876633,29.0,31.41,3,596.0,0.0,419.0,565.0,0.0,440.0,2,0,1,-0.007196902009096451,-0.03174965798178262,0.03801328795081696,-0.012178805219103722,-0.07838092993902299,0.09522666312122183,0.010179368192491128,-0.08289911277782362,0.10960594315541886,26.82,42.87,3,896.0,445.0,0.0,847.0,439.0,0.0,2,1,0,0.023488580515187735,-0.018316001710293156,-0.0029058755449626688,0.05906118735529982,-0.03134907293353749,-0.005268286517688691,0.10096610336466863,-0.044882374551234505,-0.008574145573510628
92,least_connections,3787,measured,193,103,1,light,1,100.0,69.8,4,817.0,776.0,0.0,765.0,631.0,0.0,2,2,0,0.02385960711634845,0.011148861290051826,-0.010552996337103692,0.2209327869587887,0.04406408816134638,-0.06396531291444277,0.16473121132242297,-0.010162137932984094,-0.0441102054650287,29.77,30.88,3,623.0,0.0,419.0,548.0,0.0,440.0,2,0,1,-0.006511482770134885,-0.028725881031136657,0.03439297481264392,-0.004039327171025814,-0.07091607946863984,0.0861574571096769,0.004403356936063418,-0.07500395917993566,0.09916728190252183,26.82,42.87,3,896.0,445.0,0.0,847.0,439.0,0.0,2,1,0,0.02125157284707463,-0.016571620595027148,-0.0026291254930614623,0.05343631236908078,-0.028363446939867254,-0.004766544944575482,0.09135028399660497,-0.04060786268921218,-0.00775756028079533
92,least_connections,3788,measured,371,331,7,medium,1,100.0,69.8,4,1215.0,378.0,0.0,1083.0,313.0,0.0,3,1,0,0.06467116380821548,-0.03299683525004381,-0.00954794906690334,0.43995506121668193,-0.20019598372703584,-0.057873378351162505,0.29289966738695405,-0.15305145812984275,-0.03990923351597835,34.86,38.0,3,801.0,419.0,0.0,776.0,440.0,0.0,2,1,0,-0.005891341553931562,0.017093817389062297,-0.01196644682484144,0.04235897609696307,0.044150758031774845,-0.030360940166074647,0.06844827532310499,0.05654403693243919,-0.0346819830405755,17.58,28.53,2,434.0,445.0,0.0,417.0,439.0,0.0,1,1,0,-0.023856286698451745,-0.014993371014548368,-0.0023787325889603706,-0.03525286023749835,-0.025662166278927506,-0.004312588283187341,-0.0470322827332304,-0.0367404471950015,-0.0070187450159576795
92,least_connections,3789,measured,152,108,5,light,2,100.0,69.8,4,1215.0,378.0,0.0,1083.0,313.0,0.0,3,1,0,0.05851200535029019,-0.029854279511944387,-0.008638620584341119,0.3980545791960456,-0.18112969956255626,-0.05236162803200417,0.2650044609691489,-0.13847512878414345,-0.036108354133504224,34.86,38.0,3,801.0,419.0,0.0,776.0,440.0,0.0,2,1,0,-0.0053302614059380915,0.015465834780580175,-0.010826785222475589,0.0383247878972523,0.03994592393351058,-0.02746942205501992,0.06192939195899977,0.05115889055792118,-0.031378937036711164,20.62,32.13,3,586.0,445.0,0.0,525.0,439.0,0.0,2,1,0,0.02149964083292008,-0.013565430917924712,-0.002152186628107002,-0.004390683072022325,-0.02321815044283916,-0.003901865589550451,-0.009981589139589436,-0.033241356985953735,-0.006350293109675996
92,least_connections,3790,measured,367,312,13,medium,1,100.0,69.8,4,1215.0,378.0,0.0,1083.0,313.0,0.0,3,1,0,0.05293943341216731,-0.027011014796521113,-0.00781589481440387,0.3601446192726127,-0.16387925198516995,-0.04737480631467044,0.23976594087684905,-0.12528702128089172,-0.03266946326364668,45.34,47.75,4,801.0,786.0,0.0,776.0,752.0,0.0,2,2,0,-0.004822617462515416,0.057076798361568,-0.009795662820335057,0.034674808097514,0.1310122985248769,-0.0248532866212085,0.056031354629571234,0.13450090098097628,-0.028390466842738674,20.62,32.13,3,1031.0,0.0,0.0,964.0,0.0,0.0,3,0,0,0.06253595621844696,-0.05535738534297496,-0.0019472164730491924,0.07655128674436074,-0.10153070754352114,-0.0035302593429265986,0.12336586379433975,-0.16247233886030735,-0.005745503289706853
92,least_connections,3791,measured,404,420,18,heavy,2,100.0,69.8,4,1215.0,378.0,0.0,1083.0,313.0,0.0,3,1,0,0.047897582611008516,-0.024438537196852433,-0.007071523879698739,0.3258451317228401,-0.14827170417705854,-0.042862919998987545,0.21693108936476818,-0.11335492401604494,-0.02955808580996604,45.34,47.75,4,801.0,786.0,0.0,776.0,752.0,0.0,2,2,0,-0.004363320561323464,0.05164091280332343,-0.008862742551731717,0.031372445421560285,0.11853493676060291,-0.022486306942998167,0.05069503514104065,0.12169129136374046,-0.025686612857715944,28.7,46.13,4,1031.0,0.0,404.0,964.0,0.0,420.0,3,0,1,0.05658015086430915,-0.05008525340554878,0.04132213294161762,0.06926068800680257,-0.09186111634890008,0.06991071773735212,0.11161673390916454,-0.1469987827783733,0.12146835416645571
92,least_connections,3792,measured,453,402,20,heavy,0,100.0,89.9,5,1215.0,378.0,453.0,1083.0,313.0,402.0,3,1,1,0.04333590807662675,-0.02211105746381886,0.036685854811791846,0.2948122620349506,-0.1341505894935292,0.23445735809615412,0.1962709856157427,-0.10255921696689782,0.15511411283860216,33.06,33.84,3,371.0,786.0,0.0,331.0,752.0,0.0,1,2,0,-0.04703166644890716,0.04672273063157834,-0.008018671832519173,-0.08277186910838426,0.10724589516435501,-0.020344753900807866,-0.07995151582477274,0.11010164456719375,-0.02324026877602871,28.7,46.13,4,1031.0,0.0,404.0,964.0,0.0,420.0,3,0,1,0.05119156506770828,-0.04531522927168699,0.03738669170908261,0.06266443200615471,-0.08311243860138579,0.0632525541433186,0.1009865687749584,-0.1329988987042425,0.10989993948393613
92,least_connections,3793,measured,477,408,16,heavy,1,100.0,89.9,5,1593.0,0.0,453.0,1396.0,0.0,402.0,4,0,1,0.08229257896275301,-0.06308914269402205,0.03319196387733547,0.4386396656506695,-0.34937434287509783,0.21212808589652038,0.3191737488904338,-0.23438691058909802,0.1403413401873067,46.69,46.59,4,371.0,786.0,477.0,331.0,752.0,408.0,1,2,1,-0.04255246012043981,0.04227294676190421,0.03582891142590669,-0.0748888339552048,0.0970320003867974,0.10489896415777247,-0.07233708574622295,0.09961577365603244,0.0943302330121645,20.02,32.23,3,597.0,0.0,404.0,547.0,0.0,420.0,2,0,1,0.0032322776916453577,-0.04099949315057395,0.033826054403455694,-0.0218369424706219,-0.07519696825839667,0.05722850136776444,-0.03439310444170435,-0.12033233692288607,0.09943327858070411
92,least_connections,3794,measured,369,316,11,medium,2,81.93,51.65,3,776.0,0.0,453.0,631.0,0.0,402.0,2,0,1,-0.011712609963404869,-0.057080652913639,0.030030824460446384,-0.03983395330018791,-0.3161005959346123,0.19192541104923275,-0.057295179575321764,-0.21206434767585058,0.12697549826470608,46.69,46.59,4,371.0,786.0,477.0,331.0,752.0,408.0,1,2,1,-0.038499844870874114,0.03824695183219905,0.03241663414724891,-0.06775656405470913,0.0877908574928167,0.094908586618937,-0.06544783948467793,0.09012855711736267,0.08534640129672026,24.36,39.17,3,445.0,369.0,404.0,439.0,316.0,420.0,1,1,1,-0.0401594585057449,0.005989120709571416,0.030604525412650394,-0.04726199556865793,-0.00126392366235889,0.051778167904167824,-0.06368899925678012,-0.013570527057214385,0.08996344252539895
92,least_connections,3795,measured,493,443,20,heavy,0,88.27,57.9,3,378.0,0.0,946.0,313.0,0.0,845.0,1,0,2,-0.053681023526980814,-0.05164440025519719,0.07025464616716123,-0.2761037355255669,-0.285995777274173,0.47101187983819476,-0.19569563866338638,-0.1918677431352934,0.3152873555728293,36.09,36.25,3,419.0,844.0,0.0,440.0,720.0,0.0,1,2,0,-0.03483319297840991,0.03460438499103723,-0.013754564569722641,-0.04889539468895451,0.09442302072479336,-0.03743644884136992,-0.028396259533756213,0.07249726596332814,-0.038138970255348334,24.36,39.17,3,445.0,773.0,0.0,439.0,736.0,0.0,1,2,0,-0.036334748171864426,0.048502628487798176,-0.015394091520073677,-0.04276085313354766,0.07196121192453242,-0.0262578480867053,-0.05762338027994393,0.1143885707577584,-0.04527117104844858
92,least_connections,3796,measured,465,450,16,heavy,0,100.0,80.4,4,378.0,0.0,1411.0,313.0,0.0,1295.0,1,0,3,-0.048568545095839785,-0.04672588594517841,0.10664762771133182,-0.24980814166598908,-0.2587580842004423,0.7066297960440809,-0.17705795879068295,-0.17359462474145593,0.4888314169468455,36.09,36.25,3,786.0,477.0,0.0,752.0,408.0,0.0,2,1,0,0.011568154198672215,-0.011775170949152244,-0.012444606039272865,0.05063205786645611,-0.009440396214982855,-0.033871072761239455,0.06252243185041101,-0.022621521271274536,-0.03450668737388659,24.36,39.17,3,445.0,773.0,0.0,439.0,736.0,0.0,1,2,0,-0.03287429596502019,0.0438833305365793,-0.013927987565780946,-0.038688390930352645,0.06510776316981504,-0.023757100649876222,-0.05213543930090167,0.10349442116178142,-0.04095963094859633
92,least_connections,3797,measured,360,333,13,medium,1,100.0,80.4,4,378.0,0.0,1411.0,313.0,0.0,1295.0,1,0,3,-0.04394296937242646,-0.04227580156944713,0.09649071078644308,-0.22601689007875203,-0.2341144571337335,0.639331720230359,-0.16019529604871316,-0.15706180333750774,0.4422760439042888,46.37,46.66,4,786.0,837.0,0.0,752.0,741.0,0.0,2,2,0,0.010466425227370096,0.03243017412990534,-0.011259405464104021,0.04580995711726979,0.08451991362862094,-0.03064525630778808,0.05656791453132423,0.07368469504027542,-0.0312203361954212,15.46,24.53,2,0.0,773.0,0.0,0.0,736.0,0.0,0,2,0,-0.07282731086177563,0.039703965723571745,-0.012601512559516094,-0.11552759179412858,0.05890702382030885,-0.021494519635602297,-0.17956698476430788,0.09363780962256416,-0.03705871371539668
92,least_connections,3798,measured,153,116,9,light,2,100.0,80.4,4,378.0,918.0,493.0,313.0,852.0,443.0,1,2,1,-0.0397579246702906,0.04791826570020543,0.0011333188294575802,-0.20449147197601375,0.34189644354566967,0.024728699256039044,-0.144938601186931,0.24332503507558823,0.014725944484832776,46.37,46.66,4,786.0,837.0,0.0,752.0,741.0,0.0,2,2,0,0.009469622824763407,0.029341586117533403,-0.010187081134189353,0.041447104058482204,0.07647039804494274,-0.027726660468951118,0.05118049409976952,0.06666710503643966,-0.028246970843476327,18.52,28.4,3,369.0,557.0,0.0,316.0,536.0,0.0,1,2,0,-0.022807476267230106,0.035922635654660154,-0.011401368506228847,-0.037753535432782995,0.01421111678980326,-0.019447422527449697,-0.06716377986611982,0.02440246267438345,-0.03352931240916843
92,least_connections,3799,measured,190,125,6,light,2,100.0,80.4,4,378.0,918.0,493.0,313.0,852.0,443.0,1,2,1,-0.03597145565407245,0.04335462134780491,0.0010253837028425666,-0.18501609369258387,0.30933487749370114,0.022373585041178146,-0.1311349248834138,0.2201512222112465,0.013323473581515366,46.37,46.66,4,786.0,837.0,0.0,752.0,741.0,0.0,2,2,0,0.008567753984309756,0.026547149344434987,-0.009216882930933224,0.037499760814817235,0.06918750299304341,-0.025086026138574823,0.04630616132836288,0.06031785693773112,-0.02555678314409763,22.32,32.57,4,559.0,557.0,0.0,441.0,536.0,0.0,2,2,0,0.022448564556406314,0.03250143225897824,-0.010315523886588004,0.00022299175129157633,0.012857677095536285,-0.017595287048644964,-0.023068816704267164,0.02207841861015647,-0.030336044560676196
92,least_connections,3800,measured,390,341,9,medium,0,100.0,81.8,4,0.0,1308.0,493.0,0.0,1193.0,443.0,0,3,1,-0.07562950296139434,0.08230951001762848,0.0009277281120956549,-0.3953955133409092,0.5151125082085868,0.02024276741820874,-0.26024112251356485,0.3534463439054135,0.012054571335656766,46.37,46.66,4,786.0,837.0,0.0,752.0,741.0,0.0,2,2,0,0.007751777414375494,0.02401884940686974,-0.00833908455655863,0.033928355022929874,0.06259821699370594,-0.022696880792043888,0.04189605072566163,0.05457329913413769,-0.023122803797040712,22.32,32.57,4,712.0,404.0,0.0,557.0,420.0,0.0,3,1,0,0.06339450625398213,-0.013677842468634197,-0.00933309304024629,0.027887468727359047,-0.016052577865943357,-0.01591954542496449,0.014112340442170995,-0.015008414908271123,-0.027446897459659416
92,least_connections,3801,measured,363,331,15,medium,0,100.0,98.35,5,0.0,1801.0,363.0,0.0,1636.0,331.0,0,4,1,-0.06842669315554727,0.117554409290326,0.0008393730538008293,-0.35773879778463213,0.5818636979030071,-0.06009781360574762,-0.23545625370274914,0.5201895492477551,-0.03976014974392958,46.37,46.66,4,786.0,837.0,0.0,752.0,741.0,0.0,2,2,0,0.007013512898720681,0.021731339939548816,-0.007544886027362571,0.030697083115984153,0.056636482041924396,-0.02053527309756352,0.037905950656551,0.049375842073743625,-0.02092063200684636,22.32,32.57,4,712.0,404.0,0.0,557.0,420.0,0.0,3,1,0,0.05735693422979335,-0.01237519080495475,-0.00844422703641331,0.025231519324753426,-0.014523760926329704,-0.01440339824163454,0.012768308019107083,-0.013579042059864349,-0.02483290722540614
92,least_connections,3802,measured,356,317,6,medium,1,100.0,98.35,5,390.0,1774.0,0.0,341.0,1626.0,0.0,1,4,0,-0.018825965009213963,0.10635875126267591,-0.042324467463794715,-0.08843034085276241,0.5264481076265302,-0.2733265932623431,-0.05876994382629683,0.46612387789082604,-0.18571156405403152,44.57,42.81,4,1200.0,360.0,0.0,1037.0,333.0,0.0,3,1,0,0.04942945951607608,-0.02342221171002272,-0.00682632545332804,0.13479395955391765,-0.07206359107771466,-0.01857953280255747,0.11487621726068897,-0.07068376193327958,-0.01892819086333718,22.32,32.57,4,1116.0,0.0,0.0,977.0,0.0,0.0,4,0,0,0.0949782692918085,-0.05428050143124024,-0.00764001493770728,0.09593327938906263,-0.0862453075047745,-0.013031646028145537,0.13821894535062068,-0.13895246662559158,-0.022467868442034127
92,least_connections,3803,measured,437,428,15,heavy,1,100.0,98.35,5,390.0,1774.0,0.0,341.0,1626.0,0.0,1,4,0,-0.017033015960717393,0.0962293463805163,-0.03829356580057617,-0.08000840362868983,0.4763101926144797,-0.24729548914211993,-0.05317280631903046,0.4217311276155093,-0.16802474842983806,46.57,46.44,4,1193.0,0.0,437.0,1058.0,0.0,428.0,3,0,1,0.044721891943116446,-0.06427542510725412,0.036907701007079616,0.12014691578687786,-0.15826161641725203,0.09615593290652963,0.10987312514062339,-0.15810376079677677,0.10388639874269494,22.32,32.57,4,1116.0,0.0,0.0,977.0,0.0,0.0,4,0,0,0.08593271983544579,-0.04911092986636022,-0.006912394467449444,0.08679677659010429,-0.07803146869479598,-0.011790536882607868,0.12505523626960918,-0.12571889837553524,-0.020328071447554687
92,least_connections,3804,measured,182,103,5,light,1,100.0,98.35,5,390.0,1774.0,0.0,341.0,1626.0,0.0,1,4,0,-0.0154108239644586,0.08706464672522904,-0.03464655953385463,-0.07238855566405272,0.43094731712738643,-0.22374353779525136,-0.04810872952674186,0.38156625831879415,-0.15202239143652016,51.77,49.66,5,1375.0,437.0,0.0,1161.0,428.0,0.0,4,1,0,0.08354656436576749,-0.01507005582266302,-0.009691218363209143,0.15575197142622282,-0.03022309512581306,-0.025967761383888156,0.12853104179389732,-0.022034355006607553,-0.02701944875660935,22.32,32.57,4,1116.0,0.0,0.0,977.0,0.0,0.0,4,0,0,0.07774865127968905,-0.04443369845051639,-0.006254071184835211,0.07853041691485627,-0.07059990024767256,-0.010667628608073786,0.11314521376774164,-0.1137456699588176,-0.01839206464302567
92,least_connections,3805,measured,176,124,6,light,2,100.0,98.35,5,1308.0,856.0,0.0,1193.0,774.0,0.0,3,2,0,0.07222467400948077,-0.007395024844974174,-0.031346887197297044,0.4882198782087142,0.0014602710517622741,-0.20243462943379884,0.3419016256662812,-0.0402019567591862,-0.13754406844256586,51.77,49.66,5,1375.0,437.0,0.0,1161.0,428.0,0.0,4,1,0,0.07558974871188487,-0.013634812410980829,-0.008768245185760653,0.14091845033801115,-0.02734470511383086,-0.023494641252089284,0.11628999019447853,-0.01993584500597828,-0.024446167922646554,14.66,22.0,3,733.0,0.0,0.0,660.0,0.0,0.0,3,0,0,0.027260117597723205,-0.040201917645705305,-0.005658445357708049,0.001746567684869943,-0.0638761002240847,-0.009651663978733425,0.006766304520020222,-0.10291274901035878,-0.016640439438927988
92,least_connections,3806,measured,398,315,7,medium,2,100.0,98.35,5,1308.0,856.0,0.0,1193.0,774.0,0.0,3,2,0,0.06534613362762545,-0.006690736764500438,-0.02836146936898304,0.44172274695074143,0.0013211976182611052,-0.18315514091629417,0.3093395660790163,-0.036373198972597054,-0.12444463335279769,51.77,49.66,5,1375.0,437.0,0.0,1161.0,428.0,0.0,4,1,0,0.06839072502503869,-0.012336258848030274,-0.00793317421568821,0.12749764554391485,-0.02474044748394222,-0.021257056370937923,0.10521475303309963,-0.018037193100647025,-0.02211796145382307,22.62,32.5,4,1131.0,0.0,0.0,975.0,0.0,0.0,4,0,0,0.06774781614850693,-0.03637316358420956,-0.005119545799831092,0.07359927552440615,-0.05779266210750521,-0.008732457885520718,0.10112189456573259,-0.09311153481889604,-0.015055635682839607
92,least_connections,3807,measured,153,117,3,light,2,100.0,98.35,5,1308.0,856.0,0.0,1193.0,774.0,0.0,3,2,0,0.059122692329756366,-0.006053523739309924,-0.02566037704812751,0.3996539139078137,0.0011953692736648147,-0.1657117941623614,0.2798786550238719,-0.0329090847847307,-0.11259276350967411,51.77,49.66,5,1375.0,437.0,0.0,1161.0,428.0,0.0,4,1,0,0.061877322641701676,-0.011161377052979773,-0.007177633814194094,0.11535501263497056,-0.022384214390233442,-0.01923257481180098,0.09519430036328064,-0.0163193651862997,-0.02001148893441135,22.62,32.53,4,1131.0,0.0,0.0,976.0,0.0,0.0,4,0,0,0.06129564318198247,-0.032909052766665794,-0.0046319700093709875,0.06658982071255795,-0.05228859904964757,-0.00790079522975684,0.09179282524201199,-0.0842437695980488,-0.013621765617807265
92,least_connections,3808,measured,477,407,16,heavy,2,100.0,98.35,5,1801.0,363.0,0.0,1636.0,331.0,0.0,4,1,0,0.09657585995367979,-0.04856089789565682,-0.02321653161497251,0.4774011602023076,-0.2962835547841446,-0.14992971852785078,0.45362830692636025,-0.23017964813856587,-0.10186964317541942,41.6,39.75,4,1019.0,437.0,0.0,844.0,428.0,0.0,3,1,0,0.012900344068115577,-0.010098388762219801,-0.006494049641413704,0.012341610071095854,-0.02025238444830646,-0.017400901020200886,-0.0034997996713175272,-0.014765139930461635,-0.018105632845419793,32.16,46.1,5,1131.0,0.0,477.0,976.0,0.0,407.0,4,0,1,0.055457962878936506,-0.029774857265078575,0.038893070218278855,0.06024793302564768,-0.047308732473490656,0.07916594717307715,0.08305065140943943,-0.07622055344585368,0.11042157713944421
92,least_connections,3809,measured,162,102,9,light,1,100.0,81.3,4,1774.0,0.0,0.0,1626.0,0.0,0.0,4,0,0,0.08737815900571029,-0.0870199507037802,-0.021005433365927507,0.43193438304018306,-0.48701845432851176,-0.1356506977156745,0.40590180150480215,-0.35799587212536915,-0.09216777239680805,27.4,26.97,3,360.0,599.0,0.0,333.0,530.0,0.0,1,2,0,-0.07449606058236254,0.03394726277522517,-0.005875568723183827,-0.15918752286084525,0.02355396509098806,-0.015743672351610324,-0.147645652083573,0.015480349586725173,-0.016381286860141717,24.08,32.1,4,727.0,0.0,477.0,556.0,0.0,407.0,3,0,1,0.007092351901804239,-0.02693915657316633,0.03518896829272849,-0.01859472726250927,-0.042803138904586785,0.07162633315659361,-0.05152560110574525,-0.06896145311767714,0.09990523645949714
92,least_connections,3810,measured,156,103,7,light,1,100.0,81.3,4,1774.0,0.0,0.0,1626.0,0.0,0.0,4,0,0,0.07905642957659502,-0.07873233635103923,-0.01900491590250584,0.3907977751315942,-0.440635744392463,-0.12273158364751503,0.3672444870757734,-0.3239010271610483,-0.08338988931139776,21.57,19.78,3,156.0,599.0,0.0,103.0,530.0,0.0,1,2,0,-0.06740119766975658,0.030714190129965624,-0.005315990749547273,-0.19676150027545866,0.021310730320417748,-0.014244274984790294,-0.19861392331370892,0.01400603057846564,-0.014821164302032981,21.02,28.2,3,574.0,477.0,0.0,439.0,407.0,0.0,2,1,0,-0.03666701041083925,0.018710377612940213,-0.011246262247622069,-0.04450951514227029,0.04758763622918338,-0.021509508096415306,-0.08190411528615046,0.06035233606813338,-0.03235557971124861
92,least_connections,3811,measured,454,416,18,heavy,1,100.0,81.3,4,1774.0,0.0,0.0,1626.0,0.0,0.0,4,0,0,0.0715272458073955,-0.07123401860332121,-0.017194923911791,0.3535789394047757,-0.39867043540270464,-0.11104286139537074,0.33226882163998545,-0.2930533102885675,-0.07544799509126464,34.54,32.78,4,755.0,0.0,454.0,633.0,0.0,416.0,3,0,1,0.02518576446659211,-0.05837877128830774,0.03827419431050031,-0.023178772358068034,-0.13556240045839757,0.10447286685049587,-0.029847121093355716,-0.1371790675718644,0.10420942277435111,17.5,24.07,2,398.0,477.0,0.0,315.0,407.0,0.0,1,1,0,-0.07625881440799288,0.016928436887898288,-0.010175189652610443,-0.07211813274776835,0.04305548039783258,-0.019460983515804324,-0.11150054875096156,0.05460449453783496,-0.029274095929224933
92,least_connections,3812,measured,375,316,12,medium,2,57.07,38.7,2,856.0,0.0,0.0,774.0,0.0,0.0,2,0,0,-0.021452673294442615,-0.06444982635538586,-0.01555731211066805,-0.06853968974488556,-0.36070182250720895,-0.10046735078628781,-0.08480439946858453,-0.2651434712134659,-0.06826247174923944,34.54,32.78,4,755.0,0.0,454.0,633.0,0.0,416.0,3,0,1,0.022787120231678573,-0.05281888830846891,0.03462903294759552,-0.020971270228728217,-0.1226516956528359,0.0945230700075915,-0.027004538132083755,-0.12411439446978208,0.09428471584346053,25.0,34.6,3,398.0,852.0,0.0,315.0,723.0,0.0,1,2,0,-0.06899607017866022,0.058400105030093914,-0.009206123971409448,-0.06524973915274279,0.10681210131232471,-0.017607556514299152,-0.10088144886991761,0.14470565378819988,-0.026486086793108272
92,least_connections,3813,measured,372,323,15,medium,0,81.87,54.85,3,856.0,0.0,372.0,774.0,0.0,323.0,2,0,1,-0.019409561552114735,-0.058311747654872924,0.029008236888533892,-0.062012100245372626,-0.32634926798271285,0.13348192071716816,-0.07672778999538604,-0.23989171205027865,0.08435776365545003,34.54,32.78,4,755.0,0.0,454.0,633.0,0.0,416.0,3,0,1,0.020616918304852044,-0.047788517993376634,0.03133102980972928,-0.01897400639742075,-0.11097058178113725,0.08552087286401136,-0.024432677357599603,-0.11229397594885045,0.0853052190964643,17.04,24.1,2,0.0,852.0,0.0,0.0,723.0,0.0,0,2,0,-0.10550891610268805,0.05283819026532307,-0.008329350259846643,-0.13105452590010064,0.09663952023496046,-0.015930646370080185,-0.18627369183468737,0.13092416295122847,-0.02396360233662177
92,least_connections,3814,measured,485,416,17,heavy,2,81.87,54.85,3,856.0,372.0,0.0,774.0,323.0,0.0,2,1,0,-0.017561031880484773,-0.009674347651460996,-0.016838352565702895,-0.056106185936289577,-0.07088743293674016,-0.10361159554160976,-0.06942038142439688,-0.07092583471215688,-0.06979535669268808,34.54,32.78,4,755.0,0.0,454.0,633.0,0.0,416.0,3,0,1,0.01865340227581852,-0.043237230565436005,0.028347122208802682,-0.017166958169094942,-0.10040195494483846,0.07737602782934361,-0.022105755704494884,-0.10159931157276945,0.07718091251584865,26.74,37.97,3,0.0,852.0,485.0,0.0,723.0,416.0,0,2,1,-0.09546044790243205,0.04780598166862563,0.035547821420229456,-0.11857314248104343,0.08743575640305946,0.0733484628080227,-0.1685333402313838,0.11845519505111148,0.10377896296527872
92,least_connections,3815,measured,163,111,7,light,0,59.87,38.25,3,526.0,372.0,0.0,442.0,323.0,0.0,2,1,0,-0.015888552653771926,-0.00875298120846471,-0.015234699940397858,-0.24981035870426205,-0.06413624884752678,-0.09374382453764693,-0.21299939271731147,-0.0641709933109991,-0.06314817986481303,34.54,32.78,4,755.0,454.0,0.0,633.0,416.0,0.0,3,1,0,0.016876887773359606,0.0039645011437438454,-0.01743650394260256,-0.01553200977203828,0.026520680219976098,-0.04735366189590001,-0.020000445637400138,0.025695860957970496,-0.04778869819994647,26.74,37.97,3,0.0,852.0,485.0,0.0,723.0,416.0,0,2,1,-0.086368976673629,0.04325303103351843,0.03216231461830284,-0.10728046224475359,0.07910854150753,0.06636289492154435,-0.15248254592363297,0.10717374790338657,0.09389525220668074
92,least_connections,3816,measured,181,100,5,light,0,47.73,26.7,3,344.0,372.0,0.0,211.0,323.0,0.0,2,1,0,-0.014375357162936503,-0.007919363950515693,-0.013783776136550442,-0.33579667374830063,-0.058028034671571804,-0.08481584124834722,-0.2972137362680437,-0.058059470138523,-0.057134067496735594,34.54,32.78,4,755.0,454.0,0.0,633.0,416.0,0.0,3,1,0,0.015269565128277734,0.0035869296062444322,-0.015775884519497557,-0.014052770746129872,0.02399490115140694,-0.04284378933438573,-0.018095641290981096,0.023248636104830453,-0.04323739360947537,26.74,37.97,3,0.0,852.0,485.0,0.0,723.0,416.0,0,2,1,-0.0781433598475691,0.03913369474461191,0.02909923703560733,-0.09706327536430086,0.07157439469728905,0.06004261921473059,-0.1379603986928108,0.09696672429354022,0.08495284723461591
92,least_connections,3817,measured,478,415,17,heavy,0,79.6,47.45,4,344.0,372.0,478.0,211.0,323.0,415.0,2,1,1,-0.013006275528371108,-0.007165138812371338,0.0306128646746403,-0.3038160381532244,-0.05250155517904115,0.21157931823562234,-0.2689076661472776,-0.05252999679199699,0.1360453675029535,30.09,29.56,3,599.0,454.0,0.0,530.0,416.0,0.0,2,1,0,-0.029268579396410838,0.003245317262792577,-0.014273419327164456,-0.05304094223969574,0.021709672470320573,-0.03876342844539661,-0.04549427069184006,0.021034480285322787,-0.03911954659904915,26.74,37.97,3,852.0,485.0,0.0,723.0,416.0,0.0,2,1,0,0.015466665353333187,-0.007677224029251348,-0.01675601909930312,0.06635227467039446,-0.0016517381310241913,-0.033437630234291374,0.09322630594459974,-0.004855503416955648,-0.04859821758137925
92,least_connections,3818,measured,168,107,5,light,1,79.6,47.45,4,344.0,372.0,478.0,211.0,323.0,415.0,2,1,1,-0.011767582620907185,-0.0064827446397645455,0.027697353753245987,-0.27488117737672685,-0.04750140706675149,0.19142890697508688,-0.24329741222848927,-0.047527139954663955,0.12308866583600556,17.77,16.34,2,168.0,454.0,0.0,107.0,416.0,0.0,1,1,0,-0.06956499587112908,0.0029362394282409082,-0.012914046057910699,-0.15940438991754785,0.019642084616004335,-0.03507167335535884,-0.1607596972926172,0.019031196448625373,-0.0353938754943778,26.74,37.97,3,852.0,485.0,0.0,723.0,416.0,0.0,2,1,0,0.013993649605396702,-0.00694605983598931,-0.015160207756512346,0.06003301041607119,-0.0014944297375933113,-0.03025309402150172,0.08434761014035216,-0.004393074520102708,-0.04396981590696218
92,least_connections,3819,measured,379,347,9,medium,1,79.6,47.45,4,344.0,372.0,478.0,211.0,323.0,415.0,2,1,1,-0.010646860466535069,-0.005865340388358398,0.02505951053865113,-0.24870201762656236,-0.04297746353658466,0.1731975825012691,-0.2201262301114903,-0.04300074567326739,0.11136593575638598,28.6,27.19,3,168.0,833.0,0.0,107.0,763.0,0.0,1,2,0,-0.06293975816911677,0.04574049780468962,-0.011684136909538251,-0.14422301944920995,0.11574419900631683,-0.0317315139881818,-0.14544924993141556,0.11532882059637534,-0.032023030209198965,26.74,37.97,3,852.0,485.0,0.0,723.0,416.0,0.0,2,1,0,0.012660921071549397,-0.006284530327799853,-0.013716378446368313,0.05431558085263584,-0.0013521030959177532,-0.02737184697183489,0.07631450441269957,-0.0039746864705691165,-0.039782214392013404
92,least_connections,3820,measured,448,427,14,heavy,1,79.6,47.45,4,344.0,850.0,0.0,211.0,738.0,0.0,2,2,0,-0.009632873755436477,0.03777716368490929,-0.020411009739406346,-0.22501611118593734,0.24943308854626467,-0.13161488567345495,-0.19916182724372927,0.1488326586765676,-0.08697843907755554,41.4,40.53,4,168.0,1281.0,0.0,107.0,1190.0,0.0,1,3,0,-0.05694549548634374,0.08446816014528608,-0.010571361965772704,-0.1304874937873804,0.22053046576761998,-0.028709465036926392,-0.1315969404141379,0.22507429006338722,-0.028973217808322873,26.74,37.97,3,852.0,485.0,0.0,723.0,416.0,0.0,2,1,0,0.011455119064735175,-0.0056860036299141575,-0.012410056689571331,0.04914266839048005,-0.0012233313724970135,-0.02476500440308871,0.06904645637339485,-0.0035961449019434877,-0.03599343206896451
92,least_connections,3821,measured,165,116,7,light,2,67.53,42.45,3,535.0,478.0,0.0,434.0,415.0,0.0,2,1,0,-0.00871545720729966,-0.00890456165469658,-0.018467104049939075,-0.08837965615235599,0.0012966039228108905,-0.11908013465693543,-0.07931308179194554,-0.01146092786405789,-0.07869477821302644,41.4,40.53,4,547.0,902.0,0.0,454.0,843.0,0.0,2,2,0,-0.008438214737077454,0.03333967323802527,-0.009564565588080066,-0.020087324311031274,0.10155477515029565,-0.02597523027150483,-0.020953779422315216,0.10552852434306462,-0.026213863731339743,30.04,41.83,4,1017.0,485.0,0.0,839.0,416.0,0.0,3,1,0,0.05344805557104157,-0.005144479474684244,-0.011228146528659777,0.07431955711519622,-0.0011068236227353978,-0.0224064325551755,0.0974547303695795,-0.0032536549112821833,-0.032565486157634556
92,least_connections,3822,measured,374,316,11,medium,0,81.6,52.7,3,372.0,852.0,0.0,323.0,731.0,0.0,1,2,0,-0.05096931389050467,0.035027392062984275,-0.016708332235659165,-0.17828000636006813,0.2267604194222257,-0.107739169451513,-0.12197374066890312,0.13258297002775715,-0.07120003743083345,41.4,40.53,4,1001.0,448.0,0.0,870.0,427.0,0.0,3,1,0,0.03544932498844919,-0.012919433963782118,-0.008653654579691488,0.09918629841246829,-0.02547765241503866,-0.0235013988170758,0.09866086623695289,-0.022140858927703427,-0.023717305280735956,30.04,41.83,4,1017.0,485.0,0.0,839.0,416.0,0.0,3,1,0,0.04835776456427571,-0.004654529048523842,-0.010158799240215989,0.06724150405660609,-0.0010014118491415563,-0.02027248659753974,0.0881733274772386,-0.0029437830149695865,-0.029464011285478885
92,least_connections,3823,measured,495,439,17,heavy,0,100.0,74.65,4,372.0,852.0,495.0,323.0,731.0,439.0,1,2,1,-0.046115093519980416,0.03169144996174768,0.027966837727827647,-0.1613009581352997,0.20516418900106131,0.20109313240101206,-0.11035719393853141,0.1199560205013041,0.1341761566101983,36.6,37.19,3,833.0,448.0,0.0,763.0,427.0,0.0,2,1,0,-0.011010701427684289,-0.011689011681517147,-0.007829497000673251,0.046311412849376066,-0.02305120932789212,-0.021263170358306674,0.05901161707152883,-0.020032205696493555,-0.021458514301618246,30.04,41.83,4,1017.0,485.0,0.0,839.0,416.0,0.0,3,1,0,0.04375226317720182,-0.004211240567712049,-0.00919129455067161,0.06083755128931026,-0.0009060392920804544,-0.01834177358825024,0.07977586771750161,-0.0026634227278296285,-0.026657914972576136
92,least_connections,3824,measured,490,416,18,heavy,1,100.0,74.65,4,372.0,852.0,495.0,323.0,731.0,439.0,1,2,1,-0.041723179851410844,0.02867321663205742,0.025303329372796442,-0.14593896212241403,0.18562474242953164,0.18194140550567758,-0.09984698499200459,0.10853163759641798,0.12139747502827464,50.6,50.19,4,833.0,448.0,490.0,763.0,427.0,416.0,2,1,1,-0.009962063196476273,-0.010575772473753603,0.036000069607100615,0.04190080210181643,-0.020855856058569072,0.10742856015200826,0.053391463064716566,-0.01812437658254179,0.09820420134615493,13.0,17.73,2,650.0,0.0,0.0,532.0,0.0,0.0,2,0,0,-0.0034985192569081114,-0.04689407026421113,-0.008315933164893362,-0.011366025023957366,-0.0885816545975966,-0.016594938008416882,-0.020409135557181074,-0.12787008088073473,-0.024119065927568885
92,least_connections,3825,measured,488,416,17,heavy,2,100.0,74.65,4,372.0,852.0,495.0,323.0,731.0,439.0,1,2,1,-0.037749543675086,0.025942434095671,0.022893488480149164,-0.1320400133488508,0.167946195531481,0.16461365260037497,-0.09033774832609939,0.09819529115866388,0.10983581073986753,50.6,50.19,4,833.0,448.0,490.0,763.0,427.0,416.0,2,1,1,-0.009013295273002347,-0.009568556047681837,0.03257149154928151,0.03791024952069105,-0.01886958405299108,0.09719726870895985,0.04830656182045784,-0.016398245479442575,0.08885142026556875,22.76,31.6,3,650.0,0.0,488.0,532.0,0.0,416.0,2,0,1,-0.003165326946726388,-0.04242796833428626,0.03555996069661575,-0.01028354645024715,-0.08014530654068265,0.07329029418286093,-0.018465408361259067,-0.11569197793971238,0.10363830543061228
92,least_connections,3826,measured,387,308,6,medium,2,100.0,74.65,4,746.0,973.0,0.0,639.0,854.0,0.0,2,2,0,0.008929551187393858,0.02347172608655948,-0.022370743982812885,0.10612252760500801,0.22493544675070504,-0.14963526669489885,0.06121822770495772,0.1444862158102197,-0.09921998075916746,50.6,50.19,4,833.0,448.0,490.0,763.0,427.0,416.0,2,1,1,-0.008154886199383066,-0.008657264995521663,0.029469444735064226,0.03429974956633952,-0.017072480809849078,0.08794038597477319,0.04370593688517613,-0.014836507814733751,0.08038938024027648,30.5,41.87,4,1037.0,0.0,488.0,840.0,0.0,416.0,3,0,1,0.04022003298924301,-0.038387209445306616,0.03217329777312854,0.060724410354538266,-0.07251242020347479,0.0663102661654456,0.07618209084774974,-0.10467369432640644,0.09376799062769682
92,least_connections,3827,measured,190,102,2,light,0,100.0,79.75,5,1414.0,495.0,0.0,1156.0,439.0,0.0,4,1,0,0.09424691819449013,-0.021847576624632117,-0.020240196936830705,0.49893625513468975,-0.08480443706682234,-0.1353842889144323,0.2892688726854379,-0.05701247140980123,-0.08977045878210389,50.6,50.19,4,1281.0,0.0,490.0,1190.0,0.0,416.0,3,0,1,0.03570566985588697,-0.050916663794134114,0.026662830950772393,0.14684263056002148,-0.13125605406605392,0.0795651111200329,0.16027263337230224,-0.13415267373714004,0.07273324878882158,30.5,41.87,4,1037.0,0.0,488.0,840.0,0.0,416.0,3,0,1,0.03638955365693415,-0.034731284736229794,0.02910917417568773,0.054941133177915574,-0.06560647542219147,0.05999500272111744,0.06892665362415451,-0.09470477105722487,0.08483770580601141
92,least_connections,3828,measured,385,306,8,medium,1,100.0,63.6,4,1042.0,495.0,0.0,833.0,439.0,0.0,3,1,0,0.04218712099682893,-0.01976685504133381,-0.01831255913332302,0.22703756416948123,-0.07672782401283923,-0.12249054711305779,0.11560040862015808,-0.05158271222791541,-0.08122089127904639,50.77,48.91,4,902.0,875.0,0.0,843.0,722.0,0.0,2,2,0,-0.010778770357145362,0.040100342735012444,-0.018960386509391868,0.03488482901008749,0.10743499870214168,-0.054679185177113114,0.04689845400351153,0.08276067614258756,-0.05181277490535191,27.2,38.0,3,872.0,488.0,0.0,724.0,416.0,0.0,2,1,0,-0.010160018346674099,0.011660356893978027,-0.01674702835351609,0.019851501446685516,0.028946522237064856,-0.034023568966608034,0.027378083437727074,0.03977504840854257,-0.048702393159640464
92,least_connections,3829,measured,437,443,15,heavy,2,89.8,58.5,3,852.0,495.0,0.0,731.0,439.0,0.0,2,1,0,-0.004914600277245468,-0.01788429741834964,-0.01656850588253035,0.09081176440730837,-0.06942041220209261,-0.110824780721338,0.058447988751571645,-0.04667007296811396,-0.0734855683000896,37.8,35.91,3,833.0,490.0,0.0,733.0,416.0,0.0,2,1,0,-0.009752220799322003,-0.006802637752222299,-0.01715463541325931,0.01372572964858254,-0.0023207154599670377,-0.04947164373167377,0.011330744098415196,-0.011639150156706496,-0.046878224914366017,35.94,52.77,4,872.0,488.0,437.0,724.0,416.0,443.0,2,1,1,-0.009192397551752746,0.010549846713599167,0.027931826954528526,0.017960882261286892,0.026189710595439633,0.04829296141116417,0.024770646919848288,0.035986948560109935,0.08953910460159514
92,least_connections,3830,measured,198,115,3,light,0,100.0,64.25,4,1050.0,495.0,0.0,846.0,439.0,0.0,3,1,0,0.03863735711877336,-0.01618103099755444,-0.014990552941336985,0.2015915963685171,-0.06280894437332185,-0.10027003970025819,0.1049053231561839,-0.04222530411400785,-0.0664869427477001,37.8,35.91,3,833.0,490.0,0.0,733.0,416.0,0.0,2,1,0,-0.008823437866053246,-0.006154767490105892,-0.015520860611996519,0.012418517301098497,-0.0020996949399701703,-0.04476005861437151,0.010251625612851839,-0.01053065966559158,-0.04241363206537878,35.94,52.77,4,872.0,925.0,0.0,724.0,859.0,0.0,2,2,0,-0.00831693111825249,0.05262899963429947,-0.017812247267898224,0.016250322045926247,0.10277164291968346,-0.03538255872323243,0.02241153768938653,0.16616279472898837,-0.05259160377315996
92,least_connections,3831,measured,490,407,15,heavy,1,100.0,64.25,4,1050.0,495.0,0.0,846.0,439.0,0.0,3,1,0,0.034957608821747324,-0.014639980426358778,-0.013562881232638225,0.18239239671437257,-0.05682714014729118,-0.09072051210975741,0.09491433999845211,-0.03820384657934042,-0.06015485296220486,51.8,48.62,4,833.0,490.0,490.0,733.0,416.0,407.0,2,1,1,-0.00798311045023864,-0.005568599157714849,0.029041216815903374,0.01123580136766053,-0.001899723993306346,0.0861694707774734,0.009275280316389745,-0.009527739697440002,0.07670016622656206,26.24,38.9,3,387.0,925.0,0.0,308.0,859.0,0.0,1,2,0,-0.05060874266708104,0.04761671395484238,-0.01611584276619363,-0.07305923243463816,0.09298386740352313,-0.03201279122578172,-0.10518321193182488,0.1503377666595609,-0.04758287960428759
92,least_connections,3832,measured,172,108,6,light,2,100.0,64.25,4,1050.0,495.0,0.0,846.0,439.0,0.0,3,1,0,0.03162831274348567,-0.013245696576229371,-0.012271178258101251,0.16502169226538466,-0.051415031561834856,-0.08208046333739957,0.0858748790462186,-0.034565385000355636,-0.054425819346756776,51.8,48.62,4,833.0,980.0,0.0,733.0,823.0,0.0,2,2,0,-0.007222814216882589,0.038045643845967744,-0.01680851358379717,0.010165725046930946,0.12494786876796093,-0.048703812153714554,0.008391920286257376,0.10645406884517336,-0.04567901627120576,21.94,32.23,3,172.0,925.0,0.0,108.0,859.0,0.0,1,2,0,-0.045788862413073325,0.04308178881628596,-0.014581000597984714,-0.10500597220276787,0.08412826098413997,-0.02896395396618346,-0.1554832234938733,0.1360198841205551,-0.04305117678483163
92,least_connections,3833,measured,158,102,9,light,2,64.87,42.7,2,973.0,0.0,0.0,854.0,0.0,0.0,2,0,0,-0.014467807744556055,-0.05506810189096489,-0.01110249461447256,0.10286089617661787,-0.34508979046070776,-0.07426327635288534,0.08131536675610251,-0.22986868166698843,-0.049242407980398986,51.8,48.62,4,833.0,980.0,0.0,733.0,823.0,0.0,2,2,0,-0.006534927148608066,0.034422249193970814,-0.015207702766292679,0.009197560756747047,0.11304807174244083,-0.044065353853360786,0.007592689782804279,0.096315586098014,-0.04132863376918616,25.1,35.63,4,172.0,1083.0,0.0,108.0,961.0,0.0,1,3,0,-0.041428018373733,0.08206266153673038,-0.013192333874367123,-0.0950054034215519,0.1047065218427933,-0.026205482159880274,-0.14067529744683774,0.1538275142043118,-0.038951064710085755
92,least_connections,3834,measured,166,104,7,light,0,44.07,27.15,2,661.0,0.0,0.0,543.0,0.0,0.0,2,0,0,-0.013089921292693568,-0.04982352075849205,-0.010045114174998983,-0.09512585584020283,-0.31222409613111657,-0.06719058336689626,-0.06711943007781196,-0.20797642627013238,-0.04455265483940861,39.0,35.28,3,385.0,980.0,0.0,306.0,823.0,0.0,1,2,0,-0.04899645336121228,0.031143939746925975,-0.013759350121883852,-0.107487921220086,0.10228158871935122,-0.03986865348637404,-0.11385959019651042,0.0871426731362984,-0.037392573410216054,25.1,35.63,4,172.0,1083.0,0.0,108.0,961.0,0.0,1,3,0,-0.03748249281432986,0.07424716996180368,-0.011935921124427398,-0.08595726976235649,0.09473447214347966,-0.023709721954177393,-0.12727765007094843,0.13917727475628208,-0.035241439499601394
92,least_connections,3835,measured,350,311,6,medium,0,67.4,42.7,3,1011.0,0.0,0.0,854.0,0.0,0.0,3,0,0,0.03124063810479652,-0.04507842354339757,-0.00908843663452289,0.12504486058902287,-0.2824884679281531,-0.060791480189096615,0.07996337278674154,-0.1881691475777388,-0.040309544854703026,39.0,35.28,3,875.0,490.0,0.0,722.0,407.0,0.0,2,1,0,-0.001246224242910876,-0.014906049979538621,-0.01244893582456158,0.02941569032468408,-0.034126181634872715,-0.036071638868624134,0.014603227917442924,-0.03877567668620621,-0.03383137594257643,25.1,35.63,4,818.0,437.0,0.0,626.0,443.0,0.0,3,1,0,0.05225506885959724,-0.01899178953569236,-0.01079916673162479,0.039124374976915566,-0.03118309663208982,-0.02145165319663669,0.04106625311041173,-0.030299926014157486,-0.03188511192821079
92,least_connections,3836,measured,191,114,5,light,0,80.13,48.4,4,1202.0,0.0,0.0,968.0,0.0,0.0,4,0,0,0.0713492394644304,-0.040785240348788276,-0.008222871240758805,0.2283421754535604,-0.25558480431594804,-0.055001815409182656,0.1239192420451471,-0.17024827637985893,-0.03647054058282655,28.0,25.72,2,490.0,490.0,0.0,416.0,407.0,0.0,1,1,0,-0.04421143644653387,-0.013486426171963509,-0.011263322888889048,-0.072909613515762,-0.030876069098218162,-0.032636244690659934,-0.07330541283659925,-0.0350827550970437,-0.030609340138521533,25.1,35.63,4,818.0,437.0,0.0,626.0,443.0,0.0,3,1,0,0.047278395634873696,-0.017183047675150234,-0.009770674661946237,0.03539824402673314,-0.028213277905224127,-0.019408638606480816,0.03715518138561061,-0.027414218774713922,-0.02884843460171452
92,least_connections,3837,measured,398,323,9,medium,1,80.13,48.4,4,1202.0,0.0,0.0,968.0,0.0,0.0,4,0,0,0.0645540738011513,-0.036900931744141774,-0.007439740646400824,0.20659530160084028,-0.23124339438109584,-0.049763547274974784,0.11211740946941884,-0.15403415481987237,-0.032997155765414496,39.37,35.81,3,490.0,888.0,0.0,416.0,730.0,0.0,1,2,0,-0.04000082345162588,0.030881895594980863,-0.010190625470899614,-0.06596584079997514,0.07494886265263254,-0.029528030910597084,-0.06632394494739932,0.05958286443600805,-0.02769416488723377,25.1,35.63,4,1255.0,0.0,0.0,1069.0,0.0,0.0,4,0,0,0.08585959151545262,-0.05863046717094091,-0.008840134217951358,0.11110317316704427,-0.10460248953329802,-0.017560196834435025,0.16721976728539373,-0.15840651539934433,-0.026100964639646472
92,least_connections,3838,measured,177,119,4,light,1,80.13,48.4,4,1202.0,0.0,0.0,968.0,0.0,0.0,4,0,0,0.05840606677247023,-0.03338655729231875,-0.006731193918172174,0.18691955859123643,-0.20922021396384863,-0.045024161820215285,0.1014395609485218,-0.13936423531321787,-0.029854569502041687,44.43,39.53,4,667.0,888.0,0.0,535.0,730.0,0.0,2,2,0,0.006892679008619673,0.027940762681173154,-0.009220089711766319,-0.013928277730589772,0.06781087573333419,-0.02671583749054022,-0.026361545428599392,0.05390830591829299,-0.025056625374163886,21.66,32.03,3,1083.0,0.0,0.0,961.0,0.0,0.0,3,0,0,0.034598587334842626,-0.053046613154660825,-0.007998216673384562,0.06939810905589719,-0.09464034767298393,-0.015887797135917404,0.11872264659154672,-0.14332018059940677,-0.023615158483489666
92,least_connections,3839,measured,358,311,12,medium,2,80.13,48.4,4,1202.0,0.0,0.0,968.0,0.0,0.0,4,0,0,0.05284358422271118,-0.030206885169240773,-0.006090127830727205,0.16911769586826153,-0.18929447930062496,-0.04073614640876621,0.09177865038199595,-0.12609145099767333,-0.027011277168513908,44.43,39.53,4,1555.0,0.0,0.0,1265.0,0.0,0.0,4,0,0,0.09240403384226586,-0.060888062789596166,-0.008341985929693336,0.21694924531858206,-0.16819832331609902,-0.024171472015250675,0.18254788746936246,-0.1576246279786873,-0.022670280100433992,28.82,42.4,4,1083.0,358.0,0.0,961.0,311.0,0.0,3,1,0,0.031303483779143326,-0.004910654532221476,-0.007236481752109842,0.06278876533628794,-0.020846028846985457,-0.014374673599163366,0.10741572786854225,-0.03587698879628866,-0.021366095770776364
92,least_connections,3840,measured,448,442,21,heavy,0,77.0,48.55,4,707.0,0.0,448.0,529.0,0.0,442.0,3,0,1,0.004726961689028947,-0.027330038962646415,0.037573784570385134,-0.14556017992871578,-0.1712664336529464,0.2333657088047671,-0.1155574115591465,-0.1140827413788473,0.17551360637134455,44.43,39.53,4,1555.0,0.0,0.0,1265.0,0.0,0.0,4,0,0,0.08360364966681197,-0.055089199666777486,-0.0075475110792463515,0.19628741243109807,-0.15217943538123244,-0.021869427061417278,0.16516237437704223,-0.14261275864738374,-0.020511205805154566,28.82,42.4,4,1083.0,358.0,0.0,961.0,311.0,0.0,3,1,0,0.0283221996097011,-0.004442973148200385,-0.006547293013813666,0.05680888292330813,-0.018860692766320172,-0.013005657065909712,0.0971856585477287,-0.03246013272045163,-0.0193312295068929
92,least_connections,3841,measured,195,112,5,light,0,42.87,27.7,2,195.0,0.0,448.0,112.0,0.0,442.0,1,0,1,-0.08189102559201236,-0.024727178109061044,0.03399532889701512,-0.4405227024751873,-0.15495534473361816,0.2111404032043131,-0.2931948009344659,-0.10321771839038565,0.15879802481216887,44.43,39.53,4,1555.0,0.0,0.0,1265.0,0.0,0.0,4,0,0,0.07564139731759179,-0.04984260922232249,-0.006828700500270508,0.17759337315194584,-0.13768615582111507,-0.019786624484139443,0.14943262443637154,-0.1290305911571567,-0.018557757633235084,28.82,42.4,4,1083.0,358.0,0.0,961.0,311.0,0.0,3,1,0,0.025624847265920042,-0.004019832848371777,-0.005923741298212365,0.05139851312108831,-0.017064436312384912,-0.011767023059632597,0.0879298815431831,-0.02936869150898004,-0.01749016003004596
92,least_connections,3842,measured,448,441,14,heavy,0,72.73,49.75,3,195.0,448.0,448.0,112.0,441.0,442.0,1,1,1,-0.074091880297535,0.020711691461416423,0.030757678525870823,-0.3985681593823124,0.1300245293679963,0.1910317933753309,-0.2652714865597549,0.10611254050393679,0.14367440340148613,25.37,22.81,2,888.0,0.0,0.0,730.0,0.0,0.0,2,0,0,-0.017730345737598352,-0.04509569405829178,-0.006178348071673317,-0.011742050141436755,-0.12457318860005649,-0.017902184057078545,-0.016063935033759108,-0.11674196342790369,-0.016790352144355553,15.9,25.13,2,437.0,358.0,0.0,443.0,311.0,0.0,1,1,0,-0.06298341483196802,-0.0036369916247173256,-0.005359575460287378,-0.07039182146187245,-0.015439251901681578,-0.010646354196810445,-0.07666661511172324,-0.026571673270029558,-0.015824430503374915
92,least_connections,3843,measured,192,124,7,light,1,72.73,49.75,3,195.0,448.0,448.0,112.0,441.0,442.0,1,1,1,-0.0670355107453888,0.018739149417472,0.02782837580912122,-0.3606092870601874,0.11764124085675856,0.17283828924434702,-0.24000753545882592,0.09600658426546663,0.12999112688705888,30.86,26.69,3,1080.0,0.0,0.0,854.0,0.0,0.0,3,0,0,0.02704215884512076,-0.040800866052740185,-0.005589933969609192,0.03900889340944835,-0.11270907540005111,-0.01619721414688059,0.020525487350408406,-0.10562368119667477,-0.015191270987750263,15.9,25.13,2,437.0,358.0,0.0,443.0,311.0,0.0,1,1,0,-0.05698499437178059,-0.0032906114699823436,-0.0048491397021647705,-0.06368783846550363,-0.01396884695866428,-0.009632415701876116,-0.06936503272013053,-0.024041037720502936,-0.014317341884005876
92,least_connections,3844,measured,449,415,17,heavy,2,72.73,49.75,3,195.0,448.0,448.0,112.0,441.0,442.0,1,1,1,-0.0606511763886851,0.016954468520569907,0.025178054303490627,-0.32626554543540764,0.1064373131561149,0.15637749979250445,-0.21714967493893778,0.0868631000497079,0.11761101956448183,30.86,26.69,3,1080.0,0.0,0.0,854.0,0.0,0.0,3,0,0,0.024466715145585446,-0.03691506928581255,-0.005057559305836888,0.03529376070378659,-0.10197487774290338,-0.014654622323368153,0.018570679031321896,-0.09556428298746765,-0.013744483274631191,16.14,24.2,2,358.0,0.0,449.0,311.0,0.0,415.0,1,0,1,-0.05155785205065863,-0.046061120128169965,0.038696583353370194,-0.07191756813545566,-0.07741943296260101,0.07253257626973114,-0.10256836293726095,-0.11554506587410583,0.1122049446446296
92,least_connections,3845,measured,414,400,17,heavy,2,72.73,49.75,3,195.0,448.0,448.0,112.0,441.0,442.0,1,1,1,-0.05487487387547699,0.015339757232896586,0.022780144369824853,-0.2951926363463212,0.09630042618886586,0.1414844045741707,-0.19646875351618182,0.07859042385449763,0.10640997008215022,30.86,26.69,3,1080.0,0.0,0.0,854.0,0.0,0.0,3,0,0,0.022136551798386833,-0.03339934840144945,-0.004575886990995279,0.03193245016056884,-0.09226298462453163,-0.0132589440068569,0.01680204293310078,-0.08646292270294692,-0.01243548486752346,24.42,37.53,3,358.0,0.0,863.0,311.0,0.0,815.0,1,0,2,-0.04664758042678638,-0.04167434678262997,0.0780950946893304,-0.06506827593207892,-0.07004615363282948,0.14053899757737578,-0.09279994741942656,-0.10454077388609576,0.2221536800752998
92,least_connections,3846,measured,364,308,10,medium,0,84.0,59.55,3,0.0,812.0,448.0,0.0,749.0,442.0,0,2,1,-0.09273259563790322,0.05696272819937809,0.020610606810793915,-0.38469809955143347,0.30668451258357704,0.12800969937663062,-0.2284241103241645,0.21043895491597403,0.09627568721718353,5.49,3.88,1,192.0,0.0,0.0,124.0,0.0,0.0,1,0,0,-0.06613949168354569,-0.030218458077501887,-0.00414008822994811,-0.20065975597717242,-0.08347603370790957,-0.01199618743477529,-0.19119696115576593,-0.0782283586359996,-0.011251152975378369,24.42,37.53,3,358.0,0.0,863.0,311.0,0.0,815.0,1,0,2,-0.04220495371947339,-0.03770536137476045,0.07065746662367989,-0.058871297271880924,-0.06337509138208382,0.12715433114143523,-0.08396185718900497,-0.09458450970646759,0.20099618673479508
92,least_connections,3847,measured,159,108,5,light,1,84.0,59.55,3,0.0,1260.0,0.0,0.0,1191.0,0.0,0,3,0,-0.08390091986286481,0.09462160669286135,-0.024436208350324777,-0.3480601853084398,0.5476986859883157,-0.1544039227862231,-0.20666943315043454,0.3903495306382623,-0.11284580680350062,10.03,7.25,2,351.0,0.0,0.0,232.0,0.0,0.0,2,0,0,-0.01675659224883158,-0.027340509689168374,-0.003745794112810195,-0.140447262210639,-0.07552593525953723,-0.01085369339336812,-0.14245201247426442,-0.0707780387659044,-0.010179614596770905,24.42,37.53,3,358.0,449.0,414.0,311.0,415.0,400.0,1,1,1,-0.03818543431761877,0.008969525649593149,0.02084428386133396,-0.053264507055511306,0.023908250654305116,0.033796775794631875,-0.07596548983767117,0.03958226899573568,0.05669496260132252
92,least_connections,3848,measured,451,405,18,heavy,1,84.0,59.55,3,0.0,1260.0,0.0,0.0,1191.0,0.0,0,3,0,-0.0759103560664015,0.08561002510306503,-0.022108950412198607,-0.31491159623144555,0.49553690637038095,-0.1396987872827733,-0.1869866299932503,0.35317338486318967,-0.10209858710792913,22.91,19.91,3,351.0,0.0,451.0,232.0,0.0,405.0,2,0,1,-0.015160726320371437,-0.02473665162353329,0.039694848410405284,-0.12707133247629243,-0.0683329890443432,0.10676502570532001,-0.12888515414338214,-0.0640372731691516,0.10529880107911203,24.42,37.53,3,358.0,863.0,0.0,311.0,815.0,0.0,1,2,0,-0.03454872628736935,0.051199185338294026,-0.024224786256979023,-0.04819169685974832,0.09654556011579987,-0.04433625047152354,-0.06873068128170247,0.15644744972630054,-0.06933947828134311
92,least_connections,3849,measured,382,349,11,medium,0,100.0,77.0,4,812.0,830.0,0.0,749.0,791.0,0.0,2,2,0,0.017487002107722915,0.034372789152206235,-0.020003336087227312,0.20485776213980322,0.1889778359224082,-0.12639414087489012,0.16965495381563067,0.13858544344764778,-0.09237491214526922,22.91,19.91,3,351.0,0.0,451.0,232.0,0.0,405.0,2,0,1,-0.013716847623193196,-0.022380780040339644,0.03591438665703336,-0.11496930081188364,-0.06182508532583433,0.09659692801909905,-0.11661037755829813,-0.05793848524828002,0.09527034383348232,24.42,37.53,3,358.0,863.0,0.0,311.0,815.0,0.0,1,2,0,-0.031258371402857976,0.04632307244893269,-0.021917663756314355,-0.04360201144453418,0.08735074486667607,-0.04011375042661654,-0.06218490211201651,0.14154769260951,-0.06273571844502472
92,least_connections,3850,measured,196,106,2,light,1,100.0,77.0,4,812.0,830.0,0.0,749.0,791.0,0.0,2,2,0,0.015821573335558836,0.031099190185329445,-0.01809825645987233,0.18534749907886955,0.17097994678694073,-0.11435660364871011,0.15349733916652297,0.12538682978596705,-0.08357730146476738,23.03,19.34,3,355.0,0.0,451.0,214.0,0.0,405.0,2,0,1,-0.012410481182889094,-0.020249277179354916,0.03249396888017304,-0.10298582998626207,-0.05593698196146915,0.08739722058870866,-0.11059391302893638,-0.05242053427225335,0.08619697775410305,24.42,37.53,3,358.0,863.0,0.0,311.0,815.0,0.0,1,2,0,-0.028281383650204828,0.04191135126332005,-0.01983026720809394,-0.03944943892600711,0.07903162630794502,-0.036293393243129246,-0.056262530482300635,0.12806695998003287,-0.05676088811692713
92,least_connections,3851,measured,184,120,9,light,1,100.0,77.0,4,812.0,830.0,0.0,749.0,791.0,0.0,2,2,0,0.014314756827410374,0.028137362548631403,-0.016374612987503537,0.16769535630945337,0.15469614233104162,-0.10346549853930916,0.13887854496018748,0.11344522694920828,-0.07561755846812288,28.29,23.09,4,355.0,184.0,451.0,214.0,120.0,405.0,2,1,1,-0.011228530594042524,0.024763125635912445,0.029399305177299415,-0.09317765570185615,-0.003045024495750996,0.07907367577073642,-0.10006115940713291,-0.013499531008229225,0.07798774177752181,17.26,27.17,2,0.0,863.0,0.0,0.0,815.0,0.0,0,2,0,-0.06867181876741887,0.037919794000146716,-0.017941670331132614,-0.100473301885435,0.0715048047548074,-0.03283687960092646,-0.14469784503954186,0.11587010664860115,-0.05135508924864836
92,least_connections,3852,measured,179,121,4,light,2,100.0,77.0,4,812.0,830.0,0.0,749.0,791.0,0.0,2,2,0,0.012951446653371279,0.025457613734476026,-0.014815126036312725,0.1517243699942673,0.13996317639475198,-0.09361164153556542,0.12565201686874106,0.10264091962071226,-0.06841588623306355,18.14,16.41,2,0.0,635.0,0.0,0.0,525.0,0.0,0,2,0,-0.09632694718145797,0.06548863294496386,-0.01648452887586742,-0.17607230073705352,0.11383001185078312,-0.04504218450674869,-0.15103747755883454,0.1022950671830307,-0.04394859077271836,20.84,31.2,3,179.0,863.0,0.0,121.0,815.0,0.0,1,2,0,-0.019047745324716855,0.03430838504775179,-0.0162329398234057,-0.05851393980110786,0.06469482334958765,-0.02970955773417156,-0.09442503440085534,0.1048348583963534,-0.04646412836782471
92,least_connections,3853,measured,365,302,14,medium,1,100.0,77.0,4,1194.0,448.0,0.0,1098.0,442.0,0.0,3,1,0,0.05480187577028375,-0.02005082113366001,-0.01340416165190199,0.3676871284075117,-0.10377934834125613,-0.0846962471036068,0.27156611050028956,-0.0650153584384032,-0.06190008754420036,28.57,25.84,3,184.0,816.0,0.0,120.0,707.0,0.0,1,2,0,-0.04406905198503794,0.05925162028353874,-0.014914573744832427,-0.11173888434032733,0.14977817398744322,-0.0407524526489631,-0.10272438445799315,0.14401101316559922,-0.03976301069912613,20.84,31.2,3,179.0,863.0,0.0,121.0,815.0,0.0,1,2,0,-0.017233674341410488,0.031040919805108758,-0.014686945554509919,-0.05294118362957377,0.05853341160200787,-0.02688007604520284,-0.08543217398172626,0.09485058616812925,-0.04203897328517474
92,least_connections,3854,measured,402,431,15,heavy,1,100.0,77.0,4,1642.0,0.0,0.0,1540.0,0.0,0.0,4,0,0,0.09266654973320457,-0.06122511934768785,-0.012127574827911325,0.5172407352258439,-0.36411782310240637,-0.07662993785564426,0.44565505235740477,-0.2587758004918886,-0.05600484111141937,40.06,39.31,4,184.0,816.0,402.0,120.0,707.0,431.0,1,2,1,-0.03987199941503432,0.05360860882796362,0.029589762076670884,-0.10109708583172475,0.1355135859886391,0.06704710066454359,-0.09294110974770808,0.1302956785783993,0.08588406174840968,20.84,31.2,3,628.0,414.0,0.0,536.0,400.0,0.0,2,1,0,0.02749152820357645,-0.014999258498325632,-0.013288188835032784,0.033348452906576107,-0.028288818074373848,-0.02432006880280257,0.04786295369907306,-0.039341533149470365,-0.03803526154372953
92,least_connections,3855,measured,176,108,8,light,2,100.0,77.0,4,1642.0,0.0,0.0,1540.0,0.0,0.0,4,0,0,0.08384116404432794,-0.055394155600289006,-0.01097256770144358,0.4679797128233826,-0.3294399351878915,-0.06933184853605909,0.4032117140376519,-0.23413048615932777,-0.050671046719855624,40.06,39.31,4,184.0,1218.0,0.0,120.0,1138.0,0.0,1,3,0,-0.036074666137412004,0.0915869272615816,-0.016312210728817046,-0.09146879194298907,0.22652589752713603,-0.043256704840923144,-0.08408957548602161,0.23974668538045651,-0.044155491751438854,24.36,34.8,4,1042.0,176.0,0.0,936.0,108.0,0.0,3,1,0,0.06795718764904082,-0.01357075768896128,-0.012022647041220138,0.1050866954869022,-0.06866131159110014,-0.02200387177396423,0.16393949779122483,-0.12365821253206047,-0.03441285568242195
92,least_connections,3856,measured,176,123,7,light,0,67.07,45.7,3,1006.0,0.0,0.0,914.0,0.0,0.0,3,0,0,0.0327723910514441,-0.050118521733594816,-0.009927561253687048,0.12544196239575878,-0.29806470326523515,-0.0627288153421487,0.08162012222454218,-0.21183234462034417,-0.04584523274653604,40.06,39.31,4,184.0,1218.0,0.0,120.0,1138.0,0.0,1,3,0,-0.03263898364813467,0.0828643627604786,-0.014758666849882088,-0.08275747842460918,0.20495200252455165,-0.03913701866559713,-0.0760810444873529,0.21691366772517495,-0.03995020682273039,20.78,30.77,3,1039.0,0.0,0.0,923.0,0.0,0.0,3,0,0,0.06148507453960836,-0.05536220480248424,-0.01087763303729441,0.09453558163100677,-0.09396975810623347,-0.019908264938348588,0.1444055773666637,-0.14445266848138805,-0.031135440855524624
92,least_connections,3857,measured,357,327,13,medium,0,90.87,62.05,4,1006.0,357.0,0.0,914.0,327.0,0.0,3,1,0,0.02965121095130656,-0.002261428960780798,-0.008982079229526378,0.11349510883425795,-0.054344255335212754,-0.056754642452420255,0.07384677725077626,-0.043729264180311395,-0.0414790201040088,40.06,39.31,4,184.0,1218.0,0.0,120.0,1138.0,0.0,1,3,0,-0.029530509014978987,0.07497251868805206,-0.0133530795308457,-0.07487581381274164,0.18543276418888005,-0.03540968355458788,-0.06883523072665262,0.19625522317992022,-0.036145425220565595,20.78,30.77,3,1039.0,0.0,0.0,923.0,0.0,0.0,3,0,0,0.05562935315488375,-0.05008961386891431,-0.009841667986123515,0.08553219290424421,-0.08502025733421123,-0.018012239706124915,0.13065266523650526,-0.13069527148316062,-0.028170160774046087
92,least_connections,3858,measured,374,308,11,medium,2,90.87,62.05,4,1006.0,357.0,0.0,914.0,327.0,0.0,3,1,0,0.026827286098801167,-0.0020460547740397683,-0.008126643112428627,0.1026860508500429,-0.04916861196995442,-0.051349438409332614,0.06681375084594043,-0.039564572353615074,-0.037528637236960344,40.06,39.31,4,184.0,1218.0,0.0,120.0,1138.0,0.0,1,3,0,-0.026718079584980986,0.06783227881299948,-0.012081357670765156,-0.06774478392581386,0.16777250093279625,-0.032037332739865226,-0.06227949446697142,0.17756424954373734,-0.03270300377098792,28.26,41.03,4,1039.0,374.0,0.0,923.0,308.0,0.0,3,1,0,0.0503313195210853,-0.0022352742260698666,-0.00890436627315937,0.07738626977050667,-0.009246899492857771,-0.016296788305541588,0.11820955426159999,-0.02535921388158978,-0.02548728831937503
92,least_connections,3859,measured,189,105,3,light,0,100.0,67.3,5,1195.0,357.0,0.0,1019.0,327.0,0.0,4,1,0,0.06735620669710128,-0.0018511924146074055,-0.007352677101721139,0.20690642695956263,-0.04448588702043493,-0.04645901570368189,0.10795053647966035,-0.03579651784374696,-0.03395448130963079,40.06,39.31,4,635.0,767.0,0.0,525.0,733.0,0.0,2,2,0,0.01891039964986982,0.018288161556432647,-0.010930752178311331,0.05529213427120244,0.03520913349701976,-0.028986158193211396,0.058160814529883004,0.04614444006338139,-0.029588431983274786,28.26,41.03,4,1039.0,374.0,0.0,923.0,308.0,0.0,3,1,0,0.04553786051907717,-0.0020223909664441597,-0.008056331390001335,0.07001614883998222,-0.008366242398299889,-0.014744713228823342,0.10695150147478094,-0.022944050654771717,-0.0230599275270536
92,least_connections,3860,measured,177,123,2,light,1,78.0,49.85,4,813.0,357.0,0.0,670.0,327.0,0.0,3,1,0,0.017857429642048547,-0.0016748883751209892,-0.006652422139652459,-0.043211645449284575,-0.040249135875631614,-0.04203434754142647,-0.06021141937554536,-0.032387325668152,-0.030720721184904046,39.86,39.41,4,993.0,402.0,0.0,830.0,431.0,0.0,3,1,0,0.06019330943378244,-0.026537468342365922,-0.0098897281613293,0.14257043440863892,-0.06249785880881886,-0.026225571698619835,0.13885680838417988,-0.04363717327598829,-0.02677048608010576,28.26,41.03,4,1039.0,374.0,0.0,923.0,308.0,0.0,3,1,0,0.041200921422022196,-0.0018297823029732874,-0.007289061733810731,0.06334794418855536,-0.007569457407985605,-0.013340454826078261,0.09676564419146846,-0.020758902973364884,-0.020863743953048495
92,least_connections,3861,measured,193,121,6,light,0,61.0,33.8,4,558.0,357.0,0.0,349.0,327.0,0.0,3,1,0,0.016156722057091538,-0.0015153751965380352,-0.006018858126352225,-0.19290577445411472,-0.03641588483985719,-0.0380310763470049,-0.19969128419692206,-0.02930281846166133,-0.027794938214913186,39.86,39.41,4,993.0,402.0,0.0,830.0,431.0,0.0,3,1,0,0.05446061329723173,-0.02401009040499774,-0.008947849288821747,0.12899229779829235,-0.05654568177940755,-0.023727898203513183,0.12563235044282942,-0.03948125201160846,-0.024220915977238543,19.28,27.2,3,590.0,374.0,0.0,508.0,308.0,0.0,2,1,0,-0.005806876083022994,-0.0016555173217377428,-0.006594865378209709,-0.023932812400830894,-0.006848556702463163,-0.012069935318832712,-0.03760886160454438,-0.018781864594949182,-0.01887672071942483
92,least_connections,3862,measured,360,346,7,medium,2,48.4,28.55,3,369.0,357.0,0.0,244.0,327.0,0.0,2,1,0,-0.028465913603674536,-0.0013710537492487018,-0.005445633542890108,-0.2885337959346753,-0.03294770533129937,-0.034409069075861574,-0.22817306665435805,-0.026512073846265,-0.02514780124206431,34.8,35.56,3,1218.0,0.0,0.0,1138.0,0.0,0.0,3,0,0,0.04927388822130489,-0.06480731535508866,-0.008095673166076818,0.1748705823617203,-0.15507874609973607,-0.021468098374607166,0.2007506980197028,-0.1575812518200267,-0.021914162074644396,18.2,25.4,3,910.0,0.0,0.0,762.0,0.0,0.0,3,0,0,0.03783005996116513,-0.04458174923213914,-0.005966782961237356,0.036251264970676794,-0.07387250368318096,-0.010920417669420073,0.04257610934192019,-0.10988200447479529,-0.01707893779376532
92,least_connections,3863,measured,392,346,12,medium,0,62.8,39.7,3,550.0,392.0,0.0,448.0,346.0,0.0,2,1,0,-0.02575487421284839,-0.0012404772017012011,-0.004927001776900574,-0.1518797836234364,-0.008698717521969268,-0.03113201487816047,-0.11415658411584775,-0.015391876337096932,-0.0227527725523439,34.8,35.56,3,1218.0,0.0,0.0,1138.0,0.0,0.0,3,0,0,0.04458113696213299,-0.05863519008317545,-0.007324656674069502,0.1582162411844136,-0.14030934170928502,-0.019423517577025533,0.18163158392258827,-0.14257351355145273,-0.019827099019916358,14.68,21.8,2,734.0,0.0,0.0,654.0,0.0,0.0,2,0,0,-0.008856703119036524,-0.04033586835288779,-0.005398517917309989,0.0009511444972790384,-0.06683702714192563,-0.009880377891380066,0.005949813214118249,-0.09941705166767194,-0.015452372289597194
92,least_connections,3864,measured,465,401,14,heavy,2,62.8,39.7,3,550.0,392.0,0.0,448.0,346.0,0.0,2,1,0,-0.02330202904971998,-0.0011223365158248982,-0.004457763512433852,-0.1374150423259663,-0.007870268234162703,-0.028167061080240426,-0.103284528485767,-0.013925983352611526,-0.020585841833073052,34.8,35.56,3,1218.0,0.0,0.0,1138.0,0.0,0.0,3,0,0,0.0403353143943108,-0.053050886265730166,-0.006627070324158121,0.14314802773827898,-0.1269465472607817,-0.017573658760165957,0.1643333378347227,-0.12899508368940962,-0.017938803875162418,23.98,35.17,3,734.0,465.0,0.0,654.0,401.0,0.0,2,1,0,-0.00801320758389018,0.006589543145573168,-0.004884373353756657,0.0008605593070619977,0.023671261157305376,-0.008939389520772442,0.005383164336583174,0.030987746903852365,-0.013980717785826033
92,least_connections,3865,measured,459,413,18,heavy,0,93.4,60.35,4,550.0,392.0,459.0,448.0,346.0,413.0,2,1,1,-0.0210827881878419,-0.0010154473238415812,0.0390506856202696,-0.124327895437779,-0.007120718878528165,0.2513726590226396,-0.09344790672521772,-0.012599699223791394,0.16820804786531485,34.8,35.56,3,1218.0,0.0,0.0,1138.0,0.0,0.0,3,0,0,0.03649385588056692,-0.047998420907089195,-0.005995920769476395,0.12951488223939525,-0.11485639990261201,-0.015899976973483484,0.14868254375522533,-0.11670983762375156,-0.01623034636324219,23.98,35.17,3,734.0,465.0,0.0,654.0,401.0,0.0,2,1,0,-0.0072500449568530245,0.005961967607899535,-0.004419194939113166,0.0007786012778180085,0.021416855332800105,-0.008088019090222685,0.004870482018813349,0.028036532913009282,-0.012649220853842602
92,least_connections,3866,measured,167,104,2,light,1,93.4,60.35,4,550.0,392.0,459.0,448.0,346.0,413.0,2,1,1,-0.019074903598523624,-0.0009187380549042917,0.035331572704053446,-0.11248714349132383,-0.006442555175811215,0.22743240578238821,-0.08454810608472077,-0.011399727869144588,0.15218823378290391,26.69,26.16,3,934.0,0.0,0.0,837.0,0.0,0.0,3,0,0,0.03301825055860816,-0.04342714272546165,-0.005424880696192929,0.04376516556353449,-0.1039176951499823,-0.014385693452199344,0.0494181348261562,-0.10559461499291808,-0.014684599090552457,23.98,35.17,3,734.0,465.0,0.0,654.0,401.0,0.0,2,1,0,-0.006559564484771796,0.005394161169051961,-0.003998319230626198,0.0007044487751686757,0.01937715482491438,-0.007317731557820525,0.004406626588450174,0.025366386921294115,-0.01144453315347664
92,least_connections,3867,measured,151,102,5,light,1,80.53,54.3,3,357.0,392.0,459.0,327.0,346.0,413.0,1,1,1,-0.0603421463397073,-0.0008312391925324597,0.03196666101795312,-0.21818678061913427,-0.005828978492400605,0.205772176660256,-0.13123400074331878,-0.010314039500654626,0.13769411627977018,20.57,19.91,3,720.0,0.0,0.0,637.0,0.0,0.0,3,0,0,0.029873655267312144,-0.039291224370655776,-0.004908225391793602,-0.01572267333367286,-0.09402077180236493,-0.01301562740913274,-0.011835973252525306,-0.09553798499359255,-0.013286065843833177,23.98,35.17,3,734.0,465.0,0.0,654.0,401.0,0.0,2,1,0,-0.0059348440576506845,0.0048804315339041615,-0.0036175269229475125,0.0006373584156288137,0.017531711508255873,-0.006620804742789999,0.0039869478657406365,0.02295054054783753,-0.010354577615050292
92,least_connections,3868,measured,386,302,14,medium,0,100.0,69.4,4,749.0,386.0,459.0,673.0,302.0,413.0,2,1,1,-0.011511375032977805,-0.0007520735551484192,0.028922217111481394,0.039037357217608704,-0.008892885302648146,0.1861748265021364,0.037788285041759184,-0.02923651192916371,0.12458039091979209,15.8,16.66,2,553.0,0.0,0.0,533.0,0.0,0.0,2,0,0,-0.016055354984903514,-0.03554920300202189,-0.0044407753544799256,-0.05739534390053397,-0.08506641258309208,-0.011776043846358194,-0.040113499609427644,-0.08643912927991707,-0.012020726239658589,23.98,35.17,3,734.0,465.0,0.0,654.0,401.0,0.0,2,1,0,-0.005369620814064918,0.004415628530675189,-0.0032730005493334636,0.0005766576141403579,0.015862024697945787,-0.0059902519101433325,0.0036072385451939026,0.02076477478137681,-0.009368427365997883
92,least_connections,3869,measured,391,323,13,medium,1,100.0,69.4,4,749.0,845.0,0.0,673.0,715.0,0.0,2,2,0,-0.010415053601265628,0.04240345272448023,-0.016916179983036107,0.03531951367307451,0.26881119901188977,-0.10841325221235279,0.03418940075206783,0.160381251111709,-0.07411774154875952,15.49,13.28,2,151.0,391.0,0.0,102.0,323.0,0.0,1,1,0,-0.05761017378452721,0.010920335605880419,-0.00401784436833898,-0.15584748801885046,0.02410998045203233,-0.010654515860990747,-0.15815328536091072,0.013117573508646466,-0.010875895169214913,9.3,13.37,1,0.0,465.0,0.0,0.0,401.0,0.0,0,1,0,-0.09102602880909728,0.0039950924801347015,-0.0029612862113017053,-0.13229730977768256,0.014351355679093805,-0.00541975172822492,-0.19397440322101503,0.01878717718315044,-0.0084761961882838
92,least_connections,3870,measured,183,102,4,light,2,82.47,53.05,3,392.0,845.0,0.0,346.0,715.0,0.0,1,2,0,-0.05250704396123579,0.03836502865548211,-0.015305115222746954,-0.18337758286721834,0.24321013243932882,-0.0980881805730811,-0.11699530408146247,0.1451068462439272,-0.06705890902030624,15.49,13.28,2,151.0,391.0,0.0,102.0,323.0,0.0,1,1,0,-0.05212349056695319,0.00988030364341562,-0.003635192523735268,-0.1410048701122933,0.021813791837553054,-0.009639800064705915,-0.14309106770749064,0.011868280793537272,-0.009840095629289683,12.96,16.77,2,183.0,465.0,0.0,102.0,401.0,0.0,1,1,0,-0.03927298298147351,0.0036146074820266327,-0.002679258953082495,-0.08658328027504614,0.012984559900132489,-0.004903584896965404,-0.14473874577139453,0.01699792221332659,-0.007668939408447248
92,least_connections,3871,measured,442,440,15,heavy,1,82.47,53.05,3,392.0,845.0,0.0,346.0,715.0,0.0,1,2,0,-0.04750637310778476,0.03471121640257905,-0.013847485201532958,-0.16591305116557853,0.22004726268320224,-0.08874644908993051,-0.10585289416894222,0.13128714660164842,-0.06067234625646755,28.11,27.03,3,151.0,391.0,442.0,102.0,323.0,440.0,1,1,1,-0.047159348608195734,0.008939322344042697,0.03979491651480641,-0.12757583486350346,0.019736287853024184,0.10553677953329328,-0.12946334697344392,0.010737968337009907,0.11550181824016649,12.96,16.77,2,648.0,0.0,0.0,503.0,0.0,0.0,2,0,0,0.007551201338757529,-0.03981354107635232,-0.002424091433741305,0.005805603560672543,-0.07239492199511822,-0.004436576811540127,-0.010017595380468092,-0.10555743545778387,-0.006938564226690367
92,least_connections,3872,measured,356,346,12,medium,2,82.47,53.05,3,392.0,845.0,0.0,346.0,715.0,0.0,1,2,0,-0.04298195662132906,0.03140538626900009,-0.012528677087101248,-0.1501118081974282,0.19909038052289724,-0.08029440631946094,-0.09577166615285249,0.11878360883006286,-0.054894027565375404,23.8,23.84,2,0.0,833.0,0.0,0.0,763.0,0.0,0,2,0,-0.08575188230083922,0.05117185853803409,-0.007078975760980139,-0.1544597689581358,0.13211514479219194,-0.018772845728380904,-0.14597279011883021,0.13412006659062803,-0.019903116830325567,20.08,28.3,3,648.0,356.0,0.0,503.0,346.0,0.0,2,1,0,0.006832039306494897,0.007062124967200503,-0.0021932255829088,0.005252688935846586,-0.001081119900345054,-0.004014045686631543,-0.009063538677566374,0.00884485998263998,-0.006277748586053189
92,least_connections,3873,measured,375,335,15,medium,1,82.47,53.05,3,392.0,845.0,0.0,346.0,715.0,0.0,1,2,0,-0.038888436943107244,0.028414397100523903,-0.011335469745472558,-0.13581544551195884,0.18012939190166893,-0.0726473200033218,-0.08665055509067604,0.10747088417958067,-0.049666024940101555,34.51,34.31,3,0.0,833.0,375.0,0.0,763.0,335.0,0,2,1,-0.07758503636742596,0.04629834820107846,0.03667911263348962,-0.13974931477164668,0.11953275005007842,0.07995381985119279,-0.13207061963132258,0.1213467269153301,0.07670968001065782,20.08,28.3,3,648.0,356.0,0.0,503.0,346.0,0.0,2,1,0,0.006181368896352513,0.006389541636990931,-0.0019843469559651045,0.004752432846718335,-0.000978156100312197,-0.003631755621238063,-0.008200344517798136,0.008002492365245695,-0.005679867768333837
92,least_connections,3874,measured,395,300,12,medium,0,100.0,68.05,4,392.0,1240.0,0.0,346.0,1015.0,0.0,1,3,0,-0.035184776281858926,0.06879216427008852,-0.010255901198284696,-0.1228806411774866,0.40122817997452587,-0.06572852762205306,-0.07839812127251639,0.23294984759104914,-0.04493592732675855,34.51,34.31,3,0.0,1208.0,0.0,0.0,1098.0,0.0,0,3,0,-0.07019598528481397,0.08497288193249503,-0.009898036415504852,-0.12643985622196605,0.2050874541269417,-0.0245996051686487,-0.11949246538072043,0.20450715768529867,-0.025313265704642925,16.42,24.9,2,465.0,356.0,0.0,401.0,346.0,0.0,1,1,0,-0.03749123313005748,0.005781013862039414,-0.0017953615315874755,-0.02881446551963579,-0.000884998376472948,-0.003285874133501105,-0.03818126408753164,0.007240350235222293,-0.005138927980873472
92,least_connections,3875,measured,454,441,17,heavy,2,82.67,50.75,3,386.0,854.0,0.0,302.0,713.0,0.0,1,2,0,-0.03183384520739617,0.019156629350941784,-0.009279148703209963,-0.1147967705891545,0.13019057553250757,-0.05946866784852419,-0.09083639543703864,0.07414510020142545,-0.0406563152004006,34.51,34.31,3,391.0,817.0,0.0,323.0,775.0,0.0,1,2,0,-0.020426753126169553,0.033796326283595274,-0.008955366280694866,-0.0133231352212346,0.08448048570668876,-0.022256785628777396,-0.01678782582065183,0.09370588076288927,-0.022902478494676932,25.5,39.6,3,465.0,356.0,454.0,401.0,346.0,441.0,1,1,1,-0.03392063949862342,0.005230441113273754,0.04145952550770203,-0.02607023070824191,-0.0008007128168088656,0.07917944721254662,-0.03454495322205245,0.006550793069963021,0.12835049373159066
92,least_connections,3876,measured,380,350,11,medium,0,100.0,68.25,4,845.0,775.0,0.0,715.0,650.0,0.0,2,2,0,0.014281849801017987,0.017332188460375902,-0.008395420255285205,0.17299339803838398,0.07014067945004654,-0.053804985196283794,0.10464802317601268,0.03858366208700398,-0.036784285181314824,34.51,34.31,3,391.0,817.0,0.0,323.0,775.0,0.0,1,2,0,-0.018481348066534356,0.030577628542300478,-0.008102474253962022,-0.012054265200164643,0.07643472516319458,-0.020137091759370025,-0.015188985266304036,0.08478151116642363,-0.020721290066612462,25.5,39.6,3,465.0,356.0,454.0,401.0,346.0,441.0,1,1,1,-0.030690102403516425,0.0047323038643905385,0.03751099926887327,-0.023587351593171255,-0.0007244544533032554,0.07163854747801837,-0.031254957677095074,0.005926908015680826,0.11612663718572488
92,least_connections,3877,measured,370,346,11,medium,1,100.0,68.25,4,845.0,775.0,0.0,715.0,650.0,0.0,2,2,0,0.012921673629492453,0.015681503845102,-0.007595856421448519,0.15651783632044264,0.06346061474051828,-0.04868070089187582,0.09468154477829721,0.0349090276025274,-0.033281019925951505,45.09,45.12,4,391.0,1187.0,0.0,323.0,1121.0,0.0,1,3,0,-0.016721219679245364,0.07074937366979113,-0.007330810039298972,-0.010906239943006116,0.16480148603200598,-0.01821927349657288,-0.013742415240941747,0.1745344624839071,-0.018747833869792226,25.5,39.6,3,821.0,0.0,454.0,747.0,0.0,441.0,2,0,1,0.015316664718813933,-0.03880229196849926,0.03393852314802819,0.04307811046332126,-0.06507450641013152,0.06481582867058805,0.0760709113080251,-0.09898676576359036,0.10506695745375108
92,least_connections,3878,measured,197,110,6,light,2,100.0,68.25,4,845.0,775.0,0.0,715.0,650.0,0.0,2,2,0,0.011691038045731267,0.014188027288425609,-0.0068724415241677075,0.1416113757184957,0.057416746669992746,-0.04404444366407812,0.08566425479941175,0.03158435830704859,-0.03011139898062279,45.09,45.12,4,391.0,1187.0,0.0,323.0,1121.0,0.0,1,3,0,-0.015128722566936287,0.06401133808219198,-0.006632637654603832,-0.009867550424624588,0.14910610640991018,-0.01648410459213737,-0.012433613789423481,0.157912132723535,-0.01696232588219297,20.14,29.9,3,553.0,454.0,0.0,456.0,441.0,0.0,2,1,0,0.013857934745593548,0.00797706463621041,-0.012377617378541383,-0.00951980481889983,0.02327544658130959,-0.02350948834565843,-0.01893584214988206,0.043440545261513475,-0.03793941944660615
92,least_connections,3879,measured,165,120,5,light,2,100.0,68.25,4,1240.0,380.0,0.0,1015.0,350.0,0.0,3,1,0,0.05366150607765709,-0.03024711363246753,-0.006217923283770783,0.36637854628498817,-0.1863054831715939,-0.03984973474368973,0.2132200400566106,-0.10713796153171795,-0.027243646696753953,45.09,45.12,4,833.0,745.0,0.0,763.0,681.0,0.0,2,2,0,0.029396008380481675,0.01483111994284489,-0.006000957877974896,0.10533071968384305,0.020647021445701047,-0.014914189869076668,0.11315530180956923,0.018468120083198286,-0.015346866274365066,23.44,33.9,4,718.0,454.0,0.0,576.0,441.0,0.0,3,1,0,0.055622031663246765,0.007217344194666561,-0.011198796675823157,0.021243986116233488,0.021058737383089624,-0.021270489455595724,0.019058047578678128,0.03930335047470267,-0.03432614140407223
92,least_connections,3880,measured,370,325,8,medium,0,100.0,84.5,5,1620.0,370.0,0.0,1365.0,325.0,0.0,4,1,0,0.09163478667797093,-0.02736643614366109,-0.005625740113887851,0.48831074822610043,-0.17459384985366436,-0.03605452191095738,0.351246702908362,-0.10824386995726862,-0.02464901367801548,45.09,45.12,4,833.0,745.0,0.0,763.0,681.0,0.0,2,2,0,0.026596388534721516,0.01341863232924062,-0.005429438080072525,0.0952992225710961,0.018680638450872367,-0.01349379083392651,0.10237860639913407,0.016709251503846057,-0.013885259962520774,23.44,33.9,4,718.0,454.0,0.0,576.0,441.0,0.0,3,1,0,0.05032469531436612,0.0065299780808887875,-0.010132244611459047,0.01922074934325886,0.019053143346604906,-0.019244728555062797,0.01724299542832783,0.035560174239016695,-0.031056985079874876
92,least_connections,3881,measured,396,322,7,medium,1,100.0,84.5,5,1990.0,0.0,0.0,1690.0,0.0,0.0,5,0,0,0.12599156436396916,-0.06784400911864122,-0.005089955341136627,0.44180496268075753,-0.38114046732791856,-0.03262075791943763,0.464818445488518,-0.2449587394851478,-0.02230148856582353,56.4,55.19,5,1974.0,0.0,0.0,1766.0,0.0,0.0,5,0,0,0.15331509983073444,-0.07402713310801132,-0.004912348739113237,0.38117548708813453,-0.1756835039866257,-0.01220866789736208,0.3762145724563594,-0.17742674863937738,-0.01256285425180451,23.44,33.9,4,718.0,454.0,0.0,576.0,441.0,0.0,3,1,0,0.04553186718918839,0.005908075406518429,-0.009167268934177233,0.017390201786758014,0.017238558265975867,-0.017411897264104435,0.015600805387534694,0.032173490978157956,-0.02809917697702965
92,least_connections,3882,measured,447,404,15,heavy,2,100.0,69.4,4,1604.0,0.0,0.0,1388.0,0.0,0.0,4,0,0,0.0709084675311195,-0.061382674916865866,-0.004605197689599805,0.39972829956830447,-0.34484137520145014,-0.02951401906996738,0.28393097448961147,-0.22162933572465754,-0.020177537273840338,45.23,45.09,4,1583.0,0.0,0.0,1443.0,0.0,0.0,4,0,0,0.0956297615248595,-0.06697692995486738,-0.004444506002054834,0.2437982298144347,-0.15895174170218515,-0.011045937621422834,0.2490602084128966,-0.16052896305467476,-0.011366391942108842,32.38,47.37,5,718.0,454.0,447.0,576.0,441.0,404.0,3,1,1,0.041195498885456164,0.005345401558278576,0.03478970452440654,0.015733992092781063,0.015596790812073408,0.06513209295152456,0.014115014398245668,0.029109348980238148,0.09641820495729063
92,least_connections,3883,measured,175,124,4,light,0,88.0,54.95,4,1320.0,0.0,0.0,1099.0,0.0,0.0,4,0,0,0.06415528014720334,-0.055536705877164354,-0.004166607433447443,0.25308750913322786,-0.3119993394679787,-0.026703160110922868,0.12615183406202946,-0.2005217799413568,-0.018255867057284117,45.23,45.09,4,1583.0,0.0,0.0,1443.0,0.0,0.0,4,0,0,0.08652216518915859,-0.06059817472107049,-0.0040212197161448495,0.22057935078448854,-0.14381348058769133,-0.009993943562239706,0.2253401885640493,-0.14524049038280099,-0.010283878423812762,32.38,47.37,5,718.0,901.0,0.0,576.0,845.0,0.0,3,2,0,0.03727211803922224,0.047920215922342746,-0.011607500895151451,0.014235516655373343,0.0949970964490188,-0.021956677805763495,0.01277072731269846,0.14817829987100914,-0.03460575107038783
92,least_connections,3884,measured,364,343,12,medium,0,100.0,72.1,5,1320.0,364.0,0.0,1099.0,343.0,0.0,4,1,0,0.058045253466517316,-0.00716359556686752,-0.0037697876778810197,0.2289839368348252,-0.06272956110594899,-0.024160002005120692,0.11413737367516952,-0.02625780089932281,-0.016517213051828485,45.23,45.09,4,1583.0,0.0,0.0,1443.0,0.0,0.0,4,0,0,0.0782819589806673,-0.05482691998573044,-0.00363824640984534,0.19957179356691823,-0.13011695862695882,-0.009042139413454973,0.20387921822461602,-0.13140806272729613,-0.00930446143106869,18.02,28.17,2,0.0,901.0,0.0,0.0,845.0,0.0,0,2,0,-0.09552930816859484,0.04335638583450058,-0.010502024619422741,-0.11704405635942412,0.08594975393006463,-0.01986556563378602,-0.16215981814565378,0.13406608083567492,-0.03130996525416042
92,least_connections,3885,measured,183,104,4,light,2,100.0,72.1,5,1320.0,364.0,0.0,1099.0,343.0,0.0,4,1,0,0.05251713408875375,-0.006481348370022996,-0.003410760279987589,0.20717594285055618,-0.05675531719109675,-0.021859049433204436,0.10326714761086764,-0.02375705795653016,-0.014944145142130534,45.23,45.09,4,1583.0,0.0,0.0,1443.0,0.0,0.0,4,0,0,0.07082653431584184,-0.04960530855851802,-0.0032917467517648313,0.18056495608435463,-0.11772486732915322,-0.008180983278840214,0.18446214982227166,-0.11889300913422031,-0.008418322247157385,21.68,31.63,3,637.0,447.0,0.0,545.0,404.0,0.0,2,1,0,-0.0002634783656901285,-0.0038566939955425594,-0.009501831798525337,0.009369663293854386,-0.004388317872798669,-0.017973607001996874,0.01764905342377357,-0.011702117339151274,-0.028328063801383235
92,least_connections,3886,measured,429,400,17,heavy,2,85.93,57.1,4,925.0,364.0,0.0,799.0,343.0,0.0,3,1,0,0.00443160204401985,-0.005864077096687473,-0.0030859259676078187,-0.05080906757965553,-0.05135004888718278,-0.01977723520147068,-0.04228210454254833,-0.021494481008289185,-0.013520893223832387,32.6,31.34,3,1141.0,0.0,0.0,1003.0,0.0,0.0,3,0,0,0.020997249868528106,-0.044880993457706776,-0.0029782470611205616,0.049109790198769876,-0.1065129752025672,-0.007401842014188765,0.04248956412491245,-0.10756986540715172,-0.007616577271237634,30.26,44.97,4,637.0,447.0,429.0,545.0,404.0,400.0,2,1,1,-0.00023838518800534114,-0.0034893898054908917,0.03448700478999635,0.0084773144087254,-0.003970382837294034,0.06136673652200283,0.01596819119293799,-0.01058762997351781,0.09500476767176438
92,least_connections,3887,measured,382,316,14,medium,1,48.93,33.4,2,370.0,364.0,0.0,325.0,343.0,0.0,1,1,0,-0.08215825574702057,-0.005305593563669622,-0.002792028256407074,-0.3807320135244502,-0.046459568040784466,-0.017893688991806808,-0.2526838088718295,-0.019447387578928305,-0.012233189107276922,43.51,41.22,4,1141.0,382.0,0.0,1003.0,316.0,0.0,3,1,0,0.018997511785811147,0.0024772870983559986,-0.0026946044838709843,0.04443266732269657,0.0023794169935956594,-0.0066969046795041206,0.03844293897015888,-0.007979878225518211,-0.006891188959691193,30.26,44.97,4,637.0,447.0,429.0,545.0,404.0,400.0,2,1,1,-0.00021568183676673458,-0.003157066966872707,0.03120252814333003,0.007669951131703934,-0.0035922511385041295,0.05552228542466923,0.014447411079324873,-0.009579284261754195,0.08595669456016777
92,least_connections,3888,measured,164,116,7,light,0,35.2,22.95,2,164.0,364.0,0.0,116.0,343.0,0.0,1,1,0,-0.07433365996159004,-0.004800298938558226,-0.0025261208034159243,-0.4687257900141852,-0.04203484727499543,-0.016189528135444255,-0.32316630326498863,-0.017595255428554196,-0.011068123478012453,10.91,9.88,1,0.0,382.0,0.0,0.0,316.0,0.0,0,1,0,-0.11206347573120487,0.002241354993750666,-0.002437975485407081,-0.25475139623184595,0.0021528058513484577,-0.006059104233837062,-0.2488046028365229,-0.007219889823087897,-0.006234885249244413,30.26,44.97,4,637.0,447.0,429.0,545.0,404.0,400.0,2,1,1,-0.00019514070945561568,-0.0028563939224086343,0.028230858796346216,0.006939479595351183,-0.00325013198245612,0.050234448717557875,0.013071467167008216,-0.00866697147492046,0.07777034269729466
92,least_connections,3889,measured,189,119,5,light,1,35.2,22.95,2,528.0,0.0,0.0,459.0,0.0,0.0,2,0,0,-0.02417036354801458,-0.047427027837833854,-0.0022855378697572647,-0.20452968302870722,-0.25758708404245617,-0.014647668313020992,-0.1372218934302278,-0.17108618348297763,-0.010014016480106505,16.31,13.59,2,189.0,382.0,0.0,119.0,316.0,0.0,1,1,0,-0.058306863530047034,0.0020278926133934644,-0.00220578734393974,-0.1816322156383368,0.001947776722648606,-0.0054820466877573415,-0.1914630930425683,-0.006532281268508092,-0.0056410866540782785,26.6,41.5,3,454.0,876.0,0.0,441.0,804.0,0.0,1,2,0,-0.04326045610674102,0.040499543820768605,-0.017541694649110793,-0.026835708937539407,0.07468797582539685,-0.032178355922209544,-0.019538513833024324,0.11279337501475453,-0.050271277242130236
92,least_connections,3890,measured,177,103,6,light,0,47.0,28.1,3,705.0,0.0,0.0,562.0,0.0,0.0,3,0,0,0.02121547606426799,-0.04291016804375444,-0.002067867596447049,-0.07828876083549707,-0.2330549808003175,-0.013252652283209468,-0.07755790357972991,-0.15479226124650358,-0.009060300624858266,16.31,13.59,2,189.0,382.0,0.0,119.0,316.0,0.0,1,1,0,-0.05275382890813779,0.0018347599835464717,-0.001995712358802622,-0.16433390938706666,0.001762274177634457,-0.0049599470032090235,-0.17322851275279993,-0.005910159242935892,-0.005103840306070823,26.6,41.5,3,901.0,429.0,0.0,845.0,400.0,0.0,2,1,0,0.0039434875587535945,-0.006441455817490532,-0.015871057063481193,0.05660578715175005,-0.013310879015117127,-0.029113750596284824,0.10416356684948594,-0.019790121018396722,-0.045483536552403545
92,least_connections,3891,measured,162,101,4,light,1,47.0,28.1,3,705.0,0.0,0.0,562.0,0.0,0.0,3,0,0,0.0191949545343377,-0.038823485372920685,-0.001870927825356854,-0.07083268837497358,-0.21085926834314442,-0.011990494922903805,-0.07017143657213659,-0.14005014112778896,-0.008197414851062242,20.94,16.75,3,351.0,382.0,0.0,220.0,316.0,0.0,2,1,0,-0.004645754499653015,0.0016600209374944275,-0.0018056445151071342,-0.10680550985360454,0.0015944385416692824,-0.004487571098141498,-0.12817401153824753,-0.005347286934084858,-0.0046177602769212215,26.6,41.5,3,901.0,429.0,0.0,845.0,400.0,0.0,2,1,0,0.003567917315062785,-0.005827983834872388,-0.014359527819340127,0.05121475980396434,-0.012043176251772633,-0.026341012444257697,0.0942432271495349,-0.017905347588073245,-0.04115177116646035
92,least_connections,3892,measured,370,312,16,medium,0,71.67,43.7,4,705.0,0.0,370.0,562.0,0.0,312.0,3,0,1,0.017366863626305545,-0.03512601057549967,0.04139115600381545,-0.06408671805354749,-0.19077743326284496,0.21232606014911878,-0.0634884426128855,-0.12671203244895193,0.13372614846808656,20.94,16.75,3,351.0,382.0,0.0,220.0,316.0,0.0,2,1,0,-0.004203301690162253,0.0015019237053520984,-0.0016336783708112165,-0.09663355653421365,0.0014425872519864963,-0.004060183374508974,-0.11596696282031921,-0.004838021511791066,-0.0041779735838811055,17.52,26.8,2,447.0,429.0,0.0,404.0,400.0,0.0,1,1,0,-0.039855784560748175,-0.005272937755360738,-0.012991953741307734,-0.03581521732022276,-0.010896207084937146,-0.02383234459242363,-0.04773231829327798,-0.016200076389209145,-0.0372325548648927
92,least_connections,3893,measured,198,112,6,light,2,71.67,43.7,4,705.0,0.0,370.0,562.0,0.0,312.0,3,0,1,0.01571287661427645,-0.031780676234975894,0.03744914114630922,-0.057983221096066795,-0.17260815390447878,0.19210453061110747,-0.05744192426880118,-0.11464421983476604,0.12099032480445926,20.94,16.75,3,351.0,382.0,0.0,220.0,316.0,0.0,2,1,0,-0.0038029872434801326,0.0013588833524614263,-0.0014780899545434817,-0.08743036067381235,0.0013051979898925509,-0.0036734992436033577,-0.10492249017076499,-0.004377257558287148,-0.0037800713377971907,21.48,30.53,3,645.0,429.0,0.0,516.0,400.0,0.0,2,1,0,0.0070239046717947284,-0.004770753207231138,-0.011754624813564141,0.003424327186465126,-0.009858473076847882,-0.021562597488383285,-0.009408605439949924,-0.014657211971189243,-0.033686597258712446
92,least_connections,3894,measured,427,446,17,heavy,1,71.67,43.7,4,705.0,370.0,0.0,562.0,312.0,0.0,3,1,0,0.014216412174821558,0.014329955061779177,-0.009201343951525215,-0.05246100956310806,0.06700532107055096,-0.049365742145505945,-0.05197126481462966,0.03741713443521168,-0.031675420415013054,27.74,26.97,3,544.0,0.0,427.0,417.0,0.0,446.0,2,0,1,-0.0034407979821963197,-0.041854434336435126,0.04174658074407517,-0.02921250319467375,-0.09756740590030129,0.10705731020816839,-0.039230467297358795,-0.09330561398130742,0.12268112593246921,21.48,30.53,3,645.0,429.0,0.0,516.0,400.0,0.0,2,1,0,0.006354961369719053,-0.004316395758923411,-0.010635136736081843,0.003098200787754163,-0.008919570879052846,-0.019509016775203926,-0.008512547779002316,-0.013261287021552187,-0.030478349900739832
92,least_connections,3895,measured,185,115,5,light,1,60.73,37.9,3,541.0,370.0,0.0,446.0,312.0,0.0,2,1,0,-0.03022143206858549,0.012965197436847826,-0.008325025479951386,-0.146385357858685,0.060623861920974687,-0.044664242893552995,-0.0994978110227602,0.033853597822334366,-0.028658713708821334,28.4,27.41,3,567.0,0.0,427.0,431.0,0.0,446.0,2,0,1,-0.0031131029362728713,-0.037868297732965114,0.03777071591130611,-0.02048478180198371,-0.0882752720050345,0.09686137590262854,-0.03153589898332462,-0.08441936503070671,0.11099720917699596,21.48,30.53,3,645.0,429.0,0.0,516.0,400.0,0.0,2,1,0,0.005749726953555329,-0.003905310448549748,-0.009622266570740716,0.0028031340460633047,-0.008070087938190668,-0.017651015177565458,-0.007701828942906858,-0.011998307305213896,-0.027575649910193182
92,least_connections,3896,measured,415,438,15,heavy,0,52.33,37.5,2,0.0,370.0,415.0,0.0,312.0,438.0,0,1,1,-0.11351100089652065,0.01173041672857661,0.03555173431632516,-0.45876135552293723,0.05485016078564378,0.20990695484234095,-0.29178373378249733,0.030629445648778703,0.17221354473963785,28.4,27.41,3,567.0,0.0,427.0,431.0,0.0,446.0,2,0,1,-0.002816616942342115,-0.03426179318696844,0.034173504872134094,-0.018533850201794794,-0.07986810324265027,0.08763648295952106,-0.02853248003253181,-0.07637942550397274,0.10042604639823444,21.48,30.53,3,1074.0,0.0,0.0,916.0,0.0,0.0,3,0,0,0.04828603413711695,-0.04661727634687381,-0.008705860230670171,0.0801647403273906,-0.08493007956312489,-0.015969966113035413,0.11366659921038585,-0.13149053200630464,-0.024949397537793832
92,least_connections,3897,measured,355,325,10,medium,0,76.0,53.75,3,0.0,1140.0,0.0,0.0,1075.0,0.0,0,3,0,-0.10270042938256631,0.09678103463651262,-0.010918045369129839,-0.41506979785408604,0.5140707803933602,-0.060401644031532795,-0.26399480675559284,0.3728790222536569,-0.0423306023784229,28.4,27.41,3,567.0,427.0,0.0,431.0,446.0,0.0,2,1,0,-0.0025483677097380975,0.012085134962357351,-0.01216501486625509,-0.016768721611147674,0.038119335161411666,-0.031090801131861887,-0.0258151009818145,0.056995995972596095,-0.03523952944921646,12.54,17.07,2,627.0,0.0,0.0,512.0,0.0,0.0,2,0,0,0.0006034639925389107,-0.042177535742409636,-0.00787673068489206,-0.008355711132360888,-0.07684150055711299,-0.014449016959412992,-0.019000061031873128,-0.1189676241961804,-0.022573264438956325
92,least_connections,3898,measured,463,420,18,heavy,2,76.0,53.75,3,0.0,1140.0,0.0,0.0,1075.0,0.0,0,3,0,-0.09291943610803619,0.08756379324255904,-0.009878231524450807,-0.37553934091560165,0.46511165845113545,-0.05464910650472015,-0.23885244420744114,0.33736673441997533,-0.03829911643762072,28.4,27.41,3,567.0,427.0,0.0,431.0,446.0,0.0,2,1,0,-0.00230566602309637,0.010934169727847123,-0.011006442021849843,-0.015171700505324098,0.03448892228889627,-0.028129772452636946,-0.02335651993592741,0.0515678058799679,-0.031883383787386324,21.8,31.07,3,627.0,0.0,463.0,512.0,0.0,420.0,2,0,1,0.0005459912313447168,-0.038160627576465864,0.03595733436899788,-0.007559929119755088,-0.06952326240881651,0.07070803227481681,-0.01719053140978996,-0.10763737427273465,0.10624323693618239
92,least_connections,3899,measured,198,103,8,light,0,89.2,58.9,4,0.0,1338.0,0.0,0.0,1178.0,0.0,0,4,0,-0.08406996600250893,0.1223082845890727,-0.008937447569741207,-0.33977368939983005,0.5402438814557893,-0.0494444296947468,-0.21610459237816104,0.35183180733235864,-0.0346515815387997,28.4,27.41,3,567.0,427.0,0.0,431.0,446.0,0.0,2,1,0,-0.0020860787828014815,0.009892820229956925,-0.009958209448340334,-0.013726776647674188,0.031204263023287104,-0.02545074650476676,-0.021132089465839082,0.046656586272351905,-0.028846871045730485,17.84,27.33,2,429.0,0.0,463.0,400.0,0.0,420.0,1,0,1,-0.042589908160302614,-0.034526282092992924,0.03253282633385523,-0.042668507298826056,-0.06290199932226256,0.0639739339629295,-0.049331115719968704,-0.09738619577056945,0.09612483341845074
92,least_connections,3900,measured,352,301,14,medium,2,89.2,58.9,4,553.0,785.0,0.0,428.0,750.0,0.0,2,2,0,0.010104497879816182,0.024492076079455805,-0.008086262086908711,0.026141265146185477,0.15523652766634893,-0.0447354363904852,-0.001904155008812386,0.1247049685388007,-0.03135143091605687,23.11,23.81,2,382.0,427.0,0.0,316.0,446.0,0.0,1,1,0,-0.04497130483976823,0.008950646874722926,-0.009009808548498397,-0.060242593837691635,0.028232428449640717,-0.023026865885265164,-0.05163439046909249,0.04221310186546125,-0.026099549993756153,24.88,37.37,3,429.0,352.0,463.0,400.0,301.0,420.0,1,1,1,-0.03853372643074998,0.011845835475954247,0.029434461921107113,-0.03860483993703309,0.006783905375095781,0.05788117834741241,-0.044632914222828834,0.002666457794881602,0.08697008737859828
92,least_connections,3901,measured,162,115,9,light,1,89.2,58.9,4,923.0,415.0,0.0,740.0,438.0,0.0,3,1,0,0.05222606497516248,-0.020924402821535446,-0.0073161418881555005,0.2468262240211519,-0.08272250671457315,-0.04047491863901042,0.13942005023012213,-0.028314552274418425,-0.02836558035262288,16.83,17.53,2,0.0,589.0,0.0,0.0,561.0,0.0,0,2,0,-0.08377222365321434,0.051182104541982874,-0.008151731543879503,-0.15325350326811557,0.0674211767605593,-0.020833831039049434,-0.13606206756727415,0.070707687402084,-0.023613878565779376,24.88,37.37,3,429.0,352.0,463.0,400.0,301.0,420.0,1,1,1,-0.034863847723059505,0.010717660668720513,0.026631179833382625,-0.0349281885144585,0.00613781914889619,0.052368685171468365,-0.04038216048732135,0.0024125094334643132,0.07868722191396987
92,least_connections,3902,measured,198,112,7,light,1,89.2,58.9,4,923.0,415.0,0.0,740.0,438.0,0.0,3,1,0,0.047252154025147,-0.018931602552817783,-0.006619366470235929,0.223318964590566,-0.07484417274175664,-0.03662016448291419,0.12614195020820573,-0.025617928248283323,-0.02566409650951594,22.49,21.03,3,198.0,589.0,0.0,112.0,561.0,0.0,1,2,0,-0.03271001641186512,0.04630761839512736,-0.007375376158748122,-0.08747425805890727,0.0610001123071727,-0.01884965665437806,-0.09143710875134328,0.06397362193521886,-0.021364937749990865,24.88,37.37,3,429.0,815.0,0.0,400.0,721.0,0.0,1,2,0,-0.031543481273244314,0.05278083130798069,-0.01898902323464928,-0.03160169437022435,0.08933421732519178,-0.036399761035338145,-0.036536240440909806,0.1288494132969439,-0.05547346588736061
92,least_connections,3903,measured,187,103,2,light,1,89.2,58.9,4,923.0,415.0,0.0,740.0,438.0,0.0,3,1,0,0.042751948879894905,-0.01712859278588276,-0.005988950615927745,0.20205049177241685,-0.06771615629016076,-0.0331325297702557,0.11412843114075755,-0.023178125557970608,-0.023219896841942995,27.83,24.25,4,547.0,427.0,0.0,330.0,446.0,0.0,3,1,0,0.05657302369992248,-0.0011865312025945152,-0.0066729593817244914,0.011074310735818577,0.013313026781319515,-0.017054451258723007,-0.021091907917882013,0.025366015084245616,-0.019330181773801258,16.3,24.03,2,0.0,815.0,0.0,0.0,721.0,0.0,0,2,0,-0.07162324042635937,0.047754085469125386,-0.01718054483134935,-0.10622058062067917,0.08082619662755447,-0.032933117127210705,-0.15369151912907714,0.11657804060199688,-0.05019027865999293
92,least_connections,3904,measured,185,115,6,light,2,89.2,58.9,4,1338.0,0.0,0.0,1178.0,0.0,0.0,4,0,0,0.08176423492761466,-0.05858119846160367,-0.0054185743667917695,0.43312504811155184,-0.311584458865701,-0.02997705074451706,0.3014019138892568,-0.21911354217149723,-0.021008478095091283,27.83,24.25,4,974.0,0.0,0.0,776.0,0.0,0.0,4,0,0,0.09426901690763961,-0.044157428457676215,-0.0060374394406078735,0.12040056685621683,-0.09833583291213949,-0.015430217805511291,0.10701803569334484,-0.1031509863523492,-0.017489212081058282,20.0,27.87,3,185.0,815.0,0.0,115.0,721.0,0.0,1,2,0,-0.021718079206615393,0.043206077329208684,-0.015544302466458935,-0.06262814437109068,0.07312846361540642,-0.029796629781762066,-0.10437169191043488,0.10547537006847335,-0.04541025212094599
92,least_connections,3905,measured,153,117,3,light,2,89.2,58.9,4,1338.0,0.0,0.0,1178.0,0.0,0.0,4,0,0,0.0739771649345085,-0.0530020367033557,-0.004902519665192553,0.3918750435294993,-0.281909748497539,-0.02712209353075353,0.2726969697093276,-0.19824558577421178,-0.019007670657463543,22.49,21.03,3,787.0,0.0,0.0,673.0,0.0,0.0,3,0,0,0.04220711507063085,-0.03995195908075467,-0.005462445208169029,0.06059371014882203,-0.08897051549193573,-0.013960673252605454,0.06770381800826439,-0.09332708289022071,-0.01582357283524321,23.06,31.77,4,338.0,815.0,0.0,232.0,721.0,0.0,2,2,0,0.023434209516010107,0.039091212821665,-0.01406389270774856,-0.028977844907177294,0.06616384803298676,-0.026958855516832345,-0.05914581649039344,0.09543009672861874,-0.04108546620466542
92,least_connections,3906,measured,483,411,17,heavy,1,89.2,58.9,4,1338.0,0.0,0.0,1178.0,0.0,0.0,4,0,0,0.0669317206550315,-0.047954223683988495,-0.00443561303041231,0.3545536108124042,-0.2550612010215829,-0.0245390370040151,0.24672582973701068,-0.17936505379571543,-0.01719741630913368,36.29,33.88,4,787.0,0.0,483.0,673.0,0.0,411.0,3,0,1,0.03818738982580887,-0.03614701059687327,0.03814168789555682,0.05482288061083898,-0.08049713306413232,0.11222605753335699,0.06125583534081064,-0.08443878928162826,0.10188879124430378,23.06,31.77,4,338.0,815.0,0.0,232.0,721.0,0.0,2,2,0,0.02120238003829486,0.03536824017198262,-0.01272447435462965,-0.0262180501541128,0.05986252917270231,-0.024391345467610216,-0.053512881586546435,0.08634151608779789,-0.03717256466136395
92,least_connections,3907,measured,178,108,5,light,0,64.2,42.9,3,963.0,0.0,0.0,858.0,0.0,0.0,3,0,0,0.01747337084208067,-0.04338715476170388,-0.0040131736941825666,0.0945961240683657,-0.23076965806714644,-0.022201985860775566,0.07846622690491445,-0.16228266771993302,-0.015559567136835236,36.29,33.88,4,787.0,0.0,483.0,673.0,0.0,411.0,3,0,1,0.03455049555668421,-0.03270443815907582,0.034509146191218074,0.04960165388599716,-0.07283073943897686,0.10153786157779918,0.055421946260733435,-0.0763969998262351,0.09218509684008436,23.06,31.77,4,690.0,463.0,0.0,533.0,420.0,0.0,3,1,0,0.062267005975690806,-0.011084063880677855,-0.011512619654188731,0.039974145098659875,-0.009533902177078862,-0.022068360184980672,0.042361361104235745,-0.012659263222151107,-0.033632320407900713
92,least_connections,3908,measured,351,340,10,medium,0,62.93,44.3,3,593.0,351.0,0.0,546.0,340.0,0.0,2,1,0,-0.027274659941065343,0.003828855442358614,-0.003630966675688989,-0.13758763377941519,0.0029226903202008436,-0.020087511016892177,-0.07014960422888694,0.006982348253393944,-0.014077703599993784,36.29,33.88,4,787.0,0.0,483.0,673.0,0.0,411.0,3,0,1,0.03125997217033333,-0.02958972976297336,0.031222560839673494,0.044877686849235515,-0.06589447854002668,0.09186758904658021,0.05014366566447309,-0.06912109508087938,0.08340556380769537,20.0,27.87,3,537.0,463.0,0.0,416.0,420.0,0.0,2,1,0,0.013252914703629548,-0.010028438749184729,-0.010416179687123137,0.008481369374977954,-0.008625911493547536,-0.019966611595934894,0.0030412314752609193,-0.011453619105755763,-0.03042924227381493
92,least_connections,3909,measured,191,124,6,light,0,75.67,50.5,4,784.0,351.0,0.0,670.0,340.0,0.0,3,1,0,0.018406826946745863,0.003464202543086367,-0.003285160325623371,-0.009277700403597877,0.002644338861134077,-0.018174414729569113,-0.0073734514451834765,0.006317362705451662,-0.0127369699238039,30.63,30.38,3,589.0,483.0,0.0,561.0,411.0,0.0,2,1,0,-0.014801068263122441,0.01631223996501957,-0.014834916609909921,-0.010580052034365156,0.06523832893997586,-0.04173884800547507,0.013701411791666146,0.053667223498251995,-0.04074318036446609,20.0,27.87,3,1000.0,0.0,0.0,836.0,0.0,0.0,3,0,0,0.05507463257766029,-0.052157249571257835,-0.009424162574063791,0.09145457229164673,-0.09158534849416206,-0.01806502953917919,0.1294182570490456,-0.13702946490520762,-0.027531219200118272
92,least_connections,3910,measured,351,341,8,medium,1,75.67,50.5,4,784.0,351.0,0.0,670.0,340.0,0.0,3,1,0,0.016653795808960536,0.0031342784913638566,-0.0029722879136592404,-0.008394109888969492,0.0023924970648355748,-0.01644351808865777,-0.006671217974213606,0.005715709114456263,-0.01152392516915591,36.03,37.44,3,427.0,834.0,0.0,446.0,752.0,0.0,1,2,0,-0.056475342941011,0.057842593528441746,-0.013422067408966119,-0.05144997905150045,0.14975984863276726,-0.037763719624001255,-0.020118365521825887,0.1449697498317518,-0.03686287747261218,16.3,24.03,2,815.0,0.0,0.0,721.0,0.0,0.0,2,0,0,0.0067455292482686,-0.04718989246923328,-0.008526623281295812,0.049268422549585134,-0.08286293435186091,-0.016344550535447838,0.08241016907612064,-0.12397903967614023,-0.024909198323916533
92,least_connections,3911,measured,413,406,16,heavy,2,48.0,28.6,3,720.0,0.0,0.0,572.0,0.0,0.0,3,0,0,0.015067720017630959,-0.04024812444885673,-0.0026892128742631223,-0.04619784545509931,-0.20954964551276783,-0.01487746874688084,-0.05036919721476474,-0.1486381679440634,-0.010426408486379157,23.83,23.5,2,351.0,483.0,0.0,341.0,411.0,0.0,1,1,0,-0.051096738851390905,0.009249874870404212,-0.012143775274778869,-0.06619623954999701,0.04476231202828604,-0.0341671748979059,-0.04788983071022343,0.03474941651444212,-0.03335212723712531,24.56,37.57,3,815.0,0.0,413.0,721.0,0.0,406.0,2,0,1,0.006103097891290626,-0.04269561699597297,0.03536933630558497,0.044576191830577025,-0.07497122631835035,0.059945406658404345,0.07456158154506154,-0.1121715120879364,0.09990755072280567
92,least_connections,3912,measured,389,314,10,medium,1,36.13,23.2,2,542.0,0.0,0.0,464.0,0.0,0.0,2,0,0,-0.029451201163186502,-0.036414969739441805,-0.0024330973624285394,-0.14916313001493114,-0.18959253641631377,-0.013460566961463617,-0.09442927367050144,-0.1344821519493907,-0.009433417201962094,34.94,33.31,3,351.0,872.0,0.0,341.0,725.0,0.0,1,2,0,-0.046230382770306055,0.05145283463331356,-0.010987225248609452,-0.05989183578333063,0.14105705782151048,-0.03091315824096248,-0.043328894452106914,0.12021971017973335,-0.0301757341669229,24.56,37.57,3,815.0,0.0,413.0,721.0,0.0,406.0,2,0,1,0.005521850473072465,-0.03862936775826126,0.03200082808600545,0.04033084022766492,-0.0678311095261265,0.05423632030998488,0.06746047854076997,-0.10148851093670436,0.09039254589206228
92,least_connections,3913,measured,154,110,4,light,0,46.4,28.7,3,696.0,0.0,0.0,574.0,0.0,0.0,3,0,0,0.016437575364826734,-0.03294687738330449,-0.002201373804102012,-0.042068228743667835,-0.17153610437666483,-0.012178608203228988,-0.035674104749501334,-0.12167432795421064,-0.008534996516060942,34.94,33.31,3,351.0,872.0,0.0,341.0,725.0,0.0,1,2,0,-0.041827489173134044,0.046552564668236075,-0.00994082284397998,-0.05418785142301344,0.12762305231469995,-0.027969047932299387,-0.0392023330757158,0.1087702139721397,-0.027301854722454052,24.56,37.57,3,815.0,413.0,0.0,721.0,406.0,0.0,2,1,0,0.004995959951827472,0.0081335198740448,-0.014130770053704821,0.03648980782503017,0.013362329476361734,-0.025662376862394636,0.06103567106069663,0.030621505977902405,-0.04066071244686429
92,least_connections,3914,measured,377,313,15,medium,0,71.53,44.35,4,696.0,0.0,377.0,574.0,0.0,313.0,3,0,1,0.014872091996747994,-0.029809079537275494,0.04109218107066507,-0.03806173076808045,-0.1551993325312682,0.216378084641523,-0.03227657096383452,-0.11008629672047629,0.1338730983902306,34.94,33.31,3,351.0,872.0,0.0,341.0,725.0,0.0,1,2,0,-0.03784391877569271,0.04211898708078502,-0.008994077811219981,-0.049027103668440736,0.11546847590377615,-0.025305329081604207,-0.03546877754469527,0.09841114597479306,-0.024701678082220332,17.52,27.53,2,463.0,413.0,0.0,420.0,406.0,0.0,1,1,0,-0.03856374598462775,0.007358898933659583,-0.012784982429542457,-0.030680650063067944,0.012089726669089196,-0.023218340970738004,-0.035555027770480835,0.027705172075245033,-0.03678826364240102
92,least_connections,3915,measured,184,107,7,light,2,58.8,38.15,3,505.0,377.0,0.0,450.0,313.0,0.0,2,1,0,-0.029628197943985385,0.01611378064541287,-0.005905260210441351,-0.14964315323461252,0.08697838167805894,-0.031626177387828414,-0.08529784991965975,0.04199335058623574,-0.02047195859931519,34.94,33.31,3,740.0,483.0,0.0,655.0,411.0,0.0,2,1,0,0.00884416419160683,-0.004976245248904249,-0.008137498972056173,0.05619996742923389,0.003913655069402916,-0.022895297740499046,0.05668896317384714,0.00025889397719372487,-0.022349137312485064,21.2,31.1,3,647.0,413.0,0.0,527.0,406.0,0.0,2,1,0,0.00819289195495132,0.006658051416168195,-0.01156736505530032,0.005536554704843266,0.010938324129175947,-0.02100707040209629,0.00010100662035858465,0.025066584258555027,-0.03328461948598188
92,least_connections,3916,measured,382,340,11,medium,0,84.27,55.15,4,505.0,759.0,0.0,450.0,653.0,0.0,2,2,0,-0.026806464806462954,0.05766303509641663,-0.005342854476113604,-0.13539142435512563,0.30910742469284697,-0.028614160493749517,-0.07717424516540641,0.1918035076732609,-0.018522248256523266,34.94,33.31,3,1223.0,0.0,0.0,1066.0,0.0,0.0,3,0,0,0.051085763066782586,-0.047586217356718356,-0.007362499069955585,0.1757047324359735,-0.1213162168419688,-0.02071479319378485,0.16749537144300458,-0.11597111973491997,-0.020220648044629343,11.94,17.1,2,184.0,413.0,0.0,107.0,406.0,0.0,1,1,0,-0.03567128369608712,0.0060239512812950285,-0.010465711240509813,-0.07877168860037989,0.009896578974016329,-0.01900639703046807,-0.1265752797244375,0.022679290519645012,-0.03011465572541218
92,least_connections,3917,measured,161,111,5,light,2,74.0,49.65,3,351.0,759.0,0.0,340.0,653.0,0.0,1,2,0,-0.06733736838498575,0.05217131746818648,-0.0048340111926742126,-0.21538589187685972,0.27966862234114725,-0.02588900235148766,-0.11958622181632009,0.17353650694247413,-0.01675822461304486,34.94,33.31,3,1223.0,0.0,0.0,1066.0,0.0,0.0,3,0,0,0.04622045229851758,-0.043054196656078514,-0.0066613086823407676,0.15897094839445222,-0.10976229142844797,-0.018741955746757723,0.15154343130557557,-0.10492625118873712,-0.01829487204037893,15.16,20.8,3,345.0,413.0,0.0,218.0,406.0,0.0,2,1,0,0.010809881644583297,0.0054502416354574035,-0.009468976836651734,-0.042136289686057996,0.008954047643157631,-0.0171962639799473,-0.08104430070306247,0.02051935808920262,-0.027246593275372925
92,least_connections,3918,measured,389,324,9,medium,0,76.53,48.85,3,0.0,1148.0,0.0,0.0,977.0,0.0,0,3,0,-0.10400818590841114,0.0902865207932118,-0.004373629174324287,-0.406587235507635,0.4876684360864348,-0.023423383079917405,-0.26200658164333723,0.30358064913842897,-0.015162203221326302,24.91,22.66,2,872.0,0.0,0.0,725.0,0.0,0.0,2,0,0,-0.001265395766193833,-0.038953796974547227,-0.006026898331641647,0.05309616419362004,-0.09930873986383387,-0.016957007580399846,0.040697033085996925,-0.09493327488504787,-0.016552503274628556,15.16,20.8,3,345.0,413.0,0.0,218.0,406.0,0.0,2,1,0,0.009780369107003944,0.00493117100350908,-0.00856716951887538,-0.03812330971595723,0.008101281200952132,-0.015558524553285652,-0.07332579587419936,0.018565133509278547,-0.024651679630099312
92,least_connections,3919,measured,362,304,8,medium,1,76.53,48.85,3,0.0,1148.0,0.0,0.0,977.0,0.0,0,3,0,-0.09410264439332437,0.08168780452719163,-0.003957093062483879,-0.367864641649765,0.4412238231258219,-0.021192584691353843,-0.2370535738677813,0.27466820636334044,-0.013718183866914273,35.26,32.16,3,872.0,362.0,0.0,725.0,304.0,0.0,2,1,0,-0.0011448818836991836,0.007839988678357501,-0.005452908014342442,0.0480393866513705,0.0037274666538101714,-0.015342054477504622,0.03682112517304484,6.037034209954717e-05,-0.014976074391330599,15.16,20.8,3,345.0,413.0,0.0,218.0,406.0,0.0,2,1,0,0.008848905382527389,0.004461535669841546,-0.00775124861231582,-0.034492518314437504,0.007329730610385249,-0.01407676031011559,-0.06634238674332323,0.016797025556013923,-0.022303900617708903
92,least_connections,3920,measured,403,445,17,heavy,0,100.0,71.1,4,771.0,377.0,403.0,664.0,313.0,445.0,2,1,1,0.0010273126690784062,-0.012259786833674693,0.03950367317022434,0.13221770517402215,-0.0658451124099706,0.2239051217871878,0.08590390935772169,-0.0518716228141205,0.18889783364422041,35.26,32.16,3,1234.0,0.0,0.0,1029.0,0.0,0.0,3,0,0,0.042048054712934296,-0.03599057713681487,-0.004933583441547924,0.13704243826280463,-0.09020576146287923,-0.013880906432027992,0.1192667322994215,-0.08589776016667185,-0.013549781592156257,15.16,20.8,3,758.0,0.0,0.0,624.0,0.0,0.0,3,0,0,0.05109005271571071,-0.03904727271594835,-0.0070130344587619325,0.043525816763127986,-0.06810167230488955,-0.012736116471056963,0.06242038024810437,-0.1072471356080509,-0.02017971960649853
92,least_connections,3921,measured,372,343,13,medium,1,100.0,71.1,4,771.0,377.0,403.0,664.0,313.0,445.0,2,1,1,0.000929473367261402,-0.011092188087610436,0.03574141858258392,0.11962554277649623,-0.059574149323306735,0.2025808244741223,0.07772258465698628,-0.04693146826039474,0.1709075637733423,45.89,42.88,4,1234.0,372.0,0.0,1029.0,343.0,0.0,3,1,0,0.03804347807360722,0.010520997102972482,-0.004463718351876693,0.12399077747587087,0.014548528744469824,-0.012558915343263422,0.10790799588995278,0.019262145563487376,-0.01225932620242709,15.16,20.8,3,758.0,0.0,0.0,624.0,0.0,0.0,3,0,0,0.04622433340945255,-0.035328484838238985,-0.00634512641507032,0.03938050088092532,-0.06161579875204292,-0.011523152997622967,0.056475582129237284,-0.09703312269299844,-0.018257841548736765
92,least_connections,3922,measured,355,318,9,medium,2,100.0,71.1,4,1148.0,0.0,403.0,977.0,0.0,445.0,3,0,1,0.043924852320946256,-0.0531196894488811,0.03233747395567117,0.3356294593374648,-0.28129724621315055,0.18328741261944398,0.21191567183251137,-0.18405704271178572,0.15463065293778588,34.77,33.06,3,845.0,372.0,0.0,715.0,343.0,0.0,2,1,0,-0.008663610541112726,0.00951899737887986,-0.004038602318364627,0.011624308872726696,0.013162954578329847,-0.011362828167714525,0.00885128199567159,0.017427655509821907,-0.011091771326005462,15.36,24.13,2,413.0,355.0,0.0,406.0,318.0,0.0,1,1,0,-0.0443457845116291,0.01112003299216019,-0.005740828661254099,-0.02679859444106758,0.008490467795770687,-0.010425709854992209,-0.014649076486245638,0.008112888992049025,-0.01651899949647612
92,least_connections,3923,measured,394,309,10,medium,2,100.0,71.1,4,1148.0,403.0,0.0,977.0,445.0,0.0,3,1,0,0.0397415330522847,-0.004976771179373146,-0.013826185695435833,0.3036647489243729,-0.011427667208723513,-0.07724789651891577,0.1917332268960817,0.03478172326076531,-0.06140559972295563,20.97,20.22,2,362.0,372.0,0.0,304.0,343.0,0.0,1,1,0,-0.050922405002049836,0.008612426199938919,-0.003653973526139424,-0.11433991101991398,0.011909339856584156,-0.010280654056503618,-0.10819705438486857,0.015767878794600773,-0.01003541215210018,23.24,34.43,3,413.0,749.0,0.0,406.0,627.0,0.0,1,2,0,-0.04012237646290251,0.053144882457759446,-0.005194083074467995,-0.0242463473514421,0.07897708991045918,-0.009432785106897714,-0.013253926344698436,0.10053070908804435,-0.01494576144919268
92,least_connections,3924,measured,188,107,5,light,1,100.0,71.1,4,1148.0,403.0,0.0,977.0,445.0,0.0,3,1,0,0.0359566251425433,-0.0045027929718138016,-0.012509406105394326,0.2747442966458612,-0.010339317950749882,-0.06989095399330475,0.17347291957264532,0.03146917818831149,-0.05555744736838843,26.34,23.56,3,550.0,372.0,0.0,411.0,343.0,0.0,2,1,0,-0.002988751917954391,0.007792195133278071,-0.003305976047459479,-0.05485175622890176,0.010775117013099952,-0.009301544146360417,-0.0676395968244049,0.014266176052257842,-0.009079658613804924,23.24,34.43,3,768.0,394.0,0.0,724.0,309.0,0.0,2,1,0,0.006782702474607466,0.004999564854072602,-0.004699408495947233,0.042300923824885706,0.007217367061844032,-0.008534424620526502,0.08391311425955855,-0.004948406063197977,-0.013522355596888615
92,least_connections,3925,measured,395,312,11,medium,1,100.0,71.1,4,1148.0,403.0,0.0,977.0,445.0,0.0,3,1,0,0.03253218465277727,-0.004073955545926766,-0.01131803409535677,0.24857817315577924,-0.009354621003059449,-0.06323467266060906,0.1569516891371553,0.028472113598948495,-0.050266261904732386,37.63,33.31,4,550.0,767.0,0.0,411.0,655.0,0.0,2,2,0,-0.002704108878149203,0.05013398153781848,-0.0029911211857966717,-0.049627779445196835,0.11185775893021968,-0.008415682799087996,-0.061197730460175875,0.10112177833299518,-0.00821492922201398,23.24,34.43,3,768.0,394.0,0.0,724.0,309.0,0.0,2,1,0,0.006136730810359148,0.004523415820351401,-0.004251845782047497,0.038272264412991835,0.006529998770239839,-0.007721622275714455,0.07592138909198154,-0.004477129295274357,-0.012234512206708747
92,least_connections,3926,measured,429,403,18,heavy,2,100.0,71.1,4,1148.0,403.0,0.0,977.0,445.0,0.0,3,1,0,0.029433881352512764,-0.0036859597796480292,-0.010240126086275173,0.22490406142665742,-0.008463704717053822,-0.0572123228834082,0.14200390921933098,0.02576048373238196,-0.04547899886618644,37.63,33.31,4,550.0,767.0,0.0,411.0,655.0,0.0,2,2,0,-0.002446574699277837,0.04535931662945481,-0.002706252501435084,-0.04490132425993998,0.10120463903210351,-0.007614189199174854,-0.055369375178254354,0.09149113277747183,-0.0074325550103936005,31.82,47.87,4,1162.0,0.0,429.0,1033.0,0.0,403.0,3,0,1,0.04863618048374897,-0.0389912859131061,0.039236992138238204,0.10592252494508786,-0.065387143969783,0.07064234175054407,0.1618812567975071,-0.09724121221953394,0.11047036197170795
92,least_connections,3927,measured,173,118,6,light,0,63.53,43.8,3,550.0,403.0,0.0,431.0,445.0,0.0,2,1,0,-0.016453245669722005,-0.0033349159911101184,-0.009264875982820395,-0.1572137856933417,-0.007657637601143963,-0.05176353022784551,-0.11852027261108147,0.023307104329297973,-0.04114766564083535,27.29,23.81,3,560.0,395.0,0.0,450.0,312.0,0.0,2,1,0,-0.0022135675850608882,-0.002044518514393495,-0.002448514167965076,-0.03803997365014977,-0.004597163324695466,-0.006889028323062963,-0.03906931563746824,-0.014201475106096914,-0.006724692628451353,23.56,34.33,3,749.0,0.0,429.0,627.0,0.0,403.0,2,0,1,0.000920263068063143,-0.0352778301118579,0.03550013574412028,0.02110133209317472,-0.05915979692504176,0.06391449967906368,0.02401954980091911,-0.08798014438910214,0.09994937511725958
92,least_connections,3928,measured,384,343,7,medium,0,89.13,60.95,4,934.0,403.0,0.0,774.0,445.0,0.0,3,1,0,0.028197630335104126,-0.0030173049443377314,-0.008382506841599404,0.08937800342030999,-0.006928338781987398,-0.046833670206145935,0.04793403906616439,0.021087380107460058,-0.037228840341708175,27.29,23.81,3,560.0,395.0,0.0,450.0,312.0,0.0,2,1,0,-0.0020027516245788857,-0.0018498024654036438,-0.0022153223424445927,-0.034417119016802195,-0.004159338246153041,-0.006232930387533157,-0.03534842843389985,-0.012848953667421018,-0.0060842457114559855,23.56,34.33,3,749.0,0.0,429.0,627.0,0.0,403.0,2,0,1,0.0008326189663428463,-0.03191803676787144,0.03211917043515645,0.01909168141763426,-0.05352553055122826,0.057827404471533804,0.021731973629403017,-0.07960108301871145,0.0904303870108539
92,least_connections,3929,measured,362,307,11,medium,1,64.0,45.3,3,557.0,403.0,0.0,461.0,445.0,0.0,2,1,0,-0.01757175849499648,-0.0027299425686865136,-0.007584172856685175,-0.14653101277844965,-0.00626849699322668,-0.04237332066270347,-0.09822634560680363,0.019079058192463888,-0.03368323649964073,32.26,30.06,3,767.0,362.0,0.0,655.0,307.0,0.0,2,1,0,-0.0018120133746190037,-0.0016736308020318669,-0.0020043392622117744,0.02237090592357352,-0.012293823039036422,-0.005639317969672856,0.025979398083614436,-0.013038934270523786,-0.005504793738936368,23.56,34.33,3,749.0,0.0,429.0,627.0,0.0,403.0,2,0,1,0.0007533219219292286,-0.028878223742359873,0.029060201822284405,0.017273426044526224,-0.04842786097492081,0.05232003261710201,0.019662261855174168,-0.07202002749311989,0.0818179692002964
92,least_connections,3930,measured,458,417,15,heavy,0,94.53,66.15,4,960.0,0.0,458.0,906.0,0.0,417.0,3,0,1,0.027185642540808172,-0.04555384826509278,0.03622202954689935,0.11050368685124401,-0.24875086235895114,0.2379162019400937,0.112438068260511,-0.18404751877824696,0.15816754792889648,32.26,30.06,3,767.0,362.0,0.0,655.0,307.0,0.0,2,1,0,-0.0016394406722743393,-0.0015142373923145436,-0.0018134498086677959,0.020240343454661747,-0.011122982749604382,-0.005102240067799251,0.02350516969469879,-0.01179713100666438,-0.0049805276685614755,23.56,34.33,3,749.0,429.0,0.0,627.0,403.0,0.0,2,1,0,0.0006815769769835944,0.016955983507479386,-0.016791336673261954,0.015628337849809437,0.03381288768935736,-0.03029139906071723,0.017789665488014722,0.05637870528400264,-0.04751390088227152
92,least_connections,3931,measured,454,414,15,heavy,1,94.53,66.15,4,960.0,458.0,0.0,906.0,417.0,0.0,3,1,0,0.024596533727397868,0.0018685137011972275,-0.010311587779562715,0.09997952619874462,0.05119366421491722,-0.06099645221293112,0.10172968080712902,0.022123673486347972,-0.04553888520718889,45.23,43.0,4,767.0,362.0,454.0,655.0,307.0,414.0,2,1,1,-0.0014833034653910782,-0.0013700243073322127,0.04144315992367698,0.018312691697074918,-0.01006365105916586,0.11274423177539253,0.021266582104727483,-0.010673594720315399,0.11254737972844436,16.46,23.73,2,394.0,429.0,0.0,309.0,403.0,0.0,1,1,0,-0.04246723534281982,0.015341127935338497,-0.01519216175199891,-0.05009817051683908,0.03059261267132333,-0.027406503912077496,-0.07980935027274856,0.051009304780764306,-0.04298876746491233
92,least_connections,3932,measured,174,101,6,light,2,94.53,66.15,4,960.0,458.0,0.0,906.0,417.0,0.0,3,1,0,0.02225400670574093,0.001690560015368922,-0.009329531800556743,0.09045766656076892,0.046318077146829895,-0.05518726628789006,0.09204113977787864,0.02001665696383864,-0.04120184852078995,45.23,43.0,4,767.0,816.0,0.0,655.0,721.0,0.0,2,2,0,-0.0013420364686871633,0.04184435442488536,-0.005587707914859147,0.01656862582116303,0.10825533611653701,-0.015353858325665277,0.019241193332848683,0.10739650953876226,-0.015224989769502704,19.94,27.1,3,568.0,429.0,0.0,410.0,403.0,0.0,2,1,0,0.004661163488015624,0.013880068131972928,-0.01374528920418949,-0.013841201896187733,0.027679030512149677,-0.024796360682355828,-0.04174814231026458,0.04615127575402485,-0.03889459913492068
92,least_connections,3933,measured,198,108,3,light,2,83.0,60.25,3,787.0,458.0,0.0,788.0,417.0,0.0,2,1,0,-0.02294932273108699,0.0015295542996194983,-0.008441004962408481,-0.022506555651367832,0.04190683170427467,-0.04993133616523386,0.02989436456093786,0.018110308681568293,-0.037277862947381384,45.23,43.0,4,1129.0,454.0,0.0,962.0,414.0,0.0,3,1,0,0.04186967675508803,-0.005224722413765842,-0.005055545256301133,0.10856889274975973,0.00436707281292123,-0.013891586104173346,0.10420929396781548,0.010367675296975368,-0.01377499074383578,16.02,20.4,3,372.0,429.0,0.0,209.0,403.0,0.0,2,1,0,0.004217243155823669,0.01255815688130884,-0.01243621404188573,-0.047989658858455575,0.025042932368135422,-0.022434802522131463,-0.09839117637595367,0.04175591615840343,-0.03519035159826157
92,least_connections,3934,measured,167,120,4,light,0,94.13,66.25,4,954.0,458.0,0.0,908.0,417.0,0.0,3,1,0,0.022320227279583424,0.001383882461560501,-0.0076370997278933875,0.08036708456939745,0.03791570487529611,-0.04517597081616397,0.08133299650751519,0.01638551737856178,-0.033727590285726014,34.6,32.28,3,757.0,454.0,0.0,619.0,414.0,0.0,2,1,0,-0.005201811734058676,-0.004727129802930996,-0.004574064755701025,0.002065732896041117,0.003951161116452523,-0.012568577903775885,-0.0026945673624526323,0.009380277649644386,-0.012463086863470469,16.02,20.4,3,372.0,429.0,0.0,209.0,403.0,0.0,2,1,0,0.0038156009505071198,0.011362141940231801,-0.01125181270456328,-0.04341921515765028,0.02265789119021777,-0.020298154662880846,-0.08902058814967236,0.037779162238555486,-0.031838889541284277
92,least_connections,3935,measured,488,438,19,heavy,1,68.53,49.1,3,570.0,458.0,0.0,565.0,417.0,0.0,2,1,0,-0.022889408878562834,0.0012520841318880704,-0.006909756896665446,-0.1589059711038785,0.03430468536336312,-0.04087349740510074,-0.08157966982653392,0.014824991913936852,-0.030515438829942586,48.54,45.97,4,757.0,454.0,488.0,619.0,414.0,438.0,2,1,1,-0.0047064010927197475,-0.0042769269645566155,0.03894546068588501,0.001868996429751496,0.0035748600577427403,0.11477808937957693,-0.0024379418993619173,0.008486917873487779,0.1125631595044791,16.02,20.4,3,372.0,429.0,0.0,209.0,403.0,0.0,2,1,0,0.003452210383792148,0.010280033184019252,-0.010180211494604872,-0.039284051809302625,0.020499996791149416,-0.018364997075939814,-0.08054243689732261,0.0341811467872645,-0.02880661434687625
92,least_connections,3936,measured,361,305,9,medium,0,92.6,64.35,4,570.0,819.0,0.0,565.0,722.0,0.0,2,2,0,-0.020709465175842573,0.04421673825084657,-0.0062516848112687375,-0.14377206909398532,0.248783604217646,-0.036980783366519714,-0.07381017746210211,0.15138927839832383,-0.027609206560424246,37.26,36.22,3,362.0,454.0,488.0,307.0,414.0,438.0,1,1,1,-0.04734207264397999,-0.003869600586979799,0.035236369191991204,-0.10041784676763982,0.0032343971951005746,0.10384684277199817,-0.09042004267085128,0.007678639980774657,0.10184285859929063,12.06,16.8,2,174.0,429.0,0.0,101.0,403.0,0.0,1,1,0,-0.03996047178427875,0.009300982404588848,-0.009210667542737742,-0.07137128497032141,0.01854761614437328,-0.016615949735374117,-0.1054431571928157,0.03092579947419169,-0.02606312726622137
92,least_connections,3937,measured,385,322,10,medium,2,65.73,42.1,3,167.0,819.0,0.0,120.0,722.0,0.0,1,2,0,-0.061821035385853026,0.04000562032219452,-0.005656286257814572,-0.3731588561643994,0.22508992762548924,-0.03345880399827974,-0.26809016056094953,0.13697125188419776,-0.024979758316574317,37.26,36.22,3,362.0,454.0,488.0,307.0,414.0,438.0,1,1,1,-0.042833303820743795,-0.0035010671977436236,0.03188052450703966,-0.09085424231357889,0.0029263593669957566,0.09395666726990311,-0.08180861003553212,0.006947340934986598,0.09214353873269152,19.76,27.53,3,603.0,385.0,0.0,504.0,322.0,0.0,2,1,0,0.006929187660028979,0.008415174556532762,-0.008333461110096052,0.013054551693518726,0.008819271749671065,-0.015033478332005154,0.026138730793801662,0.0035519138099829733,-0.023580924669438383
92,least_connections,3938,measured,154,122,4,light,0,64.87,42.2,3,973.0,0.0,0.0,844.0,0.0,0.0,3,0,0,0.03023448272345723,-0.04997223920962446,-0.005117592328498898,0.14853881267665436,-0.2903472083388431,-0.030272251236538813,0.08496604520675993,-0.20269267686667822,-0.02260073371499581,37.26,36.22,3,362.0,454.0,488.0,307.0,414.0,438.0,1,1,1,-0.03875394155210153,-0.003167632226529951,0.028844284077797787,-0.0822014573313333,0.0026476584749009213,0.08500841324419806,-0.07401731384167191,0.006285689417368831,0.08336796361529233,16.28,24.17,2,429.0,385.0,0.0,403.0,322.0,0.0,1,1,0,-0.036814635201016854,0.007613729360672505,-0.007539798147229762,-0.019674453229673525,0.007979341106845242,-0.013601718490861807,-0.0068109895992588265,0.0032136363042703092,-0.02133512231996806
92,least_connections,3939,measured,354,348,10,medium,2,64.87,42.2,3,973.0,0.0,0.0,844.0,0.0,0.0,3,0,0,0.027355008178366058,-0.04521297833251737,-0.004630202582927574,0.13439225908840158,-0.2626950932589533,-0.027389179690201784,0.07687404090135425,-0.18338861240318505,-0.02044828288499621,37.26,36.22,3,816.0,0.0,488.0,721.0,0.0,438.0,2,0,1,0.00802081025104645,-0.0459498531936178,0.02609720940372181,0.042987797108385545,-0.11496504369277673,0.07691237388760776,0.050085525571820666,-0.11136651909857105,0.07542815755669306,23.36,35.77,3,429.0,739.0,0.0,403.0,670.0,0.0,1,2,0,-0.03330847946758668,0.049972512505461066,-0.006821722133207879,-0.017800695779228423,0.0712765467157171,-0.012306316729827349,-0.0061623239231389515,0.10785995665624455,-0.01930320590854253
92,least_connections,3940,measured,372,306,11,medium,0,89.67,57.5,4,973.0,372.0,0.0,844.0,306.0,0.0,3,1,0,0.02474976930423596,0.0021769198306702264,-0.004189230908363043,0.12159299631807763,-0.013295560567624376,-0.024780686386373044,0.06955270367265387,-0.027494458840976954,-0.018500827372139428,26.91,26.62,2,454.0,488.0,0.0,414.0,438.0,0.0,1,1,0,-0.03582697666628677,0.0015102235277698328,-0.01947213933767573,-0.05468451009921582,0.022133667951433303,-0.0565622739656338,-0.04148511972073368,0.02307910176795952,-0.055594762210611035,23.36,35.77,3,814.0,354.0,0.0,725.0,348.0,0.0,2,1,0,0.01294765689894084,0.0021293253734216977,-0.006172034310997605,0.05356127524736476,-0.005178362495303568,-0.011134286565081888,0.09153567518065206,0.0004764687207292062,-0.017464805345824192
92,least_connections,3941,measured,483,424,19,heavy,1,89.67,57.5,4,973.0,372.0,0.0,844.0,306.0,0.0,3,1,0,0.02239264841811825,0.00196959413251116,-0.0037902565361379913,0.1100127109544512,-0.012029316704041115,-0.02242062101624228,0.06292863665621068,-0.024875938951360088,-0.016738843812888055,40.71,39.88,3,454.0,488.0,483.0,414.0,438.0,424.0,1,1,1,-0.032414883650449935,0.0013663927156012806,0.025466250349812657,-0.04947646151833815,0.020025699575106318,0.07368175212633134,-0.03753415593780665,0.020881092075772892,0.06958092942849478,23.36,35.77,3,814.0,354.0,0.0,725.0,348.0,0.0,2,1,0,0.01171454671808933,0.0019265324807148654,-0.005584221519474024,0.048460201414282394,-0.004685185114798471,-0.010073878320788375,0.08281799183011376,0.00043109074732643193,-0.015801490550983795
92,least_connections,3942,measured,167,102,7,light,1,79.4,51.4,3,819.0,372.0,0.0,722.0,306.0,0.0,2,1,0,-0.022823884991317045,0.001782013738938673,-0.0034292797231724684,0.006646421022281301,-0.010883667494132443,-0.020285323776600157,0.001744956974666756,-0.022506801908373425,-0.015144668211660621,45.49,43.06,4,621.0,488.0,483.0,516.0,438.0,424.0,2,1,1,0.01375614835254077,0.001236260076020207,0.023040893173640022,-0.0015943495369998284,0.018118490091762862,0.06666444240001407,-0.005120188705634576,0.01889241663998499,0.06295417424482862,23.36,35.77,3,1168.0,0.0,0.0,1073.0,0.0,0.0,3,0,0,0.05368277582883818,-0.04134084702992011,-0.0050523908985717365,0.10790208699387455,-0.06829611986577004,-0.009114461337856148,0.17988294498915056,-0.10456234646670466,-0.014296586688985338
92,least_connections,3943,measured,379,321,10,medium,0,100.0,67.45,4,819.0,751.0,0.0,722.0,627.0,0.0,2,2,0,-0.020650181658810662,0.044696198371511404,-0.0031026816542989,0.006013428543968802,0.21875604687038813,-0.018353388178828714,0.0015787705961270437,0.1248509887495669,-0.013702318858169135,45.49,43.06,4,621.0,488.0,483.0,516.0,438.0,424.0,2,1,1,0.012446038985632124,0.0011185210211611396,0.020846522395198117,-0.0014425067239522416,0.016392919606833062,0.060315447885727014,-0.004632551686050312,0.017093138864748322,0.056958538602464,23.36,35.77,3,1168.0,0.0,0.0,1073.0,0.0,0.0,3,0,0,0.048570130511805976,-0.03740362350326105,-0.0045712108129934755,0.09762569775636268,-0.061791727497601465,-0.008246417400917468,0.16275123594256477,-0.09460402775558993,-0.012935007004320067
92,least_connections,3944,measured,430,439,19,heavy,2,100.0,67.45,4,1191.0,379.0,0.0,1028.0,321.0,0.0,3,1,0,0.024400402535452476,-0.0026444826525327675,-0.0028071881634132907,0.22982167344454318,-0.02645881473631556,-0.016605446447511694,0.1398569829203054,-0.02546815303610614,-0.012397336109772073,45.49,43.06,4,621.0,488.0,483.0,516.0,438.0,424.0,2,1,1,0.011260701939381446,0.001011995209621988,0.018861139309941155,-0.0013051251311949064,0.014831689168087053,0.05457111951565777,-0.00419135628737885,0.01546522087762943,0.05153391587841981,23.38,36.97,3,739.0,0.0,430.0,670.0,0.0,439.0,2,0,1,0.0008605035696385155,-0.03384137364580762,0.03894804282452517,0.01069944082718527,-0.055906801069258466,0.070348479494408,0.025711435694066503,-0.08559412035029565,0.1206937238214882
92,least_connections,3945,measured,449,405,17,heavy,2,50.07,31.35,2,372.0,379.0,0.0,306.0,321.0,0.0,1,1,0,-0.06409124577858154,-0.002392627161815361,-0.002539836909754882,-0.28606610497874674,-0.02393892761857125,-0.015023975357272484,-0.20008177735781893,-0.023042614651715088,-0.011216637432650924,45.49,43.06,4,621.0,488.0,483.0,516.0,438.0,424.0,2,1,1,0.01018825413563082,0.0009156147134675163,0.017064840328041998,-0.001180827499652537,0.013419147342554949,0.04937387003797608,-0.0037921794981046753,0.013992342698807572,0.04662592388999888,32.36,50.47,4,739.0,0.0,879.0,670.0,0.0,844.0,2,0,2,0.000778550848720555,-0.030618385679540224,0.078322605639423,0.00968044646269145,-0.05058234382456719,0.14489624335208345,0.023262727532726846,-0.07744229936455321,0.2313419406003941
92,least_connections,3946,measured,180,107,4,light,0,62.07,36.7,3,931.0,0.0,0.0,734.0,0.0,0.0,3,0,0,0.02818048284432191,-0.045248658135066504,-0.002297947680254417,0.0783528891462133,-0.2502622043533105,-0.013593120561341772,0.012592677628640025,-0.16606236563726604,-0.010148386248588931,32.51,30.12,3,167.0,971.0,0.0,102.0,862.0,0.0,1,2,0,-0.03386595600880567,0.04391231353894226,-0.02764428278710032,-0.11842891195546795,0.1369982761670735,-0.0801855461561169,-0.12048459097447566,0.1325406910132068,-0.0776955926709534,32.36,50.47,4,739.0,0.0,879.0,670.0,0.0,844.0,2,0,2,0.000704403148842403,-0.02770234894815544,0.07086330986423986,0.008758499180530371,-0.04576497774603698,0.1310966011280755,0.021047229672467138,-0.07006684228221481,0.20930937482892797
92,least_connections,3947,measured,499,444,20,heavy,0,95.33,58.9,4,931.0,0.0,499.0,734.0,0.0,444.0,3,0,1,0.025496627335338876,-0.04093926212220303,0.04100480470652718,0.07089070922752638,-0.22642770870061424,0.28868558933338917,0.011393374997340944,-0.1502469022432407,0.19167526958461,32.51,30.12,3,655.0,483.0,0.0,540.0,424.0,0.0,2,1,0,0.012443273361647467,-0.0033537117867619842,-0.025011493950233624,0.018999691904236476,-0.0021988385699266977,-0.07254882747458195,0.014829417689760122,-0.003921517654717627,-0.07029601241657689,24.66,39.73,3,354.0,0.0,879.0,348.0,0.0,844.0,1,0,2,-0.04244658309209043,-0.025064030000712067,0.06411442321050273,-0.06174231026523441,-0.0414064084368906,0.11861121054444926,-0.07806837950268845,-0.06339380968390863,0.18937514865474436
92,least_connections,3948,measured,353,349,12,medium,1,95.33,58.9,4,931.0,0.0,499.0,734.0,0.0,444.0,3,0,1,0.023068377112925642,-0.037040284777231314,0.037099585210667446,0.0641392131106191,-0.20486316501484145,0.26119172368259025,0.010308291664260838,-0.13593767345817015,0.17342048200512336,42.6,41.03,4,655.0,836.0,0.0,540.0,773.0,0.0,2,2,0,0.011258199708157224,0.04004958956254415,-0.02262944690735423,0.01719019743716632,0.08926227530748126,-0.06563941533414558,0.013417092195497249,0.09512755545525547,-0.06360115409118862,24.66,39.73,3,354.0,449.0,430.0,348.0,405.0,439.0,1,1,1,-0.0384040513690342,0.020406920702303592,0.014924387439887957,-0.05586209023997399,0.04378467808090851,0.02606728573069217,-0.07063329574052767,0.0647865531431303,0.04919656306857824
92,least_connections,3949,measured,399,344,8,medium,2,95.33,58.9,4,931.0,0.0,499.0,734.0,0.0,444.0,3,0,1,0.020871388816456532,-0.03351263860797119,0.033566291381080075,0.058030716623893475,-0.18535238739438037,0.23631632142710543,0.00932654960099788,-0.12299122836691585,0.15690424562368305,37.83,37.84,3,488.0,836.0,0.0,438.0,773.0,0.0,1,2,0,-0.03289791001461512,0.036235342937539945,-0.02047426148760621,-0.027617032250727064,0.0807611062305783,-0.05938804244517933,-0.016700011823121558,0.08606778826904068,-0.05754390132059923,25.56,39.6,3,0.0,1278.0,0.0,0.0,1188.0,0.0,0,3,0,-0.07783042289397879,0.10463120489845608,-0.029580883019239692,-0.11459903402664313,0.18962423254939342,-0.054224836719849935,-0.1688586961461917,0.2947592623675941,-0.08788564928715938
92,least_connections,3950,measured,433,413,17,heavy,1,83.33,53.55,3,751.0,0.0,499.0,627.0,0.0,444.0,2,0,1,-0.02420026272615383,-0.030320958740545363,0.030369501725739115,-0.05606744686409637,-0.16769977907110606,0.21381000510071443,-0.0399664551229067,-0.1112777780462572,0.14196098413571323,50.2,50.75,4,488.0,836.0,433.0,438.0,773.0,413.0,1,2,1,-0.029764775727508908,0.032784357895869476,0.024559568404637463,-0.024986838703038777,0.07306957230385658,0.05819993438633435,-0.015109534506633798,0.07787085605294158,0.06470730356707688,25.56,39.6,3,399.0,879.0,0.0,344.0,844.0,0.0,1,2,0,-0.027334101439223435,0.0515824280147029,-0.026763656065026387,-0.031484840309819975,0.09936478183040358,-0.0490605665560547,-0.04903088381480836,0.16294091991988668,-0.07951558745028706
92,least_connections,3951,measured,187,115,5,light,0,71.0,44.0,3,566.0,0.0,499.0,436.0,0.0,444.0,2,0,1,-0.02189547579985346,-0.027433248384302947,0.027477168228049676,-0.16231499160719837,-0.15172837154052454,0.19344714747207498,-0.12256488796834417,-0.10067989442280413,0.12844089040850243,50.2,50.75,4,488.0,836.0,433.0,438.0,773.0,413.0,1,2,1,-0.026930035182031867,0.02966203809626286,0.022220561889910086,-0.022607139778939855,0.06611056541777502,0.05265708349239774,-0.013670531220287718,0.07045458404789953,0.05854470322735528,25.56,39.6,3,399.0,879.0,0.0,344.0,844.0,0.0,1,2,0,-0.024730853683106915,0.046669815822826435,-0.024214736439785778,-0.02848628408983711,0.08990146927512704,-0.04438813164595425,-0.044361275832445646,0.14742273707037368,-0.07194267435978353
92,least_connections,3952,measured,453,440,20,heavy,0,100.0,66.0,4,566.0,0.0,952.0,436.0,0.0,884.0,2,0,2,-0.019810192390343595,-0.024820558061988383,0.06794419529023088,-0.14685642097794144,-0.13727805044142696,0.44826170485568695,-0.11089204149516854,-0.09109133304920373,0.3152560437029308,50.2,50.75,4,488.0,836.0,433.0,438.0,773.0,413.0,1,2,1,-0.024365269926600264,0.02683708208709497,0.020104317900394842,-0.020454078847612245,0.05981432109227264,0.04764212315978843,-0.012368575865974618,0.06374462366238529,0.05296901720570241,25.56,39.6,3,399.0,879.0,0.0,344.0,844.0,0.0,1,2,0,-0.02237553428471578,0.04222507145874773,-0.021908571064568085,-0.025773304652709758,0.0813394245822578,-0.04016069053681575,-0.04013639241983177,0.13338247639700476,-0.0650909910874232
92,least_connections,3953,measured,371,326,15,medium,2,75.93,49.95,3,187.0,499.0,453.0,115.0,444.0,440.0,1,1,1,-0.06100740762754443,0.02062720483733931,0.018389419321546766,-0.3614732697736931,0.17678017658474068,0.10458598693292304,-0.24554518040039058,0.11844117486024425,0.0843745157312231,50.2,50.75,4,1324.0,433.0,0.0,1211.0,413.0,0.0,3,1,0,0.06412303242468592,-0.018802730719385735,-0.02489427926925727,0.19760277219909914,-0.05005915166481453,-0.06882719469216422,0.20736593135935627,-0.0441120071626038,-0.06884648443293591,32.98,50.47,4,399.0,879.0,371.0,344.0,844.0,326.0,1,2,1,-0.020244531019504755,0.03820363608172414,0.023261859739767195,-0.023318704209594546,0.07359281271728087,0.030797470466690513,-0.03631387885603826,0.12067938340681383,0.039425611238363134
92,least_connections,3954,measured,179,124,6,light,0,87.87,56.15,4,366.0,499.0,453.0,239.0,444.0,440.0,2,1,1,-0.0121132781029257,0.018662709138545088,0.016638046052828027,-0.21907899011270643,0.15994396929095586,0.09462541674883512,-0.1660646870289248,0.10716106296879241,0.07633884756634471,36.26,37.06,3,836.0,433.0,0.0,773.0,413.0,0.0,2,1,0,0.01493217672891084,-0.017011994460396612,-0.022523395529328007,0.05263380069714413,-0.04529161341102267,-0.062272223769100965,0.0637775093251319,-0.0399108636233082,-0.062289676391703915,32.98,50.47,4,399.0,1250.0,0.0,344.0,1170.0,0.0,1,3,0,-0.018316480446218586,0.07764909477688874,-0.022037455700301335,-0.021097875237252206,0.13371730674420648,-0.03926895529204192,-0.032855414203082245,0.20750356911410142,-0.06264666919703653
92,least_connections,3955,measured,190,110,8,light,1,87.87,56.15,4,366.0,499.0,453.0,239.0,444.0,440.0,2,1,1,-0.010959632569313732,0.01688530826820746,0.015053470238272977,-0.19821432438768677,0.14471121031086484,0.0856134722965651,-0.15024900254997958,0.09695524744795503,0.06906848113145475,41.69,40.5,4,836.0,623.0,0.0,773.0,523.0,0.0,2,2,0,0.013510064659490756,0.027692095714969958,-0.02037831024082058,0.04762105777360659,0.008137519839006707,-0.05634153579109135,0.057703460817976476,-0.005008638516326436,-0.056357326259160685,32.98,50.47,4,848.0,801.0,0.0,749.0,765.0,0.0,2,2,0,0.02651184648970245,0.027170042666618155,-0.01993865039551073,0.062159065261533725,0.03973470610190111,-0.03552905478803793,0.09241653000673511,0.06559846729371083,-0.05668031974969972
92,least_connections,3956,measured,447,449,17,heavy,0,100.0,72.85,4,179.0,499.0,900.0,124.0,444.0,889.0,1,1,2,-0.052999758265660266,0.015277183671235324,0.05670370663281387,-0.29213042047774834,0.13092919028125868,0.3470788558873684,-0.18796338325950535,0.08772141435767361,0.2656095781665543,41.69,40.5,4,1026.0,433.0,0.0,883.0,413.0,0.0,3,1,0,0.055307292061534716,-0.018029146960832174,-0.018437518789313857,0.09220136519652841,-0.041753128308925885,-0.05097567523955884,0.08330908359721678,-0.035632815800485856,-0.05098996185352633,32.98,50.47,4,1278.0,371.0,0.0,1188.0,326.0,0.0,3,1,0,0.06707080895553577,-0.0185014806712457,-0.018039731310223996,0.1340486780937686,-0.041859075431613296,-0.03214533528441527,0.21601178111720482,-0.07304583117870608,-0.05128219405925213
92,least_connections,3957,measured,193,101,2,light,0,100.0,77.9,5,372.0,499.0,900.0,225.0,444.0,889.0,2,1,2,-0.0048682620136019095,0.013822213797784338,0.05130335362016493,-0.1478957772576453,0.11845974358780548,0.3140237267552381,-0.12437163247288578,0.07936699394265709,0.2403134278649777,41.69,40.5,4,1026.0,433.0,0.0,883.0,413.0,0.0,3,1,0,0.050039930912817124,-0.01631208534551483,-0.016681564618903015,0.08342028279685904,-0.037776639898551984,-0.04612084902626753,0.07537488515938662,-0.03223921429567769,-0.04613377501033335,25.0,39.0,3,879.0,371.0,0.0,844.0,326.0,0.0,2,1,0,0.017599212637775002,-0.016739434893031827,-0.016321661661631234,0.04908213732293354,-0.0378724968190787,-0.02908387478113763,0.09169319878858212,-0.06608908535216265,-0.04639817557741859
92,least_connections,3958,measured,159,111,6,light,2,100.0,77.9,5,372.0,952.0,447.0,225.0,884.0,449.0,2,2,1,-0.004404618012306488,0.055589712710467004,0.0033334197152966177,-0.13381046513786954,0.380415958484205,0.01087860992140588,-0.11252671509451569,0.270855851662404,0.018378815687360772,41.69,40.5,4,1026.0,433.0,0.0,883.0,413.0,0.0,3,1,0,0.04527422320683454,-0.01475855340784675,-0.01509284417900749,0.07547549395906292,-0.034178864670118464,-0.041728387214242046,0.06819632466801645,-0.02916881293418458,-0.04174008215220636,28.18,42.7,4,1038.0,371.0,0.0,955.0,326.0,0.0,3,1,0,0.05900699737522046,-0.015145202998457369,-0.01476721769385683,0.07317907662551129,-0.03426559236011882,-0.026313981944838808,0.11643670366586004,-0.0597948867471948,-0.04197930171290254
92,least_connections,3959,measured,172,114,4,light,1,100.0,72.85,4,179.0,1399.0,0.0,124.0,1333.0,0.0,1,3,0,-0.04706903080932037,0.09337935458384657,-0.04006794905577472,-0.2374793097279137,0.6138049148190425,-0.2597764957853947,-0.1475003612759904,0.4481791038850322,-0.18649059533048312,46.6,44.06,5,1198.0,433.0,0.0,997.0,413.0,0.0,4,1,0,0.08404629265198861,-0.013352976892813728,-0.013655430447673443,0.11274993671126102,-0.030923734701535754,-0.03775425509859995,0.09393357946153869,-0.02639083074997653,-0.037764836232948615,28.18,42.7,4,1038.0,371.0,0.0,955.0,326.0,0.0,3,1,0,0.05338728333948517,-0.013702802712889997,-0.013360816008727608,0.06620964075641497,-0.031002202611536078,-0.02380788842628273,0.10534749379292097,-0.05410013562841434,-0.03798127297834039
92,least_connections,3960,measured,198,102,3,light,0,100.0,71.75,4,697.0,900.0,0.0,546.0,889.0,0.0,2,2,0,0.0004976342564198821,0.041402182491960954,-0.036251953907605695,0.09758221183347487,0.25436317689976873,-0.23503587713916663,0.057452054083627774,0.20463823684836246,-0.16872958625138948,22.71,19.91,3,795.0,0.0,0.0,637.0,0.0,0.0,3,0,0,0.032957983601232324,-0.05516516503454122,-0.012354913262180734,-0.002165023247634623,-0.13991058990002894,-0.034158611755876145,-0.01679819001098881,-0.14064825163093114,-0.03416818516314399,28.18,42.7,4,1038.0,371.0,0.0,955.0,326.0,0.0,3,1,0,0.04830278016429611,-0.012397773883090948,-0.012088357341229742,0.05990396068437545,-0.028049611886627884,-0.02154047048092247,0.09531439914597611,-0.04894774175904157,-0.034364008885165116
92,least_connections,3961,measured,394,305,15,medium,1,100.0,71.75,4,697.0,900.0,0.0,546.0,889.0,0.0,2,2,0,0.00045024051771322404,0.037459117492726575,-0.032799386868786105,0.08828866784933437,0.2301381124331241,-0.21265150788781742,0.05198042988518703,0.18514888095804222,-0.15266010184649526,33.97,29.44,4,795.0,0.0,394.0,637.0,0.0,305.0,3,0,1,0.02981912802016258,-0.04991133979315634,0.03190564537049861,-0.0019588305573837173,-0.1265857718143119,0.07094492949978554,-0.015198362390894643,-0.12725318004703293,0.055321046757155434,28.18,42.7,4,1409.0,0.0,0.0,1281.0,0.0,0.0,4,0,0,0.08678641561350146,-0.05430093374003013,-0.010937085213493576,0.12133215490491112,-0.09251155361171094,-0.019488997101786996,0.1845542976400101,-0.14260351238516458,-0.03109124613419701
92,least_connections,3962,measured,387,304,11,medium,0,100.0,86.95,5,697.0,1287.0,0.0,546.0,1193.0,0.0,2,3,0,0.0004073604684071974,0.07697548272017665,-0.029675635738425524,0.07988022329225491,0.44164876839187417,-0.1923989833270729,0.04702991275326446,0.30503946372394297,-0.13812104452778143,33.97,29.44,4,795.0,394.0,0.0,637.0,305.0,0.0,3,1,0,0.026979211065861375,-0.002073978633717416,-0.014216887748687198,-0.0017722752662043262,-0.012679643886418263,-0.03766207058862942,-0.013750899306047532,-0.028898710518744083,-0.036182743410192696,19.2,29.2,3,960.0,0.0,0.0,876.0,0.0,0.0,3,0,0,0.03543714247117252,-0.04912941624097964,-0.009895458050303712,0.028529092533014805,-0.08370092945821467,-0.017632902139712043,0.044834840721913904,-0.12902222549133938,-0.028130175073797295
92,least_connections,3963,measured,442,428,17,heavy,2,100.0,81.85,4,499.0,1287.0,0.0,444.0,1193.0,0.0,1,3,0,-0.04271533599343656,0.06964448436587412,-0.026849384715718332,-0.04715598844986463,0.39958698092598144,-0.17407527062925643,-0.003591983699427398,0.27598808622642457,-0.12496665933465939,23.63,22.44,2,433.0,394.0,0.0,413.0,305.0,0.0,1,1,0,-0.06175803806059253,-0.0018764568590776687,-0.012862898439288417,-0.09518171843813045,-0.011472058754378428,-0.03407520672304567,-0.07577462318166206,-0.026146452374101792,-0.0327367678473172,19.44,28.83,3,530.0,0.0,442.0,437.0,0.0,428.0,2,0,1,-0.01102172370522031,-0.0444504242180292,0.03413086675267306,-0.051997487708224724,-0.07572941236695613,0.06402737425454624,-0.09183196950556993,-0.1167343944921642,0.10362825429831038
92,least_connections,3964,measured,477,429,12,heavy,1,100.0,81.85,4,499.0,1287.0,0.0,444.0,1193.0,0.0,1,3,0,-0.03864720875596642,0.06301167633102896,-0.024292300457078492,-0.042664941930829925,0.3615310779806499,-0.1574966734264701,-0.003249890013767631,0.2497035065858127,-0.1130650727313585,37.26,35.84,3,433.0,871.0,0.0,413.0,734.0,0.0,1,2,0,-0.0558763201500599,0.04138615354473472,-0.011637860492689521,-0.08611679287259422,0.11292664071882769,-0.030829948939898464,-0.06855799240245616,0.09763832880438408,-0.029618980433286993,16.26,25.13,2,371.0,0.0,442.0,326.0,0.0,428.0,1,0,1,-0.053055935960051925,-0.0402170504829788,0.030880308014323243,-0.07581677459315571,-0.06851708737962697,0.057929529087446606,-0.1165622581240871,-0.10561683311195809,0.09375889674609034
92,least_connections,3965,measured,390,340,8,medium,2,100.0,81.85,4,952.0,834.0,0.0,884.0,753.0,0.0,2,2,0,0.008117378018978216,0.01392666407274501,-0.021978748032594825,0.23463648111020152,0.05386145150630228,-0.14249699024299678,0.19610724236849594,0.026874601196687664,-0.10229697056646722,37.26,35.84,3,433.0,871.0,0.0,413.0,734.0,0.0,1,2,0,-0.050554765850054195,0.03744461511190284,-0.01052949282671909,-0.07791519355139476,0.10217172255512982,-0.0278937633265748,-0.06202865979269845,0.0883394403468237,-0.026798125153926326,24.06,36.47,3,371.0,390.0,442.0,326.0,340.0,428.0,1,1,1,-0.04800298967814222,0.006697045027871787,0.027939326298673413,-0.06859612939380753,0.00857977808509941,0.05241243107911836,-0.10546109068369786,0.006981595438387125,0.08482947800836746
92,least_connections,3966,measured,354,323,7,medium,1,100.0,81.85,4,1786.0,0.0,0.0,1637.0,0.0,0.0,4,0,0,0.09351209485163789,-0.07356748534007877,-0.01988553393425246,0.5428298321155791,-0.4543158295895361,-0.12892584831509232,0.518073219285782,-0.31632774177442546,-0.0925544019410894,47.37,45.94,4,787.0,871.0,0.0,736.0,734.0,0.0,2,2,0,-0.0026561260185297697,0.03387846129172162,-0.009526683986079178,0.02101550515418027,0.09244108231178413,-0.025237214438329582,0.03520323637803474,0.07992616031379288,-0.024245922758314296,24.06,36.47,3,761.0,442.0,0.0,666.0,428.0,0.0,2,1,0,-0.0003473761487046423,0.006059231215693517,-0.017805462147005232,0.008508263881793182,0.017172180172232807,-0.0325601814046072,0.0071225052544321155,0.0328563641267947,-0.05232888497655643
92,least_connections,3967,measured,385,341,10,medium,2,85.8,59.65,3,1287.0,0.0,0.0,1193.0,0.0,0.0,3,0,0,0.04152228082948643,-0.06656105816483318,-0.01799167355956175,0.36265556239028585,-0.4110476553429136,-0.11664719609460734,0.2678757698299933,-0.28620129017686113,-0.08373969699431898,35.0,33.03,3,354.0,871.0,0.0,323.0,734.0,0.0,1,2,0,-0.04548706186257001,0.030651941168700514,-0.008619380749309732,-0.09291794431628589,0.08363716971066185,-0.022833670206107718,-0.08492028613415904,0.0723141450458126,-0.021936787257522457,31.76,47.83,4,761.0,827.0,0.0,666.0,769.0,0.0,2,2,0,-0.0003142927059708589,0.04856606180286103,-0.01610970384729045,0.007697953035908117,0.08520340110821062,-0.029459211747025565,0.0064441714206766865,0.13256845643217935,-0.04734518164545582
92,least_connections,3968,measured,388,327,11,medium,0,100.0,76.0,4,1287.0,388.0,0.0,1193.0,327.0,0.0,3,1,0,0.03756777789334487,-0.01713800954142504,-0.01627818083960349,0.3281169374007348,-0.13786851356422342,-0.10553793932369236,0.2423637917509463,-0.11101545301716007,-0.0757644877567648,35.0,33.03,3,354.0,871.0,0.0,323.0,734.0,0.0,1,2,0,-0.041154960732801435,0.027732708676443313,-0.007798487344613567,-0.08406861628616341,0.07567172497631311,-0.020659034948383174,-0.0768326398356677,0.06542708361287808,-0.0198475694234727,24.34,36.97,3,390.0,827.0,0.0,340.0,769.0,0.0,1,2,0,-0.043368260294064334,0.04394072258354093,-0.014575446338024692,-0.060168518681797414,0.07708879147885724,-0.02665357253302313,-0.09248701950827666,0.11994288915292417,-0.042836116726840984
92,least_connections,3969,measured,164,100,9,light,1,100.0,76.0,4,1287.0,388.0,0.0,1193.0,327.0,0.0,3,1,0,0.03398989428445488,-0.01550581815652742,-0.014727877902498396,0.2968677052673314,-0.12473817893905925,-0.09548670700715023,0.2192815258699038,-0.10044255272981148,-0.06854882225612052,39.69,36.16,4,1225.0,164.0,0.0,1057.0,100.0,0.0,3,1,0,0.04893235979050391,-0.01799240190045151,-0.007055774264174179,0.1490943811832671,-0.11429701073571674,-0.018691507810441918,0.1380145163391578,-0.12006001958834839,-0.0179573247164753,24.34,36.97,3,390.0,827.0,0.0,340.0,769.0,0.0,1,2,0,-0.03923794978986772,0.039755891861298936,-0.01318730859154615,-0.05443818356924528,0.06974700181420417,-0.024115137053687594,-0.08367873193605983,0.1085197568526457,-0.03875648656237994
92,least_connections,3970,measured,178,112,4,light,2,100.0,76.0,4,1287.0,388.0,0.0,1193.0,327.0,0.0,3,1,0,0.030752761495459177,-0.01402907357019148,-0.013325222864165214,0.2685945904799665,-0.11285835237343456,-0.08639273491123116,0.19839757102515104,-0.09087659532697231,-0.06202036299363285,39.69,36.16,4,1225.0,164.0,0.0,1057.0,100.0,0.0,3,1,0,0.04427213504855115,-0.016278839814694218,-0.006383795762824257,0.13489491630867023,-0.10341158114183896,-0.01691136420944745,0.12487027668780942,-0.10862573200850567,-0.016247103314906225,27.9,40.7,4,953.0,442.0,0.0,793.0,428.0,0.0,3,1,0,0.05066679826268203,-0.007114283780820241,-0.011931374439970327,0.05262259581830189,-0.006562236453815262,-0.021818457334288777,0.06090971872451725,-0.004656727926971388,-0.03506539260405804
92,least_connections,3971,measured,386,308,9,medium,0,100.0,91.4,5,1287.0,774.0,0.0,1193.0,635.0,0.0,3,2,0,0.027823927067320203,0.030390928901346037,-0.012056154019959004,0.2430141532913982,0.13071545896371795,-0.07816485539587581,0.17950256426085093,0.05711165184702505,-0.05611366175614401,39.69,36.16,4,1389.0,0.0,0.0,1157.0,0.0,0.0,4,0,0,0.08313964146116079,-0.05781237434481404,-0.005775815213983852,0.16444233924525947,-0.13595741695145974,-0.01530075809426198,0.14125167890801804,-0.12655423372198132,-0.014699760142058014,27.9,40.7,4,953.0,442.0,0.0,793.0,428.0,0.0,3,1,0,0.04584138890433136,-0.006436732944551646,-0.010795053064735058,0.047610920026082665,-0.0059372615534519085,-0.019740509016737465,0.05510879313170608,-0.0042132300291646,-0.03172583140367156
92,least_connections,3972,measured,194,116,7,light,1,100.0,69.4,4,1222.0,386.0,0.0,1080.0,308.0,0.0,3,1,0,0.02517402925138494,-0.015587345506491906,-0.010907948875201004,0.18066359900967777,-0.11576537839790602,-0.07072058345341145,0.11128803433124607,-0.0962561245193583,-0.050769503493654104,45.23,39.78,5,1583.0,0.0,0.0,1273.0,0.0,0.0,5,0,0,0.11830548059637903,-0.052306433931022224,-0.005225737574556818,0.1989308239429899,-0.1230090915275112,-0.013843543037665601,0.16059675710725443,-0.11450144955798311,-0.013299782985671537,27.9,40.7,4,953.0,442.0,0.0,793.0,428.0,0.0,3,1,0,0.04147554234201409,-0.005823710759356254,-0.009766952772855528,0.04307654669026528,-0.005371808072170775,-0.017860460538952946,0.04986033664297215,-0.0038119700263870293,-0.028704323650940933
92,least_connections,3973,measured,372,342,13,medium,0,76.4,48.85,3,774.0,372.0,0.0,635.0,342.0,0.0,2,1,0,-0.02030739757074243,-0.014102836410635533,-0.009869096601372338,-0.10676468026108521,-0.11318454870921657,-0.06398528979118179,-0.1006203498907774,-0.07170792218418132,-0.04593431268473466,35.11,29.69,4,1229.0,0.0,0.0,950.0,0.0,0.0,4,0,0,0.06395439174139511,-0.047324868794734395,-0.004728048281741883,0.08847482710488203,-0.11129393995346251,-0.012525110367411735,0.053977423097039734,-0.10359654960007995,-0.012033136987036152,20.1,29.37,3,1005.0,0.0,0.0,881.0,0.0,0.0,3,0,0,0.037525490690393695,-0.04835297186617493,-0.008836766794488336,0.048383542243573385,-0.084841159684345,-0.016159464297147905,0.07165141569284786,-0.1325282903413343,-0.02597057854132751
92,least_connections,3974,measured,416,445,16,heavy,0,100.0,71.1,4,774.0,372.0,416.0,635.0,342.0,445.0,2,1,1,-0.018373359706862186,-0.012759709133432148,0.03415471758742049,-0.0965966154743152,-0.10240506787976733,0.19302918225242283,-0.09103745942498909,-0.06487859626187834,0.15974990757095436,35.11,29.69,4,1229.0,0.0,0.0,950.0,0.0,0.0,4,0,0,0.05786349728983367,-0.04281773843333112,-0.004277757969195037,0.08004865309489323,-0.1006945171007518,-0.011332242713372522,0.0488367161354169,-0.09373021154292949,-0.010887123940651756,16.54,25.63,2,827.0,0.0,0.0,769.0,0.0,0.0,2,0,0,-0.009132265792591632,-0.04374792692653923,-0.007995169956918019,0.01156606202989971,-0.0767610492382169,-0.014620467697419533,0.031049693563370284,-0.11990654840406435,-0.02349719010882013
92,least_connections,3975,measured,153,123,5,light,2,100.0,71.1,4,774.0,372.0,416.0,635.0,342.0,445.0,2,1,1,-0.016623515925256266,-0.011544498739771938,0.030901887340999492,-0.08739693781009472,-0.09265220427217041,0.17464545060933495,-0.08236722519403772,-0.05869968233217565,0.1445356306594349,35.11,29.69,4,1229.0,0.0,0.0,950.0,0.0,0.0,4,0,0,0.05235268802413523,-0.03873985858253768,-0.0038703524483193192,0.07242497184776053,-0.09110456309115639,-0.010252981502575139,0.04418560031299623,-0.08480352472931715,-0.009850254993923018,19.6,29.73,3,980.0,0.0,0.0,892.0,0.0,0.0,3,0,0,0.03482137403346017,-0.039581457695440254,-0.007233725199116302,0.03815024659848071,-0.06945047312029148,-0.013228042202427197,0.06518781798590642,-0.1084868771274868,-0.02125936247940869
92,least_connections,3976,measured,187,100,3,light,2,100.0,71.1,4,774.0,788.0,0.0,635.0,787.0,0.0,2,2,0,-0.015040323932374727,0.032638877557439896,-0.015125049775376875,-0.0790734199234191,0.16709245010295692,-0.09290808436933186,-0.0745227275565103,0.14820028741374586,-0.07053919130813034,10.23,6.75,2,358.0,0.0,0.0,216.0,0.0,0.0,2,0,0,-0.03880108271739238,-0.035050348241343614,-0.003501747453241289,-0.15962910710372682,-0.08242793803485578,-0.00927650707375846,-0.1675523140025272,-0.07672699856462029,-0.008912135470692254,23.34,33.07,4,1167.0,0.0,0.0,992.0,0.0,0.0,4,0,0,0.07458895292369752,-0.035811795057779275,-0.006544798989676654,0.06835498501767301,-0.06283614234693038,-0.011968228659338893,0.0891381845269312,-0.09815479359153567,-0.019234661290893577
92,least_connections,3977,measured,171,104,6,light,1,100.0,71.1,4,774.0,788.0,0.0,635.0,787.0,0.0,2,2,0,-0.01360791212929141,0.02953041302815991,-0.013684568844388602,-0.07154261802595063,0.15117888342648483,-0.08405969538177645,-0.06742532493208075,0.13408597432672242,-0.06382117308830841,15.11,10.0,3,529.0,0.0,0.0,320.0,0.0,0.0,3,0,0,0.00797815872054522,-0.03171221983740613,-0.003168247695789738,-0.10022225336595691,-0.07457765822201237,-0.008393030209590986,-0.12219018885942937,-0.06941966536798978,-0.008063360663959658,15.64,21.7,3,782.0,0.0,0.0,651.0,0.0,0.0,3,0,0,0.02440134289468325,-0.032401147909419344,-0.005921484800183639,-0.00782168022210536,-0.05685174783769892,-0.010828397358449475,-0.022192436221665418,-0.08880671801138942,-0.01740278878699895
92,least_connections,3978,measured,160,120,6,light,1,100.0,71.1,4,774.0,788.0,0.0,635.0,787.0,0.0,2,2,0,-0.012311920497930312,0.026717992739763732,-0.01238127657349445,-0.06472903535681251,0.13678089452872438,-0.07605401010732155,-0.06100386541473973,0.12131588153370121,-0.057742966127517135,15.0,10.62,3,525.0,0.0,0.0,340.0,0.0,0.0,3,0,0,0.007218334080493299,-0.02869200842431983,-0.002866509820000239,-0.09171129046035559,-0.06747502410563024,-0.00759369399915375,-0.10489826611091228,-0.06280826866627646,-0.0072954215531063574,15.64,21.7,3,782.0,0.0,0.0,651.0,0.0,0.0,3,0,0,0.02207740547614198,-0.029315324298998455,-0.005357533866832817,-0.007076758296190561,-0.051437295662679974,-0.009797121419549524,-0.0200788708672211,-0.08034893534363804,-0.01574538033109429
92,least_connections,3979,measured,464,443,20,heavy,1,78.27,54.75,3,758.0,416.0,0.0,650.0,445.0,0.0,2,1,0,-0.01113935664098456,-0.018910478224113986,-0.011202107376018788,-0.06821515897362407,-0.10062680971210647,-0.0688107710494814,-0.04840825918476449,-0.044952297659984625,-0.05224363602013455,22.71,20.84,3,331.0,0.0,464.0,224.0,0.0,443.0,2,0,1,-0.03655302653488249,-0.025959436193432227,0.040490391341995245,-0.1331265417090292,-0.061048831333665454,0.11307509318443912,-0.1277055741003492,-0.056826528793297755,0.11865235669004662,11.9,18.37,2,595.0,0.0,0.0,551.0,0.0,0.0,2,0,0,-0.023109104795962232,-0.026523388651474793,-0.004847292546182072,-0.040240876553696237,-0.0465385055995676,-0.008864062236735283,-0.04832532761002545,-0.07269665578710109,-0.014245820299561502
92,least_connections,3980,measured,440,418,20,heavy,2,52.53,39.35,2,372.0,416.0,0.0,342.0,445.0,0.0,1,1,0,-0.05316236575907672,-0.017109480298007892,-0.010135240006874142,-0.2945438739920091,-0.09104330402523919,-0.062257364282864124,-0.18313128211954885,-0.040671126454271816,-0.047268051637264594,22.71,20.84,3,331.0,0.0,464.0,224.0,0.0,443.0,2,0,1,-0.033071785912512724,-0.02348710893691487,0.03663416359513856,-0.12044782345102646,-0.05523465692093541,0.10230603669068301,-0.1155431384717445,-0.0514144784320313,0.10735213224337552,8.8,13.93,1,0.0,0.0,440.0,0.0,0.0,418.0,0,0,1,-0.10707603812605199,-0.023997351637048622,0.03869825458973549,-0.14407507878667755,-0.04210626697103735,0.07159918178581093,-0.20989751863129288,-0.06577316475975813,0.113174416554365
92,least_connections,3981,measured,385,349,13,medium,2,52.53,39.35,2,372.0,416.0,0.0,342.0,445.0,0.0,1,1,0,-0.04809928330583131,-0.015480005983911901,-0.00916997905383851,-0.26649207646896067,-0.0823725131656926,-0.05632809149401992,-0.16569020763197276,-0.036797685839579236,-0.04276633243371559,22.71,20.84,3,331.0,0.0,464.0,224.0,0.0,443.0,2,0,1,-0.029922092016082952,-0.021250241419113455,0.03314519563369679,-0.10897660216997633,-0.04997421340465585,0.09256260462490368,-0.10453903004586407,-0.04651786143850451,0.09712811964876833,16.5,25.57,2,0.0,385.0,440.0,0.0,349.0,418.0,0,1,1,-0.09687832020928513,0.021372010650380042,0.035012706533570206,-0.13035364271175587,0.031570520359537634,0.06478021209192417,-0.18990727876164595,0.0457449144237109,0.10239590069204452
92,least_connections,3982,measured,398,323,10,medium,0,79.07,55.5,3,372.0,814.0,0.0,342.0,768.0,0.0,1,2,0,-0.043518399181466424,0.029078180527027556,-0.008296647715377699,-0.241111878710012,0.16553598015167492,-0.050963511351732306,-0.14991018785749918,0.11282590328799974,-0.038693348392409344,22.71,20.84,3,331.0,0.0,464.0,224.0,0.0,443.0,2,0,1,-0.027072368966932187,-0.019226408903007412,0.029988510335249477,-0.09859787815378813,-0.04521476450897434,0.08374711847015096,-0.09458293194625794,-0.0420875889205517,0.08787782253936183,16.5,25.57,2,0.0,385.0,440.0,0.0,349.0,418.0,0,1,1,-0.08765181352268656,0.01933658106462956,0.03167816305418257,-0.11793901007254103,0.028563804134819765,0.05861066808316949,-0.17182087126053683,0.04138825590716701,0.09264391014994504
92,least_connections,3983,measured,422,420,15,heavy,2,79.07,55.5,3,788.0,398.0,0.0,787.0,323.0,0.0,2,1,0,0.0037101104911448912,-0.016775070226113395,-0.007506490790103632,0.03277179227824312,-0.10114998621197668,-0.04610984360394828,0.06567649670035786,-0.09922894464419071,-0.03500826759313226,17.83,17.59,2,160.0,0.0,464.0,120.0,0.0,443.0,1,0,1,-0.067577948339696,-0.01739532234081623,0.027132461731892384,-0.13341168567655662,-0.040908596460500594,0.07577120242537466,-0.11497979557042384,-0.038079247118594395,0.07950850610704166,24.94,39.57,3,0.0,385.0,862.0,0.0,349.0,838.0,0,1,2,-0.07930402175862117,0.01749500191561722,0.07174509537101778,-0.1067067233989657,0.025843441836265503,0.12939060445620099,-0.15545697875953332,0.037446517249341574,0.2104873472785217
92,least_connections,3984,measured,485,430,16,heavy,1,79.07,55.5,3,788.0,398.0,0.0,787.0,323.0,0.0,2,1,0,0.0033567666348453817,-0.015177444490293068,-0.006791586905331858,0.029650669204124736,-0.09151665419178845,-0.04171842992738178,0.059421592252704714,-0.08977856896379158,-0.031674146869976806,27.11,27.28,2,0.0,0.0,949.0,0.0,0.0,873.0,0,0,2,-0.10422585348648232,-0.01573862497502421,0.06763231798418382,-0.16206635506790495,-0.037012539654738635,0.1939290470923458,-0.13795791027800253,-0.03445265215491874,0.19351364838256152,24.94,39.57,3,0.0,807.0,440.0,0.0,769.0,418.0,0,2,1,-0.07175125778160962,0.05891271148374438,0.021828328918449203,-0.09654417831334992,0.09974406642328783,0.040705784984181835,-0.14065155221100634,0.1605468489398805,0.06377426658532917
92,least_connections,3985,measured,351,319,12,medium,1,79.07,55.5,3,1186.0,0.0,0.0,1110.0,0.0,0.0,3,0,0,0.04612097480114129,-0.056815873813213,-0.006144769104824062,0.2668902880100811,-0.3228642744274911,-0.037745246124773986,0.19988144060959,-0.2273472766815257,-0.02865756145378854,37.14,37.25,3,0.0,815.0,485.0,0.0,762.0,430.0,0,2,1,-0.09429958172586496,0.07192809214277854,0.018107244616075605,-0.14663146410905686,0.17719273623074666,0.0555140358046394,-0.12481906168009753,0.18427498138364495,0.04983080091755565,24.94,39.57,3,0.0,807.0,440.0,0.0,769.0,418.0,0,2,1,-0.06491780465955156,0.05330197705672111,0.01974944045002547,-0.08734949466445946,0.09024463152583184,0.0368290435571169,-0.12725616628614858,0.14525667285036808,0.057700526910535926
92,least_connections,3986,measured,364,341,6,medium,0,78.53,55.45,3,1178.0,0.0,0.0,1109.0,0.0,0.0,3,0,0,0.041728501010556404,-0.05140483821195462,-0.005559552999602723,0.23664676851705757,-0.2921152959105872,-0.03415046077955742,0.1803927319801052,-0.20569515509280897,-0.02592826988676106,37.14,37.25,3,0.0,1300.0,0.0,0.0,1192.0,0.0,0,3,0,-0.08531866918054448,0.10816169787974748,-0.02670115509792706,-0.13266656276533717,0.28569138720196807,-0.07514716488423782,-0.11293153199627871,0.2883023641090121,-0.07649237059840203,24.94,39.57,3,0.0,1247.0,0.0,0.0,1187.0,0.0,0,3,0,-0.05873515659673713,0.0913094985161717,-0.025215358867210515,-0.07903049517260617,0.1612689523328955,-0.04629753201975137,-0.11513653140175348,0.2574861960709679,-0.07385825343015004
92,least_connections,3987,measured,193,121,3,light,0,91.4,61.5,4,1371.0,0.0,0.0,1230.0,0.0,0.0,4,0,0,0.08083825828392745,-0.04650913933462561,-0.005030071761545321,0.330521679451941,-0.26429479153815033,-0.030898035943409095,0.217950567029619,-0.18610514032206527,-0.023458910849926674,37.14,37.25,3,0.0,1300.0,0.0,0.0,1192.0,0.0,0,3,0,-0.07719308163954025,0.097860583795962,-0.02415818794574353,-0.12003165202578125,0.2584826836589235,-0.06799029203811993,-0.10217614799663312,0.26084499609863,-0.06920738292236374,24.94,39.57,3,385.0,862.0,0.0,349.0,838.0,0.0,1,2,0,-0.010057431932195271,0.03952945557358846,-0.02281389611795237,-0.001837114679977006,0.07624333782500067,-0.041888243255965525,0.0010828207952389146,0.12770973295309793,-0.06682413405585004
92,least_connections,3988,measured,166,121,3,light,1,91.4,61.5,4,1371.0,0.0,0.0,1230.0,0.0,0.0,4,0,0,0.07313937654260103,-0.0420796974932327,-0.004551017308064814,0.2990434242660419,-0.23912385901070746,-0.02795536585356061,0.19719337016965532,-0.16838084124377334,-0.02122472886421937,41.89,41.03,4,166.0,1300.0,0.0,121.0,1192.0,0.0,1,3,0,-0.02675745935187429,0.08854052819634657,-0.021857408141387005,-0.06568850149271364,0.23386528521521652,-0.061515026129727556,-0.058233776758858546,0.23600261551780807,-0.06261620359642434,24.94,39.57,3,385.0,862.0,0.0,349.0,838.0,0.0,1,2,0,-0.009099581271986193,0.035764745518960986,-0.02064114410671881,-0.0016621513771220564,0.06898206755595299,-0.03789888675539738,0.0009796950052161635,0.11554690124327907,-0.06045993081243575
92,least_connections,3989,measured,438,449,17,heavy,2,91.4,61.5,4,1371.0,0.0,0.0,1230.0,0.0,0.0,4,0,0,0.06617372163378188,-0.038072107255781966,-0.004117587088249118,0.27056309814546653,-0.21635015815254485,-0.02529295005798341,0.17841304920111672,-0.15234457064912826,-0.019203326115246097,41.89,41.03,4,166.0,1300.0,0.0,121.0,1192.0,0.0,1,3,0,-0.02420912988979103,0.08010809693955166,-0.01977575022315967,-0.05943245373150283,0.2115924009090054,-0.055656452212610646,-0.0526877027818244,0.21352617594468348,-0.056652755634860115,33.7,54.53,4,385.0,862.0,438.0,349.0,838.0,449.0,1,2,1,-0.00823295448417799,0.03235857927905994,0.02440857936829749,-0.0015038512459675663,0.06241234683633842,0.04496767388797379,0.0008863907190051062,0.10454243445820488,0.08071085624906607
92,least_connections,3990,measured,181,119,7,light,0,62.87,39.15,3,943.0,0.0,0.0,783.0,0.0,0.0,3,0,0,0.0167875622038072,-0.034446192279040826,-0.0037254359369872972,-0.013363546122355685,-0.1957453811856358,-0.022884097671508803,-0.04079295548470391,-0.13783556392063986,-0.01737443791379409,41.89,41.03,4,517.0,949.0,0.0,440.0,873.0,0.0,2,2,0,0.021180401755041683,0.0293948541471227,-0.017892345440001605,0.036962473834762755,0.10070604980202527,-0.05035583771617154,0.04252362605453984,0.1029968972832851,-0.05125725509820677,33.7,54.53,4,385.0,862.0,438.0,349.0,838.0,449.0,1,2,1,-0.007448863580922949,0.02927680982391137,0.022083952761792966,-0.0013606273177801803,0.0564683138043062,0.04068503827959534,0.0008019725552903395,0.09458601212885204,0.0730241080348693
92,least_connections,3991,measured,162,117,8,light,0,73.67,45.0,4,943.0,162.0,0.0,783.0,117.0,0.0,3,1,0,0.015188746755825572,0.011918297688577571,-0.0033706325144170785,-0.012090827444036112,-0.07938867821557526,-0.020704659798031773,-0.03690791210520833,-0.07177979592819797,-0.015719729541051795,37.14,37.25,3,351.0,949.0,0.0,319.0,873.0,0.0,1,2,0,-0.023920679591243457,0.02659534422834911,-0.016188312540953834,-0.00946932639439832,0.09111499743992763,-0.045560043647964725,0.004262447382678891,0.09318766897059128,-0.046375611755520414,33.7,54.53,4,807.0,440.0,438.0,769.0,418.0,449.0,2,1,1,0.03634445222496994,-0.016595358005123267,0.019980719165431732,0.07513086099819888,-0.02527152560562773,0.036810272729157684,0.12739226088335795,-0.04108884616913386,0.06606943107916746
92,least_connections,3992,measured,171,113,5,light,1,22.87,11.8,2,343.0,0.0,0.0,236.0,0.0,0.0,2,0,0,-0.02934170078101042,-0.03230067850852052,-0.003049619893996404,-0.37284408197317553,-0.1695421374331395,-0.01873278743631446,-0.2808452538094742,-0.11787219631598864,-0.014222612441904006,42.03,40.78,4,986.0,485.0,0.0,875.0,430.0,0.0,3,1,0,0.06452528082334208,-0.019021445924917696,-0.01464656848943442,0.15558217407853756,-0.03750819959516752,-0.041220991871968087,0.1610588809652809,-0.0409403233123222,-0.04195888682642323,33.7,54.53,4,807.0,878.0,0.0,769.0,867.0,0.0,2,2,0,0.032883075822591847,0.028069052507836312,-0.02500610669612866,0.06797554090313232,0.056392429213955875,-0.04595261038790495,0.11525966460875242,0.09823707568824397,-0.07563559410297548
92,least_connections,3993,measured,369,350,13,medium,0,47.47,29.3,3,343.0,369.0,0.0,236.0,350.0,0.0,2,1,0,-0.026547253087580852,0.013859476814286426,-0.002759179904091985,-0.33733512178525404,0.06917616137001661,-0.016948712442379752,-0.25409808678000045,0.05168706047601028,-0.012868077923627434,42.03,40.78,4,1471.0,0.0,0.0,1305.0,0.0,0.0,4,0,0,0.10146391620978115,-0.06029377987311147,-0.01325165720472638,0.2661389738261598,-0.15931013976977743,-0.03729518312225684,0.2672973208733494,-0.1586186258540058,-0.03796280236676387,33.7,54.53,4,1247.0,438.0,0.0,1187.0,449.0,0.0,3,1,0,0.07283525454243571,-0.017688090814905466,-0.022624572725068785,0.1411207274837864,-0.028597325949278024,-0.041576171303342575,0.2303460457571252,-0.037182328345557014,-0.06843220418840638
92,least_connections,3994,measured,451,416,14,heavy,0,77.53,50.1,4,343.0,820.0,0.0,236.0,766.0,0.0,2,2,0,-0.024018943269716014,0.05562342686825461,-0.002496400865607034,-0.3052079673295156,0.33461970155699916,-0.0153345493526293,-0.22989826899142896,0.23495495947829503,-0.011642546692805773,42.03,40.78,4,1471.0,0.0,0.0,1305.0,0.0,0.0,4,0,0,0.0918006860945639,-0.05455151512329133,-0.011989594613800059,0.24079240489033507,-0.1441377455059891,-0.03374326092013714,0.24184043317112563,-0.1435120900583862,-0.03434729737945303,26.0,42.9,3,862.0,438.0,0.0,838.0,449.0,0.0,2,1,0,0.022814663406874935,-0.016003510737295418,-0.020469851513157472,0.05801399153294959,-0.025873771096965828,-0.037616535941119474,0.10315435885962121,-0.03364115421740871,-0.06191485140855816
92,least_connections,3995,measured,500,403,15,heavy,2,77.53,50.1,4,343.0,820.0,0.0,236.0,766.0,0.0,2,2,0,-0.021731424863076387,0.05032595764270655,-0.002258648402215888,-0.2761405418695617,0.30275115855157064,-0.01387411608095032,-0.20800319575415,0.21257829667083838,-0.010533732722062365,42.03,40.78,4,1471.0,0.0,0.0,1305.0,0.0,0.0,4,0,0,0.08305776360936734,-0.04935613273059692,-0.010847728460104815,0.21785979490077936,-0.1304103411720854,-0.03052961702298122,0.21880801096435176,-0.12984427195758752,-0.031076126200457504,36.0,56.33,4,862.0,438.0,500.0,838.0,449.0,403.0,2,1,1,0.020641838320505895,-0.014479366857552994,0.024563558381519655,0.052488849482192484,-0.02340960242106431,0.05644218176755857,0.09333013420632394,-0.030437234768131677,0.06552148364622516
92,least_connections,3996,measured,457,407,16,heavy,0,100.0,70.45,5,343.0,820.0,457.0,236.0,766.0,407.0,2,2,1,-0.01966176535230721,0.04553300929578212,0.04104036119618109,-0.24984144264388922,0.2739177148799925,0.26309802195850523,-0.18819336758708805,0.19233274460694902,0.17458852753718165,42.03,40.78,4,1471.0,0.0,0.0,1305.0,0.0,0.0,4,0,0,0.07514750040847522,-0.04465554866101626,-0.009814611463904357,0.19711124300546704,-0.11799030867950583,-0.02762203444936396,0.19796915277727065,-0.11747815081876967,-0.028116495133747265,36.0,56.33,4,862.0,938.0,0.0,838.0,852.0,0.0,2,2,0,0.018675948956648203,0.029983520688971324,-0.020859728357763393,0.04748991143626938,0.06929607399998942,-0.03940945459125653,0.08444154999619785,0.09400123203518243,-0.062258340193097866
92,least_connections,3997,measured,163,118,7,light,1,95.93,64.5,4,162.0,820.0,457.0,117.0,766.0,407.0,1,2,1,-0.060873116497892454,0.04119653221999335,0.03713175536797336,-0.3352216227095506,0.2478303134628504,0.23804106748626663,-0.22410352305498443,0.17401534035866817,0.15796104872411676,31.77,30.97,3,1112.0,0.0,0.0,991.0,0.0,0.0,3,0,0,0.024906695380910684,-0.040402639264729,-0.008879886562580132,0.08553602258317769,-0.1067531364243148,-0.024991364501805488,0.090335185846102,-0.10628975550269637,-0.025438733692438,36.0,56.33,4,862.0,938.0,0.0,838.0,852.0,0.0,2,2,0,0.016897287151253132,0.027127947290021673,-0.018873087561785927,0.04296706272805326,0.06269644790475233,-0.03565617320161305,0.07639949761560758,0.08504873374611743,-0.05632897446042188
92,least_connections,3998,measured,362,304,12,medium,1,95.93,64.5,4,162.0,1277.0,0.0,117.0,1173.0,0.0,1,3,0,-0.0550756768314265,0.08035695318770374,-0.009488502512876702,-0.3032957538800696,0.4998782201171822,-0.0602803040203619,-0.20276033038308117,0.34156149841974737,-0.041201908297227696,42.11,40.47,4,1112.0,362.0,0.0,991.0,304.0,0.0,3,1,0,0.022534629154157285,0.006529131368193039,-0.008034183080429642,0.07738973471811314,-0.003007939758053524,-0.022611234549252585,0.08173183481313992,-0.010214540692915774,-0.02301599715030105,27.56,42.33,3,440.0,938.0,0.0,418.0,852.0,0.0,1,2,0,-0.027795878518480727,0.02454433326240056,-0.017075650651139647,-0.037486943246047066,0.05672535762810926,-0.03226034718241181,-0.057543311681116927,0.0769488543417253,-0.05096431022609599
92,least_connections,3999,measured,412,435,15,heavy,2,85.13,58.65,3,369.0,908.0,0.0,350.0,823.0,0.0,1,2,0,-0.04983037427605254,0.029620009800212677,-0.008584835606888445,-0.14955330112958676,0.2296993420107838,-0.05453932268508934,-0.07804506082278773,0.15069849857024759,-0.03727791703082506,28.86,26.62,3,648.0,362.0,0.0,548.0,304.0,0.0,2,1,0,-0.02269542623013887,0.005907309333127039,-0.0072690227870553905,-0.04992629443871399,-0.0027214693049055633,-0.02045778363979996,-0.05130512564525433,-0.009241727293590463,-0.02082399742170095,35.8,56.83,4,878.0,500.0,412.0,867.0,403.0,435.0,2,1,1,0.017935248233846235,-0.020877122513156862,0.027634502018583404,0.045340384682147905,-0.02793420024123447,0.045364447787341694,0.0833497021297831,-0.06579230638923264,0.08507990979543695
92,least_connections,4000,measured,393,308,9,medium,0,100.0,74.05,4,369.0,1301.0,0.0,350.0,1131.0,0.0,1,3,0,-0.04508462434499991,0.06988295671266408,-0.007767232215756212,-0.13531012959343564,0.44487083324785204,-0.04934510147698559,-0.07061219788728412,0.27567959394450975,-0.03372763921836553,15.0,13.19,2,163.0,362.0,0.0,118.0,304.0,0.0,1,1,0,-0.0636178572921211,0.005344708444257801,-0.006576734902573924,-0.1705455589139385,-0.002462281752057413,-0.018509423293152343,-0.16799630415523015,-0.008361562789439003,-0.018840759572015146,27.0,42.9,3,438.0,912.0,0.0,449.0,838.0,0.0,1,2,0,-0.02685677087232506,0.02419507509580593,-0.018081255543277146,-0.038596794811390014,0.0492785807341212,-0.03350835676383371,-0.050651856803212075,0.07166410374307522,-0.0542134149469856
92,least_connections,4001,measured,433,406,18,heavy,1,100.0,74.05,4,820.0,850.0,0.0,766.0,715.0,0.0,2,2,0,0.002293049628900312,0.02014353679898631,-0.00702749581425562,0.14960829544720905,0.13047043643059636,-0.04464556800298696,0.1243032495305525,0.06123391833074687,-0.03051548310233072,27.37,25.87,3,163.0,362.0,433.0,118.0,304.0,406.0,1,1,1,-0.05755901374049052,0.004835688592423726,0.037133521029190486,-0.15430312473165864,-0.002227778728051938,0.09518535171435877,-0.15199665614044633,-0.007565223476159094,0.09774526514912915,27.0,42.9,3,438.0,912.0,0.0,449.0,838.0,0.0,1,2,0,-0.024298983170198865,0.02189078222953869,-0.01635923120582218,-0.034920909591257626,0.0445853825689668,-0.03031708469108764,-0.045827870441001395,0.0648389510056395,-0.049050232571082215
92,least_connections,4002,measured,167,104,5,light,1,100.0,74.05,4,1213.0,457.0,0.0,1074.0,407.0,0.0,3,1,0,0.045158564176714794,-0.02485879550386498,-0.006358210498612228,0.37240750540461776,-0.11900293846755566,-0.04039360914555963,0.25179817814669037,-0.08393121674837187,-0.02760924661639446,32.14,29.12,4,330.0,362.0,433.0,222.0,304.0,406.0,2,1,1,-0.008993302681305493,0.004375146821716705,0.033596995216886624,-0.09643752101571836,-0.0020156093253803214,0.08612008012251508,-0.10811602222230858,-0.0068447260022391765,0.08843619227778352,27.0,42.9,3,438.0,912.0,0.0,449.0,838.0,0.0,1,2,0,-0.02198479429684659,0.019805945826725485,-0.014801209186220068,-0.03159510867780452,0.04033915565763663,-0.027429743291936436,-0.041463311351382204,0.05866381281462621,-0.04437878185002676
92,least_connections,4003,measured,434,436,18,heavy,2,100.0,74.05,4,1213.0,457.0,0.0,1074.0,407.0,0.0,3,1,0,0.040857748540837194,-0.022491291170163547,-0.00575266664160154,0.33694012393751127,-0.10766932528016937,-0.03654659875074443,0.22781739927557698,-0.07593776753424122,-0.024979794557690227,32.14,29.12,4,692.0,0.0,433.0,526.0,0.0,406.0,3,0,1,0.03494710256271906,-0.039125434054727966,0.03039728138670695,0.00632523608781943,-0.09540187782500396,0.0779181677298946,-0.011866877248755375,-0.0921452282877402,0.08001369777513746,35.68,57.43,4,938.0,412.0,434.0,852.0,435.0,436.0,2,1,1,0.02319289586294379,-0.02516423495495812,0.029692330010653495,0.061890139767700664,-0.053978859166900206,0.053715946545390844,0.08402525798367005,-0.0684628995169255,0.09133983229442025
92,least_connections,4004,measured,197,113,4,light,0,100.0,79.7,5,1410.0,457.0,0.0,1187.0,407.0,0.0,4,1,0,0.08005043462084817,-0.020349263439671778,-0.005204793628115679,0.42367598514981175,-0.09741510382491514,-0.03306597029829258,0.25723955172552204,-0.06870559919764682,-0.02260076650457687,27.49,25.44,3,529.0,0.0,433.0,408.0,0.0,406.0,2,0,1,-0.011465093146202032,-0.03539920223999197,0.027502302207020574,-0.03641322177088446,-0.08631598469881312,0.07049738985085702,-0.04409979370125486,-0.08336949226033638,0.07239334560607676,35.68,57.43,4,938.0,412.0,434.0,852.0,435.0,436.0,2,1,1,0.020984048637901515,-0.022767641149724016,0.026864489057257926,0.05599584074220537,-0.04883801543671923,0.048600142112496476,0.07602285246141577,-0.0619426233724564,0.08264080064733259
92,least_connections,4005,measured,411,403,16,heavy,1,100.0,79.7,5,1867.0,0.0,0.0,1594.0,0.0,0.0,5,0,0,0.11551048393133428,-0.061495138576936594,-0.004709098996866567,0.4376116056117345,-0.36378826854000257,-0.029916830269883763,0.4168595944183295,-0.24628125641691853,-0.020448312551760026,39.23,38.03,4,529.0,433.0,411.0,408.0,406.0,403.0,2,1,1,-0.010373179513230413,0.011056050581050345,0.024883035330161472,-0.032945295887943093,0.033836558061618074,0.05809627789227198,-0.03989981334875439,0.039362126050171836,0.06465052697692661,35.68,57.43,4,938.0,412.0,434.0,852.0,435.0,436.0,2,1,1,0.018985567815244214,-0.020599294373559826,0.02430596628990003,0.05066290352866201,-0.04418677587131739,0.043971557149401576,0.06878258079842378,-0.05604332590841293,0.0747702482047295
92,least_connections,4006,measured,386,345,14,medium,1,99.87,62.2,4,1498.0,0.0,0.0,1244.0,0.0,0.0,4,0,0,0.06142558523492603,-0.05563845871246644,-0.00426061337811737,0.3947279606328391,-0.329141766774288,-0.027067608339418642,0.21882534733086945,-0.2228258986629263,-0.01850085421349717,50.26,48.81,5,529.0,819.0,411.0,408.0,751.0,403.0,2,2,1,-0.009385257654827506,0.05308699360961244,0.022513222441574665,-0.029807648660519964,0.13039634164758643,0.052563299045388936,-0.036099831125063514,0.13315799499777453,0.05849333393150502,26.92,42.47,3,500.0,412.0,434.0,403.0,435.0,436.0,1,1,1,-0.0259064817272507,-0.01863745681417317,0.021991112357528597,-0.033419277759781985,-0.039978511502620495,0.039783789801839525,-0.07318083959507687,-0.050705866298087876,0.06764927218523145
92,least_connections,4007,measured,352,302,5,medium,2,99.87,62.2,4,1498.0,0.0,0.0,1244.0,0.0,0.0,4,0,0,0.05557552949826641,-0.05033955788270773,-0.003854840675439525,0.3571348215249496,-0.29779493184340344,-0.02448974087852163,0.19798483806126282,-0.20160438450455237,-0.016738868097926008,45.49,45.56,4,362.0,1230.0,0.0,304.0,1154.0,0.0,1,3,0,-0.05157532381922035,0.09111498968307338,-0.022714794208189813,-0.07013889300577658,0.22422254040223805,-0.05868762739430797,-0.06206651387505746,0.23441973356941503,-0.06102091215720975,33.96,52.53,4,1264.0,434.0,0.0,1140.0,436.0,0.0,3,1,0,0.0627286027002879,-0.016862460927109052,-0.023187179522326733,0.10801112964591156,-0.032190081835704265,-0.04253847589357376,0.1560586054457241,-0.045575148872873145,-0.07028557913399695
92,least_connections,4008,measured,401,448,17,heavy,0,83.4,58.15,3,850.0,0.0,401.0,715.0,0.0,448.0,2,0,1,-0.035885178526511796,-0.04554531427483081,0.039596187234693034,-0.06773516147742664,-0.2694335097630793,0.21971563126863913,-0.060180384611238424,-0.18240396693269023,0.18752197648282887,45.49,45.56,4,362.0,1230.0,0.0,304.0,1154.0,0.0,1,3,0,-0.04666338821738984,0.08243737161801877,-0.020551480474076497,-0.06345899843379788,0.20286801274488203,-0.05309832954723102,-0.0561554173155282,0.21209404465804219,-0.05520939671366596,33.96,52.53,4,1264.0,434.0,0.0,1140.0,436.0,0.0,3,1,0,0.05675445006216524,-0.015256512267384378,-0.020978876710676567,0.09772435539391999,-0.029124359756113383,-0.03848719247513817,0.1411958811175599,-0.041234658504028104,-0.06359171445456867
92,least_connections,4009,measured,497,421,16,heavy,0,90.33,63.8,3,457.0,0.0,898.0,407.0,0.0,869.0,1,0,2,-0.07555144270312518,-0.041207665296275495,0.07890902201052725,-0.29833181276529086,-0.24377317549992888,0.49856811083035607,-0.19378225274350144,-0.16503216055814832,0.36011512157970227,45.49,45.56,4,362.0,1230.0,0.0,304.0,1154.0,0.0,1,3,0,-0.04221925600620985,0.07458619336868365,-0.018594196619402547,-0.05741528429724571,0.18354724962632185,-0.04804134578082806,-0.05080728233309695,0.19189461183346673,-0.04995135893141206,33.96,52.53,4,1264.0,434.0,0.0,1140.0,436.0,0.0,3,1,0,0.05134926434195902,-0.013803511099062055,-0.018980888452516893,0.08841727392783238,-0.026350611207912114,-0.034821745572744055,0.12774865434445892,-0.03730754817031115,-0.0575353606969907
92,least_connections,4010,measured,437,417,18,heavy,0,100.0,84.65,4,457.0,0.0,1335.0,407.0,0.0,1286.0,1,0,3,-0.06835606720758944,-0.03728312574424926,0.11447777728390107,-0.2699192591685965,-0.22055668259517375,0.7146727351957189,-0.1753268001012632,-0.14931481193356277,0.5144613004768736,35.14,36.06,3,0.0,1230.0,0.0,0.0,1154.0,0.0,0,3,0,-0.08128227470856628,0.06748274638118996,-0.016823320750888018,-0.14552539327573932,0.16606655918571978,-0.043465979515987296,-0.1319208744918496,0.1736189345159937,-0.04519408665222996,23.96,39.1,3,764.0,434.0,0.0,737.0,436.0,0.0,2,1,0,0.003374957987396038,-0.012488890994389476,-0.01717318479037243,-0.010479609303389786,-0.02384102918811097,-0.031505388851530335,-0.0059575667042197356,-0.03375444834456723,-0.05205580253537254
92,least_connections,4011,measured,159,111,2,light,1,100.0,84.65,4,457.0,898.0,437.0,407.0,869.0,417.0,1,2,1,-0.061845965568771394,0.05243544858967017,0.017407331374776718,-0.2442126630573016,0.3420995093980174,0.10495787152628544,-0.1586290096154286,0.25802469396487177,0.07234593852669507,39.69,39.53,4,159.0,1230.0,0.0,111.0,1154.0,0.0,1,3,0,-0.030457205461945455,0.06105581815440997,-0.01522109972699392,-0.09056379119505667,0.15025069640612743,-0.0393263624192266,-0.08797305311167347,0.15708379789542287,-0.04088988792344615,23.96,39.1,3,764.0,434.0,0.0,737.0,436.0,0.0,2,1,0,0.003053533417167853,-0.011299472804447624,-0.015537643381765531,-0.009481551274495514,-0.02157045497971946,-0.028504875627575064,-0.005390179399055978,-0.03053973897841797,-0.04709810705581326
92,least_connections,4012,measured,152,106,7,light,2,89.0,64.3,3,0.0,898.0,437.0,0.0,869.0,417.0,0,2,1,-0.09903977383659815,0.047441596343034916,0.01574949029146465,-0.4966051078454951,0.3095186037410634,0.09496188376187731,-0.3276405325091973,0.23345091358726494,0.0654558491432003,39.69,39.53,4,592.0,797.0,0.0,517.0,748.0,0.0,2,2,0,0.015527380999282914,0.012157078103423091,-0.013771471181565928,0.029993304565016754,0.024009133483094858,-0.035580994569776446,0.03519699956562877,0.027331769524430255,-0.03699561288311795,19.96,32.57,3,564.0,434.0,0.0,541.0,436.0,0.0,2,1,0,0.0027627207107709106,-0.010223332537357369,-0.014057867821597386,-0.0447690225816864,-0.019516125934031903,-0.02579012556780601,-0.06398794009120937,-0.027631192409044825,-0.04261257305049771
92,least_connections,4013,measured,170,119,3,light,0,100.0,70.25,4,170.0,898.0,437.0,119.0,869.0,417.0,1,2,1,-0.04652351419683143,0.04292334907226968,0.014249538835134683,-0.34676970074909874,0.28004064148000973,0.08591789483217471,-0.2426033389368928,0.21121749324562067,0.059221958748609804,35.14,36.06,3,819.0,411.0,0.0,751.0,403.0,0.0,2,1,0,0.014048582808875026,-0.03208463908556504,-0.012459902497607268,0.08581707147719203,-0.07805976358332233,-0.032192328420273926,0.09800561865461652,-0.07281589900170599,-0.03347222117996386,19.96,32.57,3,564.0,434.0,0.0,541.0,436.0,0.0,2,1,0,0.00249960445260225,-0.009249681819513814,-0.012719023267159539,-0.040505306145335304,-0.017657447273647917,-0.02333392313277687,-0.05789385055871324,-0.0249996502748501,-0.03855423275997412
92,least_connections,4014,measured,192,106,4,light,1,100.0,70.25,4,170.0,1335.0,0.0,119.0,1286.0,0.0,1,3,0,-0.04209270332094271,0.08191931129214422,-0.030191460328302177,-0.3137440149634703,0.5169574057835009,-0.18585206340581018,-0.21949825903814107,0.3797443986507997,-0.13506108494173397,40.63,39.38,4,1422.0,0.0,0.0,1260.0,0.0,0.0,4,0,0,0.09887842299487785,-0.07211285939941145,-0.011273245116882767,0.23352156807120095,-0.17687039834409435,-0.029126392380247838,0.23258544068751016,-0.17982450385868637,-0.030284390591395875,11.72,18.07,2,586.0,0.0,0.0,542.0,0.0,0.0,2,0,0,0.0022615468856877485,-0.05145265996822224,-0.01150768771790625,-0.03266670556006526,-0.09450911896187193,-0.02111164473917907,-0.05207856320391516,-0.15411079469311836,-0.034882401068548015
92,least_connections,4015,measured,160,100,4,light,2,100.0,70.25,4,170.0,1335.0,0.0,119.0,1286.0,0.0,1,3,0,-0.03808387443323388,0.07411747212146381,-0.02731608315417816,-0.28386363258599695,0.46772336713745316,-0.1681518668909711,-0.1985936629392705,0.3435782654459616,-0.12219812447109264,40.63,39.38,4,1422.0,0.0,0.0,1260.0,0.0,0.0,4,0,0,0.08946143032869901,-0.06524496802803893,-0.010199602724798694,0.21128141873108658,-0.16002559850179965,-0.026352450248795664,0.21043444633631872,-0.16269836063404958,-0.027400162916024838,14.92,21.4,3,746.0,0.0,0.0,642.0,0.0,0.0,3,0,0,0.04513006169476057,-0.046552406637915364,-0.010411717459058036,-0.000603209792439996,-0.0855082504893127,-0.0191010119068763,-0.016959969882907378,-0.13943357615091662,-0.03156026763344821
92,least_connections,4016,measured,166,119,8,light,2,89.0,64.3,3,0.0,1335.0,0.0,0.0,1286.0,0.0,0,3,0,-0.07754073899968326,0.06705866525275297,-0.024714551425208814,-0.3593686834508226,0.4231782845529338,-0.1521374033775453,-0.2335133140879114,0.3108565258796795,-0.1105602078547981,40.63,39.38,4,1422.0,0.0,0.0,1260.0,0.0,0.0,4,0,0,0.08094129410691815,-0.059031161549178084,-0.00922821198910358,0.19115937885193549,-0.14478506531115207,-0.023842693082243696,0.19039307049476456,-0.147203278668902,-0.024790623590689138,18.24,25.37,4,746.0,166.0,0.0,642.0,119.0,0.0,3,1,0,0.04083196058097384,0.0009650561257863177,-0.009420125320100127,-0.0005457612407790413,-0.04732651234747338,-0.017281867915745226,-0.015344734655963838,-0.09026529905717852,-0.02855452785883409
92,least_connections,4017,measured,482,411,16,heavy,0,100.0,84.85,4,0.0,1335.0,482.0,0.0,1286.0,411.0,0,3,1,-0.07015590671399914,0.06067212570487174,0.020723115603949394,-0.3251430945507443,0.38287559078598776,0.15308203186476063,-0.21127395084144365,0.28125114246256716,0.08589790717899218,40.63,39.38,4,1422.0,0.0,0.0,1260.0,0.0,0.0,4,0,0,0.07323259943006881,-0.05340914616354207,-0.008349334656808002,0.17295372372317971,-0.13099601147199472,-0.021571960407744298,0.1722603971143108,-0.13318391879567326,-0.022429611820147317,18.24,25.37,4,912.0,0.0,0.0,761.0,0.0,0.0,4,0,0,0.08002710265716227,-0.042210754208188796,-0.008522970527709638,0.02954431125834278,-0.07285732069533306,-0.0156359757332933,0.022005557533493036,-0.1175574927977647,-0.025835049015135607
92,least_connections,4018,measured,195,112,7,light,0,100.0,90.45,5,1093.0,437.0,482.0,981.0,417.0,411.0,3,1,1,0.06577730889141574,-0.03127397243482126,0.018749485546430404,0.36509275572392974,-0.1952395448444238,0.13850279073478342,0.25263309209583673,-0.13865372824815356,0.07771715411432625,35.14,36.06,3,1230.0,0.0,0.0,1154.0,0.0,0.0,3,0,0,0.023174165924257265,-0.048322560814633306,-0.007554159927588192,0.10684928745022382,-0.11852020085561427,-0.019517487987959128,0.12588440691294783,-0.1204997360532282,-0.02029345831346662,18.24,25.37,4,912.0,0.0,0.0,761.0,0.0,0.0,4,0,0,0.07240547383267062,-0.03819068237883748,-0.007711259048880148,0.0267305673289768,-0.06591852824815848,-0.014146835187265368,0.019909790149350848,-0.10636154110273949,-0.023374568156551263
92,least_connections,4019,measured,441,424,17,heavy,1,100.0,90.45,5,1093.0,919.0,0.0,981.0,828.0,0.0,3,2,0,0.05951280328270947,0.014788401357157172,-0.026120079970463193,0.33032201708355546,0.11408485625187059,-0.1654181099701166,0.2285727976105189,0.06047996015643248,-0.11561305103941909,35.37,36.62,3,797.0,0.0,441.0,748.0,0.0,424.0,2,0,1,-0.02211679772385794,-0.04372041216562061,0.036249184101796623,-0.015258807953198839,-0.1072325626788891,0.09634132039184651,-0.000896250888285266,-0.1090235707148255,0.10152020438305401,12.0,18.5,2,600.0,0.0,0.0,555.0,0.0,0.0,2,0,0,-0.020658086033479406,-0.03455347453323391,-0.006976853425177277,-0.032272343845211465,-0.0596405731769053,-0.012799517550382953,-0.044113364468047644,-0.09623187052152621,-0.021148418808308287
92,least_connections,4020,measured,477,410,17,heavy,2,100.0,90.45,5,1093.0,919.0,0.0,981.0,828.0,0.0,3,2,0,0.05384491725578476,0.01337998218028505,-0.023632453306609555,0.29886277736131206,0.1032196318469305,-0.14966400425867693,0.20680395974285043,0.05471996395105794,-0.10460228427376013,24.34,25.84,2,411.0,0.0,441.0,403.0,0.0,424.0,1,0,1,-0.06309433626262884,-0.03955656338794245,0.03279688085400647,-0.11358790107330234,-0.09701993766185205,0.08716595654500398,-0.09835553651797241,-0.09864037350388974,0.09185161348942983,21.54,32.17,3,600.0,0.0,477.0,555.0,0.0,410.0,2,0,1,-0.018690649268386123,-0.03126266743483068,0.03677150903254936,-0.029198787288524652,-0.0539605185886286,0.07473376983536781,-0.03991209166156692,-0.08706693047185704,0.10451650996708614
92,least_connections,4021,measured,383,311,8,medium,1,100.0,90.45,5,1530.0,482.0,0.0,1398.0,411.0,0.0,4,1,0,0.09180073012484834,-0.030978202063642324,-0.021381743467884837,0.5158917191999173,-0.17019811086865022,-0.13541028956737436,0.37575120167210274,-0.1391343183299952,-0.09464016196197345,23.54,22.97,2,0.0,383.0,441.0,0.0,311.0,424.0,0,1,1,-0.10016925208342155,0.007294628590047536,0.02967336839172014,-0.20901490369217152,0.011226859122269922,0.07886443687405122,-0.20293179494483218,-0.001314504598757385,0.0831038407761508,12.86,17.63,2,166.0,0.0,477.0,119.0,0.0,410.0,1,0,1,-0.05999448766005909,-0.028285270536275376,0.03326946055325894,-0.10495128373723658,-0.048821421580187783,0.06761626794628516,-0.1676030035668145,-0.0787748418554897,0.09456255663688747
92,least_connections,4022,measured,179,107,6,light,1,100.0,90.45,5,1530.0,482.0,0.0,1398.0,411.0,0.0,4,1,0,0.08305780344629135,-0.028027897105200192,-0.0193453869471339,0.4667591745142108,-0.15398876697639785,-0.12251407151333871,0.3399653729414263,-0.12588343086999568,-0.08562681320369026,28.66,26.31,3,562.0,441.0,0.0,418.0,424.0,0.0,2,1,0,-0.004461522860057132,0.00659990205766206,-0.016236566919962954,-0.04382981082352935,0.025150831722870068,-0.042646461875858424,-0.06542043352151486,0.03076009107731477,-0.04469176310729215,12.86,17.63,2,166.0,0.0,477.0,119.0,0.0,410.0,1,0,1,-0.054280726930529655,-0.025591435247106293,0.030100940500567615,-0.09495592338130929,-0.04417176238207466,0.06117662337997228,-0.1516408127509274,-0.07127247596449068,0.0855565988619458
92,least_connections,4023,measured,415,424,16,heavy,2,100.0,90.45,5,1530.0,482.0,0.0,1398.0,411.0,0.0,4,1,0,0.07514753645140645,-0.025358573571371598,-0.01750296914264496,0.4223059197985717,-0.13932317012150286,-0.11084606470254454,0.3075877183755762,-0.11389453269190083,-0.07747187861286262,28.66,26.31,3,562.0,441.0,0.0,418.0,424.0,0.0,2,1,0,-0.004036615921004072,0.005971339956932345,-0.014690227213299815,-0.03965554312605038,0.02275551441593006,-0.03858489407815762,-0.059189916043275365,0.02783055859376099,-0.04043540471612147,21.16,31.77,3,166.0,477.0,415.0,119.0,410.0,424.0,1,1,1,-0.04911113388952683,0.01992974452699453,0.027234184262418318,-0.08591250210689888,0.04634935784478959,0.044131230677117786,-0.13719883058417243,0.05916617254006398,0.08163057357350653
92,least_connections,4024,measured,169,120,6,light,1,100.0,90.45,5,1530.0,482.0,0.0,1398.0,411.0,0.0,4,1,0,0.06799062821793918,-0.02294347132647906,-0.015836019700488296,0.3820863083891839,-0.12605429677659785,-0.10028929663563554,0.27829364995885464,-0.10304743434029126,-0.07009360445925665,33.49,30.06,4,731.0,441.0,0.0,538.0,424.0,0.0,3,1,0,0.03943172391727749,0.005402640913414983,-0.013291157954890309,0.007808250096838776,0.020588322566793868,-0.03491014226119023,-0.019624209753439592,0.025180029203879004,-0.036584413790776565,17.84,27.8,2,0.0,477.0,415.0,0.0,410.0,424.0,0,1,1,-0.0875177832696626,0.01803167361966172,0.024640452427902287,-0.10776845428719423,0.04193513328814296,0.03992825632691609,-0.1600211641793306,0.0535312989648198,0.07385623323317257
92,least_connections,4025,measured,499,438,20,heavy,2,61.27,41.4,2,437.0,482.0,0.0,417.0,411.0,0.0,1,1,0,-0.06773637038785094,-0.02075837881919533,-0.014327827348060838,-0.2954774670129606,-0.11404912565501713,-0.0907379350512893,-0.19199622146579817,-0.09323339297454922,-0.06341802308218458,33.49,30.06,4,731.0,441.0,0.0,538.0,424.0,0.0,3,1,0,0.03567632163944154,0.004888103683565931,-0.012025333387757898,0.007064607230473197,0.018627529941384932,-0.03158536680774354,-0.017755237395969153,0.022781931184461965,-0.0331001839059407,27.82,42.4,3,0.0,892.0,499.0,0.0,834.0,438.0,0,2,1,-0.0791827562915995,0.059398271596927496,0.022293742672863975,-0.0975047919741281,0.11303654916546269,0.05132556524816217,-0.14478105330510863,0.17630609588880525,0.07104452848080692
92,least_connections,4026,measured,441,428,18,heavy,0,90.67,62.8,3,919.0,0.0,441.0,828.0,0.0,428.0,2,0,1,-0.018201387267012537,-0.06186529058698172,0.030120627864226132,0.023393402861289547,-0.39391746289422186,0.18390377304883349,0.012217704388087336,-0.27028259364363977,0.13624083625897587,33.49,30.06,4,731.0,441.0,0.0,538.0,424.0,0.0,3,1,0,0.032278576721399485,0.0044225699994168005,-0.010880063541304765,0.006391787494237633,0.016853479470776853,-0.028577236635577492,-0.016064262405876856,0.02061222345260845,-0.029947785438708255,27.82,42.4,3,0.0,892.0,499.0,0.0,834.0,438.0,0,2,1,-0.07164154140668526,0.053741293349601066,0.020170529084972168,-0.08821862130992543,0.10227116353065671,0.04643741617690863,-0.13099238156176496,0.15951503913749046,0.06427838291120626
92,least_connections,4027,measured,185,123,7,light,0,100.0,68.95,4,1104.0,0.0,441.0,951.0,0.0,428.0,3,0,1,0.026615978413746022,-0.055973358150126315,0.027251996639061738,0.13275276131894442,-0.3564015140471531,0.16638912799656363,0.06669697063684094,-0.24454139424900742,0.12326551852002578,33.49,30.06,4,731.0,441.0,0.0,538.0,424.0,0.0,3,1,0,0.02920442655745667,0.0040013728566151985,-0.009843867013561455,0.005783045828119782,0.015248386187845728,-0.025855595051236777,-0.014534332652936188,0.018649154552360034,-0.027095615396926516,27.82,42.4,3,0.0,892.0,499.0,0.0,834.0,438.0,0,2,1,-0.06481853746319143,0.048623074935353346,0.01824952631497482,-0.07981684785183729,0.09253105271821321,0.04201480511244114,-0.11851691665112067,0.14432313064820565,0.05815663215775804
92,least_connections,4028,measured,375,321,16,medium,2,73.87,48.1,3,667.0,0.0,441.0,534.0,0.0,428.0,2,0,1,-0.019002776900034768,-0.05064256213582857,0.024656568387722524,-0.14347766039397092,-0.322458512709329,0.15054254437784328,-0.12829797894762007,-0.22125173765386386,0.11152594532764237,28.37,26.72,3,552.0,441.0,0.0,431.0,424.0,0.0,2,1,0,-0.016660847627153724,0.003620289727413753,-0.008906355869412744,-0.04103982928476235,0.013796158931860425,-0.023393157427309467,-0.04340308668598988,0.01687304459499242,-0.02451508059721923,35.32,53.1,4,0.0,892.0,874.0,0.0,834.0,759.0,0,2,2,-0.058645343419077955,0.04399230589389112,0.05959537641649649,-0.07221524329451945,0.0837185715069548,0.10587053795887533,-0.10722959125577584,0.13057807058647178,0.14942742909511444
92,least_connections,4029,measured,483,407,15,heavy,0,100.0,68.45,4,667.0,0.0,924.0,534.0,0.0,835.0,2,0,2,-0.01719298862384097,-0.04581946098003538,0.06539222400612536,-0.12981312130883083,-0.2917481781655834,0.4275384925323344,-0.1160791238097515,-0.20018014359159111,0.2850234743440574,17.43,17.0,2,610.0,0.0,0.0,544.0,0.0,0.0,2,0,0,-0.015074100234091475,-0.039808399997192545,-0.008058131500897245,-0.022138076835873405,-0.101517760966412,-0.021165237672327614,-0.00732005462065749,-0.10461486441405449,-0.022180311016531683,35.32,53.1,4,0.0,892.0,874.0,0.0,834.0,759.0,0,2,2,-0.053060072617261006,0.0398025624754253,0.05391962628159206,-0.06533760107599379,0.07574537422057816,0.09578762958183959,-0.09701724923141625,0.11814206386395065,0.13519624537177022
92,least_connections,4030,measured,389,330,8,medium,1,100.0,68.45,4,667.0,924.0,0.0,534.0,835.0,0.0,2,2,0,-0.015555561135856127,0.044712097662054154,-0.027003407305115593,-0.11744996689846599,0.29337069594542453,-0.17051279247074508,-0.10502396916120371,0.19662272722665566,-0.11985971368870998,23.71,23.56,2,441.0,389.0,0.0,424.0,330.0,0.0,1,1,0,-0.05672237186712584,0.007066776419773629,-0.007290690405573698,-0.06371676339572221,0.008708420350117027,-0.019149500751153556,-0.040551477990118684,-0.0013479725650969165,-0.020067900443528665,35.32,53.1,4,477.0,790.0,499.0,410.0,745.0,438.0,1,2,1,-0.004922832141240688,0.036011842239670515,0.005700523551825931,0.02719931331219609,0.05007438619957072,0.0188078553359501,0.03587328244141705,0.08004916889278071,0.02551088866969685
92,least_connections,4031,measured,173,115,4,light,1,100.0,68.45,4,667.0,924.0,0.0,534.0,835.0,0.0,2,2,0,-0.014074079122917443,0.04045380264662043,-0.02443165422843792,-0.10626425576527876,0.26543062966490794,-0.1542734789021027,-0.0950216863839462,0.17789675320506942,-0.10844450286121379,28.66,27.16,3,1003.0,0.0,0.0,869.0,0.0,0.0,3,0,0,0.03484755924040088,-0.036690150132676465,-0.0065963389383762025,0.08763041134944863,-0.09267877614581248,-0.017325738774853217,0.08912901991370212,-0.09452316565413531,-0.018156671829859267,35.32,53.1,4,477.0,1289.0,0.0,410.0,1183.0,0.0,1,3,0,-0.0044539909849320575,0.07566604320550688,-0.03792628367986724,0.024608902520558376,0.1356006351329449,-0.07327860707699753,0.032456779351758294,0.2045206766172778,-0.10901395787027428
92,least_connections,4032,measured,358,301,10,medium,1,100.0,68.45,4,667.0,924.0,0.0,534.0,835.0,0.0,2,2,0,-0.012733690635020556,0.03660105953741848,-0.022104830016205737,-0.09614385045429985,0.24015152207777385,-0.13958076662571195,-0.08597200196642751,0.16095420528077709,-0.09811645496966963,38.89,36.56,4,1003.0,358.0,0.0,869.0,301.0,0.0,3,1,0,0.03152874407464841,0.009888050106716756,-0.005968116182340374,0.0792846578875964,0.008691991650387351,-0.015675668415343385,0.08064054182668287,-0.00041679273469386047,-0.01642746498892029,35.32,53.1,4,892.0,874.0,0.0,834.0,759.0,0.0,2,2,0,0.039054098859437884,0.025375853149653627,-0.034314256662737026,0.09736043561383853,0.04759105083456924,-0.06629969211728348,0.1572386733817496,0.05716950106642596,-0.0986316761683434
92,least_connections,4033,measured,498,448,15,heavy,0,100.0,70.3,4,185.0,924.0,498.0,123.0,835.0,448.0,1,2,1,-0.05460485842034739,0.033115244343378626,0.02308429211685694,-0.3777174519983348,0.2172799485465573,0.17409359210054637,-0.2637127636839106,0.14562523334927452,0.11389463597982273,38.89,36.56,4,1003.0,358.0,0.0,869.0,301.0,0.0,3,1,0,0.028526006543729512,0.008946331048934206,-0.005399724164974624,0.0717337380887777,0.007864182921779025,-0.01418274761388211,0.07296049022414164,-0.00037709818853254307,-0.014862944513785023,35.32,53.1,4,892.0,874.0,0.0,834.0,759.0,0.0,2,2,0,0.035334660872824754,0.022959105230638988,-0.031046232218666835,0.08808801317442533,0.043058569802705504,-0.05998543572516125,0.1422635616311068,0.05172478667914732,-0.08923818319992974
92,least_connections,4034,measured,470,423,15,heavy,0,100.0,85.3,4,0.0,1422.0,470.0,0.0,1283.0,423.0,0,3,1,-0.092488295940405,0.0730453117755285,0.020885788105727707,-0.4533316629191283,0.4969675724945042,0.14062436110684354,-0.2942401195235382,0.3344228301731531,0.09173800398174436,38.89,36.56,4,1003.0,358.0,0.0,869.0,301.0,0.0,3,1,0,0.025809244015755267,0.008094299520464282,-0.004885464720691327,0.0649019535088941,0.007115213119704825,-0.012832009745893339,0.06601187210755671,-0.00034118407533896555,-0.01344742598866264,35.32,53.1,4,892.0,874.0,0.0,834.0,759.0,0.0,2,2,0,0.03196945507541288,0.020772523780101942,-0.028089448197841423,0.07969867858638481,0.038957753631019276,-0.0542725370846697,0.1287146509995728,0.046798616519228536,-0.08073930860946024
92,least_connections,4035,measured,196,113,4,light,0,100.0,90.95,5,196.0,1892.0,0.0,113.0,1706.0,0.0,1,4,0,-0.04059598657646621,0.10917251564271173,-0.024187234797765633,-0.29193499660937006,0.4966849465426466,-0.15626049868110983,-0.21509820337843932,0.49393017968047187,-0.10835609163556462,33.94,32.97,3,1188.0,0.0,0.0,1055.0,0.0,0.0,3,0,0,0.02335122077615953,-0.03576048637490873,-0.004420182366339772,0.10654394433117628,-0.08610664391210379,-0.011609913579617782,0.112314312859218,-0.08541285702054477,-0.01216671875164715,35.32,53.1,4,892.0,874.0,0.0,834.0,759.0,0.0,2,2,0,0.0289247450682307,0.01879418818199699,-0.02541426265518986,0.07210832824482435,0.03524749138044603,-0.04910372402898687,0.11645611280913729,0.04234160542215917,-0.07304985064665451
92,least_connections,4036,measured,156,115,8,light,1,100.0,90.95,5,196.0,1892.0,0.0,113.0,1706.0,0.0,1,4,0,-0.036729702140612275,0.0987751332005487,-0.02188368862654986,-0.26413166359895385,0.4493816183004897,-0.14137854642576603,-0.19461266019954038,0.4468892101870936,-0.09803646386074893,25.8,23.31,3,747.0,156.0,0.0,631.0,115.0,0.0,2,1,0,-0.021956605238803495,0.010729174458982804,-0.003999212617164556,-0.017603097986078592,-0.0375794805463252,-0.010504207524416088,-0.018263240746421855,-0.04476341825668337,-0.01100798363244266,35.32,53.1,4,892.0,874.0,0.0,834.0,759.0,0.0,2,2,0,0.02617000744268491,0.017004265497997273,-0.022993856688028922,0.06524086841198394,0.03189058743945117,-0.04442717888336907,0.1053650544463623,0.03830907157242974,-0.06609272201363979
92,least_connections,4037,measured,394,320,14,medium,1,100.0,90.95,5,1120.0,968.0,0.0,948.0,871.0,0.0,3,2,0,0.05293616518343695,0.003200177204124577,-0.019799527804973682,0.31835706626761323,0.08569448004964941,-0.12791392295664544,0.20165997410517772,0.026590237788322812,-0.08869965777877285,37.06,33.31,4,903.0,394.0,0.0,746.0,320.0,0.0,3,1,0,0.023218400248792292,0.009707348320032061,-0.0036183352250536457,0.024399918148649974,0.027523327124753402,-0.009503806807805033,0.01599099646752311,0.01746107395823887,-0.009959604238876691,25.78,39.43,3,790.0,499.0,0.0,745.0,438.0,0.0,2,1,0,0.023677625781476835,-0.02769908858571221,-0.020803965574883312,0.040570309515604516,-0.039003754221448944,-0.04019601898971487,0.06848901751496267,-0.06214893524399215,-0.05979817705995981
92,least_connections,4038,measured,478,409,18,heavy,2,100.0,90.95,5,1120.0,968.0,0.0,948.0,871.0,0.0,3,2,0,0.04789462564215724,0.0028953984227793883,-0.017913858490214284,0.28803734567069766,0.07753310099730182,-0.11573164457982207,0.182454262285637,0.024057834189434968,-0.08025207132365163,25.94,23.0,3,514.0,394.0,0.0,416.0,320.0,0.0,2,1,0,-0.022076776192135772,0.00878283895621948,-0.003273731870286632,-0.07848170670904459,0.024902057874776895,-0.00859868234991884,-0.07883552700557434,0.015798114533644686,-0.009011070501840817,35.34,53.07,4,1289.0,0.0,478.0,1183.0,0.0,409.0,3,0,1,0.06450651402904593,-0.06814498037573509,0.024261264706624847,0.12700170860935645,-0.12558434905750143,0.050127411390257975,0.19406149203734718,-0.1883252271255167,0.06924609377114747
92,least_connections,4039,measured,167,125,4,light,1,100.0,85.3,4,924.0,968.0,0.0,835.0,871.0,0.0,2,2,0,0.00024933249709918615,0.0026196461920384995,-0.016207776729241494,0.14238299528936138,0.07014899614041592,-0.1047095831912676,0.11395861825843345,0.0217666118856793,-0.07260901691187528,30.71,26.91,4,681.0,394.0,0.0,541.0,320.0,0.0,3,1,0,0.02310967414815833,0.007946378103246193,-0.0029619478826402863,-0.027837190423829455,0.022530433315274337,-0.007779760221355141,-0.03598511967171014,0.014293532197107106,-0.00815287331118931,27.04,38.93,3,874.0,0.0,478.0,759.0,0.0,409.0,2,0,1,0.015279136275712757,-0.0616549822447127,0.021950668067898672,0.03981106969417969,-0.11362393486154891,0.0453533722102334,0.047706429303631614,-0.17038949120880081,0.06265122769770486
92,least_connections,4040,measured,189,106,5,light,2,100.0,85.3,4,924.0,968.0,0.0,835.0,871.0,0.0,2,2,0,0.00022558654499449382,0.0023701560785110154,-0.014664178945504208,0.12882271002370793,0.06346813936513818,-0.09473724193495639,0.10310541651953503,0.01969360122990027,-0.06569387244407764,30.71,26.91,4,681.0,394.0,0.0,541.0,320.0,0.0,3,1,0,0.020908752800714678,0.007189580188651318,-0.0026798576081031164,-0.025186029431083806,0.020384677761438694,-0.007038830676464175,-0.03255796541726158,0.012932243416430234,-0.007376409186314138,30.82,42.47,4,1063.0,0.0,478.0,865.0,0.0,409.0,3,0,1,0.05690788066668795,-0.05578307917378768,0.019860128251908322,0.07021953924711496,-0.10280260773187759,0.04103400342830641,0.07513121381439686,-0.15416192061748646,0.056684444107447246
92,least_connections,4041,measured,419,448,16,heavy,0,100.0,100.0,5,1422.0,470.0,419.0,1283.0,423.0,448.0,3,1,1,0.04328800233889524,-0.040939473298580734,0.02981630975225356,0.4169348328785929,-0.242957397717256,0.16701551126519817,0.29595251970815073,-0.18484864650628072,0.14322935350297739,30.71,26.91,4,681.0,394.0,0.0,541.0,320.0,0.0,3,1,0,0.018917443010170426,0.0065048582659226195,-0.0024246330739980575,-0.022787359961456782,0.018443279879396923,-0.006368465850134253,-0.029457206806093816,0.011700601186294013,-0.006673894025712792,30.82,42.47,4,1063.0,0.0,478.0,865.0,0.0,409.0,3,0,1,0.051488082507955765,-0.05047040496676028,0.017968687466012292,0.06353196408072306,-0.09301188318598448,0.03712600310180104,0.06797586011778764,-0.1394798329396306,0.0512859256210237
92,least_connections,4042,measured,369,315,12,medium,1,100.0,100.0,5,1892.0,0.0,419.0,1706.0,0.0,448.0,4,0,1,0.08224923567623402,-0.08012437606833041,0.02697666120441989,0.42427437260444123,-0.5033106614267236,0.15110927209708408,0.4591237083073745,-0.3586011563628254,0.12958846269317004,31.03,27.34,4,323.0,763.0,0.0,240.0,635.0,0.0,2,2,0,-0.02596811845565078,0.04896924818163974,-0.0021937156383791947,-0.11316135289029762,0.11207453213578089,-0.00576194529297861,-0.11175592520551346,0.09964875821617075,-0.006038285070883002,30.82,42.47,4,1063.0,478.0,0.0,865.0,409.0,0.0,3,1,0,0.04658445560243617,-0.0025797995050733658,-0.026826516328936723,0.05748130083493991,0.00234162949839499,-0.05290504481265621,0.06150196867799834,-0.002846832977126096,-0.07694765459685157
92,least_connections,4043,measured,164,120,7,light,1,100.0,100.0,5,1892.0,419.0,0.0,1706.0,448.0,0.0,4,1,0,0.0744159751356403,-0.02940958288268443,-0.018676444851329847,0.3838672894992563,-0.2026461539892579,-0.11601224588041598,0.4153976408495293,-0.1217819986139849,-0.08541996232522713,30.94,27.19,4,320.0,763.0,0.0,235.0,635.0,0.0,2,2,0,-0.023494964317017364,0.04430551025957881,-0.0019847903394859382,-0.10315959139054141,0.10140076717046843,-0.0052131885984092186,-0.10252619423355978,0.09015840029082116,-0.005463210302227478,30.82,42.47,4,1063.0,478.0,0.0,865.0,409.0,0.0,3,1,0,0.04214784078315653,-0.002334104314114002,-0.02427161001189513,0.05200689123161231,0.002118617165214512,-0.04786646911621276,0.05564463832771277,-0.002575706026923613,-0.06961930654000857
92,least_connections,4044,measured,465,427,19,heavy,1,92.47,65.95,3,968.0,419.0,0.0,871.0,448.0,0.0,2,1,0,-0.018839061045078265,-0.02660867022719067,-0.016897735817869863,0.026419611134247734,-0.18334652027599518,-0.1049634605584716,-0.0019021344694735154,-0.11018371303170058,-0.07728472781806264,39.77,36.94,4,558.0,369.0,465.0,440.0,315.0,427.0,2,1,1,-0.02125734866777762,-0.0029979623728527277,0.04128813753865104,-0.031811058877156545,-0.010106788886582993,0.1154873871864733,-0.03480048525893503,-0.008904304498780838,0.11578626210750846,23.32,31.77,3,688.0,478.0,0.0,544.0,409.0,0.0,2,1,0,-0.00495013951818718,-0.0021118086651507606,-0.021960028106000357,-0.020803288885684112,0.001916844101860743,-0.04330775777181155,-0.0464643748463551,-0.0023304006910261355,-0.06298889639334108
92,least_connections,4045,measured,385,300,7,medium,0,100.0,80.95,4,1353.0,419.0,0.0,1171.0,448.0,0.0,3,1,0,0.026039035471686553,-0.02407451115793441,-0.0152884276447394,0.25612567991511304,-0.16588494691637656,-0.09496694050528383,0.13399330690857159,-0.09969002607630048,-0.06992427754967573,39.77,36.94,4,558.0,369.0,465.0,440.0,315.0,427.0,2,1,1,-0.01923283927084643,-0.0027124421468667503,0.03735593396354142,-0.02878143422218926,-0.009144237564051277,0.10448858840680918,-0.031486153329512656,-0.00805627549889694,0.10475899904965051,9.56,13.63,1,0.0,478.0,0.0,0.0,409.0,0.0,0,1,0,-0.09064649811282695,-0.0019106840303745043,-0.019868596857809846,-0.14331726137276182,0.0017342875207311398,-0.0391832094125914,-0.20610268835305146,-0.0021084577680712813,-0.05698995387968955
92,least_connections,4046,measured,449,450,17,heavy,2,100.0,80.95,4,1353.0,419.0,0.0,1171.0,448.0,0.0,3,1,0,0.02355912733152593,-0.02178170057146446,-0.01383238691666898,0.23173275801843563,-0.1500863805433883,-0.08592246998097108,0.12123203958394568,-0.09019573787855759,-0.06326482254494471,39.77,36.94,4,558.0,369.0,465.0,440.0,315.0,427.0,2,1,1,-0.01740114029267059,-0.0024541143233556273,0.033798225967013665,-0.02604034524864743,-0.008273357796046404,0.09453729427282735,-0.028487472060035268,-0.007289011165668657,0.09478195152111236,18.54,28.63,2,0.0,478.0,449.0,0.0,409.0,450.0,0,1,1,-0.08201349829255772,-0.001728714122719785,0.025107550688738937,-0.12966799838487975,0.0015691172806615028,0.045796143864798265,-0.18647386089085607,-0.0019076522663502016,0.08415194648980469
92,least_connections,4047,measured,472,420,16,heavy,2,100.0,80.95,4,1353.0,419.0,0.0,1171.0,448.0,0.0,3,1,0,0.021315400918999652,-0.019707252897991648,-0.012515016734129077,0.2096629715404893,-0.13579243953925613,-0.07773937760183099,0.10968613105214131,-0.08160566760440921,-0.057239601350188074,39.77,36.94,4,927.0,0.0,465.0,755.0,0.0,427.0,3,0,1,0.02734001139053159,-0.045304289376460076,0.030579347303488554,0.07182744273421693,-0.10287317406036851,0.08553374243731998,0.06328812051711094,-0.09565731962608116,0.08575509899529214,27.98,42.63,3,0.0,478.0,921.0,0.0,409.0,870.0,0,1,2,-0.07420268893136174,-0.0015640746824607532,0.06580025561180688,-0.11731866520536739,0.0014196775396461137,0.1268441301633889,-0.1687144455679174,-0.0017259710981263887,0.20280414206220423
92,least_connections,4048,measured,165,119,1,light,2,84.93,58.55,3,855.0,419.0,0.0,723.0,448.0,0.0,2,1,0,-0.023798537490519578,-0.01783037166961149,-0.011323110378497737,-0.11068588289193837,-0.12285982624980318,-0.07033562735403756,-0.10342683380996742,-0.07383369926113212,-0.05178821074540826,39.77,36.94,4,927.0,0.0,465.0,755.0,0.0,427.0,3,0,1,0.024736200781909537,-0.040989595150130544,0.02766702851268012,0.06498673390238674,-0.093075728911762,0.07738767172900379,0.057260680467862285,-0.08654709870931153,0.07758794671002622,31.28,46.6,4,165.0,478.0,921.0,119.0,409.0,870.0,1,1,2,-0.024051865949236584,-0.0014151151888930624,0.059533564601158606,-0.07628831613818954,0.0012844701549179077,0.11476373681449473,-0.11675751424398874,-0.00156159289830482,0.18348946186580384
92,least_connections,4049,measured,468,418,15,heavy,0,84.8,58.3,3,385.0,419.0,468.0,300.0,448.0,418.0,1,1,1,-0.06461591033722745,-0.016132241034410397,0.03283918131287846,-0.38363643372762685,-0.11115889041648863,0.21864871810825173,-0.2849338020185419,-0.0668019183791195,0.14223923789701157,39.77,36.94,4,927.0,465.0,0.0,755.0,427.0,0.0,3,1,0,0.02238037213601339,0.005998076043305919,-0.01805182681052297,0.05879752114977846,0.0359927078553446,-0.05018666435403059,0.05180728232806586,0.04242464878681336,-0.050530548214738166,27.98,42.63,3,478.0,921.0,0.0,409.0,870.0,0.0,1,2,0,-0.02176121204930928,0.041803557912996975,-0.03230409914770457,-0.012384666982171486,0.08132404442587811,-0.06282328573926668,-0.018177433522339026,0.13761887626661307,-0.0963666773595108
92,least_connections,4050,measured,360,319,12,medium,0,100.0,74.25,4,804.0,828.0,0.0,748.0,737.0,0.0,2,2,0,-0.015378113887876993,0.028488063100386055,-0.0133722599912959,-0.09436947178531307,0.1461260832739707,-0.08446068361634367,-0.05513058277868077,0.07029826432365377,-0.06040259428365619,35.09,33.19,3,763.0,465.0,0.0,635.0,427.0,0.0,2,1,0,-0.022834992103697632,0.005426830705848207,-0.016332605209520783,0.010803199407622699,0.03256483091674035,-0.04540698203459911,0.01294468401110721,0.03838420604521209,-0.04571811505142977,27.98,42.63,3,478.0,921.0,0.0,409.0,870.0,0.0,1,2,0,-0.019688715663660775,0.03782226668318774,-0.02922751827649461,-0.011205174888631347,0.07357889733769925,-0.05684011566886033,-0.016446249377354366,0.12451231662217371,-0.08718889856336691
92,least_connections,4051,measured,350,317,12,medium,1,100.0,74.25,4,804.0,828.0,0.0,748.0,737.0,0.0,2,2,0,-0.01391353161284109,0.025774914233682625,-0.01209871142069629,-0.08538190304385462,0.1322093134383544,-0.0764168089862157,-0.049880051085473054,0.06360319153092481,-0.05464996625664132,33.83,33.09,3,369.0,815.0,0.0,315.0,744.0,0.0,1,2,0,-0.06374413117772189,0.047993889913000985,-0.014777118999090231,-0.09207601686249103,0.11993960892466983,-0.04108250755511348,-0.07876433351376012,0.12435654356471572,-0.041364008856055505,27.98,42.63,3,478.0,921.0,0.0,409.0,870.0,0.0,1,2,0,-0.017813599886169276,0.03422014604669367,-0.026443945107304648,-0.01013801537542837,0.06657138330553741,-0.051426771319445064,-0.01487993991284442,0.11265400075339527,-0.07888519393828435
92,least_connections,4052,measured,178,117,8,light,1,83.13,59.25,3,419.0,828.0,0.0,448.0,737.0,0.0,1,2,0,-0.05567233359075645,0.023320160497141418,-0.010946453190153787,-0.30947251545237653,0.11961795025374922,-0.06913901765419515,-0.1808438557439994,0.057545744718455805,-0.049445207565532626,38.91,36.75,4,369.0,993.0,0.0,315.0,861.0,0.0,1,3,0,-0.05767326154174837,0.0865069434813773,-0.01336977433251021,-0.08330687239939666,0.1545303944692591,-0.037169887787959814,-0.07126296841721154,0.1455934203680761,-0.037424579441193075,27.98,42.63,3,478.0,921.0,0.0,409.0,870.0,0.0,1,2,0,-0.016117066563676966,0.030961084518437126,-0.023925474144704206,-0.009172490101578057,0.06023125156215291,-0.04652898357473601,-0.013462802778287819,0.10192504830069093,-0.07137231832511441
92,least_connections,4053,measured,435,424,19,heavy,0,100.0,80.45,4,419.0,828.0,435.0,448.0,737.0,424.0,1,2,1,-0.05037020658211297,0.021099192830746988,0.033179966388046794,-0.2799989425521502,0.10822576451529686,0.1998266030747758,-0.16362063138742802,0.052065197602412405,0.14707338363118477,38.91,36.75,4,547.0,815.0,0.0,432.0,744.0,0.0,2,2,0,-0.009096669739586394,0.035184286732584,-0.01209646249131876,-0.029359279109658215,0.09379960860143849,-0.033629898474820785,-0.03139566190128662,0.09864702319016413,-0.033860333780127067,27.98,42.63,3,478.0,921.0,0.0,409.0,870.0,0.0,1,2,0,-0.01458210784332678,0.0280124098023955,-0.021646857559494283,-0.008298919615713482,0.05449494188956691,-0.04209765180571354,-0.01218063108511755,0.09221790084348228,-0.06457495467510352
92,least_connections,4054,measured,371,341,5,medium,2,100.0,80.45,4,419.0,828.0,435.0,448.0,737.0,424.0,1,2,1,-0.045573044050483166,0.019089745894485366,0.030019969589185198,-0.25333237659480257,0.09791854884717333,0.18079549802003525,-0.14803771411243485,0.04710660735456357,0.13306639471392906,28.37,26.91,3,178.0,815.0,0.0,117.0,744.0,0.0,1,2,0,-0.051314220467335525,0.03183340228186171,-0.010944418444526498,-0.12195091239173159,0.08486631254415863,-0.03042705100102833,-0.11746809886306886,0.0892520686006247,-0.030635540086781633,35.4,54.0,4,849.0,921.0,0.0,750.0,870.0,0.0,2,2,0,0.02989056455898552,0.0253445612497864,-0.019585252077637685,0.059624787014354474,0.04930494742389388,-0.03808835163374082,0.09182069885949681,0.08343524362029348,-0.058424958991760326
92,least_connections,4055,measured,383,337,14,medium,1,100.0,80.45,4,779.0,468.0,435.0,767.0,418.0,424.0,2,1,1,0.0018511460858440243,-0.025812225369842026,0.027160924866405655,-0.012062626442916669,-0.128549884376367,0.16357687916098426,0.010370639612558963,-0.10168926001253772,0.12039340474117391,39.31,37.44,4,178.0,1198.0,0.0,117.0,1081.0,0.0,1,3,0,-0.0464271518513988,0.07188554991034654,-0.009902092878381117,-0.11033653978299524,0.17579060930866056,-0.027529236619978012,-0.1062806608761099,0.1760346096862795,-0.02771786960232624,35.4,54.0,4,849.0,921.0,0.0,750.0,870.0,0.0,2,2,0,0.02704384412479642,0.02293079351171151,-0.017719989975005526,0.05394623587013024,0.044609238145427804,-0.03446088957338456,0.0830758703966876,0.07548902994217027,-0.052860677183021246
92,least_connections,4056,measured,398,316,10,medium,0,100.0,96.25,5,779.0,866.0,435.0,767.0,734.0,424.0,2,2,1,0.0016748464586207878,0.01972998203499554,0.024574170117224164,-0.010913804876924615,0.12375645381820766,0.14799812876470003,0.009382959649458122,0.050947812369608714,0.10892736619439544,39.31,37.44,4,993.0,383.0,0.0,861.0,337.0,0.0,3,1,0,0.04416228211177296,-0.021128493391772626,-0.008959036413773392,0.11085197420994305,-0.05163162559148399,-0.024907404560932486,0.11419844968351958,-0.0510877340933662,-0.02507807249734279,25.84,40.37,3,1292.0,0.0,0.0,1211.0,0.0,0.0,3,0,0,0.06755214014919222,-0.0654208920381567,-0.01603237188214786,0.1289704038824988,-0.1262964035827082,-0.031178900090205075,0.21419562877160625,-0.19408135386184594,-0.047826326975114464
92,least_connections,4057,measured,383,342,10,medium,2,100.0,73.85,4,828.0,398.0,435.0,737.0,316.0,424.0,2,1,1,0.0015153372720854708,-0.025232964099856633,0.022233772963202815,0.019681160666909503,-0.17031558940257407,0.13390306888234763,-0.005082084126680708,-0.14299959833225875,0.09855333131873874,39.31,37.44,4,993.0,383.0,0.0,861.0,337.0,0.0,3,1,0,0.039956350482080294,-0.019116255925889516,-0.00810579485055688,0.1002946433328056,-0.04671432791610455,-0.02253527079322463,0.1033224068565177,-0.0462222356082837,-0.022689684640452998,33.5,51.77,4,1292.0,383.0,0.0,1211.0,342.0,0.0,3,1,0,0.06111860299212629,-0.016106430664908217,-0.0145054793219433,0.11668750827464178,-0.04496341276530741,-0.02820948103399507,0.1937960450790723,-0.07245455825595586,-0.04327143869177023
92,least_connections,4058,measured,183,116,1,light,0,100.0,79.65,5,1011.0,833.0,0.0,853.0,740.0,0.0,3,2,0,0.04445491966340612,0.02025407556498232,-0.022967629450526248,0.12818771679387053,0.10828589530243304,-0.14123055672549498,0.047878114361574575,0.0624289348422421,-0.10264222404495066,39.31,37.44,4,993.0,383.0,0.0,861.0,337.0,0.0,3,1,0,0.03615098376950121,-0.017295660123423845,-0.007333814388599082,0.09074277253920507,-0.04226534430504697,-0.02038905452720324,0.09348217763208744,-0.0418201179313043,-0.02052876229374319,33.5,51.77,4,1292.0,383.0,0.0,1211.0,342.0,0.0,3,1,0,0.055297783659542826,-0.014572484887297912,-0.013124005100805842,0.10557441224848543,-0.04068118297813528,-0.025522863792662207,0.1753392788810654,-0.06555412413634103,-0.03915034929255402
92,least_connections,4059,measured,166,103,8,light,1,100.0,73.85,4,1226.0,435.0,0.0,1053.0,424.0,0.0,3,1,0,0.04022111779070077,-0.0247587842393924,-0.02078023616952375,0.24566190249604158,-0.14209053917081454,-0.1277800275135431,0.13379448442237696,-0.08646905895225718,-0.09286677413590774,44.06,40.66,5,993.0,549.0,0.0,861.0,440.0,0.0,3,2,0,0.03270803293431061,0.027435445829373892,-0.00663535587539917,0.08210060372594744,0.004671491206998307,-0.01844723981032674,0.08457911309569816,-0.008715225747370547,-0.018573642075291455,26.08,40.4,3,921.0,383.0,0.0,870.0,342.0,0.0,2,1,0,0.006947427846162341,-0.01318462918374573,-0.011874099853110047,0.028386372986724917,-0.036806784599265244,-0.02309211486002771,0.05579903009874168,-0.05931087421859425,-0.035421744598025065
92,least_connections,4060,measured,441,419,16,heavy,2,100.0,73.85,4,1226.0,435.0,0.0,1053.0,424.0,0.0,3,1,0,0.036390535143967354,-0.022400804788021686,-0.018801166058140535,0.22226553082975198,-0.12855810686883218,-0.11561050108368184,0.12105215257262675,-0.07823391048061365,-0.08402231945629748,38.97,37.0,4,981.0,383.0,0.0,847.0,337.0,0.0,3,1,0,0.029592982178661978,-0.018261354000180988,-0.0060034172205992485,0.07117945779286405,-0.03868497734332807,-0.01669035982839086,0.07256562613420312,-0.03700722805714479,-0.016804723782406553,34.9,54.37,4,1304.0,0.0,441.0,1212.0,0.0,419.0,3,0,1,0.049369668278047105,-0.055012850440622554,0.03234066702632447,0.094987670797513,-0.10260613844695426,0.05890713417426065,0.15362769389886155,-0.15680507667396623,0.0943168342525805
92,least_connections,4061,measured,376,325,6,medium,0,100.0,90.1,5,1602.0,435.0,0.0,1378.0,424.0,0.0,4,1,0,0.0760086701189183,-0.02026739480821009,-0.017010578814508102,0.3663672263062835,-0.11631447764322911,-0.10459997717095024,0.25654718566094803,-0.07078306186341235,-0.07602019379379296,38.97,37.0,4,981.0,383.0,0.0,847.0,337.0,0.0,3,1,0,0.026774602923551313,-0.016522177428735185,-0.005431663199589797,0.06440046181259129,-0.035000693786820636,-0.015100801749496493,0.06565461412142187,-0.03348273014694053,-0.015204273898367834,34.9,54.37,4,1304.0,0.0,441.0,1212.0,0.0,419.0,3,0,1,0.04466779510870929,-0.04977353135103946,0.02926060350000785,0.08594122595965462,-0.09283412526153005,0.053296930919569156,0.13899648495611283,-0.14187125984787421,0.08533427860947759
92,least_connections,4062,measured,437,415,19,heavy,1,100.0,74.15,4,1242.0,435.0,0.0,1059.0,424.0,0.0,3,1,0,0.025685848928454436,-0.018337166731237697,-0.015390523689316853,0.1758560618961612,-0.10523690834387395,-0.0946380745832407,0.08780459655038159,-0.06404181787642069,-0.06878017533724125,51.46,49.97,5,1364.0,0.0,437.0,1184.0,0.0,415.0,4,0,1,0.06730854096711332,-0.058032536947993964,0.03816953828427136,0.15727388721819485,-0.13067409709964045,0.09930335624025147,0.15468453182414357,-0.12557663679961287,0.10358006171100054,34.9,54.37,4,1304.0,441.0,0.0,1212.0,419.0,0.0,3,1,0,0.040413719384070304,-0.0019492948051354764,-0.016610020869607407,0.07775634729683037,-0.004192779998527199,-0.03157896726324695,0.12575872448410208,-0.001994631925854473,-0.049157874908885346
92,least_connections,4063,measured,384,306,9,medium,0,100.0,89.45,5,1242.0,819.0,0.0,1059.0,730.0,0.0,3,2,0,0.023239577601934958,0.026493130327066128,-0.013924759528429535,0.15910786552509826,0.13640470197459031,-0.08562492462293206,0.0794422540217738,0.08048597430228605,-0.062229682447980175,28.17,26.72,3,549.0,0.0,437.0,440.0,0.0,415.0,2,0,1,-0.025269596721364584,-0.052505628667232636,0.0345343441619598,-0.06838485034000061,-0.1182289449949128,0.0898458937411799,-0.07040447120672724,-0.11361695710441164,0.09371529392900049,16.48,25.37,2,383.0,441.0,0.0,342.0,419.0,0.0,1,1,0,-0.049603006725070176,-0.0017636476808368662,-0.015028114120120986,-0.09630616196953443,-0.003793467617715096,-0.028571446571509146,-0.1485992492762886,-0.0018046669805349969,-0.04447617253661055
92,least_connections,4064,measured,459,413,17,heavy,2,100.0,68.55,4,774.0,819.0,0.0,641.0,730.0,0.0,2,2,0,-0.02205761572976861,0.023969975057821738,-0.012598591954293388,-0.1383309788106254,0.12341377797701031,-0.07747016989693853,-0.11721891302791893,0.07282064341635403,-0.056303046024363014,28.17,26.72,3,549.0,0.0,437.0,440.0,0.0,415.0,2,0,1,-0.022862968462186994,-0.04750509260368667,0.03124535900367792,-0.061872007450476746,-0.10696904547158777,0.08128914195630563,-0.06369928347275322,-0.1027962945230391,0.08479002784052425,25.66,39.13,3,383.0,441.0,459.0,342.0,419.0,413.0,1,1,1,-0.044878910846492065,-0.0015956812350428756,0.029487035070457426,-0.0871341465438645,-0.003432184987456524,0.057206786435301256,-0.134446939821404,-0.0016327939347697829,0.08431520897481268
92,least_connections,4065,measured,183,109,5,light,1,100.0,68.55,4,1593.0,0.0,0.0,1371.0,0.0,0.0,4,0,0,0.06621091003134313,-0.0644806801631046,-0.011398726053884494,0.31274816202848177,-0.3823399151636574,-0.07009205847818248,0.22418288821283527,-0.2643527511947273,-0.05094085116489987,33.4,30.12,4,732.0,0.0,437.0,549.0,0.0,415.0,3,0,1,0.0223983573323977,-0.04298079807000223,0.028269610527137168,-0.008673312863356542,-0.09678151733143656,0.07354731891284795,-0.02681423266582436,-0.09300617123513061,0.07671478709380765,25.66,39.13,3,383.0,441.0,459.0,342.0,419.0,413.0,1,1,1,-0.04060472886111187,-0.0014437115936102168,0.026678746016128147,-0.0788356563968298,-0.0031053102267463856,0.05175852106051066,-0.12164246936222266,-0.0014772897505059834,0.07628518907244956
92,least_connections,4066,measured,170,109,4,light,2,79.67,52.75,3,1195.0,0.0,0.0,1055.0,0.0,0.0,3,0,0,0.016821208849219754,-0.05833966300471368,-0.010313133096371685,0.09899436881942003,-0.34592658990997577,-0.0634166243374032,0.059879756002089,-0.23917629869999135,-0.0460893415301475,33.4,30.12,4,732.0,0.0,437.0,549.0,0.0,415.0,3,0,1,0.020265180443597916,-0.03888738873000201,0.02557726666740982,-0.0078472830668464,-0.08756422996653784,0.06654281234971957,-0.02426049622146015,-0.08414844064130865,0.0694086168943974,29.06,42.77,4,553.0,441.0,459.0,451.0,419.0,413.0,2,1,1,0.006346288400037092,-0.0013062152513616254,0.02413791306221118,-0.040565593882846,-0.002809566395627683,0.04682913810236679,-0.07718445640709032,-0.0013365954885530273,0.0690199329703115
92,least_connections,4067,measured,387,342,12,medium,0,80.4,53.6,3,819.0,387.0,0.0,730.0,342.0,0.0,2,1,0,-0.02786471126793949,-0.009699604396555012,-0.009330929944336286,-0.13722731709988978,-0.07955262896616855,-0.05737694582907908,-0.09284688742668135,-0.06168331787142073,-0.04169988043203821,28.66,26.91,3,566.0,437.0,0.0,446.0,415.0,0.0,2,1,0,-0.024748736968264018,0.007900072328184113,-0.01994256371814848,-0.05001148740061609,0.033741206901023585,-0.052760584744811545,-0.05107199658132108,0.04120200608643504,-0.05453803709554522,21.4,31.37,3,170.0,900.0,0.0,109.0,832.0,0.0,1,2,0,-0.03734202024577142,0.041902086427906375,-0.021244836027613918,-0.10600696589400352,0.08051515421347971,-0.040687922669287196,-0.17297641293974841,0.12334625487543613,-0.06210894953479752
92,least_connections,4068,measured,154,107,8,light,0,90.67,58.95,4,819.0,541.0,0.0,730.0,449.0,0.0,2,2,0,-0.025210929242421437,0.03430806767749331,-0.008442269949637593,-0.12415804880466219,0.020912700776641147,-0.051912474797738216,-0.08400432671937835,-0.007403954264618762,-0.037728463248034576,28.66,26.91,3,566.0,437.0,0.0,446.0,415.0,0.0,2,1,0,-0.02239171439985793,0.0071476844874046735,-0.018043271935467675,-0.04524848860055744,0.030527758624735613,-0.04773576715006759,-0.04620799690690955,0.037278005506774556,-0.04934393832454092,21.4,31.37,3,170.0,900.0,0.0,109.0,832.0,0.0,1,2,0,-0.03378563736522176,0.03791141153001053,-0.019221518310698307,-0.0959110643802889,0.07284704428838641,-0.036812882415069366,-0.15650246885024857,0.11159899250634697,-0.056193811483864424
92,least_connections,4069,measured,187,108,4,light,1,90.67,58.95,4,973.0,387.0,0.0,837.0,342.0,0.0,3,1,0,0.020274011864566538,-0.012043267566168178,-0.007638244240148299,-0.01944458383913894,-0.0739678739004993,-0.046968429578906006,-0.02759915274610425,-0.0551035776679884,-0.034135276272031286,23.06,19.75,3,370.0,437.0,0.0,217.0,415.0,0.0,2,1,0,-0.020259170171300023,0.006466952631461367,-0.016324865084470754,-0.09160577540050434,0.02762035304142746,-0.04318950361196591,-0.10655425910625152,0.033727719268034126,-0.04464451562696559,21.4,31.37,3,611.0,459.0,0.0,528.0,413.0,0.0,2,1,0,0.012515942610604347,-0.008783099318652607,-0.01739089751920323,-0.00697667729645185,-0.013890769453364663,-0.03330689361363419,-0.01523239245181221,-0.025394562335527338,-0.05084201991397257
92,least_connections,4070,measured,392,327,10,medium,1,90.67,58.95,4,973.0,387.0,0.0,837.0,342.0,0.0,3,1,0,0.018343153591750677,-0.010896289702723591,-0.0069107924077532225,-0.01759271871160195,-0.06692331448140415,-0.04249524580948639,-0.02497066200838005,-0.04985561789008475,-0.030884297579456876,29.03,26.56,3,187.0,829.0,0.0,108.0,742.0,0.0,1,2,0,-0.06141362561983833,0.04893495260760337,-0.014770116028806873,-0.13018753828753113,0.1263231765612915,-0.03907621755368344,-0.12722468681041804,0.12297091267107849,-0.04039265699582601,18.0,27.73,2,441.0,459.0,0.0,419.0,413.0,0.0,1,1,0,-0.03175995215049629,-0.007946613669257127,-0.0157346215649934,-0.03707413660155168,-0.012567839029234681,-0.03013480850757379,-0.046654704281798354,-0.022976032589286627,-0.04599992277930852
92,least_connections,4071,measured,490,422,19,heavy,2,90.67,58.95,4,973.0,387.0,0.0,837.0,342.0,0.0,3,1,0,0.016596186583012512,-0.009858547826273725,-0.006252621702252915,-0.01591722169144949,-0.0605496654831752,-0.03844807954191626,-0.022592503721867663,-0.045107463805314774,-0.02794293590522289,29.03,26.56,3,187.0,829.0,0.0,108.0,742.0,0.0,1,2,0,-0.05556470889413945,0.04427448093068876,-0.013363438311777647,-0.11778872511729008,0.11429239784116851,-0.03535467302476121,-0.11510804997133062,0.11125939717859483,-0.03654573728193782,27.8,41.8,3,441.0,459.0,490.0,419.0,413.0,422.0,1,1,1,-0.028735194802829975,-0.007189793319804072,0.028847814048906198,-0.033543266449022946,-0.01137090197883138,0.06140183992171895,-0.042211399112103254,-0.020787839009354547,0.08565086351713355
92,least_connections,4072,measured,192,125,4,light,1,36.07,22.45,2,541.0,0.0,0.0,449.0,0.0,0.0,2,0,0,-0.028068302842126996,-0.05200353873624312,-0.005657133921085971,-0.27497272438750187,-0.2882116021038252,-0.03478635768078138,-0.19596464622454693,-0.195525800585761,-0.02528170391424928,34.51,30.47,4,379.0,829.0,0.0,233.0,742.0,0.0,2,2,0,-0.007188931629844991,0.04005786369919459,-0.012090729901132156,-0.0569380982353713,0.10340740757058103,-0.031987561308117286,-0.06880311664072769,0.10066326411396675,-0.03306519087413422,27.8,41.8,3,441.0,459.0,490.0,419.0,413.0,422.0,1,1,1,-0.025998509583512824,-0.006505051098870354,0.026100403187105607,-0.030348669644354093,-0.010287958933228383,0.055554045643460004,-0.03819126586333149,-0.01880804481798745,0.0774936384202637
92,least_connections,4073,measured,383,350,13,medium,0,61.6,39.95,3,541.0,383.0,0.0,449.0,350.0,0.0,2,1,0,-0.02539513114287681,-0.003966920534605456,-0.005118359261934926,-0.2487848458744064,-0.029747005078063993,-0.03147337123499268,-0.17730134658411392,-0.01857096243473616,-0.022873922589082683,29.17,27.09,3,584.0,437.0,0.0,452.0,415.0,0.0,2,1,0,-0.0065042714746216534,-0.006841071165581303,-0.010939231815310046,0.001477775065956588,-0.007774250293283824,-0.028941126897820402,-0.0003307960082774286,-0.0013790705635538802,-0.029916125076597626,27.8,41.8,3,441.0,459.0,490.0,419.0,413.0,422.0,1,1,1,-0.023522461051749696,-0.005885522422787462,0.02361465050261936,-0.027458320154415614,-0.009308153320539955,0.05026318415360667,-0.03455400244777612,-0.017016802454369595,0.07011329190404811
92,least_connections,4074,measured,351,330,16,medium,0,85.0,56.45,4,541.0,383.0,351.0,449.0,350.0,330.0,2,1,1,-0.022976547224507593,-0.0035891185789287405,0.03845300375167339,-0.2250910510292249,-0.02691395697539123,0.1832383784064352,-0.16041550405229357,-0.016802299345713673,0.12859026051463948,29.17,27.09,3,1021.0,0.0,0.0,867.0,0.0,0.0,3,0,0,0.037199083178290154,-0.04927344080514045,-0.009897400213851945,0.11430302097804235,-0.1199998318980051,-0.026184829098027985,0.1170370178972728,-0.11858404003369162,-0.027066970307397853,27.8,41.8,3,900.0,0.0,490.0,832.0,0.0,422.0,2,0,1,0.021801673560888607,-0.04840889670451745,0.021365636169036563,0.05821390081267158,-0.09147880538525044,0.04547621423421556,0.09329241048375811,-0.13995171015712804,0.063435835532234
92,least_connections,4075,measured,445,400,16,heavy,1,85.0,56.45,4,541.0,383.0,351.0,449.0,350.0,330.0,2,1,1,-0.02078830463169734,-0.00324729776188791,0.03479081291818068,-0.20365380807406064,-0.024350722977734884,0.165787104272489,-0.1451378369996942,-0.0152020803604076,0.11634356903705477,41.89,39.59,4,1021.0,0.0,445.0,867.0,0.0,400.0,3,0,1,0.03365631335178633,-0.04458073215703184,0.0341291095570818,0.10341701898013356,-0.10857127647914748,0.09134297775484543,0.10589063524038969,-0.1072903219352448,0.0886060744837829,27.8,41.8,3,900.0,0.0,490.0,832.0,0.0,422.0,2,0,1,0.01972532369794683,-0.043798525589801504,0.019330813676747365,0.05266971978289334,-0.08276653820570277,0.04114514621190932,0.08440741900911447,-0.1266229758564492,0.057394327386306954
92,least_connections,4076,measured,365,314,11,medium,2,74.73,51.1,3,387.0,734.0,0.0,342.0,680.0,0.0,1,2,0,-0.06189236632210257,0.04014586891838259,-0.01160649806268913,-0.27714709619399136,0.18968267921062082,-0.061716429467748066,-0.1797199477616281,0.1355314511024884,-0.04402248515695045,36.4,35.69,3,829.0,0.0,445.0,742.0,0.0,400.0,2,0,1,-0.012632950051331637,-0.04033494814207642,0.030878718170693056,0.043935126016039217,-0.09823115490970487,0.08264364654009825,0.06046355093178113,-0.09707219603665006,0.08016740072342263,26.28,38.3,3,459.0,855.0,0.0,413.0,736.0,0.0,1,2,0,-0.025237178785757847,0.046540563015122896,-0.02559411642398594,-0.03214644400595364,0.07983027495674513,-0.051440105808272525,-0.049996462166356725,0.10740460914575231,-0.07534164030127784
92,least_connections,4077,measured,394,349,12,medium,0,100.0,68.55,4,387.0,1128.0,0.0,342.0,1029.0,0.0,1,3,0,-0.055997855243807085,0.07940635305767495,-0.010501117294813974,-0.2507521346517064,0.4092684557937363,-0.05583867428034349,-0.16260376226052067,0.2805046462355847,-0.03982986752295517,36.4,35.69,3,829.0,445.0,0.0,742.0,400.0,0.0,2,1,0,-0.011429811951204821,0.00659037571725965,-0.015146012358035078,0.03975082830022597,0.026158206782375862,-0.040261190545353286,0.05470511750970672,0.025268013109697562,-0.04056282791690334,26.28,38.3,3,459.0,855.0,0.0,413.0,736.0,0.0,1,2,0,-0.022833637949019006,0.04210812844225405,-0.02315658152646347,-0.029084877910148535,0.0722273916275313,-0.04654104811224657,-0.0452348943409894,0.09717559875091877,-0.06816624598687042
92,least_connections,4078,measured,404,406,13,heavy,1,100.0,68.55,4,387.0,1128.0,0.0,342.0,1029.0,0.0,1,3,0,-0.050664726172968313,0.07184384324265829,-0.009501010885784072,-0.22687097897059155,0.3702905076229043,-0.05052070530126316,-0.1471176896642806,0.25378991802267187,-0.03603654680648325,47.94,48.38,4,829.0,849.0,0.0,742.0,806.0,0.0,2,2,0,-0.01034125843204245,0.049046621113801814,-0.013703534990603165,0.035965035128775885,0.12810232314323802,-0.03642679144579583,0.04949510631830606,0.13765320233734543,-0.03669970144862683,26.28,38.3,3,459.0,855.0,0.0,413.0,736.0,0.0,1,2,0,-0.020659005763398144,0.03809783049537271,-0.020951192809657425,-0.026314889537753447,0.06534859242490929,-0.042108567339651654,-0.04092680916565708,0.08792077982225985,-0.06167422255954943
92,least_connections,4079,measured,411,429,18,heavy,2,75.2,51.45,3,383.0,745.0,0.0,350.0,679.0,0.0,1,2,0,-0.045839514156495134,0.021917672230885837,-0.008596152706185588,-0.20767691748132883,0.10400887197627845,-0.04570920955828572,-0.12948743350577768,0.071286116306227,-0.032604494729675325,47.94,48.38,4,829.0,849.0,0.0,742.0,806.0,0.0,2,2,0,-0.009356376676609823,0.04437551434105878,-0.01239843642006953,0.03253979368794008,0.11590210189150107,-0.0329575732128629,0.04478128666894357,0.12454337354331252,-0.03320449178685285,34.5,52.6,4,459.0,855.0,411.0,413.0,736.0,429.0,1,2,1,-0.018691481404979268,0.03446946568628959,0.024128059113257792,-0.02380870958177693,0.0591249169558703,0.03627320097841041,-0.03702901781654688,0.07954737222013986,0.07358046530326479
92,least_connections,4080,measured,197,122,9,light,0,88.33,57.55,4,383.0,942.0,0.0,350.0,801.0,0.0,1,3,0,-0.04147384614159083,0.06291417510232074,-0.007777471496072675,-0.18789816343548799,0.2129286619467916,-0.041355951505115646,-0.11715529698141791,0.1196874385627768,-0.029499304755420532,36.74,38.16,3,437.0,849.0,0.0,415.0,806.0,0.0,1,2,0,-0.05154919341035673,0.04014927488000557,-0.01121763295149148,-0.07189256761567325,0.10486380647326288,-0.029818756716399764,-0.051938954918574864,0.11268209987252087,-0.030042159235724005,34.5,52.6,4,824.0,490.0,411.0,727.0,422.0,429.0,2,1,1,0.026172559907966603,-0.011897240796304873,0.021830148721518956,0.04450640561648754,-0.012553646563736406,0.03281861040903799,0.061195968007251245,-0.022726980689714738,0.0665728019410491
92,least_connections,4081,measured,186,117,5,light,1,88.33,57.55,4,383.0,942.0,0.0,350.0,801.0,0.0,1,3,0,-0.037523956032867886,0.05692234890209971,-0.007036759925018135,-0.17000310025115578,0.1926497417613829,-0.037417289457009395,-0.10599764964985431,0.10828863489013141,-0.026689847159666196,29.57,28.84,3,186.0,849.0,0.0,117.0,806.0,0.0,1,2,0,-0.04663974641889418,0.03632553441524313,-0.010149286956111338,-0.12993001015567718,0.09487677728533309,-0.02697887512436169,-0.13124834016442488,0.10195047131323315,-0.0271810012132741,25.32,38.83,3,365.0,490.0,411.0,314.0,422.0,429.0,1,1,1,-0.019403965071930443,-0.010764170244275839,0.01975108693851715,-0.042789442537463654,-0.011358061176713896,0.029693028465320084,-0.06918777497756633,-0.020562506338313358,0.06023253508952062
92,least_connections,4082,measured,486,413,19,heavy,1,88.33,57.55,4,974.0,351.0,0.0,821.0,330.0,0.0,3,1,0,0.05221755451901522,-0.03466662763732928,-0.006366592313111646,0.2026638616775257,-0.18217404316827265,-0.03385373808015136,0.11716879317394135,-0.11509599700416687,-0.024147956953983703,43.46,41.75,4,186.0,849.0,486.0,117.0,806.0,413.0,1,2,1,-0.042197865807570914,0.0328659597090295,0.03390121202837092,-0.11755572347418412,0.085840893734349,0.10122319461537344,-0.11874849824400346,0.09224090261673473,0.09217849890227581,25.32,38.83,3,365.0,490.0,411.0,314.0,422.0,429.0,1,1,1,-0.017555968398413252,-0.009739011173392431,0.017870031039610757,-0.03871425753389568,-0.010276341064645908,0.026865120992432455,-0.06259846307494095,-0.018604172401331137,0.05449610317623295
92,least_connections,4083,measured,448,402,15,heavy,2,88.33,57.55,4,1325.0,0.0,0.0,1151.0,0.0,0.0,4,0,0,0.09032835431539019,-0.0744489442795791,-0.005760250188053394,0.39507682723204707,-0.3765384200093896,-0.03062957254870837,0.2552955747764232,-0.2534201877656748,-0.021848151529794777,43.46,41.75,4,186.0,849.0,486.0,117.0,806.0,413.0,1,2,1,-0.038179021444945116,0.029735868308169544,0.030672525168526067,-0.10635994028616659,0.07766557052155387,0.09158289036629025,-0.10743911745886028,0.08345605474847428,0.0833995942449162,34.28,52.23,4,855.0,411.0,448.0,736.0,429.0,402.0,2,1,1,0.027199928818669186,-0.008811486299736007,0.01616812332155259,0.053639481278856316,-0.02359288001087012,0.031001776136010323,0.07063313658298992,-0.0147212353472361,0.04116314096897268
92,least_connections,4084,measured,170,111,3,light,0,99.67,63.1,5,1495.0,0.0,0.0,1262.0,0.0,0.0,5,0,0,0.12480955413115802,-0.0673585686339049,-0.005211654932048309,0.4599901452734395,-0.3406776181037334,-0.027712470401212337,0.2811959962262876,-0.2292849317879915,-0.019767375193623846,43.46,41.75,4,1035.0,0.0,486.0,923.0,0.0,413.0,3,0,1,0.05162487628904058,-0.0592639196032661,0.02775133229533311,0.1232389655914275,-0.14920053823560092,0.08286071033140546,0.13068008420388832,-0.15237904570376137,0.07545677574540038,34.28,52.23,4,855.0,859.0,0.0,736.0,831.0,0.0,2,2,0,0.024609459407367362,0.03511160309842479,-0.02845559817392407,0.04853095925229858,0.059720727609212765,-0.0530174406388478,0.06390617119413372,0.10791888230488164,-0.08399525340902472
92,least_connections,4085,measured,158,109,6,light,1,99.67,63.1,5,1495.0,0.0,0.0,1262.0,0.0,0.0,5,0,0,0.11292292992819059,-0.060943466859247286,-0.004715306843281804,0.4161815600093024,-0.3082321306652826,-0.025073187505858782,0.25441542515711735,-0.2074482716177066,-0.01788476803232634,47.97,45.16,5,1193.0,0.0,486.0,1032.0,0.0,413.0,4,0,1,0.08979212163112742,-0.053619736783907426,0.025108348267206145,0.15234545866435276,-0.13499096316554368,0.07496921410936686,0.14905281427970848,-0.13786675563673648,0.06827041615060034,34.28,52.23,4,855.0,859.0,0.0,736.0,831.0,0.0,2,2,0,0.02226570136857048,0.03176764089857481,-0.025745541204978923,0.04390896313303205,0.054033039265478214,-0.04796816057800515,0.0578198691756448,0.09764089351394051,-0.07599570546530808
92,least_connections,4086,measured,437,401,15,heavy,2,74.13,45.6,4,1112.0,0.0,0.0,912.0,0.0,0.0,4,0,0,0.05908446494636743,-0.05513932715836659,-0.004266230001064489,0.14552934794492434,-0.2788766896495414,-0.022685264886253186,0.07185205133263001,-0.1876912933684012,-0.0161814567911524,42.66,41.5,4,1007.0,0.0,486.0,915.0,0.0,413.0,3,0,1,0.038156590772834106,-0.04851309518544005,0.022717077003662704,0.0897547347099246,-0.12213468095930143,0.06782928895609383,0.10177695101497436,-0.12473658843323776,0.06176847175530506,43.02,65.6,5,855.0,859.0,437.0,736.0,831.0,401.0,2,2,1,0.020145158381087575,0.028742151289186738,0.019790315327014533,0.039727157120362344,0.04888703552590887,0.035676426143709625,0.05231321496844052,0.08834176079832712,0.052178488705991094
92,least_connections,4087,measured,403,436,18,heavy,0,89.67,61.85,4,942.0,0.0,403.0,801.0,0.0,436.0,3,0,1,0.010373472819956014,-0.04988796266709358,0.03922397784484188,0.02912972750572529,-0.2523170049210136,0.22255460161085028,0.014794713110474755,-0.16981593209522014,0.18259772956990972,42.66,41.5,4,1007.0,486.0,0.0,915.0,413.0,0.0,3,1,0,0.0345226297468499,-0.0008089001791169587,-0.022530354366300635,0.08120666473755081,0.015129846478999384,-0.0642632963866634,0.09208390806116729,0.003913919988975362,-0.06088507317377161,35.72,55.13,4,490.0,1296.0,0.0,422.0,1232.0,0.0,1,3,0,-0.024857328358154324,0.0690887037741168,-0.02517837683564898,-0.03010400070062455,0.12330731785677468,-0.046797519203310343,-0.04736740867934747,0.20086476770642292,-0.0737273991072779
92,least_connections,4088,measured,454,433,16,heavy,0,100.0,83.5,5,942.0,0.0,857.0,801.0,0.0,869.0,3,0,2,0.009385523027579251,-0.045136728127370386,0.07857226113399526,0.02635546774327535,-0.22828681397615516,0.47520019510822964,0.01338569281423907,-0.15364298618138966,0.3610884219918231,42.66,41.5,4,1007.0,486.0,0.0,915.0,413.0,0.0,3,1,0,0.031234760247149912,-0.0007318620668201048,-0.02038460633141486,0.07347269666730788,0.013688908719094672,-0.0581429824450764,0.08331401205534184,0.003541165704311039,-0.055086494776269555,35.72,55.13,4,490.0,1296.0,0.0,422.0,1232.0,0.0,1,3,0,-0.02248996375261582,0.06250882722420091,-0.02278043618463479,-0.027236953014850768,0.11156376377517707,-0.04234061261251888,-0.042856226900362004,0.1817347898296207,-0.06670574204944191
92,least_connections,4089,measured,351,323,10,medium,1,80.53,59.95,3,351.0,0.0,857.0,330.0,0.0,869.0,1,0,2,-0.07767613676189541,-0.04083799211523988,0.07108918864504332,-0.3326307672798937,-0.20654521264509276,0.42994303366935066,-0.20096056364425993,-0.13901032083078113,0.32669904846879233,52.69,51.59,5,1007.0,837.0,0.0,915.0,736.0,0.0,3,2,0,0.028260021175992772,0.04242173930915823,-0.018443215252232494,0.06647529698470714,0.10311989700435095,-0.052605555545545316,0.07537934424054737,0.09452831658961475,-0.04984016194043436,35.72,55.13,4,490.0,1296.0,0.0,422.0,1232.0,0.0,1,3,0,-0.020348062442842874,0.05655560558380082,-0.020610870833717192,-0.024642957489626888,0.10093864341563641,-0.03830817331608851,-0.03877468148127991,0.1644267146077521,-0.06035281423520934
92,least_connections,4090,measured,384,302,13,medium,0,82.73,58.55,3,0.0,838.0,403.0,0.0,735.0,436.0,0,2,1,-0.11336230967799607,0.04921914092067865,0.02123488949971041,-0.5126659323008562,0.31858607744809064,0.1151548082405236,-0.3311071766305209,0.20672875734357896,0.09970390099557401,52.69,51.59,5,1007.0,837.0,0.0,915.0,736.0,0.0,3,2,0,0.025568590587802975,0.03838157366066697,-0.016686718561543686,0.06014431631949693,0.09329895443250799,-0.04759550263644576,0.06820035907478095,0.0855256197715562,-0.045093479850869186,25.92,41.07,3,411.0,885.0,0.0,429.0,803.0,0.0,1,2,0,-0.018410151734000693,0.008085457206205293,-0.018647930754315555,-0.03659124725251958,0.01695401070938532,-0.034659775857413415,-0.03297074356242785,0.0193860751212995,-0.05460492716518941
92,least_connections,4091,measured,485,413,17,heavy,0,100.0,79.2,4,0.0,1241.0,485.0,0.0,1171.0,413.0,0,3,1,-0.10256589923247264,0.0876155039168952,0.01921251907116656,-0.4638406054150604,0.5313239113419234,0.15364800110650545,-0.2995731598085665,0.38427839950133336,0.079803529472186,23.91,23.0,2,0.0,837.0,0.0,0.0,736.0,0.0,0,2,0,-0.10611821395797418,0.0347261856929844,-0.015097507269968098,-0.20589663897623744,0.08441333972465007,-0.04306259762345093,-0.1970002703609125,0.07738032265045561,-0.04079886272221498,25.92,41.07,3,859.0,437.0,0.0,831.0,401.0,0.0,2,1,0,0.026427096276947226,-0.035768486564000196,-0.016871937349142645,0.047960300104863254,-0.06572732364388945,-0.03135884482337404,0.09140742249113673,-0.10369831298549093,-0.049404457911361846
92,least_connections,4092,measured,388,349,9,medium,1,100.0,79.2,4,0.0,1241.0,485.0,0.0,1171.0,413.0,0,3,1,-0.09279771835318953,0.07927117021052422,0.017382755350103078,-0.4196653096612451,0.480721634071264,0.13901485814398112,-0.27104238268394115,0.34768045669168257,0.0722031933319778,35.0,33.91,3,351.0,874.0,0.0,323.0,762.0,0.0,1,2,0,-0.05292781716379069,0.03141892991270018,-0.01365964943473304,-0.09555274138666384,0.08593859988692829,-0.038961397849788935,-0.08691393508844462,0.07736195858850745,-0.0369132567486707,25.92,41.07,3,859.0,437.0,0.0,831.0,401.0,0.0,2,1,0,0.023910229964857005,-0.032361964034095414,-0.015265086173033822,0.04339265247582866,-0.05946757853494758,-0.02837228817352889,0.08270195368245703,-0.09382228317734895,-0.044699271443613096
92,least_connections,4093,measured,416,438,21,heavy,1,100.0,79.2,4,0.0,1241.0,485.0,0.0,1171.0,413.0,0,3,1,-0.08395984041479053,0.07172153495237907,0.01572725484056945,-0.3796971849316027,0.43493862130257216,0.12577534784455435,-0.24522882242832772,0.31456803224485563,0.06532669872893229,46.89,47.59,4,351.0,874.0,416.0,323.0,762.0,438.0,1,2,1,-0.047887072672001096,0.02842665087339541,0.030725169785808425,-0.08645248030221966,0.07775397132626843,0.07228662643522497,-0.0786364174609737,0.06999415300864958,0.09044157722739318,25.92,41.07,3,859.0,437.0,0.0,831.0,401.0,0.0,2,1,0,0.021633065206299207,-0.029279872221324416,-0.013811268442268697,0.03926001890670211,-0.053803999626857335,-0.025670165490335663,0.07482557714127064,-0.08488682763664904,-0.040442197972792804
92,least_connections,4094,measured,375,313,7,medium,2,100.0,79.2,4,0.0,1726.0,0.0,0.0,1584.0,0.0,0,4,0,-0.07596366513719144,0.10797481280271938,-0.028854479180527866,-0.34353554827145005,0.5497381176864542,-0.1787429392517524,-0.2218736964827727,0.47144250536439325,-0.12772822495953745,46.89,47.59,4,1225.0,0.0,416.0,1085.0,0.0,438.0,3,0,1,0.04284140136932327,-0.06044844966329984,0.027798963139540958,0.1477130620394883,-0.1555831415891585,0.0654021858223464,0.1442991937257857,-0.15211838537312658,0.08182809368192717,33.42,51.5,4,1671.0,0.0,0.0,1545.0,0.0,0.0,4,0,0,0.10574057373540449,-0.06957521318890802,-0.012495909543005012,0.18245430282034952,-0.12775599966239473,-0.02322538782458941,0.2830326650325782,-0.197738875798238,-0.03659056007062206
92,least_connections,4095,measured,150,114,7,light,0,100.0,84.9,5,150.0,1726.0,0.0,114.0,1584.0,0.0,1,4,0,-0.025645130135463448,0.09769149729769849,-0.026106433544287117,-0.22034168653131195,0.49738210647822045,-0.1617198021801569,-0.14917143967488958,0.4265432191392129,-0.11556363210624818,46.89,47.59,4,1225.0,0.0,416.0,1085.0,0.0,438.0,3,0,1,0.0387612679055782,-0.054691454457271284,0.025151442840537056,0.13364515136906086,-0.14076569953304818,0.059173406220218175,0.13055641337094898,-0.13763092009949549,0.07403494190269601,33.42,51.5,4,1671.0,0.0,0.0,1545.0,0.0,0.0,4,0,0,0.0956700429034612,-0.06294900240901202,-0.011305822919861678,0.1650777025517448,-0.11558876159930952,-0.021013446127009467,0.25607717312471356,-0.17890660191269153,-0.03310574482580091
92,least_connections,4096,measured,377,324,11,medium,1,100.0,84.9,5,534.0,1342.0,0.0,416.0,1282.0,0.0,2,3,0,0.01988116343752852,0.045303644947350785,-0.023620106540069297,0.032262283614527265,0.354710794750136,-0.1463179162582372,0.0016544117227189625,0.2493010077926212,-0.10455757190565311,57.66,57.72,5,1225.0,377.0,416.0,1085.0,324.0,438.0,3,1,1,0.03506971858123742,-0.0063988442822023595,0.02275606733191448,0.12091704171486459,-0.029903660121737494,0.05353784372305455,0.11812246924038242,-0.03291607056621018,0.0669839950548202,33.42,51.5,4,1671.0,0.0,0.0,1545.0,0.0,0.0,4,0,0,0.08655861024598871,-0.05695385932243945,-0.010229077879874851,0.1493560165944358,-0.104580308113661,-0.019012165543484755,0.2316888709223599,-0.16186787792100663,-0.029952816747153208
92,least_connections,4097,measured,369,322,10,medium,2,100.0,84.9,5,988.0,888.0,0.0,849.0,849.0,0.0,3,2,0,0.06107161952737841,-0.0020948881315352164,-0.021370572583872222,0.30303095501631827,0.04708754445647212,-0.13238287661459555,0.19737780108246,0.02967710228856202,-0.09459970791463852,57.66,57.72,5,1225.0,377.0,416.0,1085.0,324.0,438.0,3,1,1,0.031729745383024324,-0.005789430541040225,0.0205888228241131,0.10940113298011558,-0.027055692491095837,0.04843900146371602,0.10687271026510789,-0.029781206702761603,0.06060456695436113,32.58,47.93,4,1260.0,369.0,0.0,1116.0,322.0,0.0,3,1,0,0.035231032852946695,-0.00844578201735452,-0.009254879986553437,0.060760205490203806,-0.027848850198074232,-0.01720148311077192,0.08024231178689706,-0.04934077843646631,-0.027100167533138618
92,least_connections,4098,measured,175,119,7,light,2,100.0,84.9,5,1391.0,485.0,0.0,1285.0,413.0,0.0,4,1,0,0.0983391750372426,-0.04497927520290827,-0.019335279956836773,0.5172502291417483,-0.2004763486663665,-0.11977498360368169,0.3758180105031781,-0.17038738364368197,-0.0855902119227682,57.66,57.72,5,1225.0,377.0,416.0,1085.0,324.0,438.0,3,1,1,0.028707864870355343,-0.0052380562037983025,0.018627982555149948,0.09898197745819981,-0.024478959872896236,0.0438257632290764,0.0966943569065262,-0.026944901302498603,0.054832703434898156,27.12,38.5,4,987.0,369.0,0.0,833.0,322.0,0.0,3,1,0,0.03187569639076129,-0.007641421825225522,-0.008373462844976918,0.005573519253041531,-0.02519657875063859,-0.015563246624031737,-0.01274901949439472,-0.044641656680612374,-0.024519199196649227
92,least_connections,4099,measured,173,124,5,light,2,100.0,84.9,5,1391.0,485.0,0.0,1285.0,413.0,0.0,4,1,0,0.08897353931940997,-0.04069553470739319,-0.017493824722852318,0.46798830255681995,-0.18138336307909347,-0.10836784230809296,0.34002581902668494,-0.15416001377285513,-0.07743876316821885,47.63,47.62,4,874.0,377.0,416.0,762.0,324.0,438.0,2,1,1,-0.017110117725007284,-0.004739193708198461,0.016853888978469,-0.0011795714153702286,-0.022147630361191814,0.03965188101678342,-0.003839034227428678,-0.024378720226070155,0.049610541203003095,30.58,42.63,5,1160.0,369.0,0.0,957.0,322.0,0.0,4,1,0,0.07192381600887474,-0.006913667365680234,-0.007575990193074355,0.03634746980037093,-0.022796904583911107,-0.014081032659838238,0.025861998235230166,-0.040390070330077854,-0.02218403736839692
92,least_connections,4100,measured,473,430,15,heavy,1,100.0,84.9,5,1391.0,485.0,0.0,1285.0,413.0,0.0,4,1,0,0.08049986890803759,-0.03681976949716527,-0.015827746177818763,0.423417988027599,-0.16410875707156075,-0.09804709542160792,0.3076424076908102,-0.13947810769924987,-0.07006364286648373,61.14,61.06,5,1251.0,416.0,473.0,1086.0,438.0,430.0,3,1,1,0.02760331752317935,-0.00428784192646528,0.015248756694805285,0.09638855103235211,-0.009956699578493294,0.05061020527368841,0.08813373093708832,0.010175205509746044,0.04262382299319328,30.58,42.63,5,1529.0,0.0,0.0,1279.0,0.0,0.0,5,0,0,0.10815782899669166,-0.04933912308142044,-0.006854467317543464,0.099657234581288,-0.08739719938544338,-0.012739981930329835,0.120510061895367,-0.13365450807641965,-0.020071271904740073
92,least_connections,4101,measured,190,107,2,light,0,100.0,90.25,6,2066.0,0.0,0.0,1805.0,0.0,0.0,6,0,0,0.15900101517983448,-0.0763970250099069,-0.014320341779931262,0.44883849710433554,-0.44101903417585653,-0.08870927681002622,0.5135812260059711,-0.31302781172789274,-0.06339091497443766,36.17,37.25,3,377.0,889.0,0.0,324.0,868.0,0.0,1,2,0,-0.061193370313495324,0.03920442419805069,-0.02928740607431449,-0.13872328375984472,0.11326366636775778,-0.0764819231197241,-0.1357063862950153,0.1307835192707226,-0.08301296967282512,14.34,18.83,3,717.0,0.0,0.0,565.0,0.0,0.0,3,0,0,0.011689282924444377,-0.04464015897842802,-0.006201660906348849,-0.05676726395026327,-0.07907365658682973,-0.01152665031791747,-0.10630042018990607,-0.12092550730723683,-0.01815972219952673
92,least_connections,4102,measured,163,104,4,light,1,100.0,84.55,5,1916.0,0.0,0.0,1691.0,0.0,0.0,5,0,0,0.1007741611264262,-0.06912111786610625,-0.012956499705652094,0.40609197357058924,-0.3990172213972035,-0.08026077425669038,0.4130972997196882,-0.28321563918237913,-0.05735368497687217,40.83,40.5,4,540.0,889.0,0.0,428.0,868.0,0.0,2,2,0,-0.012281530056881262,0.03547066951252205,-0.026498129305332158,-0.08337548802761463,0.10247665052320942,-0.06919793044165513,-0.093377206647871,0.11832794600684426,-0.07510697256112749,14.34,18.83,3,717.0,0.0,0.0,565.0,0.0,0.0,3,0,0,0.0105760178840211,-0.04038871526619678,-0.0056110265343156255,-0.05136085785976202,-0.0715428321499888,-0.010428874097163424,-0.09617657064801025,-0.10940879232559524,-0.016430224847190852
92,least_connections,4103,measured,192,115,5,light,2,89.47,64.1,3,1342.0,0.0,0.0,1282.0,0.0,0.0,3,0,0,0.00500882151801374,-0.06253815425981042,-0.011722547352732846,0.2721149602146602,-0.3610155812641365,-0.07261689099414845,0.18873089022257505,-0.2562427211650097,-0.0518914292647891,40.83,40.5,4,540.0,889.0,0.0,428.0,868.0,0.0,2,2,0,-0.011111860527654477,0.03209251051132947,-0.02397449794291957,-0.075434965358318,0.092716969520999,-0.06260765135197369,-0.08448413934807378,0.10705861781571624,-0.06795392755530583,18.18,22.67,4,909.0,0.0,0.0,680.0,0.0,0.0,4,0,0,0.05265267831230025,-0.03654217095513042,-0.005076643054856994,-0.011726490444546628,-0.06472922908808511,-0.009435647992671669,-0.05233435757042201,-0.09898890734220521,-0.014865441528410772
92,least_connections,4104,measured,408,449,17,heavy,0,86.4,64.9,3,888.0,0.0,408.0,849.0,0.0,449.0,2,0,1,-0.03855210932950684,-0.05658213956839991,0.032477785955237176,-0.027642020123244126,-0.3266331449532664,0.18039424148148475,-0.025124432655765472,-0.2318386524826278,0.1561696592366194,40.83,40.5,4,540.0,889.0,0.0,428.0,868.0,0.0,2,2,0,-0.010053588096449295,0.0290360809388219,-0.021691212424546278,-0.0682506829432401,0.08388678194757054,-0.05664501788988095,-0.07643803083873343,0.09686255897612422,-0.061482124930990985,14.72,18.53,3,736.0,0.0,0.0,556.0,0.0,0.0,3,0,0,0.00455423729389523,-0.03306196419749895,-0.004593153240108709,-0.04191444373554218,-0.05856454060350558,-0.008537014850512463,-0.084746958436731,-0.08956139235723329,-0.013449685192371651
92,least_connections,4105,measured,497,401,13,heavy,0,92.67,63.15,3,485.0,497.0,408.0,413.0,401.0,449.0,1,1,1,-0.07796438009631118,-0.008109464144652079,0.02938466348330982,-0.26808881185753836,0.004252551391489112,0.16321383753086716,-0.21996972478378782,-0.028354018912853718,0.14129635835694138,40.83,40.5,4,540.0,889.0,0.0,428.0,868.0,0.0,2,2,0,-0.009096103515835063,0.02627073989702934,-0.019625382669827586,-0.06175061790102676,0.0758975646192305,-0.051250254281320864,-0.06915821837790168,0.0876375533593505,-0.0556266844613728,11.22,14.57,2,561.0,0.0,0.0,437.0,0.0,0.0,2,0,0,-0.038963399817995015,-0.029913205702499047,-0.00415571007438407,-0.06958925861787149,-0.05298696530793362,-0.007723965817130324,-0.1125647084268836,-0.0810317359422587,-0.01216876279309816
92,least_connections,4106,measured,191,107,7,light,2,92.67,63.15,3,485.0,497.0,408.0,413.0,401.0,449.0,1,1,1,-0.07053920103951963,-0.0073371342261137895,0.026586124103946982,-0.2425565440615824,0.0038475464970615936,0.14766966252792746,-0.19902022718533183,-0.025653636159248594,0.12783956232294696,36.17,37.25,3,377.0,889.0,0.0,324.0,868.0,0.0,1,2,0,-0.05131370816965576,0.023768764668740838,-0.017756298606034483,-0.09800566109412621,0.06866922513168475,-0.04636927768309983,-0.091976483294292,0.07929111970607905,-0.050328904988861105,15.04,18.13,3,752.0,0.0,0.0,544.0,0.0,0.0,3,0,0,0.007831300391428542,-0.027064328968927708,-0.003759928162537968,-0.028399805416169432,-0.04794058765955899,-0.006988350025022674,-0.06957441873543435,-0.07331442775728168,-0.011009833003279287
92,least_connections,4107,measured,425,401,16,heavy,0,100.0,83.2,4,485.0,905.0,425.0,413.0,850.0,401.0,1,2,1,-0.06382118189289872,0.03644554068884489,0.02405411228452346,-0.21945592081762216,0.24957635159257963,0.14385985339828355,-0.18006591983434786,0.17990861490353696,0.09395008019695202,25.4,27.12,2,416.0,473.0,0.0,438.0,430.0,0.0,1,1,0,-0.04642668834397426,-0.021578827431229936,-0.016065222548316913,-0.07859015595591012,-0.04540811603731923,-0.04195315599899508,-0.05098467536150231,-0.05209970121830945,-0.04553567594230291,7.66,7.4,2,383.0,0.0,0.0,222.0,0.0,0.0,2,0,0,-0.035998437967845826,-0.02448677382902983,-0.0034018397661057806,-0.0924664906146295,-0.04337481740626766,-0.0063227928797824195,-0.16005939472888508,-0.06633210130420723,-0.009961277479157449
92,least_connections,4108,measured,355,330,10,medium,1,88.67,62.55,3,0.0,905.0,425.0,0.0,850.0,401.0,0,2,1,-0.1008268743203324,0.03297453681371681,0.021763244447902178,-0.4910950394699121,0.22580717525042915,0.1301589149793994,-0.3497501179453623,0.1627744611032001,0.08500245351152802,35.54,37.44,3,889.0,355.0,0.0,868.0,330.0,0.0,2,1,0,0.0010788012488758825,-0.019523701009208028,-0.014535201353239113,0.05116672964533303,-0.07158693491811877,-0.03795761733242412,0.07544838895864078,-0.0754116344356133,-0.04119894490017882,3.82,3.57,1,191.0,0.0,0.0,107.0,0.0,0.0,1,0,0,-0.07565391553099883,-0.02215470013102699,-0.0030778550264766585,-0.11840301531799814,-0.03924388241519455,-0.005720622129326951,-0.17949818253248334,-0.06001475832285416,-0.00901258438590436
92,least_connections,4109,measured,443,404,18,heavy,2,88.67,62.55,3,0.0,1330.0,0.0,0.0,1251.0,0.0,0,3,0,-0.09122431486125313,0.07291800496297733,-0.023393345726274443,-0.4443240833299205,0.4606509363376899,-0.13858637851070213,-0.31644058290294685,0.32867689337908573,-0.10449778015623656,35.54,37.44,3,889.0,355.0,0.0,868.0,330.0,0.0,2,1,0,0.0009760582727924572,-0.017664300913092984,-0.013150896462454435,0.046293707774348936,-0.06476913159258363,-0.03434260615790754,0.0682628281054369,-0.06822957401317392,-0.037275235862066554,12.68,17.03,2,191.0,0.0,443.0,107.0,0.0,404.0,1,0,1,-0.06844878071852274,-0.020044728689976803,0.040299174250421343,-0.10712653766866499,-0.03550636980422364,0.0749861037877518,-0.16240311752938968,-0.054299067054010906,0.1136870268254516
92,least_connections,4110,measured,476,432,18,heavy,2,88.67,62.55,3,0.0,1330.0,0.0,0.0,1251.0,0.0,0,3,0,-0.08253628487446711,0.06597343306174139,-0.021165408038057828,-0.40200750396516616,0.41677941859124323,-0.12538767579539717,-0.28630338453123766,0.2973743321048871,-0.09454561061754736,35.54,37.44,3,889.0,355.0,0.0,868.0,330.0,0.0,2,1,0,0.0008831003420503303,-0.015981986540417464,-0.011898430132696869,0.04188478322441094,-0.05860064286948041,-0.031071881761916345,0.061761606381109585,-0.06173151934525259,-0.0337252133990126,22.2,31.43,3,191.0,0.0,919.0,107.0,0.0,836.0,1,0,2,-0.061929849221520575,-0.018135706909979014,0.07954505788190049,-0.09692401027164928,-0.032124810775249965,0.15397790342701353,-0.14693615395516207,-0.049127727334581296,0.23314540522302765
92,least_connections,4111,measured,372,345,12,medium,0,100.0,79.8,4,497.0,1205.0,0.0,401.0,1195.0,0.0,1,3,0,-0.03159178608823668,0.05969024896062315,-0.01914965489157613,-0.06394329723832498,0.3016893152333471,-0.11344599238631173,-0.07763163362350073,0.24371963380918366,-0.08554126674920952,35.54,37.44,3,1244.0,0.0,0.0,1198.0,0.0,0.0,3,0,0,0.043882895774326705,-0.0575437928109446,-0.010765246310535262,0.1296644637336507,-0.14478833674585642,-0.028112654927448123,0.14918312005909917,-0.14915589845522853,-0.03051328831339235,22.2,31.43,3,191.0,0.0,919.0,107.0,0.0,836.0,1,0,2,-0.05603176834328051,-0.01640849672807625,0.07196933808362425,-0.08769315215053981,-0.029065304987130922,0.13931334119586938,-0.13294223453086096,-0.044448896159859266,0.21094108091607264
92,least_connections,4112,measured,379,338,7,medium,1,100.0,79.8,4,497.0,1205.0,0.0,401.0,1195.0,0.0,1,3,0,-0.02858304455602366,0.0540054633453257,-0.017325878235235546,-0.057853459406103536,0.2729569994968378,-0.10264161215904395,-0.07023814470697687,0.2205082401130709,-0.077394479439761,46.37,48.0,4,1623.0,0.0,0.0,1536.0,0.0,0.0,4,0,0,0.08278747259400535,-0.052063431590854636,-0.009739984757150951,0.21528825630323498,-0.13099897134148913,-0.02543525922007211,0.23054068005347064,-0.13495057479282582,-0.02760726085497403,22.2,31.43,3,191.0,0.0,919.0,107.0,0.0,836.0,1,0,2,-0.050695409453444265,-0.01484578275397375,0.06511511540899337,-0.07934142337429792,-0.026297180702642264,0.12604540393911992,-0.12028106933744563,-0.04021566795415838,0.19085145416216096
92,least_connections,4113,measured,467,422,18,heavy,2,100.0,79.8,4,497.0,1205.0,0.0,401.0,1195.0,0.0,1,3,0,-0.025860849836402355,0.048862085883866105,-0.015675794593784542,-0.052343606129331754,0.24696109478285333,-0.09286622052484929,-0.0635487975920267,0.1995074553403975,-0.07002357663597424,46.37,48.0,4,1623.0,0.0,0.0,1536.0,0.0,0.0,4,0,0,0.07490295139457627,-0.04710500953458276,-0.008812367161231814,0.19478461284578402,-0.11852287883277589,-0.023012853580065246,0.20858442481028294,-0.12209813909827098,-0.024977997916405075,27.72,41.93,3,0.0,443.0,943.0,0.0,404.0,854.0,0,1,2,-0.08895117544654027,0.02965200154459064,0.0589136758462321,-0.10634700210055525,0.05636921745951414,0.11838393689729898,-0.1410955706703873,0.0854556655017932,0.17810369662290754
92,least_connections,4114,measured,370,340,11,medium,2,100.0,79.8,4,905.0,797.0,0.0,850.0,746.0,0.0,2,2,0,0.019685988470012378,0.0011246536681691066,-0.014182861775328872,0.19873673731155705,-0.022654247577418518,-0.08402181857010174,0.1456225164643568,-0.022612302311068977,-0.06335466457540526,34.49,34.31,3,1207.0,0.0,0.0,1098.0,0.0,0.0,3,0,0,0.02468543674928783,-0.04261881815033679,-0.007973094098257355,0.06869628237067538,-0.10723498561060675,-0.02082115323910665,0.06487995578073219,-0.11046974489843565,-0.022599140971985544,35.12,53.27,4,0.0,1289.0,467.0,0.0,1176.0,422.0,0,3,1,-0.08047963492782215,0.1129958018510015,0.010218949348405004,-0.09621871618621666,0.20408643484432232,0.020975942907080034,-0.12765789727320756,0.31014242751749543,0.030855725515963953
92,least_connections,4115,measured,439,415,17,heavy,1,100.0,79.8,4,905.0,797.0,0.0,850.0,746.0,0.0,2,2,0,0.017811132425249288,0.0010175437950101507,-0.01283211303482136,0.1798094289961707,-0.020496700189092998,-0.07601974061104444,0.13175370537251335,-0.020458749710014767,-0.05732088699679523,33.51,33.84,3,734.0,0.0,439.0,668.0,0.0,415.0,2,0,1,-0.02074945745359219,-0.03855988308839995,0.03587014842357214,-0.06011832955578347,-0.09702212983816802,0.09464480693332526,-0.0628764685793376,-0.09994881681287035,0.09688946769201309,35.12,53.27,4,0.0,1289.0,467.0,0.0,1176.0,422.0,0,3,1,-0.07281490779183909,0.10223429691281088,0.009245716077128333,-0.08705502893038651,0.18464963152581543,0.018978234058786694,-0.11550000229480684,0.2806050534682102,0.027917084990634056
92,least_connections,4116,measured,193,117,1,light,1,100.0,79.8,4,1702.0,0.0,0.0,1596.0,0.0,0.0,4,0,0,0.10228263455254981,-0.0852471655913627,-0.01161000703150504,0.5215736103616146,-0.4992747922345762,-0.06877976531475449,0.4566819239084645,-0.3559864878328705,-0.05186175490186235,39.03,37.5,4,927.0,0.0,439.0,785.0,0.0,415.0,3,0,1,0.024310581578269194,-0.034887513270457096,0.03245394381180337,-0.004501617897409549,-0.08778192699643773,0.0856310157968181,-0.023807876333686362,-0.09042988187831127,0.0876618993403928,35.12,53.27,4,0.0,1289.0,467.0,0.0,1176.0,422.0,0,3,1,-0.0658801546688068,0.09249769720682889,0.0083651716888304,-0.07876407379415923,0.16706395233288063,0.017170783196045106,-0.1045000020762538,0.253880762661714,0.02525831499152606
92,least_connections,4117,measured,448,438,18,heavy,0,100.0,100.0,5,1702.0,0.0,448.0,1596.0,0.0,438.0,4,0,1,0.09254143126183079,-0.07712838791599481,0.03257960815063376,0.4718999331843181,-0.45172481202175946,0.20799291074696818,0.41318840734575357,-0.3220830128011686,0.1512203169935531,33.51,33.84,3,734.0,0.0,439.0,668.0,0.0,415.0,2,0,1,-0.021088612132132867,-0.03156489295898499,0.029363092020203044,-0.05396404884595554,-0.07942174347296747,0.0774756809590259,-0.054620816682859064,-0.08181751217561496,0.07931314702226015,35.12,53.27,4,0.0,1756.0,0.0,0.0,1598.0,0.0,0,4,0,-0.05960585422415853,0.1267722929376978,-0.035515411555910814,-0.07126273343281073,0.23565786163451108,-0.06896929139405443,-0.09454762092613439,0.35697148367805864,-0.10441708008703197
92,least_connections,4118,measured,452,405,20,heavy,1,100.0,81.65,4,1205.0,0.0,448.0,1195.0,0.0,438.0,3,0,1,0.04064406139108953,-0.06978282716209054,0.029476788326763877,0.24902057446835135,-0.40870340135302047,0.18818406210439978,0.19243236855091989,-0.29140844015343825,0.13681838204178615,36.29,36.19,3,379.0,439.0,452.0,338.0,415.0,405.0,1,1,1,-0.06216407310821091,0.014525187549580473,0.026566607065897994,-0.1405933231055244,0.04162522529316548,0.073457588894901,-0.1427224055702058,0.04331094136491981,0.06893213302014012,35.12,53.27,4,370.0,1386.0,0.0,340.0,1258.0,0.0,1,3,0,-0.010845205976052735,0.07161484100258825,-0.03213299140772883,0.002476574513171237,0.14626187481217667,-0.062400787451763536,0.01699659693984666,0.22043451697856103,-0.0944725962692194
92,least_connections,4119,measured,158,119,6,light,1,100.0,81.65,4,1205.0,0.0,448.0,1195.0,0.0,438.0,3,0,1,0.036773198401461954,-0.06313684362284383,0.026669475152786365,0.22530432928088928,-0.36977926789082805,0.17026177047540933,0.17410547630797513,-0.2636552553769203,0.12378805994256842,29.97,29.34,3,158.0,439.0,452.0,119.0,415.0,405.0,1,1,1,-0.0562436851931432,0.013141836354382333,0.024036454012002946,-0.18433273451044044,0.037660918122387824,0.06646162804776758,-0.19104943837304333,0.03918608980635602,0.062367167970602974,35.12,53.27,4,370.0,1386.0,0.0,340.0,1258.0,0.0,1,3,0,-0.009812329216428661,0.0647943799547227,-0.029072706511754656,0.0022407102738215834,0.13233217244911222,-0.056457855313500345,0.015377873421766039,0.19944075345679332,-0.08547520614834136
92,least_connections,4120,measured,430,428,18,heavy,1,100.0,81.65,4,1205.0,0.0,448.0,1195.0,0.0,438.0,3,0,1,0.033270989029894144,-0.0571238108968587,0.024129525138235283,0.20384677411128072,-0.33456219475836824,0.1540463637634656,0.15752400237388225,-0.23854523105530884,0.11199872090041905,42.26,42.72,4,158.0,439.0,882.0,119.0,415.0,833.0,1,1,2,-0.05088714374617717,0.011890232892060204,0.06483116814237908,-0.1667772359856366,0.03407416401549375,0.17128841177110943,-0.17285425376608682,0.035454081253369726,0.17743934244959317,35.12,53.27,4,813.0,943.0,0.0,744.0,854.0,0.0,2,2,0,0.03420607855475048,0.015539586398944122,-0.026303877320158976,0.08218921405726715,0.03956720364443486,-0.0510809167122146,0.13575458388953435,0.05860512614344793,-0.0773347103246898
92,least_connections,4121,measured,181,123,6,light,0,95.07,65.35,4,978.0,448.0,0.0,869.0,438.0,0.0,3,1,0,0.030102323407999454,-0.008599547727543358,-0.021252425101687348,0.04751216070385722,-0.032476906368682334,-0.13084694072194386,-0.004954474042678014,-0.017683780478612743,-0.09681068109009705,42.26,42.72,4,158.0,439.0,882.0,119.0,415.0,833.0,1,1,2,-0.04604074910368411,0.010757829759483042,0.05865677117643822,-0.15089368970129025,0.030829005537827678,0.15497522969767044,-0.1563919438836024,0.03207750208638213,0.16054035745439382,35.12,53.27,4,1289.0,467.0,0.0,1176.0,422.0,0.0,3,1,0,0.07403225701438876,-0.029024274437236486,-0.0237987461468105,0.16049500319467025,-0.05033443479789225,-0.04621606750152749,0.25311129018576917,-0.07726202872735666,-0.06996949981757648
92,least_connections,4122,measured,154,117,4,light,0,100.0,71.2,5,1132.0,448.0,0.0,986.0,438.0,0.0,4,1,0,0.07031933569113782,-0.007780543182063032,-0.019228384615812364,0.13587608190666445,-0.02938386766690304,-0.11838532731985398,0.04844595205662461,-0.015999610909221057,-0.08759061622437352,42.26,42.72,4,158.0,439.0,882.0,119.0,415.0,833.0,1,1,2,-0.041655915855714196,0.00973327454429418,0.05307041201677744,-0.13652286211069117,0.027892909772320285,0.14021568401217802,-0.141497473037545,0.029022501887679075,0.1452507996015944,35.12,53.27,4,1289.0,467.0,0.0,1176.0,422.0,0.0,3,1,0,0.06698156587016126,-0.026260057824166336,-0.02153219889473331,0.14520976479517783,-0.045540679102854906,-0.04181453726328678,0.22900545302521974,-0.06990374027713223,-0.06330573793018825
92,least_connections,4123,measured,413,404,16,heavy,1,52.2,33.9,3,335.0,448.0,0.0,240.0,438.0,0.0,2,1,0,-0.02254554435200909,-0.007039539069485595,-0.0173971098904969,-0.3577946560527004,-0.026585404079578934,-0.10711053424177265,-0.2936441386154349,-0.014475838441676186,-0.07924865277443319,54.06,55.34,5,158.0,439.0,1295.0,119.0,415.0,1237.0,1,1,3,-0.037688685774217606,0.00880629601626616,0.091099987289556,-0.12352068476681582,0.02523644217495645,0.2336237141062563,-0.1280215232244455,0.026258454088852495,0.2456435805919187,35.12,53.27,4,1289.0,467.0,0.0,1176.0,422.0,0.0,3,1,0,0.060602369120622085,-0.023759099936150496,-0.01948151328571109,0.1313802633861133,-0.04120347156924968,-0.03783220038106899,0.2071954098799607,-0.06324624120311964,-0.05727662003207508
92,least_connections,4124,measured,356,347,14,medium,0,75.93,51.25,4,335.0,804.0,0.0,240.0,785.0,0.0,2,2,0,-0.02039834965181775,0.03671479344960373,-0.015740242281878147,-0.3237189745238717,0.19067669789625397,-0.09690953098065144,-0.26567803017586966,0.14387900331467396,-0.07170116203401097,54.06,55.34,5,158.0,1321.0,413.0,119.0,1248.0,404.0,1,3,1,-0.03409928712905402,0.09413540161108888,-0.00374400242963073,-0.1117568100271191,0.2508329714916273,-0.01662616342767287,-0.11582899720306973,0.25927848227086653,-0.013271879464454489,35.12,53.27,4,1756.0,0.0,0.0,1598.0,0.0,0.0,4,0,0,0.09791461514541544,-0.06458022874041734,-0.01762613106802432,0.20337261925410255,-0.12178409332455924,-0.03422913367811004,0.3147323549707581,-0.18449263092980667,-0.05182170383854412
92,least_connections,4125,measured,377,340,11,medium,0,100.0,68.25,5,335.0,1181.0,0.0,240.0,1125.0,0.0,2,3,0,-0.018455649684977954,0.07630204668116075,-0.014241171588365943,-0.29288859599778866,0.39991383777915035,-0.08768005183963702,-0.24037536063531062,0.2839857649037526,-0.06487247993553374,49.54,51.62,4,439.0,1295.0,0.0,415.0,1237.0,0.0,1,3,0,-0.030851735973906017,0.08517012526717566,-0.04647133099642327,-0.028473848527937717,0.22022302862847912,-0.12180462405360878,-0.021107187945634515,0.23147517443554588,-0.12623408142022072,27.72,41.93,3,1386.0,0.0,0.0,1258.0,0.0,0.0,3,0,0,0.04550551347623755,-0.0584297307651395,-0.015947451918688668,0.11705141742037847,-0.11018560824602978,-0.030969216184956704,0.18221816243386052,-0.166921904174587,-0.04688630347296849
92,least_connections,4126,measured,409,430,20,heavy,2,90.8,62.4,4,181.0,1181.0,0.0,123.0,1125.0,0.0,1,3,0,-0.05978186898935646,0.06903518509247877,-0.01288486953233109,-0.3578833328868881,0.3618268056097075,-0.07932957071205254,-0.2704110405748048,0.2569395015795857,-0.05869414851310196,49.54,51.62,4,439.0,1295.0,0.0,415.0,1237.0,0.0,1,3,0,-0.027913475404962584,0.07705868476553988,-0.042045489949144865,-0.0257620534300389,0.19924940685433826,-0.1102041836675508,-0.019096979569859812,0.20942991972739866,-0.11421178795162827,35.9,56.27,4,1386.0,0.0,409.0,1258.0,0.0,430.0,3,0,1,0.0411716550499292,-0.052864994501792884,0.028655253252705716,0.10590366338034243,-0.09969174079402694,0.04598975678503917,0.16486405172587382,-0.15102457996748347,0.08726159844509201
92,least_connections,4127,measured,168,112,3,light,0,89.93,61.85,4,168.0,1181.0,0.0,112.0,1125.0,0.0,1,3,0,-0.05408835765703679,0.06246040555986175,-0.011657739100680511,-0.3316404757865496,0.3273671098373544,-0.07177437350138087,-0.2496337986152996,0.23246907285772045,-0.05310422960709225,49.54,51.62,4,439.0,1295.0,0.0,415.0,1237.0,0.0,1,3,0,-0.02525504917591853,0.06971976240691703,-0.03804115757303583,-0.02330852453193996,0.1802732728682108,-0.09970854712778406,-0.017278219610825568,0.18948421308669403,-0.10333447481337796,27.04,42.8,3,943.0,0.0,409.0,854.0,0.0,430.0,2,0,1,-0.005833355181583316,-0.04783023312066975,0.025926181514352793,0.015655695439357437,-0.0901972892898339,0.04160977994836878,0.027321443624996944,-0.13664128663724695,0.07895097002174992
92,least_connections,4128,measured,182,112,5,light,2,89.93,61.85,4,616.0,733.0,0.0,550.0,687.0,0.0,2,2,0,-0.0058531852724663935,0.013427895279784219,-0.010547478233949035,-0.02983344634656071,0.02596706763062223,-0.06493871888220173,-0.02771629398527109,0.012186304014128069,-0.04804668393022632,49.54,51.62,4,439.0,1295.0,0.0,415.0,1237.0,0.0,1,3,0,-0.022849806397259614,0.0630797850348297,-0.03441819018512766,-0.021088665052707595,0.163104389737905,-0.09021249502037605,-0.01563267488598505,0.17143809755462794,-0.09349309625972292,21.16,32.13,3,649.0,0.0,409.0,534.0,0.0,430.0,2,0,1,-0.005277797545242047,-0.04327497282346311,0.023457021370128717,-0.0390353231739147,-0.08160707126223068,0.03764694376280985,-0.07178853513293929,-0.12362783076703296,0.0714318300196785
92,least_connections,4129,measured,370,333,13,medium,2,89.93,61.85,4,993.0,356.0,0.0,890.0,347.0,0.0,3,1,0,0.037788161170716345,-0.03093485211647641,-0.00954295649738246,0.2004046596546991,-0.20390281182626246,-0.05875407898865871,0.12873287687046903,-0.14278382017769364,-0.04347080927020477,49.54,51.62,4,439.0,1295.0,0.0,415.0,1237.0,0.0,1,3,0,-0.02067363435942536,0.05707218646008401,-0.031140267310353596,-0.01908022076197355,0.147570638334295,-0.08162082882795929,-0.014143848706367423,0.15511065969228244,-0.08458899185403503,28.56,43.23,4,649.0,370.0,409.0,534.0,333.0,430.0,2,1,1,-0.004775150159980895,0.00393035338648122,0.021223019334878364,-0.035317673347827594,-0.006882588284875396,0.03406152054730415,-0.06495153178694507,-0.011425180217791722,0.06462879858923293
92,least_connections,4130,measured,152,106,5,light,0,88.87,61.55,4,977.0,356.0,0.0,884.0,347.0,0.0,3,1,0,0.03418928867826716,-0.027988675724431034,-0.008634103497631749,0.17166770794155312,-0.1844834964142375,-0.05315845241831026,0.11375831716851958,-0.12918536111315138,-0.03933073219685193,49.54,51.62,4,439.0,1295.0,0.0,415.0,1237.0,0.0,1,3,0,-0.018704716801384844,0.051636740130552194,-0.028174527566510395,-0.017263056879880834,0.13351629182626693,-0.07384741655862984,-0.012796815496237207,0.14033821591206508,-0.07653289739174597,28.56,43.23,4,649.0,370.0,409.0,534.0,333.0,430.0,2,1,1,-0.0043203739542684305,0.003556034016340151,0.019201779398223283,-0.03195408540993927,-0.006227103686315835,0.030817566209465665,-0.05876567161675983,-0.010337067816097265,0.058473674914067894
92,least_connections,4131,measured,359,346,11,medium,0,100.0,78.85,5,1333.0,359.0,0.0,1231.0,346.0,0.0,4,1,0,0.074017066173761,-0.025323087560199506,-0.007811807926428725,0.37004856115346874,-0.16510411580335776,-0.048095742664185474,0.2599003822000892,-0.11733437434047028,-0.03558494817810413,49.54,51.62,4,1321.0,413.0,0.0,1248.0,404.0,0.0,3,1,0,0.06924448525226178,-0.039448845097300844,-0.025491239226842738,0.21238104377534595,-0.10719954549052041,-0.06681432926733176,0.22394276217007109,-0.10854816179384585,-0.0692440500211035,19.22,29.17,3,182.0,370.0,409.0,112.0,333.0,430.0,1,1,1,-0.04699280999490499,0.0032173641100220474,0.0173730385031544,-0.11341560108518316,-0.005634046192381004,0.02788255990380227,-0.1804387822564335,-0.009352585166945135,0.05290475349368047
92,least_connections,4132,measured,483,421,17,heavy,2,100.0,78.85,5,1333.0,359.0,0.0,1231.0,346.0,0.0,4,1,0,0.06696782177625996,-0.022911364935418593,-0.007067826219149799,0.33480584104361455,-0.14937991429827607,-0.04351519574378686,0.23514796484769973,-0.10615967202233029,-0.032195905494475166,37.0,38.66,3,1295.0,0.0,0.0,1237.0,0.0,0.0,3,0,0,0.06264977237109398,-0.07877571245764861,-0.023063502157619622,0.1854331892661293,-0.20375196972951845,-0.060451059813300165,0.19950476101101666,-0.21243643209919388,-0.0626493785905222,28.88,43.2,4,182.0,779.0,483.0,112.0,763.0,421.0,1,2,1,-0.04251730428110451,0.045994848707253504,0.015718463407615887,-0.10261411526754667,0.06891205344498862,0.03861755419867825,-0.16325413632724936,0.12122067691244648,0.045151919827615655
92,least_connections,4133,measured,399,318,10,medium,1,100.0,78.85,5,1333.0,359.0,0.0,1231.0,346.0,0.0,4,1,0,0.06058993398804474,-0.02072933017966444,-0.006394699912564104,0.3029195704680322,-0.13515325579367837,-0.03937089138723573,0.2127529205764902,-0.09604922706782265,-0.029129628780715625,48.4,48.59,4,1295.0,399.0,0.0,1237.0,318.0,0.0,3,1,0,0.05668312738337074,-0.02818936342540089,-0.02086697814260823,0.16777288552649794,-0.08120416308861193,-0.05469381602155729,0.18050430758139605,-0.1022936766611754,-0.056682771105710565,25.24,39.47,3,0.0,779.0,483.0,0.0,763.0,421.0,0,2,1,-0.08155193743347097,0.041614386925610314,0.014221466892604853,-0.1257746757182565,0.06234900073594209,0.03493969189404223,-0.18148390112147958,0.10967585053983253,0.04085173698689035
92,least_connections,4134,measured,440,448,20,heavy,2,100.0,78.85,5,1333.0,359.0,0.0,1231.0,346.0,0.0,4,1,0,0.054819464084421454,-0.01875510825779164,-0.005785680873272285,0.2740700875663149,-0.12228151714666141,-0.03562128268368947,0.19249073766444352,-0.08690168163279194,-0.02635537842064747,48.4,48.59,4,1295.0,399.0,0.0,1237.0,318.0,0.0,3,1,0,0.05128473429924019,-0.025504662146791285,-0.018879646890931256,0.15179451547635528,-0.07347043327064888,-0.049484881162361355,0.16331342114507263,-0.09255142174106344,-0.05128441195278575,34.04,54.4,4,0.0,779.0,923.0,0.0,763.0,869.0,0,2,2,-0.07378508624933088,0.037651111980314095,0.0559509417010189,-0.11379613517366065,0.05641100066585236,0.11123114980889534,-0.16419972006229105,0.09923053144080085,0.17207220648020238
92,least_connections,4135,measured,195,112,6,light,1,72.8,51.65,3,1092.0,0.0,0.0,1033.0,0.0,0.0,3,0,0,0.006514662516290626,-0.06005280769809266,-0.005234663647246353,0.10260309509968168,-0.32717534091047146,-0.03222877957095714,0.08458685788687742,-0.23514914052490699,-0.023845342380585808,53.97,52.09,5,1490.0,399.0,0.0,1349.0,318.0,0.0,4,1,0,0.08948437411654611,-0.023075646704239727,-0.017081585282271137,0.18774605822010376,-0.06647324914963469,-0.04477203533737456,0.17942642865506575,-0.08373700062286692,-0.04640018224299663,34.04,54.4,4,370.0,892.0,440.0,333.0,851.0,448.0,1,2,1,-0.023674034951208664,0.034065291791712755,0.007538380359878777,-0.03600602706188345,0.07148614345958071,0.01323770696995294,-0.048133080056358565,0.11631968717659757,0.028716123323357712
92,least_connections,4136,measured,372,342,14,medium,0,72.47,51.75,3,715.0,372.0,0.0,693.0,342.0,0.0,2,1,0,-0.03718968175963727,-0.011249592452469329,-0.0047361242522705104,-0.13456545363997052,-0.0716348322523313,-0.029159371992770747,-0.07727855714996801,-0.058039698570153925,-0.02157435739195859,53.97,52.09,5,1889.0,0.0,0.0,1667.0,0.0,0.0,5,0,0,0.12404595299887052,-0.06396186629249807,-0.015454767636340553,0.2730083383896177,-0.1632853206591933,-0.040508031971910316,0.2522489116402976,-0.16567276246830817,-0.04198111726747314,34.04,54.4,4,370.0,892.0,440.0,333.0,851.0,448.0,1,2,1,-0.02141936495585546,0.03082097828774011,0.006820439373223658,-0.03257688162741837,0.06467793932057302,0.011976972972814567,-0.04354897719384822,0.10524162173120732,0.02598125443541889
92,least_connections,4137,measured,422,422,16,heavy,0,100.0,72.85,4,715.0,372.0,422.0,693.0,342.0,422.0,2,1,1,-0.033647807306338484,-0.010178202695091301,0.03879883542708405,-0.12174969615044962,-0.06481246727591877,0.22815739359384235,-0.06991869456425676,-0.05251210823013927,0.17138510521679937,53.97,52.09,5,1889.0,0.0,0.0,1667.0,0.0,0.0,5,0,0,0.11223205271326381,-0.05787025997892683,-0.013982885004308119,0.24700754425727312,-0.14773433773927014,-0.036650124165061713,0.22822520576979305,-0.1498944041379931,-0.03798291562295189,34.04,54.4,4,370.0,892.0,440.0,333.0,851.0,448.0,1,2,1,-0.01937942543625018,0.027885647022241056,0.006170873718630926,-0.02947432147242615,0.05851813557575654,0.010836308880165568,-0.03940145555633885,0.09521861013775901,0.02350684925109328
92,least_connections,4138,measured,169,123,5,light,0,88.13,61.65,4,528.0,372.0,422.0,469.0,342.0,422.0,2,1,1,-0.03044325422954433,-0.009208850057463552,0.03510370824355223,-0.2229481377869148,-0.05863985134487887,0.2064281180134764,-0.1645931046057561,-0.0475109550653641,0.15506271424377085,28.77,26.06,3,1007.0,0.0,0.0,834.0,0.0,0.0,3,0,0,0.015375485334676336,-0.05235880664760047,-0.012651181670564489,-0.004516983767229088,-0.1336644008117206,-0.03315963614934155,-0.029031361446377746,-0.13561874660104137,-0.03436549508743266,34.04,54.4,4,370.0,892.0,440.0,333.0,851.0,448.0,1,2,1,-0.017533765870893017,0.025229871115360958,0.0055831714597136956,-0.026667243236957003,0.05294497980663687,0.009804279463006951,-0.035648935979544674,0.08615017107702005,0.021268101703370096
92,least_connections,4139,measured,415,444,16,heavy,1,88.13,61.65,4,528.0,794.0,0.0,469.0,764.0,0.0,2,2,0,-0.027543896683873442,0.03475208350809987,-0.011323402292114869,-0.2017149818072086,0.201484578941935,-0.06777138528939436,-0.14891757083377932,0.14791865970276583,-0.05060992520801684,28.83,27.31,3,594.0,0.0,415.0,430.0,0.0,444.0,2,0,1,-0.029172746828716872,-0.04737225363354328,0.031637593001008546,-0.11084869959892157,-0.12093445787727101,0.07727733600093588,-0.14049266035624655,-0.12270267549618029,0.09444312349232284,34.04,54.4,4,779.0,483.0,440.0,763.0,421.0,448.0,2,1,1,0.027220016819758927,-0.020256873979526024,0.005051440844502861,0.049882018023705565,-0.026106923032090446,0.008870538561768199,0.09742874046295166,-0.05173714680333105,0.019242568207811034
92,least_connections,4140,measured,175,125,4,light,1,88.13,61.65,4,528.0,794.0,0.0,469.0,764.0,0.0,2,2,0,-0.024920668428266457,0.03144236126923322,-0.010244983026199167,-0.182504031158903,0.1822955714236555,-0.061316967642785374,-0.13473494504008604,0.1338311683025024,-0.045789932331062856,33.83,31.22,4,769.0,0.0,415.0,555.0,0.0,444.0,3,0,1,0.016689510238870664,-0.04286061043034869,0.0286244889056744,-0.05505358535140517,-0.10941689046038806,0.06991758971513246,-0.09177014508422307,-0.11101670640130598,0.08544854030257781,34.04,54.4,4,779.0,923.0,0.0,763.0,869.0,0.0,2,2,0,0.024627634265496176,0.024756252340519536,-0.038513548986492875,0.04513134964049552,0.055998498209061,-0.07159332225363829,0.0881498127998134,0.08830131162238303,-0.11770116844690114
92,least_connections,4141,measured,375,345,11,medium,0,100.0,78.9,5,528.0,1169.0,0.0,469.0,1109.0,0.0,2,3,0,-0.022547271435098215,0.07153175089892076,-0.009269270357037342,-0.16512269485805509,0.39112456462140255,-0.05547725643871058,-0.12190304551245879,0.27715677132131167,-0.041428986394771154,28.26,27.72,3,574.0,415.0,0.0,443.0,444.0,0.0,2,1,0,-0.027983867153493436,0.004305252694537132,-0.017185553121623388,-0.1002185500118156,0.00828267733856046,-0.044020139917601245,-0.1146967979333447,0.02509202754167554,-0.04822513020242961,34.04,54.4,4,779.0,923.0,0.0,763.0,869.0,0.0,2,2,0,0.022282145287829874,0.022398514022374805,-0.03484559194016022,0.040833125865210235,0.05066530790343615,-0.06477491061043465,0.0797545925331645,0.07989166289644178,-0.10649153335672007
92,least_connections,4142,measured,380,328,12,medium,1,89.2,61.6,4,169.0,1169.0,0.0,123.0,1109.0,0.0,1,3,0,-0.0634838124775605,0.06471920319426164,-0.008386482703986167,-0.36593640645887515,0.35387460608603083,-0.05019370820645243,-0.26681704117793886,0.2507608883383296,-0.03748336864288819,39.11,37.97,4,574.0,795.0,0.0,443.0,772.0,0.0,2,2,0,-0.025318736948398812,0.04697912885514811,-0.015548833776706874,-0.09067392620116652,0.10572514344237104,-0.03982774563973446,-0.10377329336826424,0.11544040587103976,-0.04363226065934108,26.64,43.3,3,892.0,440.0,0.0,851.0,448.0,0.0,2,1,0,0.020160036212798466,-0.022818578016037303,-0.03152696413633544,0.05739187578280926,-0.041559959515938716,-0.05860587150467897,0.09869859959349803,-0.05468532087147332,-0.09634948256084197
92,least_connections,4143,measured,160,104,5,light,2,77.93,55.45,3,372.0,797.0,0.0,342.0,767.0,0.0,1,2,0,-0.05743773509874521,0.015471569329955553,-0.007587770065511294,-0.20864087568501405,0.09579131026831361,-0.04541335504393315,-0.142334465827659,0.07216461325848872,-0.03391352401023217,27.71,28.03,3,175.0,795.0,0.0,125.0,772.0,0.0,1,2,0,-0.06599132889435629,0.042504926107038765,-0.014067992464639552,-0.18518117132486495,0.09565608216214522,-0.0360346270073788,-0.18380083685700097,0.10444608150236931,-0.03947680726321336,29.84,46.77,4,1052.0,440.0,0.0,955.0,448.0,0.0,3,1,0,0.06132393299071788,-0.020645380109748035,-0.028524396123351115,0.08087836380349409,-0.03760186813346836,-0.053024359932804785,0.1206638123306252,-0.049477195074190156,-0.0871733413645713
92,least_connections,4144,measured,376,341,11,medium,0,100.0,72.5,4,372.0,1173.0,0.0,342.0,1108.0,0.0,1,3,0,-0.05196747461315042,0.057081986763383816,-0.006865125297367361,-0.18877031609596506,0.31346197913164886,-0.04108827361117761,-0.12877880241550102,0.21955369771006122,-0.03068366458068625,22.71,24.12,2,0.0,795.0,0.0,0.0,772.0,0.0,0,2,0,-0.10279034065498448,0.038456837906368405,-0.012728183658483404,-0.21278296453202067,0.08654597909908376,-0.03260275776858082,-0.2016382571563342,0.0944988356450008,-0.03571711133338351,29.84,46.77,4,1052.0,440.0,0.0,955.0,448.0,0.0,3,1,0,0.055483558420173315,-0.018679153432629172,-0.025807786968746246,0.07317566248887561,-0.034020737835042794,-0.04797442089158528,0.10917202068008947,-0.04476508125760062,-0.07887111837746928
92,least_connections,4145,measured,479,430,12,heavy,1,100.0,72.5,4,747.0,798.0,0.0,687.0,763.0,0.0,2,2,0,-0.003934291089902536,0.008561706844875616,-0.0062113038404752316,0.055398285436983996,0.057417981119110895,-0.03717510469582736,0.0395572740050229,0.04257239316624584,-0.027761410811097082,36.4,37.56,3,0.0,1274.0,0.0,0.0,1202.0,0.0,0,3,0,-0.09300078440212882,0.07787818214204306,-0.011515975691008795,-0.19251792029087583,0.20212663415087168,-0.02949773321919217,-0.18243461361763572,0.20707632748833407,-0.03231548168258508,29.84,46.77,4,1052.0,440.0,0.0,955.0,448.0,0.0,3,1,0,0.05019940999920443,-0.016900186439045436,-0.02334990249553232,0.06620655177564935,-0.030780667565038722,-0.04340542842572002,0.09877468537722378,-0.040501740185448165,-0.07135958329390078
92,least_connections,4146,measured,186,122,7,light,1,100.0,72.5,4,1169.0,376.0,0.0,1109.0,341.0,0.0,3,1,0,0.03952430352636936,-0.035337594033774664,-0.0056197510937633045,0.3046619407921919,-0.20259008057477274,-0.033634618534319996,0.226694676480735,-0.15238688237339662,-0.025117466924325933,41.71,41.38,4,186.0,1274.0,0.0,122.0,1202.0,0.0,1,3,0,-0.04105966661326395,0.07046121241422944,-0.01041921610138891,-0.12610124761011215,0.1828764785174553,-0.02668842529355482,-0.1305658408921466,0.18735477248944513,-0.029237816760434118,21.66,32.43,3,643.0,440.0,0.0,525.0,448.0,0.0,2,1,0,0.0023346135820466463,-0.015290644873422063,-0.021126102257862576,-0.014108357917269637,-0.027849175415987415,-0.03927157809946097,-0.04031496719838487,-0.03664443159635786,-0.06456343250400547
92,least_connections,4147,measured,430,408,17,heavy,2,100.0,72.5,4,1169.0,376.0,0.0,1109.0,341.0,0.0,3,1,0,0.035760084142905615,-0.031972108887700884,-0.005084536703881085,0.27564651785960215,-0.18329578718669914,-0.030431321531051426,0.20510470729209357,-0.13787384595688265,-0.022725327217247272,41.71,41.38,4,566.0,894.0,0.0,450.0,874.0,0.0,2,2,0,0.005934678052851888,0.02066672052897403,-0.009426909806018537,-0.015860312463570864,0.06722837852259564,-0.024146670503692458,-0.02539290366432312,0.07677336558568845,-0.026453262783249918,30.26,46.03,4,1083.0,0.0,430.0,973.0,0.0,408.0,3,0,1,0.045196169658132904,-0.05691829320747257,0.023969807707738846,0.06685434283675604,-0.1048159206144648,0.042278096005249594,0.09863566459828668,-0.1682655968411492,0.0646330848773284
92,least_connections,4148,measured,462,422,16,heavy,0,100.0,93.6,5,1545.0,0.0,462.0,1450.0,0.0,422.0,4,0,1,0.07543826207033864,-0.07201104636324865,0.0384836051137221,0.4490452621904337,-0.39263269634352144,0.2511335662338106,0.3398328304071323,-0.2790049082467034,0.1703437515653477,41.71,41.38,4,981.0,479.0,0.0,894.0,430.0,0.0,3,1,0,0.04845337084600432,-0.024385438795780853,-0.00852910887211201,0.09292910504996651,-0.04645323575846794,-0.02184698759857889,0.10256118239894574,-0.05607409780342476,-0.023933904422940404,27.06,42.57,3,923.0,0.0,430.0,869.0,0.0,408.0,2,0,1,-0.002192127678922823,-0.051497503378189466,0.021686968878430385,0.031534881614207866,-0.09483345198451577,0.0382516106714163,0.057876712414322934,-0.1522403019038969,0.0584775529842495
92,least_connections,4149,measured,388,332,12,medium,2,100.0,93.6,5,1545.0,0.0,462.0,1450.0,0.0,422.0,4,0,1,0.06825366568268734,-0.06515285147151069,0.03481849986479618,0.40627904674372584,-0.35523910621556704,0.22721608373535246,0.3074677989397864,-0.2524330122232078,0.15412053713055268,41.71,41.38,4,981.0,479.0,0.0,894.0,430.0,0.0,3,1,0,0.0438387640987658,-0.02206301605332553,-0.007716812789053723,0.08407871409282686,-0.04202911806718529,-0.01976632211299995,0.09279345074190329,-0.05073370753643194,-0.021654484954088938,25.16,39.6,3,440.0,388.0,430.0,448.0,332.0,408.0,1,1,1,-0.045067253841020866,-0.0035090790201759564,0.019621543270960825,-0.0588684404442881,-0.01559217084313333,0.03460860013128142,-0.07460360940291416,-0.037614241405113075,0.05290826222384479
92,least_connections,4150,measured,466,422,15,heavy,2,100.0,76.5,4,1173.0,462.0,0.0,1108.0,422.0,0.0,3,1,0,0.018669416343293083,-0.015863917771276118,-0.011581447968132248,0.17034770895860907,-0.04274014371884638,-0.07309020995372872,0.12347086570742583,-0.03748701105909277,-0.05146237116759519,41.71,41.38,4,1460.0,0.0,0.0,1324.0,0.0,0.0,4,0,0,0.08274754393516452,-0.06304567665595666,-0.006981878237715273,0.1998943467642583,-0.16184947416963022,-0.01788381524509519,0.20553336019505536,-0.1674793068186765,-0.019592153053699515,34.48,53.67,4,440.0,818.0,466.0,448.0,740.0,422.0,1,2,1,-0.0407751344275903,0.039909019208502934,0.01775282486420265,-0.05326192230673685,0.06370232161811747,0.03782682869020701,-0.06749850374549377,0.08901568634775486,0.05209160232951035
92,least_connections,4151,measured,430,408,16,heavy,0,100.0,96.9,5,1173.0,462.0,430.0,1108.0,422.0,408.0,3,1,1,0.016891376691550886,-0.014353068459726018,0.03260544730320914,0.15412411762921774,-0.03866965384086102,0.19323584178789627,0.11171173564005193,-0.03391681952965536,0.138010235610271,41.71,41.38,4,1460.0,0.0,0.0,1324.0,0.0,0.0,4,0,0,0.07486682546514885,-0.0570413264982465,-0.006316937453170962,0.18085678992956702,-0.14643523853442733,-0.016180594745562316,0.18595875446219295,-0.15152889664546923,-0.017726233715251942,34.48,53.67,4,440.0,1284.0,0.0,448.0,1162.0,0.0,1,3,0,-0.03689178829162931,0.07919206046302192,-0.027021820587716874,-0.048189358277523825,0.1419592433687729,-0.05009953594695557,-0.061070074817351494,0.20780784320352422,-0.0801393439240938
92,least_connections,4152,measured,465,431,18,heavy,1,100.0,79.65,4,798.0,462.0,430.0,763.0,422.0,408.0,2,1,1,-0.027801226077258934,-0.012986109558799724,0.029500166607665416,-0.08674484595451726,-0.0349868296655409,0.17483242828428708,-0.054998905849476865,-0.03068664624111675,0.12486640364738805,55.0,54.84,5,1460.0,0.0,465.0,1324.0,0.0,431.0,4,0,1,0.06773665161132515,-0.05160881921269922,0.037368575864364595,0.16363233374579877,-0.13248902534067236,0.10556449591047765,0.16824839689436505,-0.13709757315542453,0.105822098067153,34.48,53.67,4,440.0,1284.0,0.0,448.0,1162.0,0.0,1,3,0,-0.033378284644807465,0.07164995946654365,-0.024448313865077172,-0.04359989558442631,0.12843931542888978,-0.04532815157105504,-0.055253877215698965,0.1880166200412838,-0.07250702545513249
92,least_connections,4153,measured,368,309,13,medium,0,100.0,74.0,4,376.0,1260.0,0.0,341.0,1139.0,0.0,1,3,0,-0.0682373904871345,0.07441846323364831,-0.016393273296012468,-0.3330231145937696,0.4496785826835582,-0.10118335853643867,-0.2406656767209552,0.29659303435327533,-0.0715970633666489,49.69,51.03,4,1274.0,0.0,465.0,1202.0,0.0,431.0,3,0,1,0.018201641707298724,-0.046693693573394535,0.03380966387728225,0.09996666930742337,-0.119871022927275,0.09551073439519406,0.11773069242823503,-0.12404066142633649,0.09574380301313842,34.48,53.67,4,440.0,1284.0,0.0,448.0,1162.0,0.0,1,3,0,-0.03019940039292103,0.0648261538030633,-0.022119903020784107,-0.03944752457638573,0.11620699967375742,-0.041011184754764084,-0.04999160319515619,0.17011027527544725,-0.06560159445940558
92,least_connections,4154,measured,400,405,16,heavy,0,100.0,94.25,5,376.0,1260.0,400.0,341.0,1139.0,405.0,1,3,1,-0.06173859139312168,0.06733099054472942,0.02825189105417466,-0.3013066274896011,0.4068520509994098,0.14972299307020628,-0.21774513608086424,0.26834607870058247,0.11843599028731769,38.83,40.78,3,894.0,0.0,465.0,874.0,0.0,431.0,2,0,1,-0.02661574820586804,-0.04224667513783315,0.030589695888969655,-0.007785258381718951,-0.10845473502943928,0.08641447397660415,0.01378015029221269,-0.11222726510001874,0.08662534558331572,25.68,38.73,3,388.0,896.0,0.0,332.0,830.0,0.0,1,2,0,-0.027323267022166642,0.015568334166490366,-0.02001324559023324,-0.045100141283396594,0.03493014256197102,-0.037105357635262744,-0.08021462511307784,0.053782312550801514,-0.059353823558509815
92,least_connections,4155,measured,457,427,17,heavy,1,100.0,77.2,4,0.0,1260.0,400.0,0.0,1139.0,405.0,0,3,1,-0.09894262577291509,0.06091851525475518,0.025561234763300883,-0.49940440899852795,0.36810423661851366,0.1354636603968533,-0.35126940883506763,0.242789309300527,0.107156372164716,40.03,40.25,3,479.0,0.0,922.0,430.0,0.0,858.0,1,0,2,-0.06716481527016178,-0.03822318226756333,0.07076029174534895,-0.11432271676713351,-0.09812571264568316,0.1963205784958391,-0.11306795925942664,-0.10153895413811219,0.19910447933728564,25.68,38.73,3,388.0,896.0,0.0,332.0,830.0,0.0,1,2,0,-0.02472105111529363,0.014085635674443653,-0.018107222200687216,-0.04080488973259691,0.031603462317973785,-0.033571514050952,-0.07257513700707044,0.04866018754596327,-0.05370107845769936
92,least_connections,4156,measured,182,122,6,light,1,100.0,77.2,4,0.0,1660.0,0.0,0.0,1544.0,0.0,0,4,0,-0.08951951855644698,0.09820065212391682,-0.019957068774247046,-0.45184208433200146,0.4778085950357981,-0.11870748186316446,-0.31781517942220405,0.40288080365285783,-0.08626328232716172,45.23,44.06,4,661.0,465.0,457.0,552.0,431.0,427.0,2,1,1,-0.01768426597005568,0.008501021032295303,0.020937316114272644,-0.056387219932168414,0.03142367495322544,0.05741929891120137,-0.06780553456805269,0.02999154149408896,0.05828202892421082,25.68,38.73,3,388.0,896.0,0.0,332.0,830.0,0.0,1,2,0,-0.022366665294789465,0.012744146562591874,-0.016382724848240816,-0.03691870975806388,0.028593608763881034,-0.030374226998480382,-0.06566321919687326,0.04402588397015725,-0.04858669003315656
92,least_connections,4157,measured,453,446,20,heavy,2,100.0,77.2,4,462.0,1198.0,0.0,422.0,1122.0,0.0,1,3,0,-0.03790994989574227,0.0457643088377388,-0.01805639555765209,-0.13014283820514416,0.25014428439746816,-0.10740200740000594,-0.09664230519151798,0.17360644140020476,-0.0780477316293368,31.54,30.63,3,182.0,465.0,457.0,122.0,431.0,427.0,1,1,1,-0.05908395039014107,0.007691399981600511,0.01894328600815144,-0.17484013776175783,0.028430944005299205,0.05195079425299172,-0.18292524556157147,0.027135204208937627,0.0527313595028574,34.74,53.6,4,818.0,466.0,453.0,740.0,422.0,446.0,2,1,1,0.022847393531471666,-0.03155348190822185,0.02826143488787282,0.04440688164746601,-0.05193911588029812,0.054489985096612986,0.06363803977425755,-0.08321467640795299,0.09054855028746152
92,least_connections,4158,measured,363,309,8,medium,1,100.0,77.2,4,462.0,1198.0,0.0,422.0,1122.0,0.0,1,3,0,-0.034299478477100145,0.041405803234144625,-0.016336738837875703,-0.11774828218560662,0.22632101921675685,-0.09717324479048156,-0.08743827612565916,0.15707249460018524,-0.07061461433130473,41.91,40.28,4,182.0,1285.0,0.0,122.0,1167.0,0.0,1,3,0,-0.05345690749584192,0.0931266861511533,-0.02594473669557273,-0.15818869607016187,0.23769602416805985,-0.07113295485953809,-0.16550379360332657,0.23264613714141977,-0.07301984140217663,34.74,53.6,4,1284.0,0.0,453.0,1162.0,0.0,446.0,3,0,1,0.06375535151713649,-0.07163228861991047,0.025569869660456362,0.12450146434770731,-0.13131634293931735,0.049300462706459366,0.18484711535131235,-0.20255931040084635,0.0819248788315128
92,least_connections,4159,measured,371,301,10,medium,0,100.0,92.25,5,830.0,1201.0,0.0,731.0,1114.0,0.0,2,3,0,0.01205103874747629,0.037462393402321326,-0.014780858948554207,0.1154340938955623,0.20657616024373238,-0.08791865004853093,0.06067489302916551,0.13849416178111995,-0.06388941296641856,41.91,40.28,4,545.0,922.0,0.0,431.0,858.0,0.0,2,2,0,-0.005281873221861522,0.041173577719524186,-0.023473809391232472,-0.04928637127436414,0.12122157288674798,-0.06435838773005828,-0.062375456117295475,0.12312329074699885,-0.06606557079244552,34.74,53.6,4,1284.0,0.0,453.0,1162.0,0.0,446.0,3,0,1,0.057683413277409196,-0.06481016589420471,0.023134643978508136,0.11264418202887805,-0.11881002456414427,0.04460518054393942,0.16724262817499688,-0.18326794750552766,0.07412250941898776
92,least_connections,4160,measured,359,319,13,medium,1,100.0,92.25,5,1260.0,771.0,0.0,1139.0,706.0,0.0,3,2,0,0.05398722099828353,-0.009189353815133305,-0.013373158096310948,0.36380545003249287,-0.07246283914455953,-0.07954544528200418,0.23946776035972117,-0.059267186959939155,-0.057804706969616794,52.17,50.25,5,545.0,1281.0,0.0,431.0,1177.0,0.0,2,3,0,-0.004778837676922332,0.0803361848301364,-0.021238208496829378,-0.04459243115299613,0.20247938227168355,-0.058229017470052734,-0.05643493648707687,0.20159071543776086,-0.059773611669355464,34.74,53.6,4,1284.0,0.0,453.0,1162.0,0.0,446.0,3,0,1,0.052189754870036895,-0.058637769142375694,0.02093134455198355,0.10191616469279444,-0.10749478412946387,0.04035706811118329,0.15131475882499718,-0.16581385726690598,0.06706322280765559
92,least_connections,4161,measured,384,344,8,medium,2,100.0,92.25,5,1260.0,771.0,0.0,1139.0,706.0,0.0,3,2,0,0.04884558090320891,-0.00831417726131109,-0.012099523991900382,0.3291573119341602,-0.06556161636888724,-0.07196968858847996,0.21666130699212865,-0.05362269296375444,-0.052299496782034244,52.17,50.25,5,545.0,1281.0,0.0,431.0,1177.0,0.0,2,3,0,-0.0043237102791202076,0.07268511960821865,-0.01921552197332182,-0.040345532947948876,0.18319563157914226,-0.05268339675861914,-0.0510601806311648,0.18239159968178364,-0.054080886748464466,34.66,54.0,4,896.0,384.0,453.0,830.0,344.0,446.0,2,1,1,0.004135401798514099,-0.00996931947348731,0.018937883166080357,0.022000339483956882,-0.027771471355229227,0.03651353781488011,0.036776845286108584,-0.04627602959069271,0.06067624920692648
92,least_connections,4162,measured,386,314,12,medium,2,100.0,92.25,5,1631.0,400.0,0.0,1440.0,405.0,0.0,4,1,0,0.08727752104394638,-0.0506062510822293,-0.010947188373624156,0.442570901273764,-0.28309543068296156,-0.06511543253243425,0.33219356346906875,-0.1846824364910159,-0.04731859232660241,46.97,46.44,4,363.0,1281.0,0.0,309.0,1177.0,0.0,1,3,0,-0.046995828574532786,0.06576272726457877,-0.017385472261576884,-0.08355072028623946,0.1657484285716049,-0.047665930400655414,-0.0806913539043872,0.1650209711406614,-0.04893032610575356,42.38,64.47,5,1280.0,386.0,453.0,1174.0,314.0,446.0,3,1,1,0.04682545423493678,-0.009019860476012331,0.017134275245501276,0.08939078334262765,-0.02476466455949311,0.033036058022986765,0.1370203203382252,-0.050916407724912446,0.0548975588062668
92,least_connections,4163,measured,378,334,11,medium,1,100.0,92.25,5,2031.0,0.0,0.0,1845.0,0.0,0.0,5,0,0,0.12204927640937553,-0.08887050834877436,-0.00990459900470757,0.4004212916286436,-0.4974038023639493,-0.058913962767440514,0.4837703669482051,-0.3503079187299668,-0.042812059724068846,57.77,56.88,5,828.0,1194.0,0.0,740.0,1080.0,0.0,2,3,0,0.000563864849799145,0.05949961038223793,-0.015729712998569564,0.044610572802245924,0.12747306802737043,-0.04312631798154538,0.04885365599126873,0.12187909293678892,-0.04427029504806275,42.38,64.47,5,1280.0,839.0,0.0,1174.0,760.0,0.0,3,2,0,0.0423658871649428,0.03492307408179383,-0.027581460718922878,0.08087737540523454,0.05956530349379194,-0.05208166178872626,0.123970766020299,0.08844071047111096,-0.08483871663559989
92,least_connections,4164,measured,200,117,8,light,0,100.0,77.0,5,1569.0,200.0,0.0,1423.0,117.0,0.0,4,1,0,0.06734163557220145,-0.03732275018403848,-0.008961303861402087,0.36228593052115377,-0.3293970910277002,-0.053303109170541416,0.24679223676266177,-0.26401668837473186,-0.03873472070272896,57.77,56.88,5,828.0,1194.0,0.0,740.0,1080.0,0.0,2,3,0,0.0005101634355325624,0.0538329808220248,-0.01423164509394389,0.04036194682107963,0.11533277583428753,-0.03901904960235058,0.04420092684924312,0.11027156027614235,-0.04005407647205678,33.78,50.87,4,850.0,839.0,0.0,766.0,760.0,0.0,2,2,0,-0.004752859458475783,0.0315970670263849,-0.02495465493616832,-0.004634755585740169,0.053892417446764124,-0.04712150352313328,-0.010883592648300855,0.08001778566433848,-0.07675883886078085
92,least_connections,4165,measured,393,303,10,medium,2,100.0,77.0,5,1769.0,0.0,0.0,1540.0,0.0,0.0,5,0,0,0.10401204669684438,-0.07685210277422075,-0.008107846350792364,0.32778250856675817,-0.41866086013617315,-0.048226622582870804,0.27621678564240826,-0.29180081329142404,-0.03504569968342144,57.77,56.88,5,1285.0,737.0,0.0,1167.0,653.0,0.0,3,2,0,0.043545476668429686,0.005622130040788875,-0.012876250323092092,0.15465400630750742,-0.013787352476460929,-0.03530294964022195,0.16072048143502948,-0.020959659750156956,-0.03623940252233709,32.32,46.9,4,384.0,1232.0,0.0,344.0,1063.0,0.0,1,3,0,-0.047384106403473555,0.07167172277443895,-0.022578021132723718,-0.0885171598156697,0.11987409197564372,-0.042633741282834876,-0.13711690128497064,0.16377799655344907,-0.06944847325499219
92,least_connections,4166,measured,192,100,3,light,2,93.4,61.55,4,1401.0,0.0,0.0,1231.0,0.0,0.0,4,0,0,0.051022237260863745,-0.06953285489096163,-0.007335670507859758,0.23685084108420973,-0.37878839726606145,-0.04363361090831168,0.11012471081932185,-0.26401025964462177,-0.031708013999286064,47.4,47.22,4,1281.0,378.0,0.0,1177.0,334.0,0.0,3,1,0,0.03939828841429352,-0.0379972111422341,-0.011649940768511892,0.13889103972039785,-0.10527699237666192,-0.03194076396020081,0.14824114986978856,-0.10915695405966583,-0.03278803085354308,36.16,50.23,5,576.0,1232.0,0.0,444.0,1063.0,0.0,2,3,0,0.00021256586170986802,0.06484584441496857,-0.02042773340579765,-0.045344096976082104,0.10845751178748717,-0.038573384970183935,-0.09389941862290996,0.14818009211978725,-0.06283433294499294
92,least_connections,4167,measured,390,348,10,medium,0,90.73,58.55,4,971.0,390.0,0.0,823.0,348.0,0.0,3,1,0,0.003079076342595549,-0.019826778007922194,-0.006637035221396924,-0.045071461241270594,-0.10747521657405557,-0.0394780289170439,-0.08493478544918504,-0.08143785396418163,-0.0286882031422112,47.4,47.22,4,1659.0,0.0,0.0,1511.0,0.0,0.0,4,0,0,0.07872997069683246,-0.07746232935544536,-0.010540422600082188,0.2233776073660742,-0.1929648978645989,-0.028898786440181685,0.2285574689298087,-0.19319557748255478,-0.02966536124844374,36.16,50.23,5,962.0,846.0,0.0,758.0,749.0,0.0,3,2,0,0.043276221720685334,0.01558614948202372,-0.018482234986197874,0.028822007497830482,0.02828060590296455,-0.03489972925873785,0.009741795849113194,0.039369289695680515,-0.05685011075975552
92,least_connections,4168,measured,434,435,14,heavy,0,100.0,80.3,5,971.0,824.0,0.0,823.0,783.0,0.0,3,2,0,0.0027858309766340683,0.025145386791018243,-0.006004936628882931,-0.04077894112305436,0.164538296115537,-0.035718216639230194,-0.07684575826354834,0.12310384641335953,-0.025955993319143465,47.4,47.22,4,1659.0,0.0,0.0,1511.0,0.0,0.0,4,0,0,0.07123187824951509,-0.07008496465492677,-0.00953657282864579,0.2021035495216862,-0.1745872885441609,-0.026146521064926286,0.2067900909364936,-0.17479599867469242,-0.026840088748591954,36.16,50.23,5,1355.0,453.0,0.0,1061.0,446.0,0.0,4,1,0,0.08223857702166315,-0.028982145933497808,-0.016722022130369506,0.09719134011708475,-0.045527070849698745,-0.03157594551981043,0.10019495814919765,-0.05576111884676524,-0.05143581449692166
92,least_connections,4169,measured,358,307,5,medium,1,94.93,65.25,4,600.0,824.0,0.0,522.0,783.0,0.0,2,2,0,-0.0405633864859932,0.0227505880490165,-0.005433037902322651,-0.26067301022244593,0.14886798219977154,-0.03231648172120827,-0.20569378128606752,0.11137967056446813,-0.023483993955415516,57.63,56.81,5,2017.0,0.0,0.0,1818.0,0.0,0.0,5,0,0,0.10753179007155672,-0.0634102061163623,-0.00862832779734619,0.2753998101114576,-0.15795992773043127,-0.023656376201599973,0.2738963917996847,-0.1581487607056741,-0.024283889820154624,24.64,35.43,3,779.0,453.0,0.0,617.0,446.0,0.0,2,1,0,-0.011761468862486163,-0.02622194155887897,-0.015129448594143838,-0.016293549417875725,-0.041191159340203634,-0.02856871261316182,-0.04325218072215453,-0.05045053609945427,-0.04653716549721484
92,least_connections,4170,measured,153,117,4,light,2,68.27,45.0,3,590.0,434.0,0.0,465.0,435.0,0.0,2,1,0,-0.036700206820660525,-0.02250003484907577,-0.004915605721149066,-0.24187875528062563,-0.10054801610496861,-0.02923872155728367,-0.21188961163977535,-0.05665648853690977,-0.0212474231025188,44.34,43.34,4,1552.0,0.0,0.0,1387.0,0.0,0.0,4,0,0,0.05420676698084159,-0.057371138867184944,-0.00780658229283703,0.12896717513485623,-0.14291612508943782,-0.021403387991923786,0.12595090210447663,-0.14308697397180037,-0.021971138408711326,27.7,39.33,4,1385.0,0.0,0.0,1180.0,0.0,0.0,4,0,0,0.07552647148269392,-0.06680851401812406,-0.013688548728034901,0.09491536005049342,-0.11923962035542233,-0.02584788284047974,0.1306607253783681,-0.180153659645538,-0.04210505449748009
92,least_connections,4171,measured,172,125,5,light,0,79.73,51.25,4,762.0,434.0,0.0,590.0,435.0,0.0,3,1,0,0.009878951198540709,-0.020357174387259022,-0.004447452795325346,-0.11509665160310578,-0.09097201457116205,-0.026454081408970938,-0.13516202957884443,-0.05126063248577553,-0.01922385899751701,44.34,43.34,4,1552.0,0.0,0.0,1387.0,0.0,0.0,4,0,0,0.04904421774457096,-0.051907220879833994,-0.007063098264947789,0.1166845870267747,-0.1293050655571104,-0.019364970087931043,0.11395557809452644,-0.1294596431173432,-0.019878649036453106,27.7,39.33,4,1385.0,0.0,0.0,1180.0,0.0,0.0,4,0,0,0.06833347419862784,-0.060445798397350335,-0.012384877420603006,0.08587580195044642,-0.1078834660358583,-0.023386179712815005,0.11821684677090444,-0.16299616825072485,-0.03809504930724389
92,least_connections,4172,measured,359,321,12,medium,0,90.33,61.45,4,562.0,793.0,0.0,473.0,756.0,0.0,2,2,0,-0.03414580152331578,0.02466550435257063,-0.004023885862437218,-0.224769986371064,0.13423166935625014,-0.023934645084307038,-0.17521802676181158,0.09883561822715548,-0.01739301528346777,31.29,30.0,3,1095.0,0.0,0.0,960.0,0.0,0.0,3,0,0,0.0012894396373782646,-0.04696367603413552,-0.006390422239714666,-0.012564285207067871,-0.11699029740881418,-0.017520687222413803,-0.017626500771618925,-0.11713015329664385,-0.017985444366314714,27.7,39.33,4,1385.0,0.0,0.0,1180.0,0.0,0.0,4,0,0,0.061825524274949,-0.05468905569284078,-0.011205365285307483,0.07769715414564199,-0.09760885022291942,-0.021158924502070717,0.10695809945938972,-0.14747272365541772,-0.03446694937322066
92,least_connections,4173,measured,466,429,18,heavy,1,90.33,61.45,4,562.0,793.0,0.0,473.0,756.0,0.0,2,2,0,-0.030893820425857144,0.022316408699944862,-0.003640658637443197,-0.20336332100239124,0.12144770084613105,-0.021655155076277795,-0.15853059564163902,0.08942270220552162,-0.01573653763742322,34.34,33.44,3,736.0,0.0,466.0,641.0,0.0,429.0,2,0,1,-0.04191726436436749,-0.042490944983265465,0.03730208962892029,-0.10417040770435387,-0.10584836432226045,0.10461053468992493,-0.10614123879336945,-0.10597490060172539,0.10502209795428669,27.7,39.33,4,1385.0,0.0,0.0,1180.0,0.0,0.0,4,0,0,0.05593737910590624,-0.04948057419828451,-0.010138187639087722,0.07029742517939036,-0.08831276924930805,-0.01914378883520684,0.09677161379659066,-0.13342770235490176,-0.031184382766247264
92,least_connections,4174,measured,450,414,13,heavy,1,90.33,61.45,4,562.0,793.0,0.0,473.0,756.0,0.0,2,2,0,-0.02795155181387074,0.02019103644280726,-0.003293929243400988,-0.18399538566883017,0.10988125314649949,-0.01959275935472753,-0.14343244367576863,0.08090625437642435,-0.014237819767192437,26.17,26.34,2,0.0,450.0,466.0,0.0,414.0,429.0,0,1,1,-0.12409294440222818,0.0046397119085647975,0.03374950966426121,-0.28450791989577595,0.020558962892104474,0.0946476266242178,-0.27726766843209616,0.02117151850320083,0.09501999338721176,16.92,24.97,2,846.0,0.0,0.0,749.0,0.0,0.0,2,0,0,-0.035557790786266225,-0.04476813856035265,-0.009172645959174606,-0.033930901028170674,-0.07990202932080252,-0.017320570850901426,-0.04242885735864019,-0.1207203021306254,-0.02821444155041419
92,least_connections,4175,measured,438,430,13,heavy,1,90.33,61.45,4,996.0,359.0,0.0,908.0,321.0,0.0,3,1,0,0.017794400966588603,-0.02481581963564604,-0.0029802216964104175,0.09530576217264575,-0.16236140588332582,-0.017726782273324908,0.06701350334097128,-0.12358481746894942,-0.01288183693222173,38.69,39.78,3,0.0,888.0,466.0,0.0,844.0,429.0,0,2,1,-0.11227456874487311,0.047281734810696946,0.030535270648617288,-0.2574119275247497,0.13182545622210814,0.08563356694572086,-0.2508612238195156,0.14073256436003884,0.0859704702074773,9.06,14.87,1,453.0,0.0,0.0,446.0,0.0,0.0,1,0,0,-0.0752552347476649,-0.04050450631650954,-0.008299060629729406,-0.10181367235882109,-0.07229231224263086,-0.0156709926746251,-0.1297689661816268,-0.10922313049913727,-0.025527351878946173
92,least_connections,4176,measured,382,331,14,medium,2,78.87,55.2,3,824.0,359.0,0.0,783.0,321.0,0.0,2,1,0,-0.02698420411412958,-0.022452408241774982,-0.0026963910586570443,-0.01751700882792373,-0.1468984148468186,-0.016038517294913013,0.004083645879926434,-0.11181483485285901,-0.011654995319629184,38.69,39.78,3,0.0,888.0,466.0,0.0,844.0,429.0,0,2,1,-0.10158175267393282,0.042778712447773426,0.027627149634463263,-0.23289650585572588,0.11927065086762167,0.0774779891413665,-0.22696967869384743,0.1273294629924161,0.07778280637819376,16.7,25.9,2,453.0,382.0,0.0,446.0,331.0,0.0,1,1,0,-0.06808806953360158,0.006436965940391587,-0.007508673903088511,-0.09211713213417146,0.00371647939952445,-0.014178517181803662,-0.11741001702147186,0.0010044692309392894,-0.02309617550952273
92,least_connections,4177,measured,394,332,11,medium,2,52.87,37.8,2,793.0,0.0,0.0,756.0,0.0,0.0,2,0,0,-0.024414279912783915,-0.06339798387407759,-0.002439591910213516,-0.034547134971296134,-0.3494477721629946,-0.01451103945730225,-0.008519558489590351,-0.24638008867639624,-0.010544995765378786,38.69,39.78,3,0.0,1354.0,0.0,0.0,1273.0,0.0,0,3,0,-0.09190730003832018,0.08178844958426666,-0.018087907700338225,-0.21071588625041865,0.2283741262951951,-0.05036345200134868,-0.2053535188182429,0.23649749032647172,-0.05091972280068184,15.52,22.1,2,0.0,776.0,0.0,0.0,663.0,0.0,0,2,0,-0.10468739170953975,0.048907821791873564,-0.006793562102794367,-0.1653155005023456,0.07465776707576023,-0.012828182212108075,-0.24073604714641106,0.10103578962164347,-0.020896539746711042
92,least_connections,4178,measured,388,309,11,medium,0,78.73,53.25,3,793.0,388.0,0.0,756.0,309.0,0.0,2,1,0,-0.022089110397280676,-0.014276180421217602,-0.0022072498235265144,-0.03125693164069654,-0.0821352859252491,-0.01312903569946394,-0.007708171966772204,-0.08312960404054898,-0.00954071045439033,38.69,39.78,3,0.0,1354.0,0.0,0.0,1273.0,0.0,0,3,0,-0.08315422384419445,0.07399907343338412,-0.016365249824115538,-0.19064770660752164,0.20662420950517651,-0.045566932763125,-0.1857960408355531,0.2139739198191887,-0.046070225391093095,15.52,22.1,2,0.0,776.0,0.0,0.0,663.0,0.0,0,2,0,-0.09471716392767883,0.04424993400217132,-0.006146556188242522,-0.14957116712116983,0.06754750354473545,-0.011606450572859686,-0.21780880456103857,0.09141333346720124,-0.018906393104167134
92,least_connections,4179,measured,356,312,6,medium,2,78.73,53.25,3,793.0,388.0,0.0,756.0,309.0,0.0,2,1,0,-0.01998538559753965,-0.012916544190625448,-0.0019970355546192276,-0.028280081008249303,-0.07431287774189205,-0.01187865134713404,-0.0069740603508891,-0.07521249889383003,-0.008632071363496013,38.69,39.78,3,0.0,1354.0,0.0,0.0,1273.0,0.0,0,3,0,-0.07523477395427117,0.06695154263020468,-0.014806654602771202,-0.17249078216871006,0.18694571336182636,-0.04122722488092262,-0.16810117980359565,0.19359545126498026,-0.04168258487765566,22.64,32.5,3,356.0,776.0,0.0,312.0,663.0,0.0,1,2,0,-0.0426125814220949,0.0400356545733931,-0.005561169884600378,-0.07090724644296319,0.06111440796904635,-0.01050107432782543,-0.10296987079332064,0.08270730170842017,-0.017105784237103596
92,least_connections,4180,measured,461,435,15,heavy,0,100.0,75.0,4,793.0,388.0,461.0,756.0,309.0,435.0,2,1,1,-0.018082015540631102,-0.011686397124851602,0.041277058534482824,-0.025586739959844618,-0.06723546081409282,0.2673161408446565,-0.0063098641269948574,-0.06804940376108431,0.18897574495683694,38.69,39.78,3,450.0,904.0,0.0,414.0,859.0,0.0,1,2,0,-0.02498565716044035,0.017491305010094493,-0.013396497021554897,-0.03973655801658804,0.05281482909607421,-0.03730082251131094,-0.03503797220325322,0.05810421781117259,-0.0377128148893075,22.64,32.5,3,356.0,776.0,0.0,312.0,663.0,0.0,1,2,0,-0.03855424033427633,0.03622273509021281,-0.0050315346574955795,-0.06415417535315716,0.05529398816247051,-0.009500972010889676,-0.09316321643205201,0.07483041583142777,-0.015476661928808016
92,least_connections,4181,measured,363,300,14,medium,1,100.0,75.0,4,793.0,849.0,0.0,756.0,744.0,0.0,2,2,0,-0.016359918822475755,0.03251049330427258,-0.005737990124130047,-0.023149907582716622,0.217231408469789,-0.03620603129927904,-0.005708924686328665,0.13521720612092372,-0.02580765932476658,49.06,49.16,4,888.0,829.0,0.0,844.0,729.0,0.0,2,2,0,0.02047782946254942,0.01582546643770455,-0.012120640162359192,0.07727236587614825,0.028397090270597752,-0.03374836322451943,0.0898763584827709,0.015814530400584725,-0.03412111823318298,22.64,32.5,3,750.0,382.0,0.0,644.0,331.0,0.0,2,1,0,0.008201492305269259,-0.010310949430850536,-0.004552340880591239,0.013250984204286359,-0.021267344043479075,-0.008596117533662089,0.015836454974175185,-0.032423274565216154,-0.014002694126064395
92,least_connections,4182,measured,379,341,13,medium,2,80.53,53.25,3,747.0,461.0,0.0,630.0,435.0,0.0,2,1,0,-0.014801831315573305,-0.013669644380034554,-0.0051915148742128995,-0.0486911862256324,-0.037489043130508326,-0.032757837842204846,-0.06216521757334498,-0.017446337319164257,-0.023349787008122142,49.06,49.16,4,888.0,829.0,0.0,844.0,729.0,0.0,2,2,0,0.018527559989925668,0.014318279157923164,-0.010966293480229745,0.06991309293556269,0.025692605482921765,-0.030534233393612817,0.08131670529393556,0.014308384648148098,-0.03087148792526079,30.22,43.87,4,750.0,761.0,0.0,644.0,672.0,0.0,2,2,0,0.007420397800005529,0.03375494597979736,-0.004118784606249216,0.011988985708640043,0.049339069674947514,-0.007777439673313319,0.014328221167110883,0.07350592618702664,-0.012669104209296357
92,least_connections,4183,measured,421,448,17,heavy,0,100.0,75.65,4,747.0,461.0,421.0,630.0,435.0,448.0,2,1,1,-0.013392133095042502,-0.01236777348669793,0.03838681534056475,-0.0440539303946198,-0.033918658070459906,0.2242984641745131,-0.05624472066159786,-0.01578478138400577,0.1815406688974133,49.06,49.16,4,888.0,829.0,0.0,844.0,729.0,0.0,2,2,0,0.016763030467075613,0.012954633523835246,-0.009921884577350722,0.06325470313217577,0.023245690675024466,-0.027626211165649693,0.07357225717070359,0.012945681348324467,-0.0279313462180931,30.22,43.87,4,1132.0,379.0,0.0,975.0,341.0,0.0,3,1,0,0.04979759347438141,-0.012543711006940711,-0.0037265194056540526,0.07997098706972194,-0.02448369886552368,-0.007036731132997765,0.1127890255004019,-0.03332003503713463,-0.011462522856030038
92,least_connections,4184,measured,361,304,10,medium,0,100.0,74.8,4,388.0,822.0,421.0,309.0,739.0,448.0,1,2,1,-0.05520059207465296,0.031894009929268774,0.034730928165272866,-0.25639800051576717,0.18705772206323473,0.20293670568170233,-0.19610236631287428,0.1232423406525662,0.16425108138337396,49.06,49.16,4,1354.0,363.0,0.0,1273.0,300.0,0.0,3,1,0,0.058250451601730535,-0.031363041324239754,-0.008976943189031606,0.17769303072502976,-0.09943076966137242,-0.024995143435587817,0.18786001839254138,-0.10958188354199214,-0.025271218006846136,30.22,43.87,4,1132.0,379.0,0.0,975.0,341.0,0.0,3,1,0,0.04505496552444033,-0.011349071863422544,-0.003371612795591762,0.07235470258689128,-0.0221519180211881,-0.006366566263188454,0.10204721354798268,-0.030146698366931318,-0.010370854012598605
92,least_connections,4185,measured,179,114,5,light,0,100.0,80.5,5,567.0,822.0,421.0,423.0,739.0,448.0,2,2,1,-0.006859492602690559,0.02885648517410032,0.03142322072096117,-0.12401088935553539,0.16924270091435523,0.18360940037868306,-0.12585452190212434,0.11150497487613131,0.14860812125162404,49.06,49.16,4,1354.0,363.0,0.0,1273.0,300.0,0.0,3,1,0,0.05270278954442287,-0.02837608500764549,-0.008121996218647643,0.16076988494169359,-0.08996117255076551,-0.022614653584579453,0.1699685880694422,-0.09914551368085003,-0.022864435339527457,23.1,33.47,3,776.0,379.0,0.0,663.0,341.0,0.0,2,1,0,-0.0023198837998827937,-0.010268207876429916,-0.0030505068150592134,0.0010447309119492876,-0.02004221154297972,-0.005760226619075268,-0.0017668067899204165,-0.02727558423674739,-0.009383153630446357
92,least_connections,4186,measured,159,113,6,light,2,100.0,80.5,5,567.0,1243.0,0.0,423.0,1187.0,0.0,2,3,0,-0.006206207592910518,0.06919214871761004,-0.014653367193506791,-0.11220032846453198,0.4070608563828293,-0.08781371711769946,-0.11386837695906485,0.3035521201260236,-0.0682116998199592,49.06,49.16,4,1354.0,363.0,0.0,1273.0,300.0,0.0,3,1,0,0.04768347625447783,-0.02567360072120306,-0.0073484727692526295,0.14545846732819895,-0.08139344183164497,-0.020460877052714745,0.1537811034914001,-0.08970308380648337,-0.02068687006909627,26.28,37.23,4,935.0,379.0,0.0,776.0,341.0,0.0,3,1,0,0.04098495774114912,-0.009290283316769926,-0.0027599823564821457,0.029716661301287445,-0.018133429491267367,-0.005211633607734766,0.03248082560277041,-0.02467790954753335,-0.008489519951356227
92,least_connections,4187,measured,416,428,18,heavy,1,100.0,80.5,5,928.0,882.0,0.0,727.0,883.0,0.0,3,2,0,0.03746876002364785,0.019518520041556464,-0.013257808413172811,0.1162314488495505,0.15054712402890902,-0.07945050596363284,0.034500039894179435,0.1371185848759261,-0.06171534745615356,48.09,49.59,4,904.0,363.0,416.0,859.0,300.0,428.0,2,1,1,5.829257491304918e-05,-0.023228495890612294,0.03643528200695737,0.015278749351363696,-0.0736416854667264,0.08902519287067306,0.022081712682695293,-0.08115993296777066,0.1022952127946272,26.28,37.23,4,935.0,379.0,0.0,776.0,341.0,0.0,3,1,0,0.03708162843246825,-0.00840549442945851,-0.0024971268939600368,0.026886503082117208,-0.016406436206384767,-0.004715287549855265,0.029387413640601823,-0.022327632447768253,-0.007680994241703254
92,least_connections,4188,measured,369,346,13,medium,1,100.0,80.5,5,1389.0,421.0,0.0,1162.0,448.0,0.0,4,1,0,0.0769842069148197,-0.02542428685582533,-0.011995159992870638,0.3832252791178473,-0.14185418937066957,-0.07188379110995352,0.22800003609473374,-0.07272604225511445,-0.05583769531747227,46.11,46.97,4,829.0,369.0,416.0,729.0,346.0,428.0,2,1,1,5.2740901111819616e-05,-0.02101625818674445,0.032965255149151905,-0.005564124736521292,-0.0650771712045892,0.0805466030734661,-0.016777259953751872,-0.06042446316131633,0.09255281157609127,18.4,26.17,3,920.0,0.0,0.0,785.0,0.0,0.0,3,0,0,0.03355004477223317,-0.05068887137721983,-0.002259305285011462,0.021611598026677475,-0.08342487085339574,-0.0042662125451071444,0.029302898055782595,-0.12304246110353635,-0.006949470980588658
92,least_connections,4189,measured,399,301,13,medium,2,94.8,65.05,4,1001.0,421.0,0.0,853.0,448.0,0.0,3,1,0,0.026568477458079512,-0.023002926202889587,-0.010852763803073434,0.11269588745583003,-0.12834426657346293,-0.06503771576614842,0.0665000326571401,-0.06579975251653211,-0.050519819572951104,46.11,46.97,4,829.0,369.0,416.0,729.0,346.0,428.0,2,1,1,4.771795814878521e-05,-0.019014709788006887,0.029825707039708868,-0.00503420809494784,-0.058879345375580705,0.07287549801885028,-0.015179425672442154,-0.054669752384048115,0.083738258092654,26.38,36.2,4,920.0,399.0,0.0,785.0,301.0,0.0,3,1,0,0.030354802412972864,-0.002777459590727241,-0.0020441333531056086,0.019553350595565344,-0.003279645057834249,-0.0038599065884302734,0.026512145859993758,-0.02054635369685036,-0.006287616601484977
92,least_connections,4190,measured,196,113,6,light,0,95.93,65.0,4,1018.0,421.0,0.0,852.0,448.0,0.0,3,1,0,0.024038146271595742,-0.020812171326423906,-0.009819167250399774,0.11221691404733825,-0.11612100309027595,-0.058843647597943805,0.05971431526122195,-0.05953310941971954,-0.045708408185051,46.11,46.97,4,829.0,369.0,416.0,729.0,346.0,428.0,2,1,1,4.3173390706030546e-05,-0.01720378504629194,0.02698516351211755,-0.00455475970495281,-0.05327178867314444,0.0659349743980074,-0.01373376608459051,-0.049463109299853064,0.07576318589335362,18.74,25.17,3,538.0,399.0,0.0,454.0,301.0,0.0,2,1,0,-0.015620031376924776,-0.002512939629705599,-0.0018494539861431698,-0.05143268279448851,-0.002967297909469077,-0.0034922964371512,-0.07583821723778342,-0.018589558106674134,-0.0056887959727721215
92,least_connections,4191,measured,477,403,16,heavy,2,95.93,65.0,4,1018.0,421.0,0.0,852.0,448.0,0.0,3,1,0,0.02174879900763424,-0.018830059771526395,-0.008884008464647415,0.10152958889997277,-0.10506185993882111,-0.05323949068385392,0.05402723761729605,-0.05386328947498434,-0.04135522645314138,32.8,33.56,3,363.0,785.0,0.0,300.0,774.0,0.0,1,2,0,-0.04304483858754715,0.027518570899159905,-0.01866875228722244,-0.12458355810039946,0.05933912997599858,-0.047881961939217794,-0.13372043121939142,0.07625956777632342,-0.052464260382203864,28.28,38.6,4,538.0,399.0,477.0,454.0,301.0,403.0,2,1,1,-0.014132409341027191,-0.00227361204592412,0.04141058471548498,-0.04653433205215626,-0.0026846981085672517,0.08315458893781558,-0.06861552988180403,-0.016819124001276595,0.11639267665955538
92,least_connections,4192,measured,428,404,16,heavy,1,95.93,65.0,4,1018.0,421.0,0.0,852.0,448.0,0.0,3,1,0,0.019677484816430973,-0.017036720745666742,-0.00803791242039528,0.09186010424283253,-0.09505596851607623,-0.04816906299967735,0.048881786415648776,-0.048733452382128645,-0.037416633457604105,45.03,46.19,4,363.0,785.0,428.0,300.0,774.0,404.0,1,2,1,-0.03894533015063789,0.02489775462304944,0.026193124347841826,-0.11271845732893283,0.05368778426399873,0.06731768069444921,-0.12098515205563987,0.06899675179762593,0.06675852632086317,25.1,34.83,3,379.0,399.0,477.0,341.0,301.0,403.0,1,1,1,-0.05587036582102006,-0.002057077565359916,0.03746671950448641,-0.07087391947576044,-0.0024290125744179797,0.07523510427707124,-0.09616008259147346,-0.015217302667821675,0.10530765983483582
92,least_connections,4193,measured,400,325,11,medium,2,95.93,65.0,4,1439.0,0.0,0.0,1300.0,0.0,0.0,4,0,0,0.06088733887019493,-0.05849807613950347,-0.007272396951786207,0.3370480308228804,-0.3399395270701007,-0.04358153319018427,0.24689304485225366,-0.24675883786954497,-0.033853144556879905,45.03,46.19,4,363.0,785.0,428.0,300.0,774.0,404.0,1,2,1,-0.03523625108867237,0.02252653989704473,0.023698541076618795,-0.10198336615474875,0.048574661953141696,0.06090647300926357,-0.10946275662176941,0.0624256325788044,0.06040057143316191,33.1,45.67,4,379.0,1276.0,0.0,341.0,1029.0,0.0,1,3,0,-0.050549378599970524,0.08430663503723672,-0.009185439722698238,-0.06412402238283088,0.15649756005171706,-0.01824442946360221,-0.08700197948752361,0.20578751980847884,-0.026261323641497747
92,least_connections,4194,measured,163,100,4,light,0,82.73,54.8,4,1241.0,0.0,0.0,1096.0,0.0,0.0,4,0,0,0.05508854469208113,-0.05292683079288409,-0.006579787718282758,0.18551964693498701,-0.3075643340158054,-0.03943091098159529,0.13109370724727715,-0.22325799616768355,-0.03062903555146277,45.03,46.19,4,732.0,844.0,0.0,646.0,832.0,0.0,2,2,0,0.011203482575101426,0.020381155144945234,-0.021642363062197505,0.003117090485839552,0.059200204352162195,-0.05553359925012208,-0.001210351229219947,0.0728791437617754,-0.05957805441761542,33.1,45.67,4,379.0,1276.0,0.0,341.0,1029.0,0.0,1,3,0,-0.04573515206664,0.07627743170035703,-0.00831063593958412,-0.05801697263208508,0.1415930305229821,-0.016506864752782954,-0.07871607667918804,0.18618870839814752,-0.02376024519945034
92,least_connections,4195,measured,150,104,6,light,0,62.0,38.25,4,930.0,0.0,0.0,765.0,0.0,0.0,4,0,0,0.04984201662616866,-0.04788618024118085,-0.005953141268922496,-0.01973619245564673,-0.2782724926809668,-0.035675586126205264,-0.031129502966749267,-0.2019953298659994,-0.027711984546561555,34.66,36.81,3,369.0,844.0,0.0,346.0,832.0,0.0,1,2,0,-0.03294741599214179,0.01844009275018854,-0.019581185627702506,-0.09101650996859414,0.053562089651956274,-0.050244685035824736,-0.08591650825500854,0.0659382729273206,-0.053903953996890144,25.52,34.3,3,399.0,877.0,0.0,301.0,728.0,0.0,1,2,0,-0.04137942329838856,0.02592901416880375,-0.007519146802480872,-0.04887249904807699,0.055907979996983825,-0.014934782395375053,-0.0832827995351384,0.07767867267768902,-0.021497364704264596
92,least_connections,4196,measured,362,331,7,medium,1,48.93,32.6,3,734.0,0.0,0.0,652.0,0.0,0.0,3,0,0,0.002011257673109529,-0.04332559164678267,-0.00538617543378702,-0.13607877730114076,-0.25177035052087476,-0.03227791125704286,-0.07928383601753503,-0.1827576794025709,-0.0250727479230795,45.0,47.16,4,731.0,844.0,0.0,677.0,832.0,0.0,2,2,0,0.013274333376724318,0.016683893440646774,-0.01771631080601655,0.011229960368550895,0.04846093825653186,-0.04545947693717476,0.01585232586451607,0.05965843741043292,-0.04877024409242442,25.52,34.3,3,399.0,877.0,0.0,301.0,728.0,0.0,1,2,0,-0.03743852584139917,0.023459584247965293,-0.006803037583196979,-0.04421797532921251,0.05058341047346156,-0.013512422167244095,-0.0753511043413157,0.07028070385124244,-0.01944999663719178
92,least_connections,4197,measured,172,124,5,light,0,60.4,38.8,4,906.0,0.0,0.0,776.0,0.0,0.0,4,0,0,0.04490360955004696,-0.03919934482327956,-0.004873206344854923,-0.01937286200261945,-0.22779222189983908,-0.029203824470657825,-0.015637756396817415,-0.1653521861261356,-0.022684867168500503,45.0,47.16,4,731.0,844.0,0.0,677.0,832.0,0.0,2,2,0,0.012010111150369623,0.015094951208204227,-0.016029043110205452,0.010160440333450815,0.043845610803528834,-0.04113000294315812,0.014342580544085964,0.05397668146658216,-0.04412545894076495,25.52,34.3,3,799.0,477.0,0.0,626.0,403.0,0.0,2,1,0,0.009210948275015257,-0.021858562097645903,-0.006155129241940124,0.032374212797379176,-0.026615009571630016,-0.012225524817982752,0.029841064326111194,-0.0344285695314156,-0.017597616005078278
92,least_connections,4198,measured,167,110,7,light,2,49.53,33.8,3,743.0,0.0,0.0,676.0,0.0,0.0,3,0,0,-0.0024568249195719982,-0.03546607388772913,-0.00440909145486874,-0.11584528784363984,-0.2060977245760449,-0.026422507854404698,-0.05938654150188244,-0.14960435887602744,-0.02052440362864331,45.0,47.16,4,1147.0,428.0,0.0,1105.0,404.0,0.0,3,1,0,0.053950191267567976,-0.029426563419334487,-0.014502467575900171,0.11673019431529905,-0.06786757661993649,-0.03721285980571449,0.13398852525417304,-0.0721758596254733,-0.03992303427973972,28.86,37.97,4,966.0,477.0,0.0,736.0,403.0,0.0,3,1,0,0.05141761533272354,-0.01977679427882248,-0.005568926456993446,0.059510002054771666,-0.024080246755284293,-0.011061189121032015,0.06017366137441804,-0.031149658147471254,-0.015921652576023203
92,least_connections,4199,measured,354,347,9,medium,0,73.13,51.15,4,743.0,354.0,0.0,676.0,347.0,0.0,3,1,0,-0.0022228415938984614,0.010995547661669103,-0.00398917798297648,-0.10481240328710278,0.02705443966929269,-0.023906078534937585,-0.053730680406465114,0.021619865778832292,-0.018569698521153474,45.0,47.16,4,1147.0,428.0,0.0,1105.0,404.0,0.0,3,1,0,0.04881207781351388,-0.026624033569874056,-0.013121280187719202,0.10561303295193722,-0.06140399789422825,-0.03366877791945597,0.12122771332520418,-0.06530196823257106,-0.03612084053881213,28.86,37.97,4,966.0,477.0,0.0,736.0,403.0,0.0,3,1,0,0.04652069958674987,-0.017893290061791772,-0.005038552508708356,0.05384238281146006,-0.021786889921447686,-0.010007742538076585,0.054442836481616325,-0.028183024038188287,-0.014405304711640041
92,least_connections,4200,measured,391,341,8,medium,0,71.13,45.8,4,322.0,745.0,0.0,228.0,688.0,0.0,2,2,0,-0.045095042621236925,0.053032252873029415,-0.003609256270312053,-0.3487667775772201,0.2603190962087251,-0.021629309150657815,-0.2512801394153732,0.17382273570465778,-0.016801155804853144,45.0,47.16,4,1147.0,428.0,0.0,1105.0,404.0,0.0,3,1,0,0.04416330849794112,-0.02408841132512414,-0.011871634455555469,0.09555464886127651,-0.055555998094777945,-0.030462227641412543,0.10968221681804188,-0.05908273316280238,-0.032680760487496685,28.86,37.97,4,1443.0,0.0,0.0,1139.0,0.0,0.0,4,0,0,0.08517405699572153,-0.05927306742552135,-0.004558690365021846,0.13502882254370197,-0.10602623373845267,-0.00905462420111691,0.17079748697543062,-0.14703860905042432,-0.013033370929579085
92,least_connections,4201,measured,423,440,15,heavy,0,89.33,62.6,4,917.0,0.0,423.0,812.0,0.0,440.0,3,0,1,0.002283623569447779,-0.03818623833029765,0.03981838264885599,0.04333799489045165,-0.21383827803337566,0.23557348219702384,0.036841778624186194,-0.15396990579102388,0.1838465733194186,34.46,36.34,3,1206.0,0.0,0.0,1163.0,0.0,0.0,3,0,0,0.039957279117184816,-0.06487817713996492,-0.010741002602645424,0.10170590679285563,-0.16090440643949297,-0.02756106310413516,0.1156351009306093,-0.16768199667110692,-0.029568307107735097,28.86,37.97,4,1443.0,0.0,0.0,1139.0,0.0,0.0,4,0,0,0.07706224204374805,-0.05362801338499551,-0.004124529377876909,0.12216893468239703,-0.09592849719193337,-0.008192279039105776,0.15453105964443725,-0.13303493199800295,-0.01179209750771441
92,least_connections,4202,measured,428,446,14,heavy,1,77.87,56.4,3,745.0,423.0,0.0,688.0,440.0,0.0,2,1,0,-0.0410177646163046,0.008534446499345205,-0.007057744496840046,-0.06453546494038503,0.06167012939837438,-0.042004944678883153,-0.022762200292403056,0.05974151380812126,-0.032710243187192706,46.69,50.28,4,1206.0,428.0,0.0,1163.0,446.0,0.0,3,1,0,0.03615182396316721,-0.015615402899877562,-0.00971804997382205,0.09201962995544083,-0.03494072147246642,-0.024936199951360382,0.10462223417531319,-0.025611092226239585,-0.026752277859379375,20.88,27.93,3,1044.0,0.0,0.0,838.0,0.0,0.0,3,0,0,0.02663908066996705,-0.048520583538805465,-0.003731717056174346,0.03833379804597825,-0.08679244984032067,-0.007412061987762369,0.049036038090998796,-0.12036493847438362,-0.0106690406022178
92,least_connections,4203,measured,403,410,17,heavy,0,100.0,76.9,4,745.0,423.0,403.0,688.0,440.0,410.0,2,1,1,-0.037111310843323225,0.007721642070836143,0.036698321872473516,-0.058389230184157925,0.05579678374138633,0.20507489132228032,-0.020594371693126612,0.05405184582639544,0.15588120854492088,36.34,39.94,3,844.0,428.0,0.0,832.0,446.0,0.0,2,1,0,-0.01037510711722514,-0.01412822167131779,-0.008792521404886617,-0.010322375618546736,-0.03161303371318393,-0.022561323765516537,0.0010719023490928792,-0.02317194058564534,-0.024204441872771817,20.88,27.93,3,1044.0,0.0,0.0,838.0,0.0,0.0,3,0,0,0.024102025368065425,-0.04389957558272876,-0.003376315431776789,0.03468296013683747,-0.07852650223648061,-0.00670615132226119,0.04436593922518939,-0.1089016110006328,-0.009652941497244676
92,least_connections,4204,measured,188,109,1,light,1,100.0,76.9,4,745.0,423.0,403.0,688.0,440.0,410.0,2,1,1,-0.03357690028681626,0.006986247587899369,0.033203243598904614,-0.05282835111900003,0.05048280433744476,0.18554394929158696,-0.018633002960447898,0.048904050985786346,0.14103537915969033,41.71,43.34,4,1032.0,428.0,0.0,941.0,446.0,0.0,3,1,0,0.033696898549267953,-0.012782676750239905,-0.007955138413945035,0.03925934722947816,-0.028602268597642602,-0.020412626264038773,0.031788268792036445,-0.020965089101298157,-0.021899256932507834,12.88,17.1,2,644.0,0.0,0.0,513.0,0.0,0.0,2,0,0,-0.02127730584612675,-0.039718663622468876,-0.003054761581131381,-0.041001131304766125,-0.07104778773776817,-0.006067470243950601,-0.05787526133593973,-0.09853002900057253,-0.008733613735602327
92,least_connections,4205,measured,366,329,13,medium,2,100.0,76.9,4,745.0,423.0,403.0,688.0,440.0,410.0,2,1,1,-0.030379100259500413,0.0063208906747661,0.030041029922818457,-0.047797079583857205,0.045674918210069054,0.1678730969781025,-0.016858431249929084,0.04424652232047338,0.12760343828733886,24.46,26.56,2,428.0,428.0,0.0,404.0,446.0,0.0,1,1,0,-0.05568013033751039,-0.011565278964502768,-0.007197506184045508,-0.12061569264271706,-0.025878243016914756,-0.018468566619844605,-0.12306954252149083,-0.01896841394879356,-0.019813613415126136,16.86,24.4,2,477.0,366.0,0.0,403.0,329.0,0.0,1,1,0,-0.062334795992300615,0.007147966473095055,-0.002763831906737916,-0.06731530927574077,0.0019472396658287983,-0.005489615935002925,-0.08553793485950104,0.010076005507418495,-0.007901840998878296
92,least_connections,4206,measured,194,102,5,light,1,100.0,76.9,4,745.0,826.0,0.0,688.0,850.0,0.0,2,2,0,-0.027485852615738465,0.04880280131345051,-0.015903920772778763,-0.04324497676634703,0.2844042910789514,-0.09119418209917711,-0.015252866368983486,0.2255087582899521,-0.07002546059716959,30.0,29.75,3,622.0,428.0,0.0,506.0,446.0,0.0,2,1,0,-0.007293360554799649,-0.010463823825026308,-0.006512029404612603,-0.05897882395565557,-0.023413648443875265,-0.01670965551319274,-0.08250934799563456,-0.017161898334622755,-0.01792660261368555,16.86,24.4,2,477.0,366.0,0.0,403.0,329.0,0.0,1,1,0,-0.05639814875493865,0.006467207761371718,-0.0025006098203819243,-0.06090432743995593,0.0017617882690832004,-0.004966795369764551,-0.0773914648728819,0.009116385935283411,-0.00714928471327084
92,least_connections,4207,measured,359,304,9,medium,2,100.0,76.9,4,745.0,826.0,0.0,688.0,850.0,0.0,2,2,0,-0.024868152366620516,0.04415491547407427,-0.014389261651561737,-0.039126407550504505,0.2573181681190512,-0.08250902189925548,-0.013800212429080305,0.20403173369090905,-0.06335636911172486,30.0,29.75,3,622.0,428.0,0.0,506.0,446.0,0.0,2,1,0,-0.006598754787675881,-0.009467269175023801,-0.005891836127982831,-0.053361793102736005,-0.02118377716350621,-0.015118259750031525,-0.07465131485319315,-0.015527431826563437,-0.01621930712666788,14.5,21.1,2,0.0,725.0,0.0,0.0,633.0,0.0,0,2,0,-0.0941107967193209,0.048935183439427016,-0.0022624565041550744,-0.14141820101710298,0.06655590367202764,-0.004493767239310784,-0.1915605317103852,0.09993069838589133,-0.0064684004548640935
92,least_connections,4208,measured,350,336,11,medium,2,55.07,42.5,2,0.0,826.0,0.0,0.0,850.0,0.0,0,2,0,-0.10866755735664758,0.03994968542892434,-0.013018855779984429,-0.4847651623869644,0.23281167591723678,-0.0746510198136121,-0.3237240017215488,0.18460014000606056,-0.057322429196322494,17.77,17.12,2,194.0,428.0,0.0,102.0,446.0,0.0,1,1,0,-0.04905420217751173,-0.008565624491688198,-0.005330708877698752,-0.158919173351455,-0.019166274576505618,-0.013678425488123761,-0.18176785629574616,-0.014048628795462148,-0.014674611209842368,21.5,32.3,3,0.0,1075.0,0.0,0.0,969.0,0.0,0,3,0,-0.0851478636984332,0.08735859000528658,-0.0020469844561403056,-0.12794980092023603,0.12355057951278692,-0.004065789406995471,-0.17331667154749136,0.19174682234913978,-0.005852362316305608
92,least_connections,4209,measured,420,409,16,heavy,0,83.07,62.95,3,423.0,403.0,420.0,440.0,410.0,409.0,1,1,1,-0.05523436595306663,-0.0069389467434448765,0.03130493547343812,-0.18345419454058687,-0.04450372178916673,0.185791934454351,-0.09384552536711557,-0.03202844475642139,0.13316065929856535,17.77,17.12,2,622.0,0.0,0.0,548.0,0.0,0.0,2,0,0,-0.0012984731719437315,-0.050833750957332405,-0.004823022317917918,-0.03314455820233686,-0.1279803708753418,-0.012375718298778642,-0.03835544141043698,-0.13881185462446574,-0.01327702918985738,21.5,32.3,3,359.0,716.0,0.0,304.0,665.0,0.0,1,2,0,-0.0339546431194441,0.03595482406374001,-0.0018520335555555147,-0.0508022008325945,0.04682195289252149,-0.003678571368233998,-0.06512778219376203,0.0818026805381106,-0.005294994476657455
92,least_connections,4210,measured,375,341,15,medium,1,83.07,62.95,3,423.0,403.0,420.0,440.0,410.0,409.0,1,1,1,-0.04997395014801266,-0.006278094672640608,0.028323513047396394,-0.16598236648910242,-0.04026527209496039,0.16809746450631755,-0.08490785628453315,-0.028978116684381272,0.12047869174632103,28.49,27.78,3,622.0,0.0,375.0,548.0,0.0,341.0,2,0,1,-0.0011748090603300454,-0.04599244134234837,0.03872021336768877,-0.029987933611638123,-0.11579176412530925,0.08574169704940435,-0.03470254222849059,-0.12559167799356424,0.08440114025679571,21.5,32.3,3,359.0,716.0,0.0,304.0,665.0,0.0,1,2,0,-0.030720867584258946,0.03253055510528857,-0.0016756494074073704,-0.045963895991395026,0.04236271928370991,-0.003328231237925998,-0.0589251362705466,0.07401194905829053,-0.0047907092884043635
92,least_connections,4211,measured,423,404,18,heavy,0,100.0,83.15,4,423.0,823.0,423.0,440.0,819.0,404.0,1,2,1,-0.04521452632439241,0.03740371933246348,0.025626035614311024,-0.15017452206156884,0.21690284905694057,0.1538977059819063,-0.07682139378124428,0.158805513476036,0.10674262586571906,22.94,24.59,2,428.0,375.0,0.0,446.0,341.0,0.0,1,1,0,-0.04414682270991312,0.0014716913932040776,-0.008051326227419903,-0.07728159979828485,-0.007825201555551914,-0.019362954370266805,-0.060236823921015314,-0.017216875327510497,-0.020050754053375315,21.5,32.3,3,725.0,350.0,0.0,633.0,336.0,0.0,2,1,0,0.015288829555284988,-0.013651493226734368,-0.0015160637495590494,0.024642189341118767,-0.02790039683854817,-0.003011256834313998,0.04590900369172768,-0.032259030217102205,-0.004334451260937281
92,least_connections,4212,measured,188,108,4,light,1,100.0,83.15,4,423.0,823.0,423.0,440.0,819.0,404.0,1,2,1,-0.04090838096016455,0.03384146034841934,0.02318546079390045,-0.13587218662713374,0.1962454348610415,0.13924078160267714,-0.06950507056398289,0.14368117885927068,0.09657666149755534,28.31,27.97,3,616.0,375.0,0.0,554.0,341.0,0.0,2,1,0,0.0031415368225502505,0.0013315303081370272,-0.007284533253379913,-0.021322807980761138,-0.007079944264546972,-0.01751886347786044,-0.023964269261871007,-0.01557717291536663,-0.018141158429244332,21.5,32.3,3,1075.0,0.0,0.0,969.0,0.0,0.0,3,0,0,0.056916650776777114,-0.0554352512414218,-0.001371676725791521,0.08562864749910745,-0.08857654952059121,-0.0027244704691412364,0.1428700509591822,-0.13052007495833057,-0.003921646378943254
92,least_connections,4213,measured,388,333,11,medium,1,100.0,83.15,4,826.0,420.0,423.0,850.0,409.0,404.0,2,1,1,0.006071555548513241,-0.012465436101997018,0.020977321670671838,0.12014738670243452,-0.0655239716336608,0.12597975478337456,0.12259065044211076,-0.055478933413040804,0.08737888421207388,39.4,38.38,4,616.0,763.0,0.0,554.0,674.0,0.0,2,2,0,0.0028423428394502293,0.04428861812459563,-0.0065907681816294444,-0.019292064363545774,0.09389365586949153,-0.01585040028949278,-0.021681957903597587,0.08005815307657305,-0.016413429055030588,21.5,32.3,3,1075.0,0.0,0.0,969.0,0.0,0.0,3,0,0,0.051496017369465005,-0.05015570350414353,-0.0012410408471447093,0.07747353821347816,-0.08014068766148728,-0.0024649970911277855,0.12926337943926008,-0.11808959162896575,-0.0035481562476153256
92,least_connections,4214,measured,429,448,17,heavy,2,100.0,83.15,4,826.0,420.0,423.0,850.0,409.0,404.0,2,1,1,0.00549331216294055,-0.011278251711330636,0.018979481511560235,0.10870477844505977,-0.05928359338283595,0.11398168289924365,0.11091535040000494,-0.050195225468941645,0.0790570857156859,39.4,38.38,4,616.0,763.0,0.0,554.0,674.0,0.0,2,2,0,0.0025716435214073463,0.04007065449368176,-0.005963075973855212,-0.017454724900350937,0.08495140292953995,-0.014340838357160135,-0.019617009531826407,0.07243356706928036,-0.014850245335503866,30.08,47.23,4,1075.0,0.0,429.0,969.0,0.0,448.0,3,0,1,0.04659163476284929,-0.04537896983708224,0.04196105374600739,0.07009510600267072,-0.07250824121753612,0.0753983359651701,0.11695258139742579,-0.10684296385477854,0.13190087450612584
92,least_connections,4215,measured,184,111,5,light,0,100.0,88.7,5,1010.0,843.0,0.0,961.0,813.0,0.0,3,2,0,0.04805403980275119,0.03287976772602965,-0.025911988382964775,0.2093360693868001,0.20150532027267226,-0.15201657261497,0.15056626940952827,0.1373471769566718,-0.11123406530485563,39.4,38.38,4,616.0,763.0,0.0,554.0,674.0,0.0,2,2,0,0.0023267250907971215,0.036254401684759685,-0.005395163976345192,-0.015792370147936552,0.07686079312672664,-0.012975044227906789,-0.017748722909747716,0.06553513211030129,-0.01343593625593207,30.08,47.23,4,1075.0,0.0,429.0,969.0,0.0,448.0,3,0,1,0.042154336214006494,-0.041057163185931556,0.03796476291305431,0.06341938162146396,-0.06560269443491362,0.06821754206372532,0.10581424031195666,-0.09666744348765677,0.11933888645792337
92,least_connections,4216,measured,465,404,16,heavy,1,95.33,66.7,4,587.0,843.0,0.0,521.0,813.0,0.0,2,2,0,0.0003935643566841951,0.029748361275931584,-0.023444179965539557,-0.06574355626908568,0.1823143373895606,-0.13753880379449668,-0.06282099434376015,0.12426649343698876,-0.10064034479963128,35.09,33.69,3,0.0,763.0,465.0,0.0,674.0,404.0,0,2,1,-0.08406266822850782,0.03280160152430638,0.03820256139101648,-0.17352643013384736,0.0695407175908479,0.10846475590264217,-0.17269527310881935,0.05929369095693926,0.10206986719701384,22.9,37.1,3,716.0,0.0,429.0,665.0,0.0,448.0,2,0,1,-0.004944262699799112,-0.03714695716822379,0.03434907120704914,-0.007582464247246873,-0.05935481877444566,0.06172063329575149,0.00405415393304015,-0.08746102029835612,0.10797327822383543
92,least_connections,4217,measured,372,305,12,medium,1,95.33,66.7,4,587.0,843.0,0.0,521.0,813.0,0.0,2,2,0,0.00035608203699999397,0.026915184011557153,-0.021211400921202456,-0.059482265195839434,0.16495106716198338,-0.1244398700997827,-0.05683804250149732,0.1124315893001327,-0.09105555005680926,45.71,43.22,4,388.0,747.0,465.0,333.0,646.0,404.0,1,2,1,-0.032972799599035416,0.029677639474372436,0.034564222210919676,-0.05670078372654215,0.05878173768423653,0.09813477915000958,-0.06209631852702702,0.04573000610389741,0.0923489274639649,22.9,37.1,3,716.0,429.0,0.0,665.0,448.0,0.0,2,1,0,-0.0044733805379134906,0.009474748503126323,-0.012006169134665292,-0.006860324795128103,0.02392659253740631,-0.02178609368479627,0.003668044034655371,0.055979711793550824,-0.03742100224192669
92,least_connections,4218,measured,357,322,12,medium,2,95.33,66.7,4,1007.0,423.0,0.0,930.0,404.0,0.0,3,1,0,0.04340606968880498,-0.018732067073443756,-0.019191267500135556,0.19951604577519289,-0.10409189161534843,-0.1125884538998034,0.13359891392721673,-0.08329999063321325,-0.08238359290854172,45.71,43.22,4,763.0,837.0,0.0,674.0,709.0,0.0,2,2,0,0.013251367256201518,0.02685119761967031,-0.01181150870259195,0.045638066424285,0.07644878307485342,-0.031415471925501544,0.040231307046975556,0.059187267427335766,-0.030672398961174612,22.72,36.87,3,350.0,786.0,0.0,336.0,770.0,0.0,1,2,0,-0.04713124452296481,0.05165629172958595,-0.01086272445517336,-0.07243553195749683,0.08624786943860571,-0.019711227619577578,-0.09590351571467688,0.1477594217814666,-0.0338570972665051
92,least_connections,4219,measured,186,103,3,light,2,95.33,66.7,4,1007.0,423.0,0.0,930.0,404.0,0.0,3,1,0,0.03927215828987117,-0.01694806068549673,-0.017363527738217883,0.1805145176061269,-0.09417837812817237,-0.10186574400458404,0.12087520783891043,-0.07536665819195482,-0.07453753644106155,45.71,43.22,4,763.0,837.0,0.0,674.0,709.0,0.0,2,2,0,0.011989332279420423,0.024293940703511235,-0.010686603111868908,0.04129158390768642,0.06916794659153405,-0.02842352221831092,0.036399753994882655,0.053550384815208546,-0.02775121810772941,19.44,29.1,3,186.0,786.0,0.0,103.0,770.0,0.0,1,2,0,-0.04264255456839673,0.04673664489819681,-0.009828179268966373,-0.09521310034249715,0.07803378663492898,-0.017833967846284476,-0.1570396888212156,0.1336870958975174,-0.03063261181255223
92,least_connections,4220,measured,451,448,12,heavy,2,56.2,40.65,2,420.0,423.0,0.0,409.0,404.0,0.0,1,1,0,-0.050635847715059856,-0.015333959667830369,-0.01570985842981618,-0.19074083327699626,-0.08520900878263216,-0.09216424457557604,-0.1263271929076525,-0.06818888122129246,-0.06743872344667473,45.71,43.22,4,763.0,837.0,0.0,674.0,709.0,0.0,2,2,0,0.010847491109951812,0.021980232065081595,-0.009668831386929012,0.037359052106954393,0.06258052310662604,-0.025716520102281308,0.032933110757274786,0.04845034816614108,-0.025108244954612325,28.46,44.03,4,186.0,1237.0,0.0,103.0,1218.0,0.0,1,3,0,-0.03858135889521609,0.08536943608703067,-0.00889216219573148,-0.08614518602416409,0.15221152124112622,-0.016135494718066908,-0.14208352798109986,0.2560661026374364,-0.02771522021135678
92,least_connections,4221,measured,178,113,5,light,0,68.07,46.3,3,598.0,423.0,0.0,522.0,404.0,0.0,2,1,0,-0.0027294858011539247,-0.013873582556608435,-0.014213681436500352,-0.06520996026648873,-0.07709386508904814,-0.08338669747314023,-0.06317698405930461,-0.06169470205735983,-0.06101598788032476,45.71,43.22,4,763.0,837.0,0.0,674.0,709.0,0.0,2,2,0,0.009814396718527824,0.01988687663031191,-0.008747990302459582,0.03380104714438731,0.05662047328694736,-0.023267327711587852,0.029796624018486706,0.04383602929317526,-0.022716983530363534,28.46,44.03,4,186.0,1237.0,0.0,103.0,1218.0,0.0,1,3,0,-0.03490694376233837,0.07723901360255156,-0.008045289605661815,-0.07794088259329131,0.13771518588482848,-0.014598780935393869,-0.1285517634114713,0.23167885476720435,-0.0250756754293228
92,least_connections,4222,measured,154,115,4,light,0,78.33,52.05,4,1175.0,0.0,0.0,1041.0,0.0,0.0,4,0,0,0.08369826568104213,-0.05563618920654595,-0.012859997490166985,0.28903225817158956,-0.32489444936628165,-0.07544510723760307,0.17762558585110533,-0.23858092090903985,-0.05520494141553192,45.71,43.22,4,1135.0,465.0,0.0,979.0,404.0,0.0,3,1,0,0.05196359249590159,-0.025091011846951353,-0.007914848368892002,0.12674516510342526,-0.04493521804650341,-0.021051391739055677,0.11319396935005938,-0.046573949687127136,-0.02055346128937653,24.74,40.6,3,0.0,1237.0,0.0,0.0,1218.0,0.0,0,3,0,-0.07466637315458732,0.06988291706897522,-0.007279071547979737,-0.10417508425107308,0.12459945389579719,-0.013208420846308739,-0.14737223038815656,0.2096142019322325,-0.02268751586462539
92,least_connections,4223,measured,377,350,7,medium,2,78.33,52.05,4,1175.0,0.0,0.0,1041.0,0.0,0.0,4,0,0,0.07572700228284765,-0.05033750452020824,-0.011635235824436796,0.26150537644096195,-0.2939521208552072,-0.06825985892925993,0.1607088633890953,-0.21585892844151225,-0.049947327947386023,45.71,43.22,4,1135.0,465.0,0.0,979.0,404.0,0.0,3,1,0,0.04701467892486334,-0.022701391671051216,-0.007161053286140383,0.11467419699833714,-0.04065567347064597,-0.01904649728771704,0.1024135913167204,-0.04213833543121026,-0.018595988785626388,32.28,52.27,4,734.0,880.0,0.0,672.0,896.0,0.0,2,2,0,0.018612510456507164,0.020143500930886876,-0.006585826638648333,0.038565399963314845,0.048132839239054565,-0.011950476003803145,0.06932988679166788,0.09253983349424211,-0.0205268000679944
92,least_connections,4224,measured,416,450,13,heavy,0,100.0,74.55,5,1175.0,416.0,0.0,1041.0,450.0,0.0,4,1,0,0.06851490682733835,-0.0024595562439072294,-0.010527118126871387,0.2366001024942037,-0.015036045853123958,-0.06175891998361612,0.14540325735203863,0.008270493314822241,-0.045190439571444495,34.63,32.81,3,747.0,465.0,0.0,646.0,404.0,0.0,2,1,0,-0.0005468097709286357,-0.02053935436904633,-0.00647904821126987,0.003453525175366262,-0.03678370456867969,-0.017232545165077322,-0.0014918697610624698,-0.03812516062823784,-0.01682494223461435,32.28,52.27,4,1163.0,451.0,0.0,1120.0,448.0,0.0,3,1,0,0.05992379063978766,-0.024858827955954954,-0.005958605054015159,0.11252107615728485,-0.03407981211704586,-0.01081233543201237,0.19783815154166776,-0.051384595092511115,-0.01857186672818541
92,least_connections,4225,measured,200,106,5,light,1,78.07,54.1,4,755.0,416.0,0.0,632.0,450.0,0.0,3,1,0,0.018905777378929706,-0.00222531279210654,-0.009524535448121731,-0.03926657393381572,-0.013604041486159735,-0.05587711808041459,-0.05346848144339361,0.00748282728483915,-0.04088658818368788,29.63,25.47,3,1037.0,0.0,0.0,815.0,0.0,0.0,3,0,0,0.04258916757686955,-0.061667125608275475,-0.005861996000672739,0.07809060441036536,-0.15348457624241088,-0.01559135038745091,0.04643295116856255,-0.14872038342554852,-0.0152225667836987,32.28,52.27,4,1614.0,0.0,0.0,1568.0,0.0,0.0,4,0,0,0.09730066318656524,-0.06557522075833566,-0.005391118858394668,0.1834143069994482,-0.11244363953447006,-0.009782589200392143,0.31410753393452473,-0.1816019352424307,-0.016803117515977278
92,least_connections,4226,measured,389,314,12,medium,1,55.93,42.7,2,423.0,416.0,0.0,404.0,450.0,0.0,1,1,0,-0.06906257330114976,-0.0020133782404773426,-0.0086174368340149,-0.23578086847980145,-0.012308418487477824,-0.05055548778704177,-0.1515191022583085,0.0067701770672354,-0.03699262740428903,40.74,35.28,4,1037.0,389.0,0.0,815.0,314.0,0.0,3,1,0,0.03853305637907245,-0.012710165799777587,-0.005303710667275335,0.07065340399033054,-0.03830917442340577,-0.014106459874360348,0.042010765342985174,-0.0457767754802582,-0.013772798518584537,32.28,52.27,4,1614.0,0.0,0.0,1568.0,0.0,0.0,4,0,0,0.08803393335927331,-0.05932996163849417,-0.0048776789671189855,0.16594627776140553,-0.10173472148356816,-0.008850914038450034,0.28419253070266526,-0.16430651283838968,-0.015202820609693727
92,least_connections,4227,measured,164,104,6,light,0,66.87,47.9,3,587.0,416.0,0.0,508.0,450.0,0.0,2,1,0,-0.019401285140949548,-0.0018216279318604561,-0.007796728564108719,-0.11440491275156639,-0.011136188155337068,-0.045740679426371125,-0.090041092519422,0.006125398298927248,-0.03346952003245198,40.74,35.28,4,1037.0,389.0,0.0,815.0,314.0,0.0,3,1,0,0.03486324148582745,-0.011499673818846382,-0.004798595365630065,0.06392450837220381,-0.03466068162117665,-0.012762987505373649,0.038009740072224685,-0.04141708257737646,-0.012461103421576487,32.28,52.27,4,1614.0,0.0,0.0,1568.0,0.0,0.0,4,0,0,0.07964974922981871,-0.053679489101494726,-0.004413138113107654,0.1501418703555574,-0.092045700389895,-0.008007969844311937,0.25712657539764955,-0.1486582735204478,-0.013754932932580038
92,least_connections,4228,measured,154,107,3,light,0,77.13,53.25,4,741.0,416.0,0.0,615.0,450.0,0.0,3,1,0,0.025530356527803014,-0.0016481395573975516,-0.0070541829865745555,-0.010620317886337771,-0.010075598807209707,-0.04138442424290721,-0.033060988469953256,0.0055420270323627285,-0.030281946696027982,40.74,35.28,4,1037.0,389.0,0.0,815.0,314.0,0.0,3,1,0,0.0315429327728915,-0.01040446678848006,-0.004341586283189106,0.05783645995580344,-0.031359664323921746,-0.011547464885814254,0.034389764827250896,-0.037472598522388226,-0.011274331667140631,32.28,52.27,4,1614.0,0.0,0.0,1568.0,0.0,0.0,4,0,0,0.07206405882697883,-0.04856715680611428,-0.003992839245192639,0.13584264460740908,-0.083279443209905,-0.007245306049615562,0.23263833012168295,-0.1345003427089766,-0.012444939319953368
92,least_connections,4229,measured,387,320,11,medium,0,74.73,49.05,4,318.0,803.0,0.0,211.0,770.0,0.0,2,2,0,-0.019985006225411772,0.041592726341492914,-0.006382356035472217,-0.2647517161828771,0.22431255346014362,-0.03744305050548748,-0.21267422766329103,0.14977611969594723,-0.027397951772596747,30.11,25.75,3,665.0,389.0,0.0,510.0,314.0,0.0,2,1,0,-0.014545056289379354,-0.0094135651895772,-0.003928101875266334,-0.04383503963182406,-0.02837302962640538,-0.010447706325260516,-0.055120569918201606,-0.03390377961549411,-0.01020058579407962,32.28,52.27,4,1614.0,0.0,0.0,1568.0,0.0,0.0,4,0,0,0.06520081512917131,-0.04394171330077006,-0.0036125688408885784,0.12290524988289395,-0.07534806766610452,-0.0065552769020331275,0.21048229868152268,-0.12169078626050263,-0.011259707003767333
92,least_connections,4230,measured,374,337,11,medium,1,74.73,49.05,4,734.0,387.0,0.0,661.0,320.0,0.0,3,1,0,0.025002227927575282,-0.005452385917787586,-0.005774512603522482,0.011383367898031904,-0.047971181790028794,-0.03387704569544105,0.01115188925702243,-0.06805970122747632,-0.02478862303234944,35.09,32.97,3,465.0,763.0,0.0,404.0,651.0,0.0,1,2,0,-0.05624371306000535,0.03456686505523514,-0.0035539969347647784,-0.09136095422471158,0.07100943578019106,-0.009452686675235704,-0.07984122992599191,0.0646078898716958,-0.009229101432738704,17.6,29.87,2,880.0,0.0,0.0,896.0,0.0,0.0,2,0,0,-0.027176586765216892,-0.03975678822450625,-0.0032685146655658565,-0.0216190596297626,-0.06817206122171361,-0.00593096481612521,-0.012230301192907966,-0.11010118756902619,-0.010187353955789492
92,least_connections,4231,measured,485,421,14,heavy,2,64.47,43.7,3,580.0,387.0,0.0,554.0,320.0,0.0,2,1,0,-0.020462836863713058,-0.00493311106847448,-0.005224559022234627,-0.08258965126686002,-0.043402497810026086,-0.030650660391113336,-0.03831495733888446,-0.06157782492009764,-0.0224278017911733,35.09,32.97,3,854.0,374.0,0.0,718.0,337.0,0.0,2,1,0,-0.007803268732295088,-0.011809117557735102,-0.003215521036215752,0.017897912164036467,-0.03631119075669788,-0.008552430801403733,0.01654245863838827,-0.030325004401799027,-0.008350139391525494,18.72,28.97,2,451.0,485.0,0.0,448.0,421.0,0.0,1,1,0,-0.06767224063338217,0.0071134727855374225,-0.0029572275545595847,-0.09718867299835665,0.02608242079940197,-0.005366111024113286,-0.14617662171421833,0.027352893786754096,-0.009217129769523826
92,least_connections,4232,measured,357,307,11,medium,2,64.47,43.7,3,580.0,387.0,0.0,554.0,320.0,0.0,2,1,0,-0.01851399525764516,-0.004463290966715008,-0.004726981972497995,-0.0747239701938257,-0.03926892659002362,-0.02773154987767397,-0.03466591378280026,-0.05571327016580263,-0.020291820668204414,21.8,20.34,2,389.0,374.0,0.0,314.0,337.0,0.0,1,1,0,-0.05014400050835768,-0.010684439695093667,-0.0029092809375285376,-0.10401073253185815,-0.03285298211320285,-0.0077379135822224256,-0.09925920408907728,-0.027436908744484845,-0.007554888020904018,16.84,24.27,2,0.0,842.0,0.0,0.0,728.0,0.0,0,2,0,-0.1043111655617222,0.04951989941367218,-0.0026755868350777194,-0.1695421327127989,0.08819838072326844,-0.004855052831340592,-0.26736614980492773,0.11733515787055529,-0.008339307886712033
92,least_connections,4233,measured,196,122,7,light,1,53.53,38.5,2,803.0,0.0,0.0,770.0,0.0,0.0,2,0,0,-0.01675075761405992,-0.04712211586330904,-0.004276793213212472,0.066900534903999,-0.2689576002481166,-0.025090449889324067,0.06634988752984733,-0.19516914919763095,-0.018359266318851614,27.4,24.16,3,585.0,374.0,0.0,436.0,337.0,0.0,2,1,0,-0.0022844811855662617,-0.009666874009846657,-0.00263220656252582,-0.04343828181453832,-0.0297241266738502,-0.0070009694315345756,-0.05531189893773658,-0.024823869816438665,-0.006835374876056017,16.84,24.27,2,0.0,842.0,0.0,0.0,728.0,0.0,0,2,0,-0.09437676884155817,0.044803718517131975,-0.002420769041260794,-0.15339526293062758,0.07979853494010002,-0.004392666847403393,-0.24190270696636318,0.10616038093050242,-0.007545088087977553
92,least_connections,4234,measured,191,124,7,light,0,66.27,44.7,3,994.0,0.0,0.0,894.0,0.0,0.0,3,0,0,0.02792845286165553,-0.04263429530489866,-0.0038694795738589034,0.1757354045956816,-0.24334259070067693,-0.022700883233197966,0.11612608871748087,-0.17658161117880897,-0.01661076476467527,27.4,24.16,3,959.0,0.0,0.0,773.0,0.0,0.0,3,0,0,0.0410169886779117,-0.051830119568999584,-0.0023815202232376465,0.05737896951473745,-0.12357352957566038,-0.006334210438055092,0.045238639056333574,-0.1177424298339207,-0.00618438679262211,16.84,24.27,2,0.0,842.0,0.0,0.0,728.0,0.0,0,2,0,-0.08538850514236215,0.04053669770597655,-0.002190219608759766,-0.13878619027056782,0.0721986744696143,-0.003974317623841165,-0.21886435392194764,0.09604986846093075,-0.00682650827007493
92,least_connections,4235,measured,373,347,10,medium,2,66.27,44.7,3,994.0,0.0,0.0,894.0,0.0,0.0,3,0,0,0.02526860020816453,-0.03857388622824164,-0.003500957709681865,0.1589986993960929,-0.22016710587204102,-0.020538894353845778,0.10506646122057789,-0.15976431487606527,-0.01502878716803953,27.4,24.16,3,959.0,0.0,0.0,773.0,0.0,0.0,3,0,0,0.03711060880382487,-0.04689391770528534,-0.00215470877340549,0.051914305751429135,-0.11180462199702607,-0.005730952301097464,0.04093019724144467,-0.10652886508783302,-0.005595397574277148,24.3,35.83,3,0.0,1215.0,0.0,0.0,1075.0,0.0,0,3,0,-0.07725626655737529,0.07975996005597424,-0.0019816272650683598,-0.12556845786384707,0.13281784832965104,-0.00359581118347534,-0.198020129738905,0.19155305559163577,-0.006176364625305889
92,least_connections,4236,measured,152,104,4,light,0,76.4,49.9,4,1146.0,0.0,0.0,998.0,0.0,0.0,4,0,0,0.06594596708176337,-0.034900182777932914,-0.00316753316590264,0.2355385058028142,-0.19919881007470377,-0.018582809177289036,0.1421077506281419,-0.14454866584024953,-0.013597474104416718,27.4,24.16,3,959.0,0.0,0.0,773.0,0.0,0.0,3,0,0,0.033576265108222494,-0.04242783030478197,-0.0019494984140335384,0.04697008615605494,-0.10115656275921406,-0.005185147320040563,0.037032083218449946,-0.09638325888899178,-0.005062502567203133,24.3,35.83,3,357.0,858.0,0.0,307.0,768.0,0.0,1,2,0,-0.02681462665848694,0.029079873157219327,-0.0017929008588713732,-0.04900955711490926,0.055568529441112846,-0.0032533529755253074,-0.08657376817646961,0.08072260585274982,-0.005588139422895804
92,least_connections,4237,measured,150,124,3,light,1,48.67,27.4,3,730.0,0.0,0.0,548.0,0.0,0.0,3,0,0,0.01658149856150473,-0.03157635584670121,-0.002865863340578579,-0.03781436776570779,-0.1802274948294939,-0.016813017827071033,-0.07499774943168114,-0.13078212623641625,-0.012302476570662746,31.69,28.03,4,1109.0,0.0,0.0,897.0,0.0,0.0,4,0,0,0.07346242580086343,-0.0383870845614694,-0.0017638318984112967,0.08127225482146463,-0.09152260440119367,-0.004691323765750985,0.06856474195954995,-0.087203900899564,-0.0045803594655647395,24.3,35.83,3,357.0,858.0,0.0,307.0,768.0,0.0,1,2,0,-0.024260852691011983,0.026310361427960338,-0.0016221483961217187,-0.04434198024682266,0.050276288541959244,-0.0029435098349990876,-0.07832864739775822,0.0730347386286784,-0.005055935668334299
92,least_connections,4238,measured,446,419,20,heavy,0,78.4,48.35,4,730.0,0.0,446.0,548.0,0.0,419.0,3,0,1,0.015002308222313798,-0.028569083861301095,0.040490976251948176,-0.0342129994070689,-0.16306297151239926,0.25380409498185635,-0.0678551066286639,-0.11832668564247184,0.1784168069122575,20.57,18.22,3,720.0,0.0,0.0,583.0,0.0,0.0,3,0,0,0.023382104069261916,-0.03473117174609136,-0.0015958479080864113,-0.027025783052688462,-0.08280616588679428,-0.004244531026155653,-0.026744995369930996,-0.0788987674805579,-0.004144134754558574,24.3,35.83,3,1215.0,0.0,0.0,1075.0,0.0,0.0,3,0,0,0.06421750516164675,-0.06236318773297919,-0.001467658072681555,0.11513820834811281,-0.10976907227156069,-0.0026631755649991744,0.1607502714020283,-0.1655399983835767,-0.004574417985635794
92,least_connections,4239,measured,469,405,16,heavy,1,78.4,48.35,4,730.0,0.0,446.0,548.0,0.0,419.0,3,0,1,0.013573516963045817,-0.025848218731653372,0.03663469279938168,-0.03095461851115755,-0.14753316470169459,0.22963227641215578,-0.06139271552117209,-0.10705747748604595,0.16142473006347108,33.97,30.88,4,720.0,0.0,469.0,583.0,0.0,405.0,3,0,1,0.0211552370150465,-0.03142344110360647,0.04164003783372681,-0.02445189895243241,-0.07491986437376626,0.11739780526204965,-0.024197852953747073,-0.07138459914907619,0.11075947331730414,24.3,35.83,3,1215.0,0.0,0.0,1075.0,0.0,0.0,3,0,0,0.05810155228910896,-0.056423836520314505,-0.0013278811133785498,0.1041726646959116,-0.09931487491236443,-0.002409539796904015,0.14544072174469228,-0.14977428425180747,-0.004138759129860957
92,least_connections,4240,measured,194,123,9,light,2,42.47,27.15,2,191.0,0.0,446.0,124.0,0.0,419.0,1,0,1,-0.07388699939171137,-0.02338648361435305,0.03314567443753581,-0.3531176707164442,-0.133482387111057,0.20776253580147425,-0.24735531404296524,-0.09686152724927967,0.1460509462479024,24.09,23.19,2,374.0,0.0,469.0,337.0,0.0,405.0,1,0,1,-0.0670273479160917,-0.028430732427072516,0.037674319944800444,-0.11156532354199665,-0.06778463919531233,0.10621706190375921,-0.0914468669581521,-0.06458606589678322,0.10021095204898947,28.18,39.93,4,1215.0,194.0,0.0,1075.0,123.0,0.0,3,1,0,0.05256807111871763,-0.007966237577336707,-0.0012014162454377355,0.09425145853439623,-0.054751553492139254,-0.00218005981624649,0.13158922443567397,-0.09841482860877818,-0.0037445915936837226
92,least_connections,4241,measured,355,331,9,medium,0,53.4,37.5,2,0.0,355.0,446.0,0.0,331.0,419.0,0,1,1,-0.10993404253354384,0.021924700766152227,0.029988943538722876,-0.4346937655688463,0.09335720531221828,0.18797562762990527,-0.27989290318173043,0.062101475345889834,0.13214133231953074,13.4,12.66,1,0.0,469.0,0.0,0.0,405.0,0.0,0,1,0,-0.10372769119845938,0.017360856602263185,-0.008997610752890298,-0.1976203267420786,0.059909135966146,-0.025136943991836913,-0.1780203796288043,0.05607391656957708,-0.023841876717580954,28.18,39.93,4,1215.0,194.0,0.0,1075.0,123.0,0.0,3,1,0,0.04756158815503023,-0.007207548284257015,-0.0010869956506341417,0.08527512915016802,-0.049537119826221235,-0.0019724350718420625,0.11905691734656218,-0.08904198778889455,-0.0033879638228567015
92,least_connections,4242,measured,156,102,8,light,1,53.4,37.5,2,0.0,355.0,446.0,0.0,331.0,419.0,0,1,1,-0.09946413372082538,0.019836634026518682,0.027132853677892126,-0.39329435932419426,0.08446604290153084,0.17007318690324763,-0.25323643621204184,0.056187049122471744,0.1195564435271945,17.86,15.84,2,0.0,625.0,0.0,0.0,507.0,0.0,0,2,0,-0.09384886346527278,0.0587913419145193,-0.008140695443091222,-0.17879934324283303,0.09453003458161507,-0.022742949325947684,-0.16106605775939437,0.07957282927723641,-0.021571221792097053,28.18,39.93,4,1409.0,0.0,0.0,1198.0,0.0,0.0,4,0,0,0.08611581331940377,-0.04960501534108514,-0.0009834722553356521,0.11225845018348535,-0.07992406079515255,-0.001784584112619009,0.14481340140879434,-0.11765703657090461,-0.003065300601632254
92,least_connections,4243,measured,351,322,8,medium,0,76.8,53.6,3,355.0,351.0,446.0,331.0,322.0,419.0,1,1,1,-0.046907458853989406,0.017947430785897854,0.024548772375235735,-0.14171076954728687,0.07400895945059141,0.15387574053150976,-0.07938058514422833,0.04676447301556967,0.10817011557222359,17.86,15.84,2,156.0,469.0,0.0,102.0,405.0,0.0,1,1,0,-0.04182697624182277,0.010108266267331523,-0.007365391115177772,-0.12144430375031834,0.045200643533025886,-0.020576954152047904,-0.11688714749659489,0.043155178869880545,-0.019516819716659237,21.04,29.7,3,1052.0,0.0,0.0,891.0,0.0,0.0,3,0,0,0.034830407062226995,-0.0448807281657437,-0.000889808231017971,0.03696716921362961,-0.07231224548132849,-0.0016146237209410082,0.038434347306369465,-0.10645160451653274,-0.0027733672110006108
92,least_connections,4244,measured,368,324,13,medium,1,76.8,53.6,3,706.0,446.0,0.0,653.0,419.0,0.0,2,1,0,0.000643818406481228,0.016238151663431392,-0.020873106172972656,0.08349977993340713,0.12426207442355094,-0.12979496491593562,0.07384613725046008,0.08619166606170589,-0.09167941924417865,28.37,25.97,3,156.0,837.0,0.0,102.0,729.0,0.0,1,2,0,-0.0378434546949825,0.052229474468628745,-0.00666392529468465,-0.10987817958362137,0.13602507204008463,-0.018617244232805245,-0.1057550382112049,0.13065230469179667,-0.01765807498173931,21.04,29.7,3,1052.0,0.0,0.0,891.0,0.0,0.0,3,0,0,0.03151322543725299,-0.040606373102339534,-0.0008050645899686404,0.03344648643137915,-0.06542536495929721,-0.0014608500332323408,0.034773933277191416,-0.09631335646733914,-0.002509237000429124
92,least_connections,4245,measured,479,434,16,heavy,0,100.0,75.3,4,706.0,446.0,479.0,653.0,419.0,434.0,2,1,1,0.0005825023677687169,0.01469166102881888,0.024198708927401155,0.07554741993974928,0.11242759114511752,0.17148709523478844,0.06681317179803531,0.07798293596059105,0.11338528735050503,28.37,25.97,3,156.0,837.0,0.0,102.0,729.0,0.0,1,2,0,-0.034239316152603214,0.04725523880494982,-0.006029265742809922,-0.09941359105184791,0.12307030327436229,-0.01684417335349046,-0.09568312981013775,0.11820922805448271,-0.015976353554906994,3.88,4.1,1,194.0,0.0,0.0,123.0,0.0,0.0,1,0,0,-0.0576558345817144,-0.03673909947354529,-0.000728391771876389,-0.12499603608589505,-0.05919437782031652,-0.0013217214586387846,-0.2001569175111125,-0.08714065585140209,-0.0022702620480073024
92,least_connections,4246,measured,373,325,14,medium,2,100.0,75.3,4,706.0,446.0,479.0,653.0,419.0,434.0,2,1,1,0.0005270259517907439,0.013292455216550411,0.02189406998193438,0.06835242756453508,0.10172020151224917,0.15515499092671334,0.06045001257917482,0.07055598967863,0.10258668855521884,28.37,25.97,3,156.0,837.0,0.0,102.0,729.0,0.0,1,2,0,-0.030978428899974333,0.04275473987114507,-0.005455049957780405,-0.08994562999929098,0.11134932201013731,-0.01523996636744375,-0.08657045078060083,0.10695120633500817,-0.014454796073487281,11.34,14.93,2,194.0,373.0,0.0,123.0,325.0,0.0,1,1,0,-0.05216480271678922,0.00984376260783544,-0.0006590211269357805,-0.11309165169676216,0.013938420067332667,-0.0011958432244827098,-0.1810943539386256,0.019174327245556844,-0.0020540466148637497
92,least_connections,4247,measured,499,445,13,heavy,2,100.0,75.3,4,706.0,925.0,0.0,653.0,853.0,0.0,2,2,0,0.0004768330040011426,0.055110407327445834,-0.023274979766911976,0.06184267255838888,0.3809531981936223,-0.14854230979646574,0.05469286852401528,0.26016970494733194,-0.10351680559289723,28.37,25.97,3,156.0,837.0,0.0,102.0,729.0,0.0,1,2,0,-0.028028102338072014,0.03868285988341697,-0.004935521390372748,-0.08137937952316804,0.10074462467583853,-0.013788540999115773,-0.07832564594435312,0.0967653771602455,-0.013078148828393255,21.32,29.77,3,194.0,872.0,0.0,123.0,770.0,0.0,1,2,0,-0.047196726267571196,0.05199016163384658,-0.0005962572100847538,-0.10232101820183243,0.10290618958472955,-0.0010819533935795946,-0.16384727261113746,0.1515545500475673,-0.0018584231277338687
92,least_connections,4248,measured,371,321,13,medium,1,100.0,75.3,4,706.0,925.0,0.0,653.0,853.0,0.0,2,2,0,0.0004314203369534253,0.049861797105784325,-0.021058315027206075,0.055952894219494675,0.3446719412228011,-0.1343954231491833,0.049484023902680474,0.2353916378094908,-0.0936580622030975,38.97,36.0,4,625.0,739.0,0.0,507.0,645.0,0.0,2,2,0,0.017725140968501724,0.034998777989758215,-0.004465471734146772,0.04760913281237178,0.06581656518290152,-0.012475346618247604,0.04364286795510908,0.06379962695450783,-0.011832610844736755,21.32,29.77,3,194.0,872.0,0.0,123.0,770.0,0.0,1,2,0,-0.04270179995637394,0.04703871766871833,-0.0005394708091243011,-0.09257615932546742,0.09310560010046959,-0.0009789102132386808,-0.1482427704576958,0.1371207833763704,-0.0016814304489020718
92,least_connections,4249,measured,360,308,11,medium,2,100.0,75.3,4,706.0,925.0,0.0,653.0,853.0,0.0,2,2,0,0.00039033268581500913,0.045113054524281056,-0.01905276121509121,0.05062404715097135,0.3118460420587248,-0.12159585903973727,0.04477125972147278,0.2129733865895393,-0.08473824675518345,38.97,36.0,4,625.0,739.0,0.0,507.0,645.0,0.0,2,2,0,0.016037032304834886,0.03166556103835266,-0.00404018871184708,0.043074929687383995,0.05954832087976805,-0.011287218368890689,0.03948640434033679,0.05772347200645947,-0.010705695526190398,24.64,35.93,3,0.0,1232.0,0.0,0.0,1078.0,0.0,0,3,0,-0.08171886209204807,0.08564274002226444,-0.0004880926368267486,-0.11886414415161338,0.14938125723375822,-0.0008856806691207112,-0.17121964946172477,0.21695055003893832,-0.001521294215673303
92,least_connections,4250,measured,162,120,9,light,2,85.07,58.75,3,351.0,925.0,0.0,322.0,853.0,0.0,1,2,0,-0.04273074208244855,0.040816573141016194,-0.017238212527939667,-0.16832427479991482,0.2821464190055129,-0.11001530103595276,-0.10923076501390558,0.19269020691434507,-0.07666793754040407,34.51,32.81,3,837.0,371.0,0.0,729.0,321.0,0.0,2,1,0,0.0145096958948506,-0.014434106906343058,-0.0036554088345283104,0.09377527651987802,-0.04125219947612822,-0.010212245190901099,0.098493651546019,-0.03938114437510812,-0.009686105476077027,27.88,39.93,4,0.0,1394.0,0.0,0.0,1198.0,0.0,0,4,0,-0.07393611332137683,0.12057018881832995,-0.0004416076237956297,-0.10754374947050735,0.16446875654482884,-0.000801330129204453,-0.15491301617965575,0.23247906908284893,-0.0013764090522758456
92,least_connections,4251,measured,365,349,11,medium,0,86.0,60.1,3,446.0,844.0,0.0,419.0,783.0,0.0,1,2,0,-0.03866114759840583,0.036929280460919416,-0.015596478001469223,-0.0949918041840499,0.20641818862403544,-0.09953765331824298,-0.05494688263162886,0.14267209197012176,-0.06936622920322273,34.51,32.81,3,837.0,371.0,0.0,729.0,321.0,0.0,2,1,0,0.013127820095341025,-0.013059430058119909,-0.0033072746598113286,0.08484429780369915,-0.03732341857363984,-0.00923965041081528,0.08911330377973148,-0.03563055919652641,-0.008763619240260168,27.88,39.93,4,0.0,1394.0,0.0,0.0,1198.0,0.0,0,4,0,-0.06689457871934094,0.10908731369277472,-0.00039954975486271256,-0.09730148761617331,0.14880506544532135,-0.0007250129740421241,-0.14015939559111712,0.21033820536067285,-0.0012453224758686222
92,least_connections,4252,measured,170,113,2,light,0,97.33,65.75,4,616.0,844.0,0.0,532.0,783.0,0.0,2,2,0,0.008104766685342574,0.03341220613130804,-0.014111099144186439,0.01659471684935171,0.18675931351698444,-0.09005787681174365,0.0014052014285262926,0.129084273687253,-0.06275992166005866,34.51,32.81,3,837.0,371.0,0.0,729.0,321.0,0.0,2,1,0,0.011877551514832357,-0.011815674814489446,-0.0029922961207816783,0.07676388848906113,-0.033768807280912236,-0.008359683705023348,0.08062632246737611,-0.03223717260638104,-0.007928988836425866,27.88,39.93,4,162.0,1232.0,0.0,120.0,1078.0,0.0,1,3,0,-0.01743976623359872,0.05561414549527689,-0.00036149739725673994,-0.05872039355749015,0.10531886873624313,-0.0006559641193714457,-0.09062040553482026,0.15411551913584687,-0.0011267203353097057
92,least_connections,4253,measured,476,404,21,heavy,1,97.33,65.75,4,616.0,844.0,0.0,532.0,783.0,0.0,2,2,0,0.007332884143881363,0.030230091261659653,-0.012767184939978207,0.015014267625603928,0.1689727122296526,-0.08148093616300617,0.0012713727210476033,0.11679053333608608,-0.05678278626386259,48.11,45.44,4,837.0,371.0,476.0,729.0,321.0,404.0,2,1,1,0.010746356132467383,-0.010690372451204744,0.04037658468890728,0.0694530419662934,-0.03055273039701585,0.11548409569545508,0.07294762508953079,-0.029166965691487606,0.10705234343370994,27.88,39.93,4,1394.0,0.0,0.0,1198.0,0.0,0.0,4,0,0,0.11347286456415898,-0.07893414047025968,-0.00032706907370847897,0.16980535820988985,-0.127644833048161,-0.0005934913460979746,0.24312122038913087,-0.18567326046439253,-0.0010194136367087812
92,least_connections,4254,measured,422,414,16,heavy,0,100.0,80.8,4,925.0,365.0,422.0,853.0,349.0,414.0,2,1,1,0.006634514225416471,-0.015732865275731964,0.03153263766201518,0.1999652897564988,-0.1360405619509492,0.1808188355350579,0.14636457531904307,-0.0906657079340174,0.13591081242793385,48.11,45.44,4,1208.0,0.0,476.0,1050.0,0.0,404.0,3,0,1,0.052806793870418325,-0.05275614196832357,0.03653119567091611,0.15874322844569405,-0.1235477084544429,0.10448561039112603,0.15675916079528976,-0.11714808800658402,0.09685688215430899,27.88,39.93,4,1394.0,0.0,0.0,1198.0,0.0,0.0,4,0,0,0.10266592508185812,-0.0714166032826159,-0.00029591963811719527,0.1536334193327575,-0.11548818228166946,-0.0005369683607553104,0.2199668184473089,-0.16799009280111704,-0.0009223266236888973
92,least_connections,4255,measured,439,404,18,heavy,0,100.0,100.0,5,1290.0,0.0,861.0,1202.0,0.0,818.0,3,0,2,0.049086555954515124,-0.05731839738099105,0.0716134295400092,0.4010797066050862,-0.3432430481143509,0.42839164484917935,0.29030604433627705,-0.2399118309879205,0.3057288302919401,34.71,32.78,3,739.0,0.0,476.0,645.0,0.0,404.0,2,0,1,0.0046936751798115905,-0.04773174749514989,0.03305203417844791,0.02238673049848508,-0.11178126003021024,0.09453459987768545,0.027320788338595497,-0.10599112724405221,0.08763241718723194,27.88,39.93,4,1394.0,0.0,0.0,1198.0,0.0,0.0,4,0,0,0.09288821793120497,-0.06461502201760486,-0.00026773681543936715,0.13900166511059014,-0.10448930777865333,-0.00048582851687385226,0.19901759764280327,-0.1519910363438678,-0.0008344859928613833
92,least_connections,4256,measured,394,321,11,medium,1,100.0,100.0,5,1290.0,422.0,439.0,1202.0,414.0,404.0,3,1,1,0.04441164586360892,-0.008775602165567872,0.021709202690393812,0.3628816393093637,-0.05601355146853976,0.13305275803814645,0.262657849637584,-0.02977737089383284,0.08932608454985062,45.97,42.81,4,739.0,394.0,476.0,645.0,321.0,404.0,2,1,1,0.004246658496020017,-0.00010196655456871928,0.029904221399548108,0.020254660927200796,0.000714914394435634,0.08553130465123922,0.02471880849682448,-0.005137805601761525,0.07928647269320985,27.88,39.93,4,1394.0,0.0,0.0,1198.0,0.0,0.0,4,0,0,0.08404172098537592,-0.058461210396880584,-0.00024223807111180837,0.12576341129053395,-0.09453794513306729,-0.0004395591343144378,0.18006354072444106,-0.13751569954921372,-0.0007550111363983944
92,least_connections,4257,measured,441,419,16,heavy,1,100.0,100.0,5,1290.0,422.0,439.0,1202.0,414.0,404.0,3,1,1,0.04018196530516997,-0.007939830530751882,0.019641659577022973,0.32832148318466237,-0.05067892751915504,0.12038106679641822,0.23764281633876644,-0.026941430808705896,0.08081883840224581,48.06,45.78,4,371.0,394.0,917.0,321.0,321.0,823.0,1,1,2,-0.03924168539702497,-9.225545413360514e-05,0.07014010054063423,-0.07680360609987956,0.0006468273092512938,0.19138546611302598,-0.06924250659811121,-0.004648490782546144,0.19020264196052322,27.88,39.93,4,1394.0,0.0,0.0,1198.0,0.0,0.0,4,0,0,0.07603774755819727,-0.05289347607336815,-0.00021916777862496947,0.11378594354857835,-0.0855343313108704,-0.0003976963596178247,0.1629146320840181,-0.12441896625881242,-0.0006831053138842616
92,least_connections,4258,measured,371,337,7,medium,1,100.0,80.05,4,844.0,422.0,439.0,783.0,414.0,404.0,2,1,1,-0.00672878876017502,-0.007183656194489796,0.017771025331592215,0.02803689748453575,-0.045852362993521245,0.10891620329199742,0.02546254811602683,-0.0243755802554958,0.07312180617346048,58.66,56.31,5,742.0,394.0,917.0,658.0,321.0,823.0,2,1,2,0.007579518200877627,-8.346922040659843e-05,0.06346009096533572,0.026415784957251803,0.0005852247083702189,0.17315827886416635,0.032634755935042226,-0.0042057773746846105,0.1720881046309496,27.88,39.93,4,1394.0,0.0,0.0,1198.0,0.0,0.0,4,0,0,0.06879605731455944,-0.047856002161618796,-0.00019829465685116285,0.10294918702014233,-0.07738820451935893,-0.0003598205158446985,0.14739895283792115,-0.11256954090083028,-0.0006180476649429034
92,least_connections,4259,measured,488,420,18,heavy,0,100.0,100.0,5,844.0,861.0,488.0,783.0,818.0,420.0,2,2,1,-0.006087951735396446,0.03658440176507612,0.01607854672858343,0.025366716771722753,0.22330817951379822,0.12809878710545794,0.023037543533548088,0.1607078083402657,0.07339591987122612,58.66,56.31,5,742.0,835.0,476.0,658.0,740.0,404.0,2,2,1,0.006857659324603554,0.043008380455913306,0.01433237255140353,0.023899995913704036,0.11452948902185878,0.04266701421043623,0.029526683941228676,0.11466203475623774,0.037231499428001996,24.64,35.93,3,1232.0,0.0,0.0,1078.0,0.0,0.0,3,0,0,0.019160151629272607,-0.04329828767003605,-0.0001794094514367664,0.06383021682774784,-0.07001789932703903,-0.0003255518952880606,0.09717048113907151,-0.10184863224360835,-0.0005591859825673888
92,least_connections,4260,measured,367,350,12,medium,2,100.0,100.0,5,844.0,861.0,488.0,783.0,818.0,420.0,2,2,1,-0.005508146808215819,0.03310017302554506,0.014547256563956432,0.02295083898393957,0.20204073384581744,0.11589890261922386,0.020843491768448297,0.14540230278404992,0.06640583226444269,58.66,56.31,5,1136.0,917.0,0.0,979.0,823.0,0.0,3,2,0,0.049288449139493914,0.0389123442220168,-0.03011651553739227,0.12347414596273901,0.12481919755038923,-0.08444413000008152,0.11747354737539736,0.12720910287469128,-0.08054054813656962,7.34,11.67,1,0.0,367.0,0.0,0.0,350.0,0.0,0,1,0,-0.1119163253966445,0.003909259001486656,-0.00016232283701421722,-0.16518218477489482,0.0030599958469647026,-0.00029454695287967384,-0.23719496150909403,0.013406793049433707,-0.0005059301747038279
92,least_connections,4261,measured,158,104,4,light,2,100.0,79.35,4,365.0,861.0,488.0,349.0,818.0,420.0,1,2,1,-0.04806746162466692,0.029947775594540774,0.013161803557865344,-0.2681555901256419,0.18279875919383487,0.10486091189358351,-0.17747493601902298,0.1315544644236642,0.060081467286876716,48.06,46.28,4,765.0,917.0,0.0,658.0,823.0,0.0,2,2,0,0.0015104108994514198,0.035206406677062825,-0.027248275962402528,0.015809941585335302,0.11293165492654264,-0.07640183190483567,0.015526661911073825,0.11509395021995877,-0.0728700197426106,10.5,15.13,2,158.0,367.0,0.0,104.0,350.0,0.0,1,1,0,-0.05817372751306385,0.0035369486203926936,-0.0001468635192033394,-0.12086007193919056,0.0027685676710633017,-0.0002664948621292287,-0.18323988580981526,0.012129955616154306,-0.0004577463485415586
92,least_connections,4262,measured,177,115,7,light,2,89.93,61.9,3,0.0,861.0,488.0,0.0,818.0,420.0,0,2,1,-0.08657350836336078,0.027095606490298796,0.01190829845711626,-0.46277569265335855,0.16538935355632678,0.0948741583799089,-0.3184535135410208,0.11902546781188666,0.05435942278336467,48.06,46.28,4,765.0,917.0,0.0,658.0,823.0,0.0,2,2,0,0.0013665622423608137,0.0318534155649616,-0.024653202061221336,0.014304232862922428,0.10217625921925286,-0.06912546696151799,0.014047932205257269,0.10413262162758175,-0.06593001786236198,14.04,18.97,3,335.0,367.0,0.0,219.0,350.0,0.0,2,1,0,-0.00954947228506231,0.00320009637083149,-0.00013287651737444993,-0.07732101746879144,0.0025048945595334687,-0.0002411143990693022,-0.1311059284311027,0.010974721747949126,-0.0004141514582042673
92,least_connections,4263,measured,426,404,17,heavy,0,100.0,82.1,4,422.0,927.0,426.0,414.0,824.0,404.0,1,2,1,-0.035244512101997624,0.024515072538841776,0.010774174794533756,-0.16416213462287998,0.18944751036048618,0.048441698851663606,-0.10083889320378078,0.11040399468694506,0.04194423966113947,48.06,46.28,4,765.0,917.0,0.0,658.0,823.0,0.0,2,2,0,0.0012364134573740748,0.02881975693972716,-0.02230527805539073,0.012941924971215518,0.09244518691265735,-0.06254208915565913,0.012710033899994672,0.09421522909162158,-0.05965096854213703,14.04,18.97,3,335.0,367.0,0.0,219.0,350.0,0.0,2,1,0,-0.008639998734103982,0.0028953252878951563,-0.00012022161095783565,-0.06995711104319224,0.0022663331729112363,-0.00021815112296746388,-0.11861964953290245,0.009929510152906343,-0.0003747084621848133
92,least_connections,4264,measured,481,400,12,heavy,2,100.0,82.1,4,422.0,927.0,426.0,414.0,824.0,404.0,1,2,1,-0.031887891901807366,0.022180303725618744,0.009748062909340063,-0.14852764561117715,0.1714048903261542,0.04382820372293375,-0.09123518908913494,0.09988932852628363,0.03794955016960236,48.06,46.28,4,765.0,917.0,0.0,658.0,823.0,0.0,2,2,0,0.001118659794767024,0.02607501818356267,-0.020180965859639233,0.011709360688242604,0.08364088339716619,-0.05658569971226302,0.011499554480947555,0.08524235013051479,-0.05396992391907636,23.66,32.3,4,335.0,848.0,0.0,219.0,750.0,0.0,2,2,0,-0.007817141711808362,0.0457034802491387,-0.00010877193372375606,-0.0632945290390787,0.0890885871564435,-0.00019737482554199113,-0.10732254005357843,0.12961876315421683,-0.0003390219419767358
92,least_connections,4265,measured,396,339,9,medium,0,100.0,99.05,5,422.0,1323.0,426.0,414.0,1163.0,404.0,1,3,1,-0.028850949815920943,0.06315179407374576,0.008819675965593396,-0.13438215555296984,0.39393775791413954,0.03965408908265436,-0.08254612346159826,0.24373320199997095,0.03433530729630688,37.46,35.75,3,394.0,917.0,0.0,321.0,823.0,0.0,1,2,0,-0.042071779460063394,0.023591683118461465,-0.018258969111102162,-0.08531057842492337,0.07567508497838846,-0.05119658545395226,-0.08487837927914271,0.07712403107046578,-0.04882993116487861,20.5,28.83,3,544.0,481.0,0.0,465.0,400.0,0.0,2,1,0,-0.0070726520249694835,-0.0017331323822985384,-9.84127019405412e-05,-0.01944743103535694,0.014194435998686972,-0.00017857722310942055,-0.022910869572285247,0.011718563488735873,-0.0003067341379789515
92,least_connections,4266,measured,363,313,10,medium,1,100.0,99.05,5,861.0,1310.0,0.0,818.0,1163.0,0.0,2,3,0,0.016980659917114616,0.057137337495293775,-0.0351041934007443,0.1432097957695352,0.3485786063667612,-0.22107487178236032,0.10807731686807776,0.22052051609521184,-0.15169662673191284,47.83,45.53,4,835.0,839.0,0.0,740.0,717.0,0.0,2,2,0,0.005018956905747635,0.021344856154798475,-0.016520019671949576,0.036814238567926455,0.04830466872194328,-0.046320720172623474,0.04167253779506136,0.03980864715899285,-0.044179461530128264,20.5,28.83,3,544.0,481.0,0.0,465.0,400.0,0.0,2,1,0,-0.006399066117829533,-0.001568072155412964,-8.904006366048966e-05,-0.017595294746275317,0.012842584951192976,-0.000161569868527571,-0.020728881993972353,0.010602509823141981,-0.00027752136293333706
92,least_connections,4267,measured,192,114,4,light,2,100.0,99.05,5,1257.0,914.0,0.0,1157.0,824.0,0.0,3,2,0,0.058447354437480115,0.008611786078508432,-0.031760936886387696,0.36842791045815093,0.07652350099849825,-0.2000201220888022,0.25114138192826085,0.04616141932423923,-0.13724932894792113,36.57,35.5,3,917.0,363.0,0.0,823.0,313.0,0.0,2,1,0,0.004540961009962152,-0.023771887515273024,-0.014946684465097235,0.05450539952064096,-0.07934339496586083,-0.041909223013326,0.06117098657648409,-0.07820884304662551,-0.03997189376535414,24.34,32.63,4,736.0,481.0,0.0,579.0,400.0,0.0,3,1,0,0.037294268977292544,-0.0014187319501355322,-8.056005759758588e-05,0.018823304753369963,0.011619481622507935,-0.00014618226200113565,0.01562624962450121,0.00959274698284275,-0.00025109075693968594
92,least_connections,4268,measured,441,407,17,heavy,1,100.0,99.05,5,1257.0,914.0,0.0,1157.0,824.0,0.0,3,2,0,0.052880939729148674,0.007791615975793337,-0.028736085754350774,0.3333395380335651,0.06923554852245084,-0.18097058665177343,0.22722315507795032,0.04176509367431169,-0.12417796428621436,49.17,48.22,4,917.0,363.0,441.0,823.0,313.0,407.0,2,1,1,0.00410848853282289,-0.021507898228104158,0.02956070952024082,0.049314409090103734,-0.07178688115958838,0.07608213155937171,0.055345178331104666,-0.07076038180408975,0.07890935802182245,24.34,32.63,4,736.0,481.0,0.0,579.0,400.0,0.0,3,1,0,0.033742433836598015,-0.0012836146215512018,-7.288767115972056e-05,0.01703060906257281,0.010512864325126228,-0.0001322601418105513,0.014138035374548719,0.008679152032095822,-0.0002271773515168587
92,least_connections,4269,measured,392,340,10,medium,1,100.0,99.05,5,1257.0,914.0,0.0,1157.0,824.0,0.0,3,2,0,0.047844659754944036,0.007049557311432059,-0.025999315682507844,0.3015929153637017,0.06264168675840787,-0.16373529268493786,0.205582854594336,0.03778746570532965,-0.11235149149705109,60.37,58.84,5,1280.0,392.0,441.0,1136.0,340.0,407.0,3,1,1,0.04680110413740665,-0.019459526968284707,0.026745403851646456,0.1384545333944476,-0.05745343669540988,0.06883621426800297,0.13857123277576133,-0.05638736925131928,0.07139418106736317,20.8,28.8,3,1040.0,0.0,0.0,864.0,0.0,0.0,3,0,0,0.030528868709302964,-0.044245265836732266,-6.594598819212812e-05,0.07041817010423254,-0.07752645608679055,-0.00011966393782859404,0.09874393676744883,-0.11278235451064346,-0.0002055414132771579
92,least_connections,4270,measured,350,333,11,medium,2,100.0,78.35,4,1323.0,426.0,0.0,1163.0,404.0,0.0,3,1,0,0.04328802549256841,-0.03670572932593788,-0.02352319037941186,0.31267930437668257,-0.2376733945201706,-0.14814145528637235,0.1887178208234469,-0.15581134055232077,-0.1016513494497129,60.37,58.84,5,1280.0,392.0,441.0,1136.0,340.0,407.0,3,1,1,0.0423438561243203,-0.017606238685590928,0.024198222532442033,0.12526838735688117,-0.05198168081965655,0.062280384337716974,0.1253739725114031,-0.05101714360833649,0.06459473525142383,27.8,39.9,4,1040.0,350.0,0.0,864.0,333.0,0.0,3,1,0,0.027621357403655067,0.003052469231618657,-5.966541788811592e-05,0.06371167771335326,-0.006809650745191451,-0.00010826737232110889,0.0893397523134061,-0.0016126064620107378,-0.00018596604058409522
92,least_connections,4271,measured,453,417,14,heavy,0,100.0,99.2,5,1323.0,879.0,0.0,1163.0,821.0,0.0,3,2,0,0.03916535639803809,0.009873954646146904,-0.021282886533753587,0.2829003230074747,0.058200262100797984,-0.13403274525909878,0.1707446950307377,0.04767069188123357,-0.09197026854974023,60.37,58.84,5,1280.0,833.0,0.0,1136.0,747.0,0.0,3,2,0,0.03831110792200408,0.027154446177889383,-0.02119027031645267,0.11333806475146391,0.06696895544888215,-0.05765108083730369,0.11343359417698373,0.06891603673531457,-0.05663154905823559,23.96,36.1,3,848.0,350.0,0.0,750.0,333.0,0.0,2,1,0,-0.018093148290117073,0.0027617578762264006,-5.398299713686679e-05,0.022901041740652966,-0.006161112578982747,-9.79561940048128e-05,0.046450252093081734,-0.0014590248942001893,-0.0001682549890998957
92,least_connections,4272,measured,409,405,17,heavy,2,100.0,99.2,5,1323.0,879.0,0.0,1163.0,821.0,0.0,3,2,0,0.03543532245536779,0.008933578013180538,-0.01925594495911039,0.255957435102001,0.052657379995960096,-0.12126772190108938,0.1544832955040008,0.04313062598778278,-0.08321119535452688,60.37,58.84,5,1672.0,441.0,0.0,1476.0,407.0,0.0,4,1,0,0.07774633120380868,-0.01851559178009554,-0.01917214933393337,0.2038772966798959,-0.040742373641487584,-0.05216050170994144,0.1987613471125091,-0.033778347715667734,-0.051238068195546486,24.8,37.93,3,481.0,350.0,409.0,400.0,333.0,405.0,1,1,1,-0.059453891536863285,0.0024987333165857883,0.04303505846744306,-0.04568953366321875,-0.0055743399524129655,0.07392089677685279,-0.06352913699514828,-0.0013200701423715933,0.12199062643843343
92,least_connections,4273,measured,385,309,9,medium,2,100.0,79.0,4,1310.0,453.0,0.0,1163.0,417.0,0.0,3,1,0,0.03206052984057085,-0.03500113916721306,-0.017422045439195115,0.2237392666795882,-0.20930998952746466,-0.10971841505336657,0.13977060069409597,-0.1437389574396251,-0.0752863196064767,47.77,45.75,4,1231.0,441.0,0.0,1057.0,407.0,0.0,3,1,0,0.027258018481450486,-0.016752202086753112,-0.01734623034974924,0.07046041128181058,-0.03686214758039355,-0.0471928348804232,0.06136443310179396,-0.03056136221893746,-0.046358252176923014,32.5,48.23,4,481.0,735.0,409.0,400.0,642.0,405.0,1,2,1,-0.05379161615240011,0.04534465894176356,0.038936481470543724,-0.04133814950481697,0.06462321623353111,0.06688081136953347,-0.05747874299561037,0.09199612701404475,0.11037247153953501
92,least_connections,4274,measured,194,106,4,light,0,100.0,67.35,4,1108.0,453.0,0.0,930.0,417.0,0.0,3,1,0,0.029007146046230767,-0.031667697341764195,-0.01576280301641463,0.0805894952497862,-0.18937570481056326,-0.09926904219114119,0.021054353008943982,-0.13004953292156554,-0.0681161939296694,34.17,33.12,3,755.0,441.0,0.0,653.0,407.0,0.0,2,1,0,-0.01842188350544502,-0.015156754268967107,-0.015694208411677884,-0.05929772312598089,-0.033351466858451306,-0.04269827917752576,-0.058705989098376904,-0.027650756293324363,-0.04194318054102558,32.5,48.23,4,831.0,385.0,409.0,733.0,309.0,405.0,2,1,1,-0.005584704863509399,-0.0020577802318284266,0.03522824514001575,0.025932150448022745,-0.004864709122043273,0.06051121028672077,0.048423994432543,-0.017193980320626176,0.09986080758338883
92,least_connections,4275,measured,362,341,10,medium,1,100.0,67.35,4,1108.0,453.0,0.0,930.0,417.0,0.0,3,1,0,0.0262445607084945,-0.028651726166358082,-0.014261583681517998,0.07291430522599696,-0.17133992340003346,-0.08981484769674679,0.019049176531901746,-0.11766386311951169,-0.061628937364938984,44.51,43.78,4,755.0,803.0,0.0,653.0,748.0,0.0,2,2,0,-0.016667418409688356,0.029370646364358557,-0.014199521896279991,-0.053650320923506495,0.06340309461106106,-0.03863177639871378,-0.05311494251757912,0.0713963395441351,-0.03794859191807076,32.5,48.23,4,1216.0,409.0,0.0,1042.0,405.0,0.0,3,1,0,0.038031072016915524,-0.0018618011621304859,-0.011210726052457405,0.09312908850059201,-5.854634851534812e-05,-0.019261285931062164,0.13700266162944366,0.01339592256705252,-0.03179260266264821
92,least_connections,4276,measured,445,402,19,heavy,0,100.0,87.45,5,1108.0,453.0,445.0,930.0,417.0,402.0,3,1,1,0.02374507873625692,-0.025922990340990645,0.030180562610145845,0.06597008568066387,-0.15502183545717313,0.18715164573468945,0.017234969243149212,-0.10645778091765343,0.12609762809838854,34.14,34.0,3,392.0,803.0,0.0,340.0,748.0,0.0,1,2,0,-0.05816394545457064,0.026573441948705367,-0.012847186477586658,-0.1423775012437168,0.057364704648102866,-0.03495255959883627,-0.13655340037304775,0.06459668815897937,-0.03433444030682593,22.88,34.9,3,735.0,409.0,0.0,642.0,405.0,0.0,2,1,0,-0.008674835068595704,-0.0016844867657371115,-0.010143037856985272,-0.002778443737559616,-5.2970505799609935e-05,-0.017426877747151483,0.0033198684583855276,0.012120120417809424,-0.028764735742396
92,least_connections,4277,measured,160,113,3,light,1,100.0,66.45,4,620.0,453.0,445.0,510.0,417.0,402.0,2,1,1,-0.021600257560620145,-0.02345413411803915,0.027306223313941478,-0.23466198597146293,-0.14025785112791855,0.16932767947424282,-0.1744064563990555,-0.09631894463978166,0.1140883301842563,38.71,37.53,4,552.0,803.0,0.0,453.0,748.0,0.0,2,2,0,-0.009540621851187508,0.024042637953590573,-0.01162364490829269,-0.08745719500281857,0.05190139944352165,-0.03162374439894711,-0.09159890986132893,0.058444622620028946,-0.031064493610937743,22.88,34.9,3,735.0,409.0,0.0,642.0,405.0,0.0,2,1,0,-0.007848660300158017,-0.0015240594547145242,-0.009177034251558103,-0.002513830048268245,-4.7925695723455286e-05,-0.01576717510456563,0.003003690509967849,0.010965823235160904,-0.026025237100263048
92,least_connections,4278,measured,452,429,18,heavy,2,88.27,61.15,3,879.0,0.0,445.0,821.0,0.0,402.0,2,0,1,-0.019543090173894412,-0.06430430728593564,0.024705630617375622,-0.05609100318052995,-0.40013805578240247,0.1532012338100292,-0.01710584150390737,-0.27578856895980247,0.10322277492861286,38.71,37.53,4,1355.0,0.0,0.0,1201.0,0.0,0.0,4,0,0,0.07753580925482127,-0.06441493754312326,-0.01051663110750291,0.12845029295663352,-0.1606198222721879,-0.028611959218095003,0.12861289107784524,-0.15860962715330715,-0.028105970409896052,31.92,49.2,4,735.0,409.0,452.0,642.0,405.0,429.0,2,1,1,-0.007101168843000105,-0.0013789109352179002,0.03478086923725242,-0.0022744176627188806,-4.3361343749798165e-05,0.0675249368101549,0.0027176247471137616,0.009921459117526538,0.10583430929023818
92,least_connections,4279,measured,352,337,9,medium,0,100.0,78.0,4,879.0,352.0,445.0,821.0,337.0,402.0,2,1,1,-0.01768184349066637,-0.01509618731766059,0.0223527134157208,-0.050749002877622296,-0.14971220919995146,0.13861064011383595,-0.015476713741630455,-0.09707061001124986,0.09339203445922116,27.51,26.91,3,963.0,0.0,0.0,861.0,0.0,0.0,3,0,0,0.02706754624189045,-0.05828018158663533,-0.009515047192502632,0.014883598389335062,-0.14532269634150335,-0.025887010721133575,0.020233091927574248,-0.1435039483768017,-0.025429211323239286,31.92,49.2,4,735.0,409.0,452.0,642.0,405.0,429.0,2,1,1,-0.0064248670484286785,-0.0012475860842447728,0.031468405500371235,-0.0020578064567456644,-3.923169196411169e-05,0.06109399044728301,0.002458803342626714,0.008976558249190691,0.09575485126259645
92,least_connections,4280,measured,393,300,10,medium,1,83.33,57.8,3,453.0,352.0,445.0,417.0,337.0,402.0,1,1,1,-0.05908175862307456,-0.0136584551921691,0.020223883566604536,-0.3028681454607059,-0.13545390356186085,0.1254096267696611,-0.19676464576623706,-0.08782579001017846,0.08449755498691439,34.17,32.75,3,803.0,393.0,0.0,748.0,300.0,0.0,2,1,0,-0.018594215531713615,-0.009645787875436504,-0.008608852221788097,-0.02789443138924108,-0.02989060281238061,-0.023421581128644665,-0.013643273970289943,-0.045015477102820584,-0.023007381673406973,31.92,49.2,4,735.0,409.0,452.0,642.0,405.0,429.0,2,1,1,-0.0058129749485783255,-0.0011287683619357475,0.02847141450033588,-0.001861824889436564,-3.549534034848201e-05,0.05527551516658939,0.002224631595709875,0.008121647939743959,0.08663534161853964
92,least_connections,4281,measured,427,408,15,heavy,0,100.0,78.2,4,805.0,445.0,427.0,754.0,402.0,408.0,2,1,1,-0.010371024241738663,-0.012357649935772042,0.018297799417404104,-0.06170609986127362,-0.06645829369882644,0.10260870993445528,-0.0255727747408811,-0.05005666715206625,0.07916445451197013,34.17,32.75,3,803.0,393.0,0.0,748.0,300.0,0.0,2,1,0,-0.01682333786202661,-0.008727141411109224,-0.0077889615339987546,-0.025237818875980034,-0.02704387873501103,-0.02119095435448803,-0.01234391454454803,-0.040728288807313856,-0.020816202466415832,24.92,38.1,3,385.0,409.0,452.0,309.0,405.0,429.0,1,1,1,-0.04834325851356633,-0.001021266613179958,0.025759851214589607,-0.06501784156663308,-3.211483174386798e-05,0.05001118038881897,-0.09841580950864344,0.007348157659768345,0.07838435670248825
92,least_connections,4282,measured,442,405,16,heavy,1,100.0,78.2,4,805.0,872.0,0.0,754.0,810.0,0.0,2,2,0,-0.00938330764728737,0.031903169332487435,-0.026528748372915557,-0.05582932844591426,0.19742662316137927,-0.16471910371009602,-0.023137272384606666,0.13928206305289248,-0.1129464459177413,46.8,45.41,4,803.0,393.0,442.0,748.0,300.0,405.0,2,1,1,-0.01522111520850028,-0.007895985086241675,0.036036744553139446,-0.02283421707826766,-0.024468271236438563,0.09508573517587136,-0.011168303635543442,-0.03684940415899826,0.09567522157800472,17.22,27.8,2,409.0,452.0,0.0,405.0,429.0,0.0,1,1,0,-0.04373913865513143,-0.0009240031262104376,-0.01977736817546201,-0.05448280903647755,0.007751896104612688,-0.03654226536249711,-0.060090494317344034,0.013886428358837993,-0.058461772507272525
92,least_connections,4283,measured,414,404,16,heavy,2,100.0,78.2,4,805.0,872.0,0.0,754.0,810.0,0.0,2,2,0,-0.008489659299926677,0.028864772253202914,-0.02400220090882836,-0.0505122495463034,0.17862408762220028,-0.1490315700234202,-0.020933722633691754,0.1260171046669027,-0.10218964154462308,46.8,45.41,4,1196.0,0.0,442.0,1048.0,0.0,405.0,3,0,1,0.029312415038114256,-0.05022788673335698,0.032604673643316644,0.0809323069972136,-0.12372979642480496,0.08602995087340742,0.07471677290117495,-0.1181613656676651,0.08656329571343284,25.5,41.27,3,409.0,452.0,414.0,405.0,429.0,404.0,1,1,1,-0.039573506402261774,-0.0008360028284761095,0.025190090925148883,-0.04929397008062254,0.007013620285125768,0.041852236100597844,-0.0543675900966446,0.012563911372281994,0.0689472851918328
92,least_connections,4284,measured,386,345,16,medium,2,100.0,78.2,4,805.0,872.0,0.0,754.0,810.0,0.0,2,2,0,-0.007681120318981272,0.02611574632432645,-0.02171627701274947,-0.04570155911332208,0.16161226975341925,-0.13483808716404685,-0.018940034763816338,0.11401547565100717,-0.09245729473084946,46.8,45.41,4,1196.0,442.0,0.0,1048.0,405.0,0.0,3,1,0,0.026520756463055753,-0.0023603782462798956,-0.01358443359708993,0.07322446823557421,0.0023124971122512883,-0.03642188118256334,0.06760088976772971,0.007601026300683961,-0.03618975625927504,33.22,52.77,4,409.0,452.0,800.0,405.0,429.0,749.0,1,1,2,-0.03580460103061779,-0.0007563835114783868,0.06587493487332065,-0.04459930626342039,0.006345656448447132,0.1077139279005409,-0.049189724373154636,0.011367348384445614,0.16642849612594396
92,least_connections,4285,measured,194,106,6,light,0,94.53,62.65,4,546.0,872.0,0.0,443.0,810.0,0.0,2,2,0,-0.006949585050506857,0.02362853238867632,-0.01964806015439238,-0.1975712518961802,0.14622062501499833,-0.12199636457699477,-0.15782669811964337,0.10315685892233978,-0.08365183808981617,23.86,22.03,2,393.0,442.0,0.0,300.0,405.0,0.0,1,1,0,-0.062172830320273806,-0.0021355803180627686,-0.012290678016414699,-0.14132752193652126,0.00209225929203688,-0.032953130593747784,-0.15032538544824456,0.0068771190339521615,-0.032743112806010756,33.22,52.77,4,409.0,866.0,386.0,405.0,833.0,345.0,1,2,1,-0.0323946390277018,0.04239955324018169,0.016517231325294646,-0.04035175328595178,0.08065559392954741,0.02254117286239416,-0.04450498871856848,0.13212601361767304,0.02873689332029851
92,least_connections,4286,measured,352,341,13,medium,1,94.53,62.65,4,546.0,872.0,0.0,443.0,810.0,0.0,2,2,0,-0.006287719807601455,0.021378195970707142,-0.017776816330164535,-0.178754942191782,0.13229485120404616,-0.11037766318870955,-0.1427955840130107,0.09333239616783123,-0.07568499636697654,33.91,32.69,3,393.0,794.0,0.0,300.0,746.0,0.0,1,2,0,-0.05625160838500963,0.041151708510414865,-0.011120137252946633,-0.12786775794256683,0.09288619378123067,-0.029814737203867042,-0.13600868207222128,0.10263584579262339,-0.029624721110200206,33.22,52.77,4,409.0,1252.0,0.0,405.0,1178.0,0.0,1,3,0,-0.029309435310777815,0.08144540077739794,-0.028139738551490785,-0.03650872916348019,0.1428217278410191,-0.04945322455307195,-0.040266418364419077,0.22359020279694225,-0.07804757271020611
92,least_connections,4287,measured,454,441,17,heavy,1,94.53,62.65,4,546.0,872.0,0.0,443.0,810.0,0.0,2,2,0,-0.00568888934973466,0.01934217730683027,-0.0160837862034822,-0.16173066198304087,0.1196953415655656,-0.09986550478978483,-0.12919600458320016,0.08444359653279965,-0.06847690147488353,46.89,46.47,4,393.0,794.0,454.0,300.0,746.0,441.0,1,2,1,-0.05089431234834205,0.03723249817608964,0.03302282366456756,-0.11568987623375097,0.08403988961158965,0.09038530579514072,-0.12305547425581925,0.09286100333618305,0.09788418090029505,33.22,52.77,4,409.0,1252.0,0.0,405.0,1178.0,0.0,1,3,0,-0.02651806051927516,0.07368869594145527,-0.025459763451348805,-0.03303170733838684,0.1292196585228268,-0.04474339364325558,-0.03643152137733152,0.20229589776866203,-0.07061447054732933
92,least_connections,4288,measured,438,415,15,heavy,0,100.0,66.55,4,639.0,427.0,438.0,508.0,408.0,415.0,2,1,1,-0.005147090364045648,-0.025583835044387118,0.02853190318551157,-0.0902325036989417,-0.1601169131867105,0.17383597185686134,-0.08748686128956207,-0.10545579361318128,0.12578280342748632,46.89,46.47,4,393.0,794.0,454.0,300.0,746.0,441.0,1,2,1,-0.046047234981833274,0.033686545968843004,0.02987779283937065,-0.10467179278291756,0.07603609060096206,0.08177718143369875,-0.11133590527907455,0.08401709825654657,0.08856187795740982,33.22,52.77,4,409.0,1252.0,0.0,405.0,1178.0,0.0,1,3,0,-0.02399253094601085,0.0666707248994119,-0.023035024075029872,-0.029885830449016673,0.11691302437779566,-0.04048211805818362,-0.03296185267472851,0.1830296217906942,-0.06388928287615511
92,least_connections,4289,measured,160,102,4,light,0,100.0,71.65,5,1226.0,438.0,0.0,1018.0,415.0,0.0,4,1,0,0.08151090917175915,-0.023147279325874057,-0.01726932115415166,0.27242456014540195,-0.1382327627244841,-0.10691031117712545,0.15155950645230104,-0.0922457180309735,-0.07393460642275046,46.89,46.47,4,393.0,794.0,454.0,300.0,746.0,441.0,1,2,1,-0.04166178403118248,0.030478303495619863,0.02703228875943059,-0.09470305061311589,0.06879455816277519,0.07398887844001314,-0.10073248572868651,0.0760154698511612,0.08012741339003746,25.04,39.27,3,452.0,800.0,0.0,429.0,749.0,0.0,1,2,0,-0.021707527998771722,0.017237231825091515,-0.020841212258360362,-0.019258608501491276,0.023987974437053222,-0.036626678243118514,-0.022584533372373428,0.03621727685824713,-0.057804589268902244
92,least_connections,4290,measured,471,421,13,heavy,2,100.0,71.65,5,1226.0,438.0,0.0,1018.0,415.0,0.0,4,1,0,0.07374796544111542,-0.020942776532933666,-0.015624623901375312,0.24647936394107794,-0.12506773770310464,-0.09672837677930397,0.13712526774255812,-0.08346041155183317,-0.06689321533486946,35.66,37.09,3,0.0,1248.0,0.0,0.0,1187.0,0.0,0,3,0,-0.08077789530258914,0.07065950815136582,-0.01862611515870112,-0.18727554919417969,0.1796032396982932,-0.05041822562910376,-0.17596034423071638,0.19346340129390774,-0.05219126883758517,34.46,53.3,4,452.0,1271.0,0.0,429.0,1170.0,0.0,1,3,0,-0.019640144379841074,0.05867949092564968,-0.01885633490042128,-0.017424455310873055,0.10693197687161957,-0.033138423172345326,-0.020433625432147384,0.1597362663638109,-0.05229939029091155
92,least_connections,4291,measured,379,305,9,medium,1,98.0,66.35,4,1032.0,438.0,0.0,912.0,415.0,0.0,3,1,0,0.023640449458061347,-0.01894822638693998,-0.01413656448219671,0.10598926578795931,-0.11315652458852321,-0.08751615041937026,0.07611333748136212,-0.07551180092784907,-0.06052243292202475,46.49,46.62,4,442.0,1185.0,0.0,405.0,1087.0,0.0,1,3,0,-0.0300008621898709,0.06393003118456907,-0.016852199429301013,-0.05518127920289728,0.14621245496512242,-0.0456164898549034,-0.04469328763731481,0.1467645059325832,-0.0472206718054342,34.46,53.3,4,452.0,1271.0,0.0,429.0,1170.0,0.0,1,3,0,-0.017769654438903826,0.05309096798034971,-0.017060493481333542,-0.015764983376504185,0.09674797907432248,-0.0299823828702172,-0.018487565867180977,0.14452328861487654,-0.0473184959774914
92,least_connections,4292,measured,356,322,9,medium,0,100.0,82.45,5,1032.0,794.0,0.0,912.0,737.0,0.0,3,2,0,0.021388978081103127,0.025940266829049763,-0.012790225007701786,0.09589504999862986,0.11235044600720917,-0.0791812789508588,0.06886444819742288,0.07734646582718413,-0.054758391691355726,46.49,46.62,4,794.0,833.0,0.0,746.0,746.0,0.0,2,2,0,0.015940263007350353,0.01475755655928132,-0.01524722805508187,0.041067278000099766,0.0412942619752468,-0.04127206224967451,0.05597690642338185,0.0363732434628134,-0.04272346496682142,34.46,53.3,4,866.0,857.0,0.0,833.0,766.0,0.0,2,2,0,0.027006593829653897,0.004950785088797122,-0.015435684578349396,0.06065072932602003,0.012619600114863211,-0.02712691783495842,0.10511442453286804,0.008917896048380364,-0.04281197255106365
92,least_connections,4293,measured,387,322,10,medium,1,100.0,77.35,4,872.0,794.0,0.0,810.0,737.0,0.0,2,2,0,-0.023731967677187882,0.023469765226283107,-0.011572108340301616,-0.009745748413938049,0.10165040353033211,-0.07164020476506272,0.016163072178620674,0.06998013574840473,-0.04954330676836947,57.54,56.69,5,1173.0,841.0,0.0,1051.0,763.0,0.0,3,2,0,0.0575060429476934,0.013352074982206918,-0.013795111097455025,0.13512889778240317,0.03942950233134576,-0.03734138965446741,0.13688089152591693,0.03771567265683118,-0.03865456354140986,34.46,53.3,4,1252.0,471.0,0.0,1178.0,421.0,0.0,3,1,0,0.06751843750120613,-0.03860461847975044,-0.013965619380411359,0.12472208843782767,-0.05842988561036186,-0.024543401850676664,0.1991511460059282,-0.09597904643241778,-0.03873464183191473
92,least_connections,4294,measured,443,440,19,heavy,0,100.0,99.35,5,1228.0,438.0,443.0,1132.0,415.0,440.0,3,1,1,0.021612119947396896,-0.021849350736310738,0.032613897442674955,0.20591257683183373,-0.12276074601223919,0.20238902108557816,0.1602903986377996,-0.08235130575144337,0.15422272244766572,57.54,56.69,5,1173.0,841.0,0.0,1051.0,763.0,0.0,3,2,0,0.05202927695267498,0.012080448793425319,-0.012481290992935498,0.12225947894598382,0.035674311633122346,-0.03378506683023242,0.12384461614249628,0.034123703832371066,-0.03497317653746606,34.46,53.3,4,1252.0,471.0,0.0,1178.0,421.0,0.0,3,1,0,0.061088110120138886,-0.034927988148345634,-0.012635560391800754,0.1128437943008917,-0.052865134599851205,-0.022205935007755077,0.1801843701958398,-0.08683818486742562,-0.03504562832411333
92,least_connections,4295,measured,184,101,4,light,2,100.0,79.25,4,783.0,438.0,443.0,730.0,415.0,440.0,2,1,1,-0.023530077417207806,-0.019768460189995424,0.029507811971944006,-0.08211084318389639,-0.11106924639202592,0.18311387622028502,-0.03683249647056225,-0.07450832425130591,0.1395348441193166,57.54,56.69,5,1173.0,841.0,0.0,1051.0,763.0,0.0,3,2,0,0.04707410771908688,0.01092992986071814,-0.011292596612655928,0.1106157190463663,0.03227675814425354,-0.03056744141782933,0.11204989079559188,0.030873827276907156,-0.03164239781961215,38.14,56.67,5,1436.0,471.0,0.0,1279.0,421.0,0.0,4,1,0,0.09835409509735922,-0.031601513086598434,-0.01143217368781973,0.13539200436747345,-0.047830359876055856,-0.020091084054635545,0.19348427144702968,-0.0785678815467184,-0.031707949436102535
92,least_connections,4296,measured,437,418,14,heavy,0,100.0,79.75,4,794.0,437.0,443.0,737.0,418.0,440.0,2,1,1,-0.02128911766318803,-0.01788574969571015,0.026697544165092197,-0.0676558422457475,-0.10109439752929328,0.16567445943740072,-0.03015797299717532,-0.06605515051308633,0.12624581134604834,57.54,56.69,5,1560.0,454.0,0.0,1373.0,441.0,0.0,4,1,0,0.0856747595916455,-0.03319491606706,-0.010217111220974412,0.2001217049875287,-0.07083803514839646,-0.027656256520893204,0.1924201392912498,-0.06310820389232208,-0.028628836122506232,29.1,42.37,4,1455.0,0.0,0.0,1271.0,0.0,0.0,4,0,0,0.08898703842142025,-0.07167574540034642,-0.01034339524136071,0.1259356229991426,-0.1285036589354791,-0.01817764747800359,0.17264449956318562,-0.1980534801295706,-0.028688144727902293
92,least_connections,4297,measured,432,440,17,heavy,0,100.0,100.0,5,794.0,437.0,875.0,737.0,418.0,880.0,2,1,2,-0.019261582647646325,-0.016182344962785367,0.06723882113803126,-0.061212428698533494,-0.09146635966936056,0.41046736806241024,-0.02728578509268248,-0.0597641837975543,0.3132700197892818,57.54,56.69,5,2014.0,0.0,0.0,1814.0,0.0,0.0,5,0,0,0.12059915890491282,-0.07311739571600213,-0.00924405300945304,0.29842303920640345,-0.18145209982814103,-0.025022327328427185,0.2987819117397022,-0.18178539875971997,-0.025902280301315164,29.1,42.37,4,1455.0,0.0,0.0,1271.0,0.0,0.0,4,0,0,0.08051208238128499,-0.06484948393364676,-0.009358309980278737,0.11394175414208138,-0.11626521522733824,-0.016446442956288963,0.15620216627145367,-0.17919124392675437,-0.025955940468102075
92,least_connections,4298,measured,377,348,9,medium,2,100.0,100.0,5,794.0,437.0,875.0,737.0,418.0,880.0,2,1,2,-0.017427146205013344,-0.014641169252043909,0.06083512388679019,-0.05538267358438753,-0.0827552777960881,0.3713752377707521,-0.024687138893379423,-0.05407235676921582,0.2834347798093502,44.91,44.03,4,1572.0,0.0,0.0,1409.0,0.0,0.0,4,0,0,0.06602962449673519,-0.06615383421924002,-0.00836366700855275,0.15574329397586167,-0.16417094746355618,-0.022639248535243645,0.1558175630025877,-0.16447250363974664,-0.02343539646309467,36.64,53.97,5,1455.0,377.0,0.0,1271.0,348.0,0.0,4,1,0,0.0728442650116388,-0.015589442379875418,-0.008467042363109334,0.1030901585095022,-0.03697328996759175,-0.014880115055690014,0.14132576948369618,-0.057173030219444435,-0.02348394613780664
92,least_connections,4299,measured,425,433,18,heavy,1,100.0,100.0,5,794.0,880.0,432.0,737.0,858.0,440.0,2,2,1,-0.01576741799501208,0.02983712804633669,0.011957402337481375,-0.05010813324301722,0.19233252643846,0.0687998183005217,-0.022335982808295685,0.15012501054213806,0.05739337220845972,47.0,46.91,4,1220.0,0.0,425.0,1068.0,0.0,433.0,3,0,1,0.016657188603622086,-0.05985346905550288,0.03551677293330488,0.04991740203258238,-0.14853561913369367,0.08938081595110609,0.04456410462138882,-0.14880845567405648,0.1012221412952953,24.68,37.13,3,857.0,377.0,0.0,766.0,348.0,0.0,2,1,0,-0.02026108449060343,-0.01410473358179204,-0.00766065737614654,-0.0149374756342599,-0.03345202425639254,-0.013462961240862393,-0.02443541491157647,-0.0517279797223545,-0.021247379838967913
92,least_connections,4300,measured,172,124,3,light,2,100.0,100.0,5,794.0,1312.0,0.0,737.0,1298.0,0.0,2,3,0,-0.01426575913834427,0.0700793970305858,-0.03226529811189326,-0.04533593007701564,0.43458657153955904,-0.1983239739185756,-0.020208746350362794,0.33487500953812493,-0.14712028228758406,36.17,37.38,3,841.0,0.0,425.0,763.0,0.0,433.0,2,0,1,-0.02801311053776595,-0.05415313866926451,0.03213422313013299,-0.05280942537188124,-0.13438936969238952,0.08086835728909599,-0.04591521486636249,-0.13463622180033682,0.09158193736241003,20.4,29.77,3,1020.0,0.0,0.0,893.0,0.0,0.0,3,0,0,0.024752442830497115,-0.05584532584837874,-0.0069310709593706785,0.015980379188050536,-0.09848516480340277,-0.012180774456018355,0.01619335476254191,-0.1517538864154636,-0.0192238198543043
92,least_connections,4301,measured,416,442,18,heavy,1,100.0,85.65,4,438.0,1312.0,0.0,415.0,1298.0,0.0,1,3,0,-0.05599101563764028,0.06340516874195858,-0.02919241257742724,-0.25574838118079196,0.3931973742500772,-0.17943597640252076,-0.16395077050747112,0.30298215148687496,-0.13310882683162367,48.06,51.19,4,841.0,0.0,841.0,763.0,0.0,875.0,2,0,2,-0.02534519524845491,-0.04899569689123932,0.07215772115402055,-0.04777995628884493,-0.12159038210263813,0.18070402394183516,-0.04154233726004228,-0.12181372448601903,0.20783008618503765,20.4,29.77,3,1020.0,0.0,0.0,893.0,0.0,0.0,3,0,0,0.022395067322830725,-0.05052672338662838,-0.006270968963240138,0.01445843831299809,-0.0891056252983168,-0.011020700698302322,0.014651130499442666,-0.1373011353282766,-0.017392979868180083
92,least_connections,4302,measured,170,106,4,light,2,100.0,85.65,4,438.0,1312.0,0.0,415.0,1298.0,0.0,1,3,0,-0.05065853795786501,0.057366581242724424,-0.026412182808148454,-0.23139139249690704,0.35575000527387945,-0.16234683579275688,-0.1483364114115215,0.274126708488125,-0.12043179570480238,48.06,51.19,4,841.0,0.0,841.0,763.0,0.0,875.0,2,0,2,-0.02293136712955443,-0.04432944004445462,0.06528555723459002,-0.04322948426133591,-0.11001034571191069,0.16349411689975563,-0.0375859241876573,-0.11021241739211246,0.18803674464360548,23.8,33.3,4,1190.0,0.0,0.0,999.0,0.0,0.0,4,0,0,0.0633461039950328,-0.04571465449266377,-0.005673733823883934,0.04384334894985542,-0.08061937526990567,-0.009971110155606863,0.04522403870584496,-0.12422483672558358,-0.015736505595020076
92,least_connections,4303,measured,193,104,5,light,0,100.0,70.1,4,630.0,875.0,0.0,522.0,880.0,0.0,2,2,0,-0.0027500150684538482,0.008819197088088537,-0.02389673682642003,-0.09354459321148728,0.058281750803351295,-0.1468852323839229,-0.08580437222947185,0.058924164822589276,-0.10896210087577358,37.0,41.12,3,454.0,425.0,416.0,441.0,433.0,442.0,1,1,1,-0.06383132762968756,0.002976311615107946,0.01598398489025265,-0.13915320684869165,0.010330775648407328,0.03805930304535711,-0.12504797902692805,0.02270959854999348,0.047702888010881156,10.94,15.13,2,547.0,0.0,0.0,454.0,0.0,0.0,2,0,0,-0.02885465874372317,-0.04136087787431484,-0.005133378221609274,-0.07668458904536887,-0.07294133952991466,-0.009021480616977638,-0.12344809196455303,-0.11239389989457563,-0.014237790776446735
92,least_connections,4304,measured,157,123,2,light,2,100.0,70.1,4,630.0,875.0,0.0,522.0,880.0,0.0,2,2,0,-0.0024881088714582555,0.007979273555889621,-0.02162085712866574,-0.08463558433420276,0.05273110786969881,-0.1328961626330731,-0.07763252725523645,0.05331233960139031,-0.09858475793522373,24.03,27.34,2,0.0,425.0,416.0,0.0,433.0,442.0,0,1,1,-0.10083605379647469,0.0026928533660500464,0.014461700614990497,-0.24326106469983666,0.009346892253320915,0.034434607517227864,-0.23782614769103014,0.02054677964047029,0.043159755819368664,14.08,19.23,3,704.0,0.0,0.0,577.0,0.0,0.0,3,0,0,0.016977304220531647,-0.03742174664818962,-0.004644485057646487,-0.040971771041048016,-0.0659945452889704,-0.008162291986789291,-0.07459589272983372,-0.1016897189522351,-0.012881810702499427
92,least_connections,4305,measured,389,347,13,medium,1,100.0,70.1,4,630.0,875.0,0.0,522.0,880.0,0.0,2,2,0,-0.0022511461217955553,0.0072193427410429944,-0.019561727878316622,-0.07657505249285013,0.04770909759639419,-0.12023938523944709,-0.07023895323092821,0.048234973925067426,-0.08919573336996432,35.14,38.19,3,0.0,1230.0,0.0,0.0,1222.0,0.0,0,3,0,-0.09123262010157233,0.08860419159422668,-0.029999504432242155,-0.22009334425223318,0.216551950133957,-0.0763822938789707,-0.21517603838712251,0.2416703006270922,-0.08592093521104739,14.08,19.23,3,704.0,0.0,0.0,577.0,0.0,0.0,3,0,0,0.015360418104290535,-0.033857770776933464,-0.0042021531473944405,-0.037069697608567265,-0.05970935049954465,-0.0073849308451903115,-0.06749152199365907,-0.092004983813927,-0.011654971587975672
92,least_connections,4306,measured,394,336,9,medium,1,100.0,70.1,4,1073.0,432.0,0.0,962.0,440.0,0.0,3,1,0,0.04104714897370425,-0.03655211393724227,-0.0176987061756198,0.19792415885567538,-0.22404097519056404,-0.10878801521664261,0.1354980899339221,-0.15540645216303425,-0.08070090162044391,46.4,48.69,4,0.0,1624.0,0.0,0.0,1558.0,0.0,0,4,0,-0.08254379913951783,0.12324959738343866,-0.027142408772028618,-0.1991320733710681,0.2977782950191584,-0.06910778970002111,-0.1946830823502537,0.31365408151975005,-0.07773798900047145,7.54,11.6,1,377.0,0.0,0.0,348.0,0.0,0.0,1,0,0,-0.07227027931153758,-0.03063322117913028,-0.0038019480857378273,-0.09271067878870373,-0.054022745690064204,-0.006681604098029329,-0.13012725005775505,-0.0832426044030768,-0.01054497429388275
92,least_connections,4307,measured,363,322,6,medium,2,100.0,70.1,4,1505.0,0.0,0.0,1402.0,0.0,0.0,4,0,0,0.08022179691725169,-0.07615486045569085,-0.01601311511127506,0.4366297945202142,-0.4632751680295579,-0.09842725186267665,0.32164112898783426,-0.33965345671893576,-0.07301510146611592,46.4,48.69,4,0.0,1624.0,0.0,0.0,1558.0,0.0,0,4,0,-0.07468248493575423,0.11151154048977784,-0.024557417460406846,-0.18016711400239496,0.2694184573982862,-0.06252609544287624,-0.1761418364121343,0.2837822642321548,-0.07033437100042655,7.26,10.73,1,363.0,0.0,0.0,322.0,0.0,0.0,1,0,0,-0.06538739556758162,-0.027715771543022634,-0.003439857791858034,-0.08641442366597005,-0.04887772229101047,-0.006045260850597965,-0.12557544846495297,-0.07531473731706949,-0.009540691027798679
92,least_connections,4308,measured,474,445,18,heavy,2,87.47,64.9,3,1312.0,0.0,0.0,1298.0,0.0,0.0,3,0,0,0.029497725555517967,-0.06890201660276792,-0.014488056529248864,0.2816491791690827,-0.4191537234553143,-0.08905322787575506,0.24396102146518345,-0.3073055084599895,-0.06606128227886679,46.4,48.69,4,394.0,1230.0,0.0,336.0,1222.0,0.0,1,3,0,-0.024485967096067887,0.057807493549708294,-0.022218615797510957,-0.06115800110420769,0.141909216557633,-0.05657122921022136,-0.06436642342050246,0.16175538192433053,-0.0636358594765764,16.74,25.57,2,363.0,0.0,474.0,322.0,0.0,445.0,1,0,1,-0.059160024561145275,-0.025076174253210955,0.039971647938885815,-0.07818447855492527,-0.044222701120438045,0.08030190684945898,-0.11361588194448125,-0.0681419051916343,0.12557429541929327
92,least_connections,4309,measured,383,307,10,medium,2,87.47,64.9,3,1312.0,0.0,0.0,1298.0,0.0,0.0,3,0,0,0.026688418359754343,-0.06233991978345669,-0.013108241621701353,0.2548254478196462,-0.3792343212214749,-0.0805719680780641,0.22072663846849933,-0.27803831717808575,-0.05976973158564138,46.4,48.69,4,394.0,1230.0,0.0,336.0,1222.0,0.0,1,3,0,-0.022153970229775707,0.0523020179735456,-0.02010255715012896,-0.05533342957047363,0.12839405307595364,-0.05118349309496219,-0.0582362878566451,0.14635010745534666,-0.05757530143118818,24.4,35.8,3,363.0,383.0,474.0,322.0,307.0,445.0,1,1,1,-0.05352573650770287,0.020395933045280788,0.036164824325658596,-0.07073833774017049,0.029293746605317958,0.07265410619712956,-0.10279532175929254,0.030935101652013408,0.11361483871269391
92,least_connections,4310,measured,357,332,13,medium,0,82.13,60.6,3,875.0,357.0,0.0,880.0,332.0,0.0,2,1,0,-0.018937235996503432,-0.01331888433922726,-0.011859837657729796,-0.03303094403619311,-0.12778343348609633,-0.07289844730872466,0.010609815757213648,-0.10136800125636333,-0.05407737619653268,46.4,48.69,4,819.0,805.0,0.0,769.0,789.0,0.0,2,2,0,0.023039831923626963,0.004236973177879133,-0.01818802789773573,0.059800366443040875,0.006302102442869634,-0.04630887470496579,0.06973562051065443,0.00998640674531362,-0.05209193939012264,24.4,35.8,3,363.0,383.0,474.0,322.0,307.0,445.0,1,1,1,-0.04842804731649307,0.018453463231444523,0.032720555342262536,-0.06400135319348757,0.026503865976240056,0.06573466751168865,-0.09300529111555039,0.02798890149467881,0.10279437788291354
92,least_connections,4311,measured,388,346,11,medium,0,100.0,77.9,4,875.0,745.0,0.0,880.0,678.0,0.0,2,2,0,-0.01713368971112214,0.0310334810626946,-0.010730329309374577,-0.029885139842270037,0.11841816335384936,-0.06595573804122708,0.009599357113669493,0.06480990362519506,-0.048927149892101,46.4,48.69,4,1208.0,416.0,0.0,1116.0,442.0,0.0,3,1,0,0.06392946244337223,-0.039250448303914345,-0.01645583476461804,0.15466291657771725,-0.09485592091903633,-0.04189850568544524,0.16120425189059212,-0.08907479865900195,-0.04713080230534906,24.4,35.8,3,363.0,383.0,474.0,322.0,307.0,445.0,1,1,1,-0.043815852333969924,0.01669599054273552,0.029604311976332773,-0.05790598622267923,0.02397968826421719,0.05947422298676592,-0.08414764434264083,0.025323291828518918,0.09300443713215986
92,least_connections,4312,measured,446,400,15,heavy,2,100.0,77.9,4,875.0,745.0,0.0,880.0,678.0,0.0,2,2,0,-0.015501909738634329,0.028077911437676073,-0.009708393184672237,-0.02703893604776819,0.10714024303443515,-0.05967423918015783,0.00868513262665338,0.05863753185136694,-0.04426742133094853,46.4,48.69,4,1624.0,0.0,0.0,1558.0,0.0,0.0,4,0,0,0.10092484243742748,-0.07859621059696559,-0.014888612406082991,0.24747052996487345,-0.1933594386546383,-0.03790817181064093,0.2708217040914881,-0.20556172259623987,-0.04264215446674439,33.32,49.13,4,746.0,474.0,446.0,629.0,445.0,400.0,2,1,1,0.003440986210308389,0.015105896205332134,0.02678485369287251,0.016913631512814026,0.0381625750961965,0.04874334460707393,0.016453718610626555,0.06453059736865999,0.0705754431195732
92,least_connections,4313,measured,152,102,3,light,0,88.6,61.0,4,584.0,745.0,0.0,542.0,678.0,0.0,2,2,0,-0.014025537382573922,0.025403824634087885,-0.008783784309941547,-0.19998760880512367,0.09693641036448897,-0.053990978305857085,-0.14504678476636124,0.05305300500837962,-0.040051476442286765,46.4,48.69,4,1624.0,0.0,0.0,1558.0,0.0,0.0,4,0,0,0.09131295268148201,-0.07111085720677839,-0.013470649319789373,0.22390190806345692,-0.17494425402086322,-0.03429786973343703,0.24502916084467974,-0.18598441568231225,-0.038580996898483016,26.06,38.4,3,383.0,920.0,0.0,307.0,845.0,0.0,1,2,0,-0.039970626988859295,0.0567511396506293,-0.018849984980825095,-0.05038290482173968,0.11523280603941588,-0.03660364059359978,-0.08222441332054423,0.179019746825613,-0.056780948288640117
92,least_connections,4314,measured,397,326,11,medium,2,59.8,39.0,3,152.0,745.0,0.0,102.0,678.0,0.0,1,2,0,-0.05577367214432424,0.02298441276417476,-0.007947233423280449,-0.441512598442731,0.08770437128215669,-0.04884898037196594,-0.3302804243124221,0.04800033786472441,-0.03623705011444993,46.4,48.69,4,1624.0,0.0,0.0,1558.0,0.0,0.0,4,0,0,0.08261648099753134,-0.06433839461565663,-0.01218773033695229,0.2025779168193182,-0.15828289649506672,-0.031031405949300168,0.2216930502880436,-0.1682716141887587,-0.03490661624148463,34.0,49.27,4,383.0,1317.0,0.0,307.0,1171.0,0.0,1,3,0,-0.03616390060896793,0.0944301694344696,-0.01705474831598461,-0.04558453293395495,0.1760963483213763,-0.033117579584685516,-0.07439351681382575,0.26028770744539587,-0.05137323892781725
92,least_connections,4315,measured,372,338,11,medium,0,84.6,55.9,4,540.0,729.0,0.0,448.0,670.0,0.0,2,2,0,-0.007377993618107426,0.02079542107234858,-0.007190354049634692,-0.16543203351167723,0.06970078036639576,-0.0441966965270168,-0.14230133628266758,0.0398098294966554,-0.03278590248450232,35.14,38.19,3,1230.0,0.0,0.0,1222.0,0.0,0.0,3,0,0,0.0316643444852948,-0.05821092846178457,-0.011026994114385406,0.08143444174809056,-0.14320833492410798,-0.028076033954128724,0.10557942645108709,-0.15224574617078168,-0.031582176599438475,34.0,49.27,4,383.0,1317.0,0.0,307.0,1171.0,0.0,1,3,0,-0.03271971959859003,0.08543681996452011,-0.015430486571605125,-0.04124314884500686,0.15932526752886428,-0.02996352438614404,-0.06730841997441378,0.23549840197440577,-0.04648054950612037
92,least_connections,4316,measured,370,322,11,medium,1,74.47,50.8,3,745.0,372.0,0.0,678.0,338.0,0.0,2,1,0,-0.006675327559240052,-0.024268995447013414,-0.006505558425859959,-0.026025808097866754,-0.1522707225256419,-0.03998748733396758,-0.024701209017651604,-0.11417205902683561,-0.029663435581216382,45.71,48.25,4,1230.0,370.0,0.0,1222.0,322.0,0.0,3,1,0,0.02864869262955244,-0.00958313028628581,-0.009976804198729653,0.07367878062922478,-0.03392318738031537,-0.025402125958497418,0.09552424297955497,-0.04670448463070724,-0.02857435025663481,34.0,49.27,4,383.0,1317.0,0.0,307.0,1171.0,0.0,1,3,0,-0.029603555827295736,0.07729997996789915,-0.013960916421928446,-0.03731522990738716,0.1441514325261153,-0.027109855396987462,-0.060898094262564845,0.21306998273874808,-0.04205383050553748
92,least_connections,4317,measured,361,334,9,medium,0,98.53,67.5,4,745.0,733.0,0.0,678.0,672.0,0.0,2,2,0,-0.006039582077407679,0.02112623767945951,-0.0058859814329209155,-0.023547159707593746,0.07997728279426053,-0.036179155206923046,-0.022348712920732428,0.047796708499529716,-0.026838346478243395,33.57,34.72,3,805.0,370.0,0.0,789.0,322.0,0.0,2,1,0,-0.017163654514305154,-0.008670451211401448,-0.00902663237027921,-0.04320219167559938,-0.03069240762980914,-0.02298287586721195,-0.03599889920897406,-0.042256438475401795,-0.025852983565526733,34.0,49.27,4,383.0,1317.0,0.0,307.0,1171.0,0.0,1,3,0,-0.026784169558029466,0.06993807711381352,-0.012631305334125736,-0.033761398487636,0.13042272466648525,-0.02452796440679818,-0.05509827576136819,0.1927776034302959,-0.038048703790724385
92,least_connections,4318,measured,369,341,12,medium,1,98.53,67.5,4,745.0,733.0,0.0,678.0,672.0,0.0,2,2,0,-0.005464383784321236,0.019114215043320504,-0.005325411772642733,-0.021304573068775368,0.07236039871861666,-0.03273352137769228,-0.02022026407113886,0.043244641023384045,-0.024282313480315454,33.0,34.53,3,416.0,739.0,0.0,442.0,663.0,0.0,1,2,0,-0.05861292097779536,0.03523920627358463,-0.008166953096919284,-0.13964552035955594,0.06761843391316585,-0.020794030546525098,-0.1306805516652622,0.058181674712731696,-0.023390794654524188,34.0,49.27,4,780.0,920.0,0.0,633.0,845.0,0.0,2,2,0,0.018850603959968792,0.020193407638121524,-0.011428323873732809,0.04129206803499599,0.046163417555391384,-0.022191967796626928,0.04846663939050816,0.07610037135756934,-0.034425017715417304
92,least_connections,4319,measured,360,300,7,medium,1,98.53,67.5,4,1478.0,0.0,0.0,1350.0,0.0,0.0,4,0,0,0.08122383417246219,-0.06887398684289142,-0.004818229699057711,0.42285141801713977,-0.3766580519529977,-0.029616043151245396,0.2857054753642077,-0.26487389621693824,-0.021969712196475887,31.4,30.09,3,360.0,739.0,0.0,300.0,663.0,0.0,1,2,0,-0.053030738027529126,0.03188309139038609,-0.007389148040069828,-0.14082213746816968,0.06117858306429291,-0.01881364668495128,-0.15838359436380867,0.05264056283532867,-0.021163099925521886,26.34,39.03,3,871.0,446.0,0.0,771.0,400.0,0.0,2,1,0,0.017055308344733677,-0.02481367426845693,-0.010339912076234446,0.05382615679356781,-0.0440045269736935,-0.02007844705409103,0.08546981659141215,-0.06535363226378649,-0.031146444599663276
92,least_connections,4320,measured,480,437,16,heavy,1,98.53,67.5,4,1478.0,0.0,0.0,1350.0,0.0,0.0,4,0,0,0.07348823091794199,-0.06231455952452081,-0.004359350680099834,0.3825798543964598,-0.34078585652890264,-0.02679546761303155,0.258495430091426,-0.23964781086294412,-0.019877358653954375,45.11,43.75,4,730.0,369.0,480.0,622.0,341.0,437.0,2,1,1,-0.004896291321959456,-0.014237293730693767,0.036398480571456095,-0.03176424682494261,-0.04029420715951729,0.10705976184286722,-0.05225777585296976,-0.04341449076803597,0.10440898101976592,26.34,39.03,3,1317.0,0.0,0.0,1171.0,0.0,0.0,3,0,0,0.05851489349104022,-0.06553436742202792,-0.0093551585451645,0.12940461805132328,-0.12051838154762745,-0.018166214001320454,0.19796475469381733,-0.17976439744501316,-0.028180116542552487
92,least_connections,4321,measured,400,312,13,medium,2,98.53,67.5,4,1478.0,0.0,0.0,1350.0,0.0,0.0,4,0,0,0.0664893517828999,-0.05637983956980454,-0.003944174424852231,0.3461436777872732,-0.30833006066900714,-0.024243518316552352,0.23387681770176638,-0.21682420982837802,-0.01798427687738729,45.11,43.75,4,730.0,369.0,480.0,622.0,341.0,437.0,2,1,1,-0.004429977862725226,-0.012881360994437221,0.0329319586122698,-0.02873908046066237,-0.03645666362051564,0.09686359404830844,-0.047280844819353574,-0.039279777361556356,0.09446526854169297,34.34,49.43,4,1317.0,400.0,0.0,1171.0,312.0,0.0,3,1,0,0.05294204649189353,-0.01620909886936313,-0.008464191064672642,0.11708036871310201,-0.03665948806690103,-0.016436098382147078,0.17911096853250139,-0.06854874054548811,-0.02549629591945225
92,least_connections,4322,measured,467,431,12,heavy,0,100.0,71.75,4,1090.0,467.0,0.0,1004.0,431.0,0.0,3,1,0,0.017073132338723512,-0.007926430812589591,-0.0035685387653424942,0.07914586720435834,0.002717246696295139,-0.021934611810214034,0.05507902553969335,-0.001198094606627731,-0.01627148860335041,45.11,43.75,4,730.0,849.0,0.0,622.0,778.0,0.0,2,2,0,-0.00400807520913235,0.03142933551750465,-0.013288318625179929,-0.026002025178694516,0.09109703223449947,-0.03644314279982979,-0.042777907217510375,0.08801770143478235,-0.03808797131942065,34.34,49.43,4,1317.0,400.0,0.0,1171.0,312.0,0.0,3,1,0,0.04789994682599891,-0.01466537516751902,-0.007658077629941914,0.10592985740709229,-0.033168108251005704,-0.01487075567908545,0.16205278105321555,-0.06202028906496544,-0.023068077260456798
92,least_connections,4323,measured,193,108,5,light,0,92.87,60.55,4,926.0,467.0,0.0,780.0,431.0,0.0,3,1,0,0.01544711973503557,-0.007171532639962008,-0.003228677930547971,-0.02731246935478704,0.002458461296648007,-0.019845601161622223,-0.051499929273610745,-0.0010839903583774735,-0.014721823022078941,45.11,43.75,4,1099.0,480.0,0.0,963.0,437.0,0.0,3,1,0,0.03945754646611381,-0.014647834758538869,-0.012022764470400888,0.07186211327369815,-0.012966630699398435,-0.0329723672950841,0.05770986966034777,-0.016778627273292157,-0.03446054547947582,34.34,49.43,4,1317.0,400.0,0.0,1171.0,312.0,0.0,3,1,0,0.04333804712828472,-0.013268672770612444,-0.00692873690328078,0.09584129955879778,-0.03000924079852897,-0.013454493233458265,0.14661918285767123,-0.05611359486830207,-0.020871117521365674
92,least_connections,4324,measured,356,332,13,medium,0,100.0,77.15,5,926.0,823.0,0.0,780.0,763.0,0.0,3,2,0,0.013975965474555985,0.03659537069536317,-0.002921184794305307,-0.024711281797188178,0.21695448085569735,-0.01795554390813439,-0.046595174104695436,0.14920972300908705,-0.013319744639023804,45.11,43.75,4,1099.0,480.0,0.0,963.0,437.0,0.0,3,1,0,0.03569968489791249,-0.01325280287677326,-0.010877739282743661,0.0650181024857269,-0.011731713489931905,-0.02983214183840942,0.05221369159745751,-0.015180662771073855,-0.031178588767144792,34.34,49.43,4,1317.0,400.0,0.0,1171.0,312.0,0.0,3,1,0,0.03921061406844807,-0.012004989649601741,-0.00626885719820642,0.08671355674367417,-0.02715121786533574,-0.012173112925509858,0.1326554511569406,-0.05076944297608284,-0.018883392043140372
92,least_connections,4325,measured,184,115,4,light,1,100.0,77.15,5,926.0,823.0,0.0,780.0,763.0,0.0,3,2,0,0.012644921143645904,0.033110097295804775,-0.002642976718657183,-0.022357826387932267,0.19629214934563088,-0.016245492107359687,-0.042157538475676826,0.1349992731986978,-0.012051197530545347,50.37,47.34,5,1283.0,480.0,0.0,1078.0,437.0,0.0,4,1,0,0.07538361513439248,-0.011990631174223429,-0.00984176411295855,0.10639052809933114,-0.010614407443271717,-0.026990985472846618,0.07975584001674724,-0.013734885364304894,-0.02820919936075005,26.4,38.57,3,920.0,400.0,0.0,845.0,312.0,0.0,2,1,0,-0.007607630355304346,-0.010861657302020628,-0.005671823179329618,0.006617027529990882,-0.024565387592446628,-0.011013768837366062,0.021704138348343116,-0.045934257930741615,-0.01708497375331748
92,least_connections,4326,measured,387,346,8,medium,2,67.73,43.55,3,193.0,823.0,0.0,108.0,763.0,0.0,1,2,0,-0.07472715751402557,0.02995675469620432,-0.0023912646502136418,-0.46235549371606566,0.17759765893176127,-0.014698302382849242,-0.34214253481132667,0.12214219956072658,-0.010903464432398171,40.09,37.97,4,923.0,480.0,0.0,778.0,437.0,0.0,3,1,0,0.025120322990073926,-0.010848666300487864,-0.008904453245057736,0.0031968723619799078,-0.00960351149629346,-0.02442041542781361,-0.01266138284199056,-0.012426801043894903,-0.02552260894544052,24.66,35.27,3,446.0,787.0,0.0,400.0,658.0,0.0,1,2,0,-0.04996699435774701,0.033256686477310136,-0.005131649543202988,-0.07978459413953204,0.04780274455921496,-0.009964838471902628,-0.11456927165308642,0.06278963964996392,-0.015457833395858673
92,least_connections,4327,measured,371,344,16,medium,0,92.47,60.75,4,660.0,356.0,371.0,539.0,332.0,344.0,2,1,1,-0.024526385143075285,-0.01598016978733441,0.040920375067040264,-0.13663909748913877,-0.12099894350618423,0.21047931371710465,-0.11458134101977174,-0.0844665813498188,0.14575400837068736,29.51,27.91,3,553.0,480.0,0.0,456.0,437.0,0.0,2,1,0,-0.0203559889500238,-0.009815459986155683,-0.00805641007886176,-0.09275385017589574,-0.008688891353789308,-0.022094661577545645,-0.10249720352370575,-0.011243296182571555,-0.023091884283969993,15.74,21.93,2,787.0,0.0,0.0,658.0,0.0,0.0,2,0,0,-0.002124332763585174,-0.05607841745023413,-0.004642921015278894,-0.010481299459576598,-0.09915942158928172,-0.00901580623648333,-0.025848388638506747,-0.14163477047542947,-0.013985658786729275
92,least_connections,4328,measured,193,103,5,light,2,79.6,55.35,3,467.0,356.0,371.0,431.0,332.0,344.0,1,1,1,-0.06527443916573024,-0.014458248855207328,0.0370231964892269,-0.2400385485219193,-0.10947523460083336,0.19043366479166612,-0.1525259752083649,-0.07642214503078842,0.1318726742401457,29.51,27.91,3,553.0,480.0,0.0,456.0,437.0,0.0,2,1,0,-0.018417323335735813,-0.008880654273188474,-0.007289132928493974,-0.08392015015914378,-0.007861377891523663,-0.019990408093969868,-0.09273556509287664,-0.010172506069945686,-0.020892657209306185,19.6,25.37,3,980.0,0.0,0.0,761.0,0.0,0.0,3,0,0,0.04116188486922792,-0.05073761578830707,-0.004200738061442809,0.025440729060383083,-0.08971566715220727,-0.008157158023484918,0.007676854723890708,-0.12814574471586476,-0.012653691283231249
92,least_connections,4329,measured,471,430,15,heavy,0,100.0,76.85,4,467.0,727.0,471.0,431.0,676.0,430.0,1,2,1,-0.05905782591185116,0.030002627452998365,0.033497177775967196,-0.21717773437697463,0.12472875599607142,0.23261458560515824,-0.13799969185518726,0.08647520211500093,0.15821813383632233,24.26,24.31,2,849.0,0.0,0.0,778.0,0.0,0.0,2,0,0,-0.016663292541856223,-0.05111877790249932,-0.006594929792446929,0.0005892518968290961,-0.13119430788824932,-0.018086559704067976,0.007138060154064013,-0.1327602435870937,-0.018902880332229408,19.6,25.37,3,980.0,0.0,0.0,761.0,0.0,0.0,3,0,0,0.037241705357872884,-0.045905461903706396,-0.0038006677698768274,0.02301780248320373,-0.08117131789961611,-0.007380285830772069,0.006945725702567795,-0.11594138807625859,-0.011448577827685416
92,least_connections,4330,measured,457,437,17,heavy,1,100.0,76.85,4,823.0,842.0,0.0,763.0,774.0,0.0,2,2,0,-0.010349370836346072,0.02714523436223662,-0.012776929858025138,0.018236018103372165,0.18221490621866776,-0.07363442254771398,0.025333612131021033,0.12257280191357228,-0.05137406938618457,26.77,27.31,2,480.0,0.0,457.0,437.0,0.0,437.0,1,0,1,-0.05816021252653204,-0.046250322864166055,0.03711705898597205,-0.09485462243348114,-0.11869961189889223,0.10177202421332623,-0.08995544557489446,-0.12011641086451336,0.1064539416041734,19.6,25.37,3,980.0,0.0,0.0,761.0,0.0,0.0,3,0,0,0.033694876276170696,-0.04153351315097245,-0.0034386994108409393,0.02082563081813671,-0.07344071619489077,-0.006677401465936633,0.006284228016608967,-0.10489935111661491,-0.010358237082191567
92,least_connections,4331,measured,378,348,5,medium,1,100.0,76.85,4,823.0,842.0,0.0,763.0,774.0,0.0,2,2,0,-0.009363716470979777,0.024559973946785524,-0.011560079395356077,0.01649925447447953,0.16486110562641365,-0.06662162040031265,0.022920887166161863,0.11089920173132733,-0.046481300873214615,37.57,38.19,3,858.0,0.0,457.0,785.0,0.0,437.0,2,0,1,-0.009537244440104953,-0.04184553021043595,0.033582100987308044,0.011893436845897998,-0.10739488695614059,0.09207945047872373,0.017004596860809768,-0.10867675268694066,0.0963154709752045,19.6,25.37,3,980.0,0.0,0.0,761.0,0.0,0.0,3,0,0,0.030485840440344913,-0.037577940469927455,-0.003111204228856088,0.018842237406885592,-0.06644636227156785,-0.006041458469180763,0.005685730110265241,-0.09490893672455634,-0.009371738312459037
92,least_connections,4332,measured,397,337,13,medium,1,100.0,76.85,4,823.0,842.0,0.0,763.0,774.0,0.0,2,2,0,-0.00847193394993409,0.022220928808996426,-0.010459119452941212,0.014927896905481464,0.14916004794770754,-0.060276704171711444,0.020737945531289326,0.10033737299501044,-0.04205451031386084,48.91,48.72,4,858.0,397.0,457.0,785.0,337.0,437.0,2,1,1,-0.008628935445809255,0.005223658607791504,0.03038380565518347,0.010760728574860101,0.005459047856008856,0.08330997900455958,0.015385111445494537,-0.003043847669136776,0.08714256897756598,19.6,25.37,3,980.0,0.0,0.0,761.0,0.0,0.0,3,0,0,0.027582427065073967,-0.033999088996601035,-0.0028148990642031272,0.017047738606229823,-0.06011813729332329,-0.005466081472115929,0.005144232004525684,-0.0858699903698367,-0.008479191806510557
92,least_connections,4333,measured,198,118,4,light,2,100.0,76.85,4,823.0,842.0,0.0,763.0,774.0,0.0,2,2,0,-0.007665083097559422,0.020104649874806285,-0.009463012838375383,0.013506192438292763,0.13495432909554494,-0.054536065679167495,0.018762903099737938,0.09078143270977135,-0.038049318855397904,48.91,48.72,4,858.0,854.0,0.0,785.0,774.0,0.0,2,2,0,-0.0078071320700179025,0.04781006753856873,-0.015593790348258037,0.009735897282016293,0.12307519295815766,-0.04276035913192908,0.013919862736399807,0.12080259020411435,-0.044713270925059355,19.7,25.87,3,985.0,0.0,0.0,776.0,0.0,0.0,3,0,0,0.02495552924935264,-0.030761080520734268,-0.0025468134390409245,0.016328906358017453,-0.05439260040824488,-0.004945502284295364,0.00917811467076135,-0.07769189604889987,-0.007671649729700028
92,least_connections,4334,measured,497,405,18,heavy,2,79.87,55.3,3,356.0,842.0,0.0,332.0,774.0,0.0,1,2,0,-0.05001897541026351,0.018189921315300922,-0.00856177352043487,-0.26946265128598906,0.12210153584835015,-0.049342154662103926,-0.17800023052880856,0.08213558197550741,-0.03442557420250287,48.91,48.72,4,858.0,854.0,0.0,785.0,774.0,0.0,2,2,0,-0.007063595682397145,0.043256727772990756,-0.014108667457947748,0.008808668969443323,0.1113537460097617,-0.03868794397650726,0.012594161523409336,0.10929758161324632,-0.040454864170291795,13.9,17.43,2,198.0,0.0,497.0,118.0,0.0,405.0,1,0,1,-0.06358898827552902,-0.02783145380447386,0.04077964044857749,-0.12763575139036518,-0.049212352750316796,0.08545883126658992,-0.19014043593280322,-0.07029266785376655,0.1152018407207476
92,least_connections,4335,measured,444,419,18,heavy,2,79.87,55.3,3,356.0,842.0,0.0,332.0,774.0,0.0,1,2,0,-0.045255263466428886,0.016457547856700838,-0.007746366518488692,-0.2437995416397044,0.11047281814850729,-0.044642901837141646,-0.161047827621303,0.07431314559688762,-0.031146948087978788,48.91,48.72,4,858.0,854.0,0.0,785.0,774.0,0.0,2,2,0,-0.006390872284073618,0.03913703941365831,-0.012764984842905105,0.007969748115210645,0.10074862734216536,-0.03500337788350657,0.011394717568798923,0.09888828812627048,-0.03660201996359734,22.78,31.4,3,198.0,0.0,941.0,118.0,0.0,824.0,1,0,2,-0.05753289415405005,-0.02518083915642873,0.07997976539451795,-0.11547996554366372,-0.04452546201219139,0.15766275209834327,-0.17203182298682196,-0.06359812805816974,0.23059531620766052
92,least_connections,4336,measured,362,340,13,medium,0,100.0,72.3,4,727.0,833.0,0.0,676.0,770.0,0.0,2,2,0,0.002138661852369328,0.014890162346538866,-0.007008617326251674,0.003197240103759491,0.09452302594388756,-0.040391196900271015,0.00990910834263059,0.06542617934956496,-0.028180572079599855,24.4,24.19,2,0.0,854.0,0.0,0.0,774.0,0.0,0,2,0,-0.09195001823434325,0.035409702326643235,-0.011549272000723667,-0.21458519388215636,0.09115351997624485,-0.031669722846982135,-0.2116398983901343,0.08947035592376851,-0.03311611330039759,22.78,31.4,3,198.0,0.0,941.0,118.0,0.0,824.0,1,0,2,-0.052053570901283375,-0.022782663998673614,0.07236264488075433,-0.1044818735871243,-0.040284941820554115,0.14264725189850105,-0.15564783984521988,-0.05754116348120119,0.20863385752121666
92,least_connections,4337,measured,400,313,10,medium,1,80.27,55.7,3,842.0,362.0,0.0,774.0,340.0,0.0,2,1,0,0.0019349797711913086,-0.02961184857988887,-0.0063411299618467525,0.07225782041133799,-0.19857440509838747,-0.03654441624310235,0.05329871707190387,-0.13532869487420315,-0.02549670807201892,35.83,33.97,3,0.0,1254.0,0.0,0.0,1087.0,0.0,0,3,0,-0.08319287364059627,0.07512124995086315,-0.01044934133398808,-0.19414850875052242,0.1858735929036773,-0.02865355876631717,-0.1914837175910739,0.16944639345483814,-0.029962197747978772,18.82,27.47,2,0.0,0.0,941.0,0.0,0.0,824.0,0,0,2,-0.09017998818506137,-0.020612886474990412,0.0654709644159206,-0.13035979038835055,-0.036448280694787054,0.12906179933673906,-0.17641153763773862,-0.05206105267346774,0.18876396632871983
92,least_connections,4338,measured,190,105,6,light,2,80.27,55.7,3,842.0,362.0,0.0,774.0,340.0,0.0,2,1,0,0.001750695983458811,-0.02679167252466136,-0.005737212822623252,0.06537612322930575,-0.17966255699377914,-0.03306399564852117,0.04822264877934157,-0.12244024774332665,-0.02306845016039807,35.83,33.97,3,397.0,857.0,0.0,337.0,750.0,0.0,1,2,0,-0.03218584259092497,0.024882944966880732,-0.009454165968846358,-0.07303232424366995,0.0655454956203339,-0.025924648407620297,-0.07796443496335259,0.05802590360199644,-0.027108655105314128,22.62,30.97,3,190.0,497.0,444.0,105.0,405.0,419.0,1,1,1,-0.038507517654964823,0.024434145797004137,0.016151734244789828,-0.0835636198751743,0.05695631746662124,0.02683686606657342,-0.12794377214843017,0.07503999996210062,0.048643588583127464
92,least_connections,4339,measured,155,119,6,light,0,90.6,61.65,4,997.0,362.0,0.0,893.0,340.0,0.0,3,1,0,0.04466786325941058,-0.024240084665169803,-0.005190811601421037,0.15264188927095912,-0.16255183728008593,-0.029915043681995348,0.09746334889559477,-0.11077927176777172,-0.020871454907026826,35.83,33.97,3,397.0,857.0,0.0,337.0,750.0,0.0,1,2,0,-0.029120524248932106,0.02251314068432067,-0.008553769209908609,-0.06607686479189187,0.05930306746601638,-0.023455634273561222,-0.07053925068112854,0.05249962706847297,-0.024526878428617543,22.62,30.97,3,190.0,941.0,0.0,105.0,824.0,0.0,1,2,0,-0.03484013502115865,0.06519098451928493,-0.028470426386233236,-0.07560517988706247,0.13187476342218113,-0.05606188308262405,-0.11575865099143681,0.19425841266412278,-0.0823542135041545
92,least_connections,4340,measured,351,342,9,medium,1,90.6,61.65,4,997.0,362.0,0.0,893.0,340.0,0.0,3,1,0,0.04041378104422862,-0.021931505173248864,-0.004696448591761891,0.13810456648324876,-0.14707070992007776,-0.027065991902757696,0.08818112519125243,-0.10022886493274583,-0.018883697296833795,45.86,44.66,4,1254.0,351.0,0.0,1087.0,342.0,0.0,3,1,0,0.05982065946638568,-0.022714868179038658,-0.007739124523250646,0.16175358491617944,-0.07714756480965868,-0.021221764342745867,0.14823234462183604,-0.06785748027138161,-0.022190985244939683,22.62,30.97,3,190.0,941.0,0.0,105.0,824.0,0.0,1,2,0,-0.03152202692390545,0.05898231932697207,-0.025758957206591975,-0.06840468656448509,0.11931526214387816,-0.05072265612237414,-0.10473401756368092,0.17575761145801583,-0.07451095507518742
92,least_connections,4341,measured,365,318,11,medium,2,90.6,61.65,4,997.0,362.0,0.0,893.0,340.0,0.0,3,1,0,0.03656484951620684,-0.019842790394844212,-0.004249167773498853,0.12495175062770125,-0.13306397564197514,-0.024488278388209345,0.07978292279208554,-0.0906832587486748,-0.017085249935230577,45.86,44.66,4,1254.0,351.0,0.0,1087.0,342.0,0.0,3,1,0,0.05412345380292037,-0.020551547400082595,-0.007002065044845822,0.14634848159082903,-0.0698001776849293,-0.019200643929151023,0.13411497846737547,-0.06139486310267861,-0.020077558078754953,29.92,41.57,4,190.0,1306.0,0.0,105.0,1142.0,0.0,1,3,0,-0.028519929121628734,0.09644885580830354,-0.02330572318691655,-0.061889954510724605,0.17399952289208023,-0.04589192696786232,-0.09475934922428272,0.2549235532239191,-0.06741467363945527
92,least_connections,4342,measured,358,303,16,medium,0,100.0,76.8,5,1359.0,0.0,358.0,1233.0,0.0,303.0,4,0,1,0.07616638312237307,-0.061036901060187845,0.039239415098353644,0.33140079025046,-0.3387404224062315,0.19378044653765186,0.22599407300236313,-0.2358562817249915,0.12161334529669614,45.86,44.66,4,1605.0,0.0,0.0,1429.0,0.0,0.0,4,0,0,0.09205273938178056,-0.061678157398260665,-0.0063352017072414585,0.22314522484068208,-0.15388723559248704,-0.017372011173993784,0.21803855194667304,-0.15224416185480447,-0.0181654096903021,29.92,41.57,4,190.0,1306.0,0.0,105.0,1142.0,0.0,1,3,0,-0.02580374539575933,0.08726325049322702,-0.021086130502448307,-0.05599567312875083,0.15742813975950115,-0.04152126725663734,-0.08573464929816055,0.23064511958354583,-0.060994228530935723
92,least_connections,4343,measured,159,104,8,light,1,89.73,59.6,4,988.0,0.0,358.0,889.0,0.0,303.0,3,0,1,0.025828541645865885,-0.05522386286397948,0.03550232794612949,0.07606103244882878,-0.3064794297961142,0.17532516591501834,0.048851780335471384,-0.21339377870356374,0.11003112193510603,50.4,47.91,5,1605.0,159.0,0.0,1429.0,104.0,0.0,4,1,0,0.08328581182161099,-0.012720146943097518,-0.005731849163694653,0.20189329866537903,-0.09812926757687601,-0.01571753391932771,0.19727297557079942,-0.10833995596387072,-0.016435370672178092,29.92,41.57,4,190.0,1306.0,0.0,105.0,1142.0,0.0,1,3,0,-0.02334624583425844,0.0789524647319673,-0.01907792759745323,-0.05066275187839361,0.1424349835919296,-0.037566860851243306,-0.07756944460309763,0.2086789177184462,-0.055185254385132325
92,least_connections,4344,measured,370,324,11,medium,0,83.0,54.3,4,517.0,728.0,0.0,459.0,627.0,0.0,2,2,0,-0.019715219690021574,0.03620335310039045,-0.01096274637073545,-0.21527811349867876,0.16182019843843637,-0.057308976870538944,-0.15032457969647825,0.09057229545868042,-0.037519461106332634,50.4,47.91,5,1764.0,0.0,0.0,1533.0,0.0,0.0,5,0,0,0.1184377299701197,-0.0545926046038456,-0.005185958767152305,0.22376740627547897,-0.12988566386207148,-0.014220625927010785,0.2078898350402471,-0.12742662682445446,-0.014870097274827798,26.12,38.07,3,0.0,1306.0,0.0,0.0,1142.0,0.0,0,3,0,-0.06420669407680071,0.07143318237654185,-0.017260982111981495,-0.08021868027092754,0.12886974705936488,-0.033989064579696325,-0.10184854511708834,0.1888047350785942,-0.04992951587226258
92,least_connections,4345,measured,397,328,11,medium,2,72.67,48.35,3,362.0,728.0,0.0,340.0,627.0,0.0,1,2,0,-0.06092147994630069,0.03275541470987707,-0.009918675287808265,-0.2882674995146776,0.14640875096810907,-0.05185097907334476,-0.18984128639205175,0.0819463625578537,-0.03394617909620572,39.06,37.38,4,1367.0,0.0,0.0,1196.0,0.0,0.0,4,0,0,0.06407404593668425,-0.049393308927288875,-0.0046920579321854195,0.0998303743852973,-0.11751560063711229,-0.012866280600628806,0.09280806503641403,-0.11529075760307785,-0.013453897534368008,34.06,49.0,4,862.0,841.0,0.0,723.0,747.0,0.0,2,2,0,0.028076029622123605,0.021546121923447153,-0.015617079053697544,0.08340214642154176,0.03245358067275869,-0.030752010810201437,0.1258989353702534,0.05169634761079159,-0.045174323884428054
92,least_connections,4346,measured,171,101,5,light,0,84.07,53.4,4,533.0,728.0,0.0,441.0,627.0,0.0,2,2,0,-0.012035534010371829,0.02963585140417449,-0.00897403954611224,-0.15767059479899398,0.13246506039971773,-0.04691279059016907,-0.12607068768804683,0.07414194707615335,-0.030713209658471838,39.06,37.38,4,1367.0,0.0,0.0,1196.0,0.0,0.0,4,0,0,0.057971755847476214,-0.044689184267547075,-0.004245195271977285,0.09032271968193567,-0.10632363867167302,-0.011640920543426064,0.08396920169961275,-0.10431068545040377,-0.012172573959666293,34.06,49.0,4,1306.0,397.0,0.0,1142.0,328.0,0.0,3,1,0,0.06848602226582158,-0.023589789915067078,-0.014129738191440635,0.15580194200044253,-0.050980093677027855,-0.027823247875896538,0.24027363993816578,-0.079592193431506,-0.04087200732400634
92,least_connections,4347,measured,468,450,18,heavy,0,100.0,75.9,5,533.0,728.0,468.0,441.0,627.0,450.0,2,2,1,-0.01088929267605071,0.026813389365681672,0.0349645311136082,-0.1426543476752803,0.11984934036164935,0.23984080851365655,-0.11406395552728046,0.06708080925937684,0.17578328649947786,14.57,13.94,2,510.0,0.0,0.0,446.0,0.0,0.0,2,0,0,-0.03371716421056006,-0.04043307148016164,-0.0038408909603604006,-0.1398168590632827,-0.0961975778457994,-0.010532261444052152,-0.13608143655749325,-0.09437633445512722,-0.011013281201602837,34.06,49.0,4,1306.0,397.0,0.0,1142.0,328.0,0.0,3,1,0,0.06196354395479095,-0.021343143256489255,-0.01278404883987486,0.1409636618099242,-0.046124846660168056,-0.025173414744858773,0.21739043613453093,-0.07201198453326732,-0.0369794351979105
92,least_connections,4348,measured,399,331,11,medium,1,100.0,75.9,5,903.0,358.0,468.0,765.0,303.0,450.0,3,1,1,0.03323168304366386,-0.018824166991140617,0.03163457576945504,0.09410638384934955,-0.11473948570453948,0.21699882675045115,0.04337070690388911,-0.08587926781294478,0.1590420211185752,25.97,24.28,3,510.0,399.0,0.0,446.0,331.0,0.0,2,1,0,-0.030506005714316248,0.006501597458992078,-0.0034750918212784576,-0.12650096772392247,0.016106953377610075,-0.009529188925570994,-0.12312129974249389,0.008198197397742038,-0.009964397277640662,34.06,49.0,4,1306.0,397.0,0.0,1142.0,328.0,0.0,3,1,0,0.05606225405433467,-0.019310462946347418,-0.011566520378934396,0.12753855116135998,-0.04173200412110442,-0.022775946673919842,0.19668658507409942,-0.06515370029200376,-0.03345758422668093
92,least_connections,4349,measured,401,441,18,heavy,1,91.13,58.9,4,541.0,358.0,468.0,425.0,303.0,450.0,2,1,1,-0.013017139377728165,-0.017031389182460555,0.028621759029506935,-0.13320533524741385,-0.1038119156374405,0.19633227182183677,-0.11456936042029078,-0.07770028992599765,0.1438951619644252,27.4,27.38,3,159.0,399.0,401.0,104.0,331.0,441.0,1,1,1,-0.07068457206351968,0.005882397700992831,0.03993976953131495,-0.20518795038967136,0.014572957817837684,0.09503821682244257,-0.20809189024320876,0.007417416693195178,0.1156720929392775,34.06,49.0,4,1703.0,0.0,0.0,1470.0,0.0,0.0,4,0,0,0.09380689199020302,-0.06055527146392884,-0.010464947009512072,0.18723011771742096,-0.10959562277623733,-0.020606808895451287,0.27687516427339154,-0.1578692208991145,-0.0302711476336637
92,least_connections,4350,measured,421,443,15,heavy,1,91.13,58.9,4,541.0,358.0,468.0,425.0,303.0,450.0,2,1,1,-0.011777411817944533,-0.015409352117464317,0.02589587721717294,-0.12051911284289824,-0.09392506652911284,0.17763396021975708,-0.10365799276121548,-0.07030026231399789,0.13019086082495612,39.43,41.22,4,159.0,399.0,822.0,104.0,331.0,884.0,1,1,2,-0.06395270805747018,0.005322169348517328,0.07921988218366137,-0.18564624082875028,0.013185057073281714,0.19481689005023714,-0.18827361498195078,0.006710996055748028,0.22990867932601297,34.06,49.0,4,1703.0,0.0,0.0,1470.0,0.0,0.0,4,0,0,0.08487290227685035,-0.05478810275307847,-0.009468285389558542,0.16939867793480945,-0.09915794441659567,-0.018644255667313068,0.250506101009259,-0.14283405700396073,-0.027388181192362394
92,least_connections,4351,measured,178,107,4,light,0,91.6,59.2,4,906.0,468.0,0.0,734.0,450.0,0.0,3,1,0,0.032428146677188505,-0.01394179477294391,-0.019654297030267564,0.11111762806277459,-0.018630615748562396,-0.12156927408688645,0.04599991131128123,0.0028950007635257236,-0.08577969734884923,34.89,37.97,3,0.0,820.0,401.0,0.0,774.0,441.0,0,2,1,-0.1009458741835161,0.04789919630398733,0.02859123127274578,-0.20906768728043393,0.1207592693248059,0.06743296854885403,-0.19974755641224118,0.13132482976472443,0.08275963843782128,34.06,49.0,4,1703.0,0.0,0.0,1470.0,0.0,0.0,4,0,0,0.07678976872667413,-0.04957018820516624,-0.0085665439238863,0.15326547051244666,-0.08971433066263418,-0.01686861227042611,0.2266483771036153,-0.129230813479774,-0.024779782983565975
92,least_connections,4352,measured,378,305,9,medium,1,91.6,59.2,4,906.0,468.0,0.0,734.0,450.0,0.0,3,1,0,0.029339751755551507,-0.012614004794568298,-0.01778245921786113,0.10053499681870082,-0.016856271391556432,-0.10999124798337345,0.041618967376873484,0.0026192864050947062,-0.07761020236324453,45.69,47.5,4,399.0,799.0,401.0,331.0,748.0,441.0,1,2,1,-0.04824808117737624,0.04333736808455997,0.02586825686581761,-0.08601362182515453,0.10382981510339581,0.061010781068010785,-0.08713767008726585,0.11146651264427447,0.07487776811040972,16.82,24.9,2,841.0,0.0,0.0,747.0,0.0,0.0,2,0,0,-0.016691343034142908,-0.044849217899912315,-0.0077506825978018905,-0.017312193345881632,-0.08117010869476425,-0.015262077768480766,-0.012984801668157575,-0.11692311695789076,-0.022419803651797788
92,least_connections,4353,measured,161,121,2,light,2,91.6,59.2,4,906.0,468.0,0.0,734.0,450.0,0.0,3,1,0,0.026545489683594214,-0.01141267100460941,-0.016088891673302925,0.09096023521691976,-0.015250912211408174,-0.09951589103257598,0.0376552561981236,0.002369830556990443,-0.07021875451912601,45.69,47.5,4,399.0,1200.0,0.0,331.0,1189.0,0.0,1,3,0,-0.04365302582714993,0.08229389992231163,-0.019679286871970004,-0.07782184831799697,0.19760112522960302,-0.04845963345547324,-0.0788388443646691,0.22553815429720073,-0.056940947900105496,11.16,14.97,2,558.0,0.0,0.0,449.0,0.0,0.0,2,0,0,-0.015101691316605492,-0.04057786381420638,-0.007012522350392187,-0.06687293683675002,-0.07343962215240575,-0.01380854655243498,-0.1016211697632537,-0.10578758200952021,-0.020284584256388474
92,least_connections,4354,measured,352,300,14,medium,2,91.6,59.2,4,906.0,468.0,0.0,734.0,450.0,0.0,3,1,0,0.024017347808966194,-0.010325749956551375,-0.014556616275845504,0.08229735567245122,-0.013798444381750208,-0.0900381871247116,0.034069041322111804,0.002144132408705618,-0.06353125408873306,45.69,47.5,4,777.0,822.0,0.0,636.0,884.0,0.0,2,2,0,0.0035883054307645768,0.031372485417238874,-0.017805069074639527,0.027304041998002737,0.08106768473154558,-0.04384443026923769,0.014904736051013667,0.11782321103080062,-0.05151800048104783,18.2,24.97,3,558.0,352.0,0.0,449.0,300.0,0.0,2,1,0,-0.0136634350007383,0.006370594871046825,-0.006344663078926264,-0.06050408570944049,-0.0027501343283671126,-0.012493446880774505,-0.09194296311913427,-0.005236383722899224,-0.018352719089113383
92,least_connections,4355,measured,365,346,6,medium,2,55.07,37.65,2,358.0,468.0,0.0,303.0,450.0,0.0,1,1,0,-0.06443781910254531,-0.009342345198784574,-0.013170271868622123,-0.2560801702646076,-0.012484306821583524,-0.08146312168426287,-0.1641518197561845,0.0019399293221622205,-0.05748065846123467,45.69,47.5,4,777.0,822.0,0.0,636.0,884.0,0.0,2,2,0,0.003246562056406055,0.028384629663216115,-0.016109348210388143,0.02470365704581201,0.07334695285235077,-0.039668770243596004,0.013485237379488563,0.10660195283739105,-0.046611524244757556,22.28,32.47,3,762.0,352.0,0.0,674.0,300.0,0.0,2,1,0,-0.012362155476858455,0.005763871549994748,-0.005740409452361858,-0.01782750611806519,-0.002488216773284535,-0.01130359479689122,-0.015329347583978636,-0.004737680511194525,-0.016604841080626393
92,least_connections,4356,measured,401,446,16,heavy,0,81.8,59.95,3,358.0,468.0,401.0,303.0,450.0,446.0,1,1,1,-0.058300883949921944,-0.008452598036995565,0.031167939964670686,-0.23169158262035924,-0.011295325219527919,0.16816828673011136,-0.14851831311273836,0.0017551741486229455,0.14975559472554958,45.69,47.5,4,777.0,822.0,0.0,636.0,884.0,0.0,2,2,0,0.002937365670081682,0.025681331600052676,-0.014575124571303558,0.022350927803353737,0.06636152877117449,-0.03589079212515829,0.012200929057632509,0.09644938590049665,-0.04217233145954255,14.34,21.53,2,365.0,352.0,0.0,346.0,300.0,0.0,1,1,0,-0.054268707562962634,0.005214931402376194,-0.0051937037902321575,-0.08796774363063044,-0.0022512437472574365,-0.010227061959092057,-0.11279004463947272,-0.004286472843461703,-0.015023427644376261
92,least_connections,4357,measured,362,308,9,medium,2,81.8,59.95,3,358.0,468.0,401.0,303.0,450.0,446.0,1,1,1,-0.05274841881183413,-0.0076475887001388465,0.028199564729940146,-0.20962571760889645,-0.010219579960525249,0.15215225942248167,-0.1343737118639061,0.0015880147058969507,0.1354931571326401,45.69,47.5,4,777.0,822.0,0.0,636.0,884.0,0.0,2,2,0,0.002657616558645326,0.023235490495285754,-0.013187017469274647,0.020222268012558164,0.06004138317391977,-0.03247262144657179,0.011038935814048467,0.08726373010044935,-0.038155918939586114,21.58,31.8,3,365.0,714.0,0.0,346.0,608.0,0.0,1,2,0,-0.049100259223632856,0.04780217149557393,-0.004699065334019571,-0.07958986328485611,0.06346792232390994,-0.009253056058226147,-0.1020481356261896,0.0890106515543283,-0.013592625011578522
92,least_connections,4358,measured,184,108,6,light,0,70.2,50.2,3,652.0,401.0,0.0,558.0,446.0,0.0,2,1,0,-0.0046408596506163635,-0.006919246919173241,-0.017570008328240093,-0.012328030217573005,-0.04965898504364985,-0.10421144782410385,-0.0062190726387721385,-0.00037274859942657,-0.07917285783237325,45.69,47.5,4,1198.0,401.0,0.0,1079.0,441.0,0.0,3,1,0,0.04548841044648409,-0.022061313588165488,-0.011931111043629443,0.127126269698437,-0.05450677576781407,-0.029379990832612567,0.13524058478413908,-0.04630007752816487,-0.03452202189772077,21.58,31.8,3,365.0,714.0,0.0,346.0,608.0,0.0,1,2,0,-0.044424044059477336,0.0432495837340907,-0.004251535302208184,-0.07200987630534601,0.057423358293061375,-0.008371812624109371,-0.0923292655665525,0.08053344664439227,-0.012298089296190091
92,least_connections,4359,measured,181,122,5,light,0,82.27,56.3,4,833.0,401.0,0.0,680.0,446.0,0.0,3,1,0,0.03888502720953303,-0.006260271022109118,-0.015896674201741037,0.09802067107298956,-0.04492955789663561,-0.09428654803133206,0.04956369618396805,-0.00033724873281451573,-0.07163258565786151,34.29,37.16,3,799.0,401.0,0.0,748.0,441.0,0.0,2,1,0,-0.0019277193466051001,-0.01996023610357829,-0.010794814753759973,0.01187614877477633,-0.049315654266117476,-0.026581896467601847,0.02877421956660206,-0.0418905463350063,-0.031234210288414034,21.58,31.8,3,727.0,352.0,0.0,654.0,300.0,0.0,2,1,0,0.002890717506277868,-0.003953324467341979,-0.003846627178188357,0.0003529690570678867,-0.013550294877706384,-0.0075744971360989545,0.009352886709627112,-0.020025294305867303,-0.01112684269655294
92,least_connections,4360,measured,357,321,9,medium,1,82.27,56.3,4,833.0,401.0,0.0,680.0,446.0,0.0,3,1,0,0.0351816912848156,-0.005664054734289201,-0.014382705230146653,0.08868536906603819,-0.04065055238267029,-0.08530687679025281,0.04484334416644725,-0.00030512980587979466,-0.06481043464282708,44.49,47.19,4,1200.0,357.0,0.0,1189.0,321.0,0.0,3,1,0,0.041339773198876564,-0.01805926123657084,-0.009766737158163785,0.11440495093228062,-0.055993074948255936,-0.024050287280211195,0.15072131770311617,-0.07182954192214858,-0.028259523594279364,21.58,31.8,3,727.0,352.0,0.0,654.0,300.0,0.0,2,1,0,0.0026154110771085537,-0.003576817375214175,-0.0034802817326466087,0.00031935295639473615,-0.012259790603639117,-0.006853116456470482,0.008462135594424519,-0.018118123419594234,-0.010067143392119327
92,least_connections,4361,measured,441,431,19,heavy,2,82.27,56.3,4,833.0,401.0,0.0,680.0,446.0,0.0,3,1,0,0.03183105401959507,-0.005124620950071185,-0.013012923779656495,0.08023914344070121,-0.036779071203368374,-0.07718241233403826,0.040572549483928466,-0.00027606982436742533,-0.05863801229589117,33.69,37.66,3,822.0,357.0,0.0,884.0,321.0,0.0,2,1,0,-0.0056812482849166734,-0.016339331594992665,-0.008836571714529139,0.005794955605396723,-0.05066040114366012,-0.02175978372971489,0.05013178744567651,-0.06498863316765824,-0.025568140394824187,23.1,34.63,3,714.0,0.0,441.0,608.0,0.0,431.0,2,0,1,0.0023663243078601293,-0.046320068328141624,0.03993507389721996,-0.002063442563261908,-0.07478742959376873,0.07359956130128861,-0.006216797954250841,-0.10686877833201383,0.12087575915316187
92,least_connections,4362,measured,173,115,7,light,1,82.27,56.3,4,833.0,401.0,0.0,680.0,446.0,0.0,3,1,0,0.028799525065347914,-0.00463656181196917,-0.011773597705403495,0.07259732025587251,-0.03327630251733332,-0.0698317063974632,0.03670849715212576,-0.0002497774601419589,-0.053053439696282484,38.63,41.25,4,1352.0,0.0,0.0,1320.0,0.0,0.0,4,0,0,0.08102762343382822,-0.0578671050031793,-0.007994993456002554,0.14224985779263785,-0.13812131532045438,-0.019687423374503948,0.16863114102227872,-0.14955816810407174,-0.023133079404840932,23.1,34.63,3,714.0,0.0,441.0,608.0,0.0,431.0,2,0,1,0.0021409600880639146,-0.04190863324927099,0.036131733526056156,-0.0018669242239036377,-0.06766481725150504,0.06659007927259446,-0.005624721958607887,-0.09669079944325061,0.10936378209095599
92,least_connections,4363,measured,350,347,10,medium,2,82.27,56.3,4,833.0,401.0,0.0,680.0,446.0,0.0,3,1,0,0.026056713154362393,-0.004194984496543541,-0.010652302685841258,0.06568328975531323,-0.030107130849015895,-0.06318106769294289,0.03321244980430427,-0.00022598913060464798,-0.04800073115377939,38.63,41.25,4,1352.0,0.0,0.0,1320.0,0.0,0.0,4,0,0,0.07331070691632077,-0.05235595214573365,-0.007233565507811834,0.12870225228857707,-0.12496690433755396,-0.01781243067217024,0.1525710323534903,-0.1353145330465411,-0.02092992898533227,30.1,46.2,4,714.0,350.0,441.0,608.0,347.0,431.0,2,1,1,0.0019370591272959148,0.005166565382178856,0.032690616047384144,-0.0016891219168652105,0.0021127843914954536,0.060248166960918795,-0.005089034153026167,0.017168641773566903,0.09894818379657923
92,least_connections,4364,measured,394,328,10,medium,0,84.2,61.2,3,468.0,795.0,0.0,450.0,774.0,0.0,1,2,0,-0.06259267902813924,0.039288438063217974,-0.00963779766814209,-0.16073099180868483,0.2104110085969222,-0.05716382315075785,-0.07399825970086757,0.14817648602469102,-0.043429232948657547,38.63,41.25,4,1352.0,0.0,0.0,1320.0,0.0,0.0,4,0,0,0.06632873482905213,-0.047369670988997116,-0.00654465450706785,0.11644489492776017,-0.11306529440064406,-0.016116008703392123,0.13804045784363406,-0.12242743466115623,-0.018936602415300628,30.1,46.2,4,714.0,350.0,441.0,608.0,347.0,431.0,2,1,1,0.0017525773056486782,0.004674511536257059,0.029577224042871365,-0.0015282531628780516,0.0019115668304006544,0.05451024629797415,-0.0046043642336903445,0.015533533033227187,0.08952454724452406
92,least_connections,4365,measured,364,331,12,medium,0,77.27,55.25,3,401.0,758.0,0.0,446.0,659.0,0.0,1,2,0,-0.05663147150164978,0.035546682057197215,-0.008719912175938082,-0.18583597671579422,0.16805440460356447,-0.05171964951735234,-0.06876033020554681,0.08204063021281571,-0.03929311552497588,26.6,27.41,3,931.0,0.0,0.0,877.0,0.0,0.0,3,0,0,0.01692781223762313,-0.04285827375194977,-0.005921354077823293,-0.003475027038148948,-0.10229717112439224,-0.014581150731640492,-0.00035922861766440883,-0.11076767897914135,-0.01713311647098628,30.1,46.2,4,714.0,350.0,441.0,608.0,347.0,431.0,2,1,1,0.0015856651813011824,0.004229319961375433,0.026760345562597904,-0.0013827052426039488,0.001729512846552969,0.04931879426959566,-0.00416585335429126,0.014054148934824595,0.08099839988790272
92,least_connections,4366,measured,376,330,11,medium,0,100.0,71.75,4,401.0,1134.0,0.0,446.0,989.0,0.0,1,3,0,-0.051237998025302184,0.07524518399279294,-0.007889444349658265,-0.16813731226667095,0.3788428740063996,-0.04679396861093783,-0.06221172732882804,0.22351295114492847,-0.03555091404640675,26.6,27.41,3,931.0,0.0,0.0,877.0,0.0,0.0,3,0,0,0.015315639643563778,-0.03877653339462122,-0.005357415594221075,-0.003144072082134741,-0.09255458339825964,-0.013192469709579492,-0.00032501636836301806,-0.10021837621922312,-0.015501391092797112,22.86,35.93,3,702.0,441.0,0.0,647.0,431.0,0.0,2,1,0,0.0014346494497486928,0.0038265275841015828,-0.018872159003454504,-0.003422447600451184,0.01803146400402411,-0.03517823375608012,0.007992799346117463,0.03804899189341272,-0.05669986041888166
92,least_connections,4367,measured,395,303,14,medium,1,100.0,71.75,4,795.0,740.0,0.0,774.0,661.0,0.0,2,2,0,-0.0032742884628017555,0.024995075766721955,-0.007138068697309858,0.08552655874285336,0.10511180664071079,-0.0423374001718009,0.09209415146439365,0.05384505103588766,-0.03216511270865373,26.43,23.09,3,530.0,395.0,0.0,436.0,303.0,0.0,2,1,0,-0.02922689293019967,0.008000370012576266,-0.004847185537628591,-0.10650450059131919,0.018368982367561,-0.011936044022952874,-0.1249815624285189,-0.005004126103106646,-0.01402506813157834,22.86,35.93,3,702.0,441.0,0.0,647.0,431.0,0.0,2,1,0,0.0012980161688202485,0.0034620963856157178,-0.017074810526935026,-0.0030965002099320182,0.016314181717926576,-0.03182792577931058,0.007231580360772927,0.03442527837975437,-0.0512998737123215
92,least_connections,4368,measured,365,336,10,medium,1,100.0,71.75,4,795.0,740.0,0.0,774.0,661.0,0.0,2,2,0,-0.00296245146634444,0.022614592360367475,-0.0064582526308993955,0.07738117219591495,0.09510115838921457,-0.038305266822105576,0.08332327989635613,0.04871695093723166,-0.029101768641162897,36.86,33.59,4,530.0,760.0,0.0,436.0,639.0,0.0,2,2,0,-0.026443379317799692,0.05032233023813589,-0.004385548819759202,-0.09636121482071736,0.11097329697201098,-0.01079927792552879,-0.11307855648294568,0.09047245733528446,-0.012689347357142307,15.82,25.93,2,350.0,441.0,0.0,347.0,431.0,0.0,1,1,0,-0.04190950464544381,0.003132372920318982,-0.015448638095798358,-0.06649683352327179,0.014760450125743091,-0.028796694752709573,-0.08393333205453879,0.031146680438825375,-0.04641417145400517
92,least_connections,4369,measured,443,412,18,heavy,2,100.0,71.75,4,795.0,740.0,0.0,774.0,661.0,0.0,2,2,0,-0.002680313231454484,0.020460821659380096,-0.00584318095176612,0.07001153674868499,0.0860439052092894,-0.034657146172381234,0.07538772943003647,0.044077241324161964,-0.02633017162771881,21.71,19.97,2,0.0,760.0,0.0,0.0,639.0,0.0,0,2,0,-0.11009276269342874,0.04552972735831343,-0.003967877503591659,-0.22419075898745178,0.10040441154610519,-0.00977077526595462,-0.2255829796750461,0.08185603282716213,-0.011480838085033517,24.68,39.67,3,350.0,441.0,443.0,347.0,431.0,412.0,1,1,1,-0.03791812325063963,0.0028340516898124057,0.02910656099722552,-0.060163801759150676,0.013354692970910409,0.054107752366596096,-0.07593968138267795,0.028180329920842004,0.08226019408129691
92,least_connections,4370,measured,182,124,5,light,1,100.0,71.75,4,1535.0,0.0,0.0,1435.0,0.0,0.0,4,0,0,0.08374275514886544,-0.06765562847598036,-0.005286687527788395,0.48858186658214353,-0.3684999587788969,-0.0313564655845354,0.3672317551986044,-0.25914440070671063,-0.023822536234602735,26.91,23.84,3,182.0,760.0,0.0,124.0,639.0,0.0,1,2,0,-0.056523837448249584,0.04119356284799786,-0.003589984408011501,-0.15579163908388496,0.09084208663695231,-0.008840225240625608,-0.16903936256313692,0.07406022017695621,-0.010387424934077944,24.68,39.67,3,350.0,441.0,443.0,347.0,431.0,412.0,1,1,1,-0.03430687341724538,0.0025641420050683678,0.02633450756891833,-0.05443391587732681,0.012082817449871316,0.04895463309358694,-0.06870733077480384,0.025496488975999904,0.07442588988307816
92,least_connections,4371,measured,161,122,7,light,1,100.0,71.75,4,1535.0,0.0,0.0,1435.0,0.0,0.0,4,0,0,0.0757672546584973,-0.06121223528779176,-0.004783193477522834,0.44205026024098704,-0.3334047246094782,-0.028370135528865362,0.3322573023225468,-0.2344639815917858,-0.021553723259878664,31.51,27.66,4,708.0,395.0,0.0,582.0,303.0,0.0,3,1,0,0.03502718561938416,-0.005813533840473589,-0.0032480811310580246,-0.004981551007868706,-0.012163282158403704,-0.007998299027232694,-0.023446328033314368,-0.027993134125611052,-0.009398146368927664,24.68,39.67,3,350.0,441.0,443.0,347.0,431.0,412.0,1,1,1,-0.03103955213941248,0.0023199380045856727,0.023826459229021345,-0.04924973341281949,0.010932072930835951,0.0442922870846739,-0.062163775462917764,0.02306825193066657,0.06733770989421357
92,least_connections,4372,measured,367,335,7,medium,2,75.6,49.45,3,1134.0,0.0,0.0,989.0,0.0,0.0,3,0,0,0.025467425416644957,-0.055382498593716356,-0.0043276512415682785,0.17918833069422646,-0.3016518936942898,-0.025668217859449612,0.0988518449584947,-0.2121340785830443,-0.019500987711318793,31.51,27.66,4,708.0,395.0,0.0,582.0,303.0,0.0,3,1,0,0.031691263179442805,-0.005259863950904678,-0.0029387400709572605,-0.004507117578547881,-0.011004874333793824,-0.007236556262734342,-0.02121334441109396,-0.025327121351743337,-0.008503084809982173,32.02,50.83,4,717.0,441.0,443.0,682.0,431.0,412.0,2,1,1,0.015000495910146072,0.002098991527958463,0.021557272635781218,0.021850241197925224,0.009890923127899187,0.04007397402899067,0.0447883301367252,0.020871275556317376,0.06092459466619324
92,least_connections,4373,measured,153,106,5,light,0,85.8,54.75,4,1287.0,0.0,0.0,1095.0,0.0,0.0,4,0,0,0.0661258565561028,-0.05010797491812432,-0.003915493980466538,0.2544084896757286,-0.27292314191388123,-0.023223625682359174,0.13738976448625706,-0.19193083300370675,-0.017643750786431288,31.51,27.66,4,708.0,395.0,0.0,582.0,303.0,0.0,3,1,0,0.02867304763854349,-0.00475892452700899,-0.002658860064199426,-0.004077868285352837,-0.00995679106390869,-0.006547360428188214,-0.01919302589575167,-0.022915014556339208,-0.007693267209031489,25.02,39.27,3,808.0,443.0,0.0,766.0,412.0,0.0,2,1,0,0.013571877252036929,0.0018990875729148066,-0.023579701175336264,0.03623593251240853,0.009310835210956395,-0.04390449968805606,0.06585610821894186,0.01315337629698557,-0.06913171593693627
92,least_connections,4374,measured,166,117,4,light,2,59.53,38.35,3,893.0,0.0,0.0,767.0,0.0,0.0,3,0,0,0.01674425570495469,-0.045335786830683907,-0.003542589791850677,-0.007471683944181962,-0.24693046173160682,-0.021011851807848776,-0.02407592736957692,-0.17365170605097277,-0.01596339356867593,31.51,27.66,4,1103.0,0.0,0.0,885.0,0.0,0.0,4,0,0,0.06902618142353481,-0.04738959384643217,-0.002405635296180433,0.09841934366019098,-0.1111173687857133,-0.005923802292170289,0.06830452418955801,-0.10640227507478309,-0.006960575093885633,28.34,43.17,4,974.0,443.0,0.0,883.0,412.0,0.0,3,1,0,0.055363217740505066,0.0017182220897800637,-0.021334015349113764,0.06282298655884583,0.008424089000389115,-0.039723118765384056,0.09486981219809024,0.011900673792510752,-0.06254774299056139
92,least_connections,4375,measured,411,434,17,heavy,0,86.93,60.05,4,893.0,0.0,411.0,767.0,0.0,434.0,3,0,1,0.015149564685435213,-0.04101809284680925,0.03987869993889247,-0.00676009499711705,-0.22341327490002522,0.2288940388405178,-0.021782981905807686,-0.1571134483318325,0.18189026296167415,26.31,23.78,3,921.0,0.0,0.0,761.0,0.0,0.0,3,0,0,0.019368359156440793,-0.04287629919439101,-0.002176527172734678,0.041998453787791795,-0.10053476223469299,-0.0053596306452969285,0.026739807600076326,-0.09626872506766089,-0.006297663180182239,28.34,43.17,4,974.0,443.0,0.0,883.0,412.0,0.0,3,1,0,0.05009053033664744,0.001554581890753387,-0.019302204363483882,0.05683984498181288,0.007621794809875862,-0.03593996459725224,0.08583459198874832,0.010767276288462108,-0.056590815086698394
92,least_connections,4376,measured,397,341,9,medium,1,86.93,60.05,4,893.0,0.0,411.0,767.0,0.0,434.0,3,0,1,0.013706749001108048,-0.0371116078137798,0.0360807285161408,-0.006116276425963019,-0.20213582014764186,0.2070946065699923,-0.019708412200492686,-0.14215026277641987,0.16456738077484806,37.66,34.44,4,921.0,397.0,0.0,761.0,341.0,0.0,3,1,0,0.01752375352249405,0.0042910580984988345,-0.0019692388705694706,0.03799860104609734,0.01166582736589003,-0.004849189631459126,0.02419315925721191,0.009313415414973492,-0.005697885734450597,28.34,43.17,4,974.0,443.0,0.0,883.0,412.0,0.0,3,1,0,0.045320003637919104,0.0014065264725863919,-0.017463899186009227,0.051426526412116425,0.006895909589887686,-0.03251711082608536,0.07765986894220087,0.009741821403846662,-0.05120121364986997
92,least_connections,4377,measured,432,414,18,heavy,0,66.4,47.7,3,153.0,0.0,843.0,106.0,0.0,848.0,1,0,2,-0.07376645611917888,-0.0335771689743722,0.0757283688842181,-0.451882980258411,-0.18288478965739027,0.4479427392776121,-0.31685523008616007,-0.12861214251199893,0.3361800111772435,37.66,34.44,4,921.0,397.0,0.0,761.0,341.0,0.0,3,1,0,0.015854824615589846,0.003882385898641802,-0.0017816923114676163,0.03437968666075472,0.010554796188186222,-0.0043873620475106375,0.021889048851763154,0.008426423470690309,-0.005155229950217207,28.34,43.17,4,974.0,443.0,0.0,883.0,412.0,0.0,3,1,0,0.04100381281526014,0.0012725715704353102,-0.015800670692103586,0.04652876199191486,0.006239156295612655,-0.029420243128362947,0.07026369094770557,0.008814028889194608,-0.046324907587977596
92,least_connections,4378,measured,437,443,19,heavy,0,85.33,64.55,3,0.0,411.0,869.0,0.0,434.0,857.0,0,1,2,-0.10982497957268111,0.012704556868992044,0.06851614327619733,-0.5011322202338004,0.0824375712623612,0.4209640656956173,-0.33463092245890674,0.07996996629866762,0.3082342958270298,22.63,20.12,2,792.0,0.0,0.0,644.0,0.0,0.0,2,0,0,-0.028739058907890358,-0.03957126536608145,-0.0016120073294230814,-0.002241507987208291,-0.093076272836539,-0.0039695180429858146,-0.013275979610309518,-0.0887897835265183,-0.004664255669244139,25.02,39.27,3,808.0,443.0,0.0,766.0,412.0,0.0,2,1,0,-0.005985212441522003,0.001151374278012901,-0.014295844911903244,0.012059356087922968,0.005644950934125745,-0.026618315211376,0.02828619657173362,0.007974597566414166,-0.041913011627217826
92,least_connections,4379,measured,199,115,3,light,1,85.33,64.55,3,0.0,411.0,869.0,0.0,434.0,857.0,0,1,2,-0.09936545770861625,0.01149459907194518,0.06199079629751186,-0.45340534211629563,0.0745863739992792,0.3808722499150823,-0.3027613107961537,0.07235377903212784,0.2788786486054079,28.31,23.72,3,991.0,0.0,0.0,759.0,0.0,0.0,3,0,0,0.017081894548189896,-0.03580257342645465,-0.0014584828218589785,0.04941414583470269,-0.08421186589972576,-0.003591468705558594,0.02050328035257709,-0.08033361366684989,-0.004220040843601841,17.68,28.1,2,441.0,443.0,0.0,431.0,412.0,0.0,1,1,0,-0.04849909243575347,0.0010417195848688166,-0.012934335872674363,-0.05549867782521253,0.005107336559447104,-0.024083237572197335,-0.07543947294303469,0.0072151120838985505,-0.037921296234149464
92,least_connections,4380,measured,368,323,13,medium,2,85.33,64.55,3,0.0,411.0,869.0,0.0,434.0,857.0,0,1,2,-0.08990208078398614,0.010399875350807539,0.05608691093584407,-0.41022388096236273,0.06748290980887167,0.3445987023041221,-0.27392690024413907,0.06546294293382995,0.2523187773096548,28.31,23.72,3,991.0,0.0,0.0,759.0,0.0,0.0,3,0,0,0.015455047448362291,-0.03239280452869706,-0.0013195796959676472,0.044708036707588134,-0.07619168819498998,-0.003249424066933966,0.018550586985665002,-0.07268279331762609,-0.0038181321918302367,16.22,24.5,2,443.0,368.0,0.0,412.0,323.0,0.0,1,1,0,-0.04388013125139599,0.0009425081958336912,-0.01170249436099109,-0.049851184699001835,-0.008950505017643107,-0.021789595898654732,-0.07398491996433296,-0.02031331128917116,-0.03430974421184951
92,least_connections,4381,measured,448,407,17,heavy,2,85.33,64.55,3,0.0,843.0,437.0,0.0,848.0,443.0,0,2,1,-0.08133997785217793,0.05249331125844038,0.007661400143768218,-0.3711549399183282,0.32162739458897915,0.05120834970372948,-0.24783862403041154,0.24651409122584614,0.041002703280163894,17.03,14.25,2,596.0,0.0,0.0,456.0,0.0,0.0,2,0,0,-0.029100762059191487,-0.02930777552596401,-0.0011939054392088237,-0.061658715087692356,-0.06893533693832427,-0.00293995510817835,-0.0688857784415412,-0.06576062252547123,-0.0034545005545130714,25.18,38.07,3,443.0,368.0,448.0,412.0,323.0,407.0,1,1,1,-0.03970107113221541,0.0008527455105162007,0.03249592913824162,-0.04510345282290644,-0.008098075968343763,0.061352270377407626,-0.06693873711058695,-0.018378710214011995,0.09170388222102503
92,least_connections,4382,measured,167,110,4,light,1,85.33,64.55,3,0.0,843.0,437.0,0.0,848.0,443.0,0,2,1,-0.07359331329482766,0.04749394828144606,0.006931742987218867,-0.33580685040229696,0.29099621415193355,0.04633136401766,-0.22423494555132473,0.2230365587281465,0.03709768392014828,16.11,14.09,2,564.0,0.0,0.0,451.0,0.0,0.0,2,0,0,-0.026329260910697067,-0.02651655880920553,-0.0010802001592841739,-0.06405856535144958,-0.062370066753721955,-0.002659959383589936,-0.06373891858996583,-0.05949770609447397,-0.0031255005017023028,25.18,38.07,3,443.0,368.0,448.0,412.0,323.0,407.0,1,1,1,-0.03592001673867108,0.0007715316523718013,0.02940107874412337,-0.04080788588739155,-0.0073268306380253195,0.05550919700813071,-0.06056361929053106,-0.016628356860296567,0.08297017915235598
92,least_connections,4383,measured,198,100,6,light,1,85.33,64.55,3,0.0,1280.0,0.0,0.0,1291.0,0.0,0,3,0,-0.06658442631436788,0.0860546153385419,-0.03681232323832125,-0.3038252456020782,0.5268695905819081,-0.22166844842846636,-0.20287923645119857,0.40219974361118016,-0.16684019073891346,21.77,17.22,3,762.0,0.0,0.0,551.0,0.0,0.0,3,0,0,0.019262187974221925,-0.02399117225594786,-0.0009773239536380622,-0.006774076134304724,-0.05643006039622463,-0.0024066299184861326,-0.029394735867111943,-0.053831257895000255,-0.0028278337872544644,25.18,38.07,3,443.0,368.0,448.0,412.0,323.0,407.0,1,1,1,-0.032499062763559544,0.0006980524473840094,0.026600976006587812,-0.03692142056478283,-0.006629037243927674,0.050222606816880164,-0.05479565554857571,-0.015044703825982608,0.07506825732832208
92,least_connections,4384,measured,438,423,18,heavy,0,100.0,85.7,4,0.0,1280.0,438.0,0.0,1291.0,423.0,0,3,1,-0.06024305237966618,0.0778589376872522,0.009777512534942898,-0.2748895079256898,0.47669153433601213,0.06363330856472088,-0.18355740440822726,0.36389500612440107,0.040406494093364026,21.77,17.22,3,762.0,0.0,0.0,551.0,0.0,0.0,3,0,0,0.017427693881438888,-0.02170629870776235,-0.0008842454818630087,-0.006128926026275711,-0.05105576892991752,-0.002177427069106501,-0.026595237213101308,-0.04870447142880976,-0.00255851628370642,25.18,38.07,3,443.0,816.0,0.0,412.0,730.0,0.0,1,2,0,-0.02940391392893482,0.04371547148867623,-0.01901635050651125,-0.033405094796708265,0.07506896630311308,-0.03562716526091795,-0.04957702168680661,0.10913415685585703,-0.05482713225850224
92,least_connections,4385,measured,178,116,7,light,1,100.0,85.7,4,411.0,869.0,438.0,434.0,857.0,423.0,1,2,1,-0.01142171859294061,0.027359900537899384,0.00884632086494834,-0.000804792885147898,0.18338757868496336,0.0575729934633189,0.030257586487794363,0.13290500554112483,0.036558256560662694,15.51,10.19,3,543.0,0.0,0.0,326.0,0.0,0.0,3,0,0,0.01576791351177806,-0.01963903216416594,-0.000800031626447484,-0.062157463683637226,-0.04619331474611585,-0.0019700530625249295,-0.08767842890709168,-0.044065950340351684,-0.0023148480662105704,25.18,38.07,3,443.0,816.0,0.0,412.0,730.0,0.0,1,2,0,-0.026603541173798165,0.03955209325165945,-0.017205269505891133,-0.03022365719702176,0.06791954094091182,-0.03223410190273529,-0.044855400573777404,0.09874042763148969,-0.04960550061483536
92,least_connections,4386,measured,358,311,11,medium,1,100.0,85.7,4,411.0,869.0,438.0,434.0,857.0,423.0,1,2,1,-0.010333935869803412,0.024754195724766115,0.008003814115905644,-0.0007281459437052384,0.16592209500068117,0.05208985122871709,0.02737591158419489,0.12024738596577961,0.03307651784059959,20.97,16.47,3,376.0,358.0,0.0,216.0,311.0,0.0,2,1,0,-0.028817692763720065,0.02531525207822628,-0.0007238381382143903,-0.09940777326478742,0.05075026625011288,-0.001782428961332079,-0.11042929282070199,0.048062354453967525,-0.0020943863456190878,25.18,38.07,3,811.0,448.0,0.0,735.0,407.0,0.0,2,1,0,0.019014029640939983,-0.007298672999065489,-0.015566672410091978,0.03924526253602795,-0.005139462958222651,-0.02916418743580812,0.05682924075070933,-0.00807612103182681,-0.04488116722294628
92,least_connections,4387,measured,385,324,9,medium,1,100.0,85.7,4,411.0,869.0,438.0,434.0,857.0,423.0,1,2,1,-0.009349751501250711,0.022396653274788403,0.0072415461048670055,-0.0006587987109714089,0.150119990714902,0.04712891301645833,0.02476868190950965,0.10879525396903872,0.02992637328435202,31.97,26.59,4,376.0,743.0,0.0,216.0,635.0,0.0,2,2,0,-0.02607315059574672,0.06598817591658114,-0.0006549011726701627,-0.08994036628718863,0.14544071708343545,-0.0016126738221575953,-0.09991221731396846,0.13509213022025635,-0.001894920979369651,16.32,24.33,2,368.0,448.0,0.0,323.0,407.0,0.0,1,1,0,-0.025880730551621184,-0.006603561284868775,-0.014084132180559409,-0.04465428627692711,-0.004649990295534784,-0.026386645775254965,-0.07283703614618364,-0.007306966647843305,-0.04060677034457044
92,least_connections,4388,measured,390,326,13,medium,2,100.0,85.7,4,843.0,875.0,0.0,848.0,866.0,0.0,2,2,0,0.0346246012494353,0.0202636386771895,-0.03653202517949675,0.2599753725948354,0.13944189636110177,-0.2215500310803472,0.20969547410860395,0.10250522978151122,-0.16428090036177673,31.97,26.59,4,376.0,743.0,0.0,216.0,635.0,0.0,2,2,0,-0.02358999339615178,0.05970358773404961,-0.0005925296324158615,-0.08137461711698019,0.13158922021834635,-0.001459085839094967,-0.09039676804597147,0.1222262130564224,-0.0017144523146677795,24.12,35.2,3,368.0,838.0,0.0,323.0,733.0,0.0,1,2,0,-0.023415899070514404,0.037109249540447524,-0.01274278625860137,-0.04040149710769596,0.06636429449451615,-0.02387363189189735,-0.06590017556083283,0.09170639525512592,-0.03673945888318278
92,least_connections,4389,measured,196,123,5,light,2,100.0,85.7,4,843.0,875.0,0.0,848.0,866.0,0.0,2,2,0,0.03132702017806051,0.01833376832698097,-0.03305278468621134,0.23521581330008917,0.1261617157552825,-0.20045002812031415,0.18972447657445118,0.09274282694517683,-0.1486351003273218,26.31,23.47,3,563.0,358.0,0.0,440.0,311.0,0.0,2,1,0,-0.021343327358423037,0.01093363153262085,-0.0005360982388524461,-0.025284517527607908,0.01953310400707528,-0.0013201252829906844,-0.01845421870825989,0.018978478479620267,-0.0015511711418422767,28.04,39.3,4,564.0,838.0,0.0,446.0,733.0,0.0,2,2,0,0.02189808678200625,0.033575035298500144,-0.011529187567306002,-0.001087068811724906,0.06004388549503843,-0.021599952664097602,-0.02252873026932492,0.08297245284987584,-0.033240462799070135
92,least_connections,4390,measured,198,103,4,light,1,100.0,85.7,4,1280.0,438.0,0.0,1291.0,423.0,0.0,3,1,0,0.07142739467357402,-0.02649620507377458,-0.029904900430381687,0.47640160885881083,-0.1494409873325222,-0.1813595492517128,0.3720602407102177,-0.11649458514483998,-0.13447937648662447,31.97,26.69,4,1119.0,0.0,0.0,854.0,0.0,0.0,4,0,0,0.06685717093875104,-0.03319156693533851,-0.00048504126372364174,0.1208514229171983,-0.07487140929972101,-0.0011943990655630002,0.1003568973591934,-0.07076054328034356,-0.001403440556904917,28.04,39.3,4,564.0,838.0,0.0,446.0,733.0,0.0,2,2,0,0.01981255470752946,0.030377412889119187,-0.01043116970375305,-0.0009835384487034832,0.05432542020979668,-0.019542814315135926,-0.020383136910341576,0.07507031448322099,-0.03007470443725393
92,least_connections,4391,measured,393,348,9,medium,0,100.0,100.0,5,1280.0,831.0,0.0,1291.0,771.0,0.0,3,2,0,0.06462478565704316,0.019111143255247043,-0.02705681467510724,0.43103002706273363,0.10183910669914664,-0.16408721122774014,0.3366259320711493,0.05202870867847814,-0.12167181682123167,31.97,26.69,4,1119.0,0.0,0.0,854.0,0.0,0.0,4,0,0,0.06048982132553665,-0.030030465322449126,-0.0004388468576547235,0.10934176359175085,-0.06774079889022377,-0.0010806467736046192,0.09079909761069879,-0.06402144392031084,-0.0012697795514854011,28.04,39.3,4,1012.0,390.0,0.0,853.0,326.0,0.0,3,1,0,0.06100954496214116,-0.015599574279459058,-0.009437724970062284,0.08017679854641113,-0.03191509600066014,-0.017681593904170602,0.10430414597000842,-0.054825271023117544,-0.027210446871801176
92,least_connections,4392,measured,158,125,6,light,1,100.0,81.4,4,869.0,831.0,0.0,857.0,771.0,0.0,2,2,0,0.015386143939138813,0.01729103437379495,-0.024479975182239884,0.14207478639009236,0.09214014415637073,-0.14845985777747917,0.10823298615961136,0.04707359356624213,-0.11008402474301913,31.4,26.97,4,1099.0,0.0,0.0,863.0,0.0,0.0,4,0,0,0.05472888596119985,-0.0271704210060254,-0.0003970519188304641,0.0937581942700875,-0.061289294234011985,-0.000977728033261322,0.08469620736206085,-0.057924163546947904,-0.0011488481656296487,28.04,39.3,4,1012.0,390.0,0.0,853.0,326.0,0.0,3,1,0,0.0551991121086039,-0.014113900538558197,-0.008538894020532543,0.07254091297056245,-0.028875563048216313,-0.015997632579963877,0.09437041778238858,-0.049603816639963494,-0.024618975741153445
92,least_connections,4393,measured,352,305,9,medium,0,100.0,96.65,5,1262.0,790.0,0.0,1205.0,728.0,0.0,3,2,0,0.05700469712407344,0.01564426919533829,-0.022148548974407514,0.36559147340055975,0.05863473360179561,-0.13432082370343354,0.2553536541444103,0.023138013226599974,-0.09959983191035064,31.4,26.97,4,1099.0,0.0,0.0,863.0,0.0,0.0,4,0,0,0.04951661110775224,-0.024582761862594407,-0.00035923745037041993,0.08482884243484107,-0.05545221859267751,-0.0008846110777126247,0.07662990189900742,-0.05240757654247668,-0.0010394340546173012,20.68,28.53,3,644.0,390.0,0.0,530.0,326.0,0.0,2,1,0,0.006858153585789006,-0.012769719534885982,-0.007725666018577063,-0.000958221598062553,-0.026125509424576657,-0.014474048524729222,-0.012029939466727785,-0.04487964362663366,-0.022274311384853116
92,least_connections,4394,measured,196,100,5,light,2,100.0,96.65,5,1262.0,790.0,0.0,1205.0,728.0,0.0,3,2,0,0.05157567835035215,0.014154338795782262,-0.020039163357797273,0.3307732378386017,0.05305047325876744,-0.12152836430310654,0.23103425851160936,0.020934392919304712,-0.09011413363317439,25.74,23.75,3,901.0,0.0,0.0,760.0,0.0,0.0,3,0,0,0.0017168431564470454,-0.022241546447109226,-0.0003250243598589514,0.025566231590706562,-0.05017105491718441,-0.0008003624036447557,0.04020979219434001,-0.04741637877652652,-0.0009404403351299392,20.68,27.77,3,1034.0,0.0,0.0,833.0,0.0,0.0,3,0,0,0.04928889632818552,-0.05463745599641611,-0.006989888302522104,0.06970446617318152,-0.09420879424128364,-0.013095567712850248,0.08049672143486536,-0.13892285217012887,-0.020152948395819485
92,least_connections,4395,measured,396,306,11,medium,1,100.0,75.95,4,1620.0,0.0,0.0,1519.0,0.0,0.0,4,0,0,0.08974760921040931,-0.07336149392399745,-0.018130671609435628,0.4428265802666713,-0.42850988927381356,-0.10995423436947735,0.351078614843837,-0.3103926921206291,-0.08153183519191969,37.06,33.31,4,901.0,396.0,0.0,760.0,306.0,0.0,3,1,0,0.0015533342844044895,0.022960596298420448,-0.0002940696589200036,0.023131352391591642,0.05697448772798962,-0.0007241374128214457,0.03638028817583144,0.04361732396409506,-0.0008508745889270878,20.68,27.77,3,1034.0,0.0,0.0,833.0,0.0,0.0,3,0,0,0.04459471572550118,-0.0494338887586622,-0.006324184654662856,0.06306594558525946,-0.08523652812306616,-0.011848370787816892,0.07283036701249723,-0.1256921043444023,-0.01823361997717001
92,least_connections,4396,measured,403,435,17,heavy,2,100.0,75.95,4,1620.0,0.0,0.0,1519.0,0.0,0.0,4,0,0,0.08120021785703699,-0.06637468497885483,-0.01640394097996557,0.400652620241274,-0.3876994236286885,-0.09948240252476521,0.3176425562872811,-0.28083148334723584,-0.07376689850697496,26.06,23.19,3,516.0,396.0,0.0,436.0,306.0,0.0,2,1,0,-0.04167850254086758,0.020773872841428023,-0.0002660630247371461,-0.07859544307427424,0.05154834603960966,-0.000655171944933689,-0.05869164403139057,0.03946329311037172,-0.0007698389137911747,28.74,42.27,4,1034.0,0.0,403.0,833.0,0.0,435.0,3,0,1,0.040347599942120116,-0.044725899353075325,0.037362018872538594,0.05705966505332999,-0.077118763539917,0.06220385500149901,0.0658941415827356,-0.11372142774017352,0.11469339144922713
92,least_connections,4397,measured,156,107,6,light,1,78.87,53.8,3,1183.0,0.0,0.0,1076.0,0.0,0.0,3,0,0,0.03038296354865705,-0.06005328640944009,-0.014841660886635515,0.17128887863099385,-0.3507756689973848,-0.0900078879985971,0.08698612235515918,-0.25408562779035626,-0.06674147960154878,20.29,16.81,3,314.0,396.0,0.0,232.0,306.0,0.0,2,1,0,-0.03770912134649923,0.018795408761292022,-0.0002407236890478941,-0.12332784985631615,0.04663897975012303,-0.0005927746168447663,-0.11078053507602008,0.035704884242717276,-0.000696520922001539,28.74,42.27,4,1034.0,0.0,403.0,833.0,0.0,435.0,3,0,1,0.03650497137620391,-0.04046628989087767,0.033803731360868255,0.05162541123872713,-0.06977411939325824,0.05627967833468958,0.059618509051046514,-0.10289081557444271,0.10377021131120549
92,least_connections,4398,measured,431,421,15,heavy,0,100.0,74.85,4,1183.0,0.0,431.0,1076.0,0.0,421.0,3,0,1,0.027489347972594474,-0.054333925799017226,0.02965573085313476,0.15497565209470865,-0.3173684624262053,0.17853254577904706,0.07870172974990591,-0.22988699657222708,0.13006723274145587,15.77,12.91,2,156.0,396.0,0.0,107.0,306.0,0.0,1,1,0,-0.07720167668311381,0.017005369831645162,-0.00021779762342428514,-0.1524258777611568,0.042197172154873216,-0.000536319891430979,-0.13557226983068482,0.032304419076744195,-0.0006301855960966305,19.78,28.7,3,586.0,0.0,403.0,426.0,0.0,435.0,2,0,1,-0.010055592791144291,-0.0366123575203179,0.030584328374118896,-0.03435796126019927,-0.06312896516532888,0.05091970896948105,-0.06880547593794206,-0.09309169028163865,0.09388733404347163
92,least_connections,4399,measured,491,441,15,heavy,1,100.0,74.85,4,1183.0,431.0,0.0,1076.0,421.0,0.0,3,1,0,0.024871314832347377,-0.006075365972353461,-0.016252524692968777,0.14021606618092686,-0.027174640607836587,-0.09843880778721138,0.07120632691658152,-0.017540615946300686,-0.07277250371011136,29.8,26.69,3,552.0,0.0,491.0,413.0,0.0,441.0,2,0,1,-0.02676523581986942,-0.02769808942669746,0.0428868452341354,-0.035541780559413955,-0.06418895308436641,0.12643992826149442,-0.03614276794204818,-0.05729004940675526,0.1241173320797221,15.86,25.37,2,390.0,403.0,0.0,326.0,435.0,0.0,1,1,0,-0.05218181751398315,0.009958433898850691,-0.015412365031125985,-0.06655244114018029,0.015807126755178633,-0.026853596646660004,-0.09241130362639202,0.0469646611737555,-0.04624479300828756
92,least_connections,4400,measured,447,412,15,heavy,2,81.4,57.45,3,790.0,431.0,0.0,728.0,421.0,0.0,2,1,0,-0.020581282045109728,-0.005496759689272185,-0.014704665198400323,-0.11018546393154238,-0.024586579597566438,-0.0890636832360484,-0.09300379945642628,-0.015870081094272043,-0.06584178907105313,29.8,26.69,3,552.0,491.0,0.0,413.0,441.0,0.0,2,1,0,-0.024216165741786616,0.018023724078792998,-0.00428151644349201,-0.032156849077565,0.06884945061074332,-0.012527139736198926,-0.03270059956661503,0.07285364577484048,-0.01239086621358477,24.8,39.1,3,390.0,403.0,447.0,326.0,435.0,412.0,1,1,1,-0.04721212060788951,0.009010011622769667,0.02913937948431005,-0.060214113412544054,0.01430168611182829,0.05658960303397428,-0.08361022709054516,0.04249183630006449,0.08241344124646999
92,least_connections,4401,measured,409,450,18,heavy,0,100.0,79.95,4,790.0,431.0,409.0,728.0,421.0,450.0,2,1,1,-0.018621159945575477,-0.004973258766484356,0.029779679332966602,-0.09969161022377648,-0.02224500058827439,0.16611698500865463,-0.08414629474629048,-0.014358644799579462,0.144000286078571,29.8,26.69,3,552.0,491.0,0.0,413.0,441.0,0.0,2,1,0,-0.021909864242568855,0.01630717892843176,-0.0038737529726832467,-0.02909429202255881,0.06229236007638682,-0.011334078808941885,-0.029586256750746942,0.06591520332009376,-0.011210783717052888,17.0,28.23,2,0.0,850.0,0.0,0.0,847.0,0.0,0,2,0,-0.08579962839580026,0.051235815504501354,-0.016719699740953036,-0.12505086451611128,0.09382533505355894,-0.02968559725497565,-0.17396480863747737,0.16269896300164566,-0.049689426173828745
92,least_connections,4402,measured,387,340,9,medium,2,56.0,43.55,2,0.0,431.0,409.0,0.0,421.0,450.0,0,1,1,-0.1030155165947497,-0.004499615074438232,0.026943519396493594,-0.5667051076627818,-0.020126429103676846,0.15029631976973515,-0.4054656952466438,-0.012991154818667111,0.13028597311870707,29.8,26.69,3,552.0,491.0,0.0,413.0,441.0,0.0,2,1,0,-0.01982321050518135,0.014754114268581114,-0.003504824118141985,-0.02632340706802941,0.056359754354826166,-0.0102546427318998,-0.026768518012580567,0.059637564908656265,-0.010143090029714518,24.74,39.57,3,0.0,1237.0,0.0,0.0,1187.0,0.0,0,3,0,-0.07762823521524785,0.08944011425463955,-0.015127347384671795,-0.11314125837171973,0.15491816028655334,-0.02685839751640654,-0.1573967316243843,0.24974350620783814,-0.04495709987155934
92,least_connections,4403,measured,375,326,6,medium,0,81.0,59.85,3,375.0,431.0,409.0,326.0,421.0,450.0,1,1,1,-0.05012061478753997,-0.004071080305444119,0.02437746993016087,-0.2865427164568026,-0.0182096263318981,0.1359823845535699,-0.21937372427077298,-0.011753901978794057,0.11787778520263972,25.34,23.34,2,396.0,491.0,0.0,306.0,441.0,0.0,1,1,0,-0.061019185921921446,0.013348960528716244,-0.0031710313449856056,-0.06414294653093817,0.05099215870198558,-0.009278010090766486,-0.05447211153519195,0.05395779682211757,-0.009177081455455992,24.74,39.57,3,0.0,1237.0,0.0,0.0,1187.0,0.0,0,3,0,-0.07023506995665282,0.08092200813515006,-0.013686647633750671,-0.10236590043155595,0.14016404978307206,-0.024300454895796395,-0.14240656670777627,0.2259584103785202,-0.04067547131236321
92,least_connections,4404,measured,350,323,9,medium,1,81.0,59.85,3,375.0,431.0,409.0,326.0,421.0,450.0,1,1,1,-0.04534722290301235,-0.0036833583715922963,0.022055806127288406,-0.25925293393710713,-0.016475376205050685,0.12303168126275371,-0.19848098862593747,-0.010634482742718415,0.10665132946905498,35.34,33.44,3,396.0,841.0,0.0,306.0,764.0,0.0,1,2,0,-0.05520783488173844,0.05516153118131016,-0.0028690283597488813,-0.058034094480372625,0.1366119531113203,-0.008394390082122059,-0.0492842913889832,0.1401433637914397,-0.008303073697793517,24.74,39.57,3,387.0,850.0,0.0,340.0,847.0,0.0,1,2,0,-0.020462115448309476,0.030131249990759362,-0.012383157382917275,-0.022588195628550634,0.05678652123230331,-0.0219861258581015,-0.02630435400544838,0.10189887923135957,-0.03680161690166195
92,least_connections,4405,measured,150,103,2,light,0,91.0,65.0,4,525.0,840.0,0.0,429.0,871.0,0.0,2,2,0,0.002055460457365238,0.039751337890554815,-0.023128647063972618,-0.14408598784785887,0.23179211994146215,-0.1353840344130641,-0.13298279923299103,0.19394975370896905,-0.10707736857561694,35.34,33.44,3,396.0,841.0,0.0,306.0,764.0,0.0,1,2,0,-0.0499499458453824,0.04990805202118538,-0.002595787563582321,-0.052507037863194286,0.12360129091024218,-0.007594924360015196,-0.044590549351937195,0.12679637676368355,-0.007512304774194134,24.74,39.57,3,387.0,850.0,0.0,340.0,847.0,0.0,1,2,0,-0.01851334254847048,0.027261607134496574,-0.011203809060734678,-0.020436938902022,0.051378281114941096,-0.01989220910971088,-0.02379917743350092,0.09219422406646818,-0.033296701006265576
92,least_connections,4406,measured,190,109,4,light,1,91.0,65.0,4,956.0,409.0,0.0,850.0,450.0,0.0,3,1,0,0.04494360254532591,-0.0071184040400649184,-0.0209259187721657,0.1296047411535245,-0.05025157402121683,-0.12249031684991514,0.07013461021777007,-0.014974032358551798,-0.0968795239493677,29.46,27.28,3,540.0,491.0,0.0,432.0,441.0,0.0,2,1,0,-0.0021089079190647897,0.0020710039828865517,-0.0023485697003840047,-0.010281877794590777,0.02135354891879053,-0.006871598230489939,-0.004718830366038401,0.02339612659571369,-0.0067968471766518355,24.74,39.57,3,790.0,447.0,0.0,775.0,412.0,0.0,2,1,0,0.026333733159093597,-0.01841863662887952,-0.010136779626378994,0.05443324575531343,-0.026438698038862826,-0.01799771300402413,0.10965788708397539,-0.04777665441605258,-0.030125586624716472
92,least_connections,4407,measured,395,315,8,medium,1,81.0,59.85,3,806.0,409.0,0.0,747.0,450.0,0.0,2,1,0,-0.002420640780986305,-0.0064404607981539685,-0.01893297412719754,0.02678524199604604,-0.04546570982872,-0.11082457238801846,0.016859885435125288,-0.01354793403868973,-0.0876529026208565,40.74,37.12,4,1031.0,395.0,0.0,873.0,315.0,0.0,3,1,0,0.04117584068093684,0.0018737655083259225,-0.002124896395585528,0.11762251873006416,-0.0054964489374208225,-0.006217160303776612,0.12041808204977478,-0.01445707593721142,-0.006149528397923089,24.74,39.57,3,790.0,447.0,0.0,775.0,412.0,0.0,2,1,0,0.02382575857251326,-0.01666448075946242,-0.009171372042914329,0.049249127111950244,-0.02392072679706636,-0.016283645098878974,0.09921427879026345,-0.043226496852619006,-0.027256483136648236
92,least_connections,4408,measured,184,114,4,light,0,93.27,65.55,4,990.0,409.0,0.0,861.0,450.0,0.0,3,1,0,0.04089379666300785,-0.005827083579282161,-0.017129833734131107,0.13521839355197818,-0.04113564222598476,-0.10026985120820718,0.06682561063178005,-0.012257654606433577,-0.07930500713315587,40.74,37.12,4,1426.0,0.0,0.0,1188.0,0.0,0.0,4,0,0,0.08033823227141451,-0.04138858857636725,-0.0019225253102916682,0.2085292176265206,-0.10708182114746237,-0.005625049798655029,0.19801219328312955,-0.1021427115622389,-0.0055638590266923185,24.74,39.57,3,1237.0,0.0,0.0,1187.0,0.0,0.0,3,0,0,0.06464053893522174,-0.0581612875805567,-0.00829790803882725,0.12544444833938356,-0.10252827662591718,-0.014732821756128596,0.21401926811182564,-0.1633636558825283,-0.024660627599824594
92,least_connections,4409,measured,356,342,11,medium,2,68.27,49.25,3,615.0,409.0,0.0,535.0,450.0,0.0,2,1,0,-0.006084750864988359,-0.005272123238398152,-0.015498420997547193,-0.10385002488154355,-0.037217962013986194,-0.0907203415693303,-0.08701492371410374,-0.011090258929630392,-0.07175214931095056,40.74,37.12,4,1426.0,0.0,0.0,1188.0,0.0,0.0,4,0,0,0.07268697205508932,-0.03744681823576085,-0.0017394276616924617,0.18866929213828054,-0.09688355246675166,-0.0050893307702116935,0.17915388916092673,-0.0924148342705971,-0.00503396769081686,31.86,50.97,4,1237.0,356.0,0.0,1187.0,342.0,0.0,3,1,0,0.058484297131867286,-0.00953821710803203,-0.007507631082748464,0.11349735802134703,-0.028344631232972692,-0.01332969587459254,0.19363648067260417,-0.0446623553222875,-0.0223119963998413
92,least_connections,4410,measured,475,416,16,heavy,0,99.93,70.05,4,615.0,409.0,475.0,535.0,450.0,416.0,2,1,1,-0.005505250782608523,-0.00477001626331261,0.02906151932421467,-0.09395954632139653,-0.03367339420313037,0.2044276274690186,-0.07872778812228437,-0.010034043793475111,0.12327186490913997,35.31,33.72,3,1236.0,0.0,0.0,1079.0,0.0,0.0,3,0,0,0.022680503061180593,-0.03388045459425981,-0.0015737678843884178,0.1215851418666076,-0.08765654746991818,-0.0046046326016201036,0.1312731616217908,-0.08361342148292118,-0.004554542196453349,31.86,50.97,4,1237.0,356.0,0.0,1187.0,342.0,0.0,3,1,0,0.05291436407168945,-0.008629815478695652,-0.006792618598677182,0.10268808582883779,-0.025645142544118163,-0.01206020102939325,0.17519491108473711,-0.040408797672545835,-0.020187044361761174
92,least_connections,4411,measured,394,315,10,medium,1,99.93,70.05,4,615.0,409.0,475.0,535.0,450.0,416.0,2,1,1,-0.004980941184264842,-0.004315729000139976,0.026293755579051368,-0.08501101810031114,-0.030466404279022696,0.18495832961482636,-0.07122990353920966,-0.009078420575048929,0.11153168729874569,46.57,43.56,4,1236.0,394.0,0.0,1079.0,315.0,0.0,3,1,0,0.020520455150591962,0.01243015559385563,-0.001423885228732378,0.1100056045459783,0.022542035282318934,-0.00416609616337057,0.11877095575304886,0.013412261515452259,-0.004120776272981601,24.12,39.63,3,850.0,356.0,0.0,847.0,342.0,0.0,2,1,0,0.004791000600009282,-0.007807928290248442,-0.006145702541660307,0.022879696702281793,-0.023202748016106903,-0.01091161045516532,0.05596999891793675,-0.03656034075135099,-0.01826446870826011
92,least_connections,4412,measured,164,116,8,light,2,87.67,64.35,3,840.0,475.0,0.0,871.0,416.0,0.0,2,1,0,-0.004506565833382464,-0.0039047071906028324,-0.01929431184571089,0.05879955505209955,0.012244681842788985,-0.11916468590404598,0.08755389679785797,-0.023594761472663317,-0.08728085434875389,46.57,43.56,4,1236.0,394.0,0.0,1079.0,315.0,0.0,3,1,0,0.018566126088630827,0.011246331251583669,-0.0012882771117102467,0.09952888030350415,0.02039517477924095,-0.0037693251001924204,0.1074594361575204,0.012134903275885386,-0.0037283213898404964,27.4,43.5,4,850.0,520.0,0.0,847.0,458.0,0.0,2,2,0,0.004334714828579833,0.036019584154627825,-0.0055603975376926585,0.020700677968731124,0.008683227985427089,-0.00987240945943529,0.050639522830514205,0.0019057234471903661,-0.016524995497949623
92,least_connections,4413,measured,353,350,11,medium,0,82.47,60.8,3,409.0,828.0,0.0,450.0,766.0,0.0,1,2,0,-0.0471612693141034,0.03955106991145004,-0.01745675833659557,-0.20676865654016396,0.22399915658792025,-0.10781566819889875,-0.1112369505162237,0.1369856920009237,-0.07896839202982495,36.57,33.47,3,886.0,394.0,0.0,756.0,315.0,0.0,2,1,0,-0.026285976622758056,0.010175252084766176,-0.001165584053452128,-0.0004262511539724345,0.018452777181218016,-0.0034103417573169517,0.005900799380613719,0.010979198201991544,-0.0033732431622366396,19.34,29.0,3,967.0,0.0,0.0,870.0,0.0,0.0,3,0,0,0.047005785071662934,-0.05357865288504194,-0.005030835867436215,0.03990061340028053,-0.0862389842036612,-0.00893217998710812,0.05275321906887792,-0.13640275815095476,-0.014951186402906802
92,least_connections,4414,measured,352,348,11,medium,0,100.0,78.2,4,409.0,1180.0,0.0,450.0,1114.0,0.0,1,3,0,-0.04266971985561736,0.07886820157521217,-0.015794209923586468,-0.1870764035363388,0.4149833638970071,-0.09754750932281316,-0.1006429552289643,0.2813680070484548,-0.07144759278888924,22.54,19.69,2,789.0,0.0,0.0,630.0,0.0,0.0,2,0,0,-0.02378255027773349,-0.03387771976911178,-0.0010545760483614492,-0.025460485737947847,-0.0851549703054286,-0.0030855473042391466,-0.030286181512778038,-0.07912893972200764,-0.003051981908690293,19.34,29.0,3,967.0,0.0,0.0,870.0,0.0,0.0,3,0,0,0.04252904363626646,-0.04847592403884747,-0.004551708641966099,0.03610055498120621,-0.07802574761283633,-0.008081496178812108,0.04772910296708002,-0.12341201927943526,-0.01352726388834425
92,least_connections,4415,measured,391,331,11,medium,1,100.0,78.2,4,409.0,1180.0,0.0,450.0,1114.0,0.0,1,3,0,-0.03860593701222523,0.07135694428233481,-0.01428999945467347,-0.16925960319954464,0.3754611387639588,-0.0882572703396881,-0.09105791187382481,0.25457105399622104,-0.06464306014232836,22.43,20.19,2,394.0,391.0,0.0,315.0,331.0,0.0,1,1,0,-0.06460144571613528,0.012432629959465757,-0.0009541402342317873,-0.12514452110984395,0.024029856798489763,-0.0027916856562163707,-0.11646428327346585,0.021993459299135945,-0.0027613169650055032,10.4,15.27,2,520.0,0.0,0.0,458.0,0.0,0.0,2,0,0,-0.004605241698706769,-0.04385916936848105,-0.004118212580826471,-0.048223307397956286,-0.07059472403066144,-0.007311829876068098,-0.08107049414089584,-0.11165849363377477,-0.012238953041835273
92,least_connections,4416,measured,491,430,20,heavy,1,100.0,78.2,4,409.0,1180.0,0.0,450.0,1114.0,0.0,1,3,0,-0.034929181106299015,0.06456104482687436,-0.01292904712565695,-0.15313964099006422,0.3397029350721532,-0.07985181602162256,-0.08238572979060341,0.23032619171086666,-0.058486578224011376,36.46,33.62,3,394.0,391.0,491.0,315.0,331.0,430.0,1,1,1,-0.05844892707650334,0.011248569963326155,0.04222063049102385,-0.1132259952898588,0.021741299008157397,0.1243993592362124,-0.10537244677123099,0.019898844127789667,0.1190790465554712,10.4,15.27,2,520.0,0.0,0.0,458.0,0.0,0.0,2,0,0,-0.004166647251210881,-0.039682105619101904,-0.003726001858842997,-0.0436306114552938,-0.06387141698012226,-0.0066154651259663745,-0.07334949469890578,-0.10102435138293908,-0.01107333846642239
92,least_connections,4417,measured,381,316,11,medium,2,100.0,78.2,4,762.0,827.0,0.0,800.0,764.0,0.0,2,2,0,0.011481307797248735,0.015328473664224185,-0.011697709304165811,0.0743657216439102,0.09442963966845613,-0.07224688116242041,0.08379386352278739,0.05005703059554595,-0.052916427916962674,36.46,33.62,3,394.0,391.0,491.0,315.0,331.0,430.0,1,1,1,-0.052882362593026824,0.01017727758586652,0.03819961806330729,-0.10244256716701511,0.019670699102618594,0.11255180121371598,-0.09533697565016137,0.018003716115619225,0.10773818497875967,18.02,25.8,3,520.0,381.0,0.0,458.0,316.0,0.0,2,1,0,-0.0037698237034765048,0.007181042761855647,-0.003371144538953188,-0.03947531512621823,0.011154432256079871,-0.005985420828255292,-0.06636382853710523,0.0038986027170233722,-0.010018734802953592
92,least_connections,4418,measured,175,108,3,light,1,100.0,78.2,4,1114.0,475.0,0.0,1148.0,416.0,0.0,3,1,0,0.053471750138553834,-0.029215281197221193,-0.010583641751388114,0.27960073228099813,-0.12688111966504767,-0.06536622581361846,0.2332420669968076,-0.11213887708022038,-0.04787676811534718,41.46,37.0,4,569.0,391.0,491.0,423.0,331.0,430.0,2,1,1,-0.004762046881219284,0.009208013053879235,0.034561559200135164,-0.04744803696063274,0.017797299188083482,0.10183258205050494,-0.05572154939776505,0.016289076485560258,0.09747740545697303,18.02,25.8,3,520.0,381.0,0.0,458.0,316.0,0.0,2,1,0,-0.0034107928745739924,0.006497133927393206,-0.0030500831542909796,-0.035715761304673646,0.010092105374548452,-0.005415380749373836,-0.06004346391452378,0.0035273072201640054,-0.009064569583624678
92,least_connections,4419,measured,397,332,12,medium,2,78.67,55.7,3,1180.0,0.0,0.0,1114.0,0.0,0.0,3,0,0,0.048379202506310615,-0.06951677369090987,-0.009575675870303533,0.29278161492090304,-0.4013051400144082,-0.05914087097422623,0.19564758442568314,-0.28964946021543747,-0.04331707591388555,41.46,37.0,4,960.0,0.0,491.0,754.0,0.0,430.0,3,0,1,0.038775381619939916,-0.03475284079705711,0.03126998213345563,0.05814565363425747,-0.08497251161894487,0.0921342409028378,0.04317157435440305,-0.07884857365592167,0.08819384303249941,25.96,36.87,4,520.0,778.0,0.0,458.0,648.0,0.0,2,2,0,-0.003085955457947903,0.04896225949439884,-0.0027595990443585053,-0.032314260228038086,0.08096904771982953,-0.004899630201814423,-0.05432503877980724,0.10331835732618012,-0.008201277242327089
92,least_connections,4420,measured,159,119,4,light,0,89.27,61.65,4,1339.0,0.0,0.0,1233.0,0.0,0.0,4,0,0,0.08685555963722888,-0.06289612857748988,-0.008663706739798435,0.36080241349986475,-0.3630856028701788,-0.05350840707191897,0.23084781448038,-0.26206379733777674,-0.03919164011256311,41.46,37.0,4,960.0,0.0,491.0,754.0,0.0,430.0,3,0,1,0.03508248813232659,-0.03144304643543262,0.028291888596936047,0.05260797233575676,-0.07687989146475964,0.08335955129304372,0.039059995844459905,-0.07133918568869103,0.07979442941035661,15.56,21.6,2,0.0,778.0,0.0,0.0,648.0,0.0,0,2,0,-0.08895985539165807,0.04429918716159895,-0.0024967800877529335,-0.12333194973012969,0.07325770984175052,-0.004432998754022573,-0.18727820968966688,0.09347851377130582,-0.0074202032192483185
92,least_connections,4421,measured,466,429,20,heavy,2,89.27,61.65,4,1339.0,0.0,0.0,1233.0,0.0,0.0,4,0,0,0.07858360157654042,-0.05690602109391942,-0.007838591812198583,0.32644027888083005,-0.32850602164444753,-0.04841236830316478,0.2088623083393914,-0.23710534044846468,-0.035459102958985675,25.2,23.78,2,391.0,0.0,491.0,331.0,0.0,430.0,1,0,1,-0.05442650166712401,-0.02844847058443904,0.02559742301627547,-0.0994907461179888,-0.06955799703954443,0.07542054640799194,-0.08425821804548868,-0.06454497752786331,0.07219495994270361,24.88,35.9,3,381.0,397.0,466.0,316.0,332.0,429.0,1,1,1,-0.03740358798474279,-0.0030036832710249872,0.04082490871879043,-0.04264319261297447,-0.0026620720479399868,0.08031300112731292,-0.07414060241763512,-0.010725789127548707,0.12266743518258484
92,least_connections,4422,measured,369,329,10,medium,1,89.27,61.65,4,1339.0,0.0,0.0,1233.0,0.0,0.0,4,0,0,0.07109944904544133,-0.05148640003735567,-0.007092059258655861,0.29535072851122723,-0.29721973386878586,-0.04380166656000623,0.188970659926116,-0.2145238794533728,-0.032082045534320376,35.74,34.06,3,391.0,860.0,0.0,331.0,759.0,0.0,1,2,0,-0.0492430253178741,0.06042870801997465,-0.01992432702155575,-0.09001543696389464,0.15937949927714687,-0.058687532841748796,-0.07623362585068023,0.15620037747479032,-0.05625813148041102,24.88,35.9,3,381.0,397.0,466.0,316.0,332.0,429.0,1,1,1,-0.03384134151000538,-0.0027176181975940294,0.03693682217414372,-0.03858193617364357,-0.002408541376707596,0.07266414387709264,-0.06707959266357463,-0.009704285401115495,0.11098482230805296
92,least_connections,4423,measured,388,321,11,medium,1,89.27,61.65,4,1339.0,0.0,0.0,1233.0,0.0,0.0,4,0,0,0.0643280729458755,-0.04658293336713132,-0.006416625043545779,0.26722208770063416,-0.2689130925479491,-0.03963007926857707,0.17097345421886684,-0.19409303379114684,-0.029026612626289864,46.83,44.09,4,391.0,1248.0,0.0,331.0,1080.0,0.0,1,3,0,-0.044553213382838464,0.09775749319721062,-0.018026772067121867,-0.08144253820542849,0.24449981907388119,-0.05309824399967748,-0.06897328053156783,0.23208307962004843,-0.05090021419656235,24.88,35.9,3,381.0,397.0,466.0,316.0,332.0,429.0,1,1,1,-0.030618356604290575,-0.0024587974168707866,0.033419029586130036,-0.03490746606186798,-0.0021791564836878136,0.06574374922213144,-0.060691060028948474,-0.008780067743866402,0.10041483923109554
92,least_connections,4424,measured,448,432,17,heavy,2,55.13,38.2,2,827.0,0.0,0.0,764.0,0.0,0.0,2,0,0,-0.02796621064534166,-0.04214646352264262,-0.00580551789654142,-0.06705303176291832,-0.2433023218290968,-0.035855786004903065,-0.057476398563882425,-0.17560798295389476,-0.026262173328547973,46.83,44.09,4,391.0,1248.0,0.0,331.0,1080.0,0.0,1,3,0,-0.040310050203520506,0.08844725574985723,-0.01630993663215788,-0.07368610599538769,0.22121412201922583,-0.04804126838066058,-0.06240439667141852,0.20997992918004382,-0.0460525747492707,33.84,50.3,4,778.0,0.0,914.0,648.0,0.0,861.0,2,0,2,0.015381577584780176,-0.04530852646106903,0.07332016509039882,0.040255149753548006,-0.07380971300905088,0.1405491064390713,0.0452160250531736,-0.10807085494286325,0.2211372354948007
92,least_connections,4425,measured,374,346,12,medium,0,56.6,38.1,2,475.0,374.0,0.0,416.0,346.0,0.0,1,1,0,-0.06838666223920935,0.004951385611033088,-0.005252611430204141,-0.2729844890553388,0.005456629456214002,-0.032440949242531346,-0.20943102727208415,-0.002359603624952411,-0.023761013963924358,46.83,44.09,4,760.0,879.0,0.0,660.0,751.0,0.0,2,2,0,0.006612902423572153,0.0369398073564468,-0.014756609333857128,0.028719373487166217,0.10475835529630637,-0.04346590948726433,0.03655971253538323,0.09696100735337296,-0.04166661524934016,33.84,50.3,4,778.0,0.0,914.0,648.0,0.0,861.0,2,0,2,0.01391666543384873,-0.04099342870287198,0.06633729222464656,0.03642132596749581,-0.06678021653199842,0.12716347725439783,0.04090973695287134,-0.09777839256735246,0.2000765464000578
92,least_connections,4426,measured,379,346,14,medium,0,50.2,34.6,2,0.0,753.0,0.0,0.0,692.0,0.0,0,2,0,-0.10495754701461345,0.04756372530340635,-0.004752362722565652,-0.5334939027961002,0.2335401250635587,-0.029351335028956933,-0.3776756913414095,0.15438893005361445,-0.02149806025307442,35.66,33.75,3,369.0,879.0,0.0,329.0,751.0,0.0,1,2,0,-0.03710079803400161,0.03342173046535663,-0.013351217968727878,-0.07509063487215573,0.0947813690776105,-0.039326299059905825,-0.060508474372748505,0.08772662570067077,-0.03769836617797443,33.84,50.3,4,778.0,0.0,914.0,648.0,0.0,861.0,2,0,2,0.012591268725863136,-0.037089292635931796,0.06001945486991832,0.032952628256305724,-0.060420195909903336,0.11505266989683613,0.03701357152878834,-0.08846616470379509,0.1810216372190999
92,least_connections,4427,measured,476,405,19,heavy,0,81.93,54.85,3,0.0,753.0,476.0,0.0,692.0,405.0,0,2,1,-0.09496159015607883,0.043033846703081934,0.0387841434777694,-0.4826849596726621,0.2112982083908388,0.2605551413230072,-0.3417065778803229,0.1396852224294607,0.16376365977102791,35.66,33.75,3,757.0,491.0,0.0,650.0,430.0,0.0,2,1,0,0.009516511529327337,-0.012845191710482318,-0.012079673400277604,0.032360173891178845,-0.014544747705291183,-0.0355809372446767,0.03601316604370375,-0.011387219604155036,-0.03410804558959592,33.84,50.3,4,778.0,914.0,0.0,648.0,861.0,0.0,2,2,0,0.011392100275780942,0.05261082140195739,-0.031864484142636255,0.029814282708086143,0.11072458465294459,-0.061295203426672065,0.03348846947842754,0.17962585098228062,-0.09588518537319532
92,least_connections,4428,measured,397,318,10,medium,0,100.0,70.75,4,0.0,1150.0,476.0,0.0,1010.0,405.0,0,3,1,-0.08591762918883322,0.08201928533906959,0.03509041552750564,-0.436714963513361,0.4306348869567907,0.2357403659589113,-0.3091630942726731,0.27023901076951207,0.14816712074521574,35.66,33.75,3,757.0,491.0,0.0,650.0,430.0,0.0,2,1,0,0.008610177097962829,-0.011621840119007812,-0.01092922831453688,0.02927825256820943,-0.013159533638120585,-0.032192276554707494,0.032583340706208164,-0.010302722498997413,-0.030859660295348687,26.22,39.77,3,397.0,914.0,0.0,332.0,861.0,0.0,1,2,0,-0.03277676188200318,0.047600266982723356,-0.028829771367147088,-0.041968029930779194,0.10017938611456892,-0.05545756500508425,-0.06500249586872431,0.16251862707920628,-0.08675326295670052
92,least_connections,4429,measured,172,121,4,light,1,100.0,70.75,4,0.0,1150.0,476.0,0.0,1010.0,405.0,0,3,1,-0.07773499783751578,0.07420792483058677,0.031748471191552725,-0.3951230622263742,0.3896220405799535,0.2132889025342531,-0.279718990056228,0.24450196212479663,0.1340559663885285,40.57,37.53,4,1420.0,0.0,0.0,1201.0,0.0,0.0,4,0,0,0.09395796068500492,-0.053598898429669195,-0.00988834942743813,0.1978776026637541,-0.13883141478823155,-0.029126345454259163,0.18526885587704547,-0.13089889178480718,-0.027920645029125002,26.22,39.77,3,397.0,914.0,0.0,332.0,861.0,0.0,1,2,0,-0.029655165512288584,0.04306690822246399,-0.026084078855990223,-0.03797107469927641,0.09063849219889569,-0.05017589214745718,-0.05881178197646486,0.14704066259547233,-0.07849104743701475
92,least_connections,4430,measured,435,420,19,heavy,2,100.0,70.75,4,374.0,776.0,476.0,346.0,664.0,405.0,1,2,1,-0.027247764483375958,0.024056603191392578,0.028724807268547703,-0.13190499280798937,0.12692787798503724,0.19297567372146707,-0.09655527671753966,0.06469225144624458,0.12128873149438296,40.57,37.53,4,1420.0,0.0,0.0,1201.0,0.0,0.0,4,0,0,0.08500958347690922,-0.048494241436367366,-0.008946601862920213,0.1790321166957775,-0.12560937528459046,-0.02635240779194877,0.16762420293637448,-0.11843233066244459,-0.025261535978732146,34.92,53.77,4,397.0,914.0,435.0,332.0,861.0,420.0,1,2,1,-0.026830864034927765,0.03896529791556266,0.019484019357051928,-0.034354781870773884,0.08200625484661991,0.033317049961824455,-0.05321065988346821,0.13303678996733212,0.05565095708079619
92,least_connections,4431,measured,173,109,9,light,0,100.0,76.2,5,771.0,552.0,476.0,664.0,455.0,405.0,2,2,1,0.01843116093227437,0.02176549812554568,0.025989111338209827,0.12011770491975565,-0.020271602457982152,0.1745970381289464,0.05649760677936888,-0.036016534405778705,0.10973742373301316,40.57,37.53,4,1420.0,0.0,0.0,1201.0,0.0,0.0,4,0,0,0.07691343266958453,-0.04387574225195143,-0.008094544542642098,0.16198143891522726,-0.11364657763843898,-0.02384265466890603,0.15165999313291023,-0.1071530610755451,-0.022855675409329083,26.98,42.7,3,0.0,914.0,435.0,0.0,861.0,420.0,0,2,1,-0.06735944387740629,0.03525431716169955,0.017628398465904124,-0.10292099312117638,0.07419613533741802,0.030143997584507837,-0.1482699621167887,0.12036661949425287,0.05035086593024417
92,least_connections,4432,measured,432,412,17,heavy,2,100.0,76.2,5,771.0,1028.0,0.0,664.0,860.0,0.0,2,3,0,0.016675812272057777,0.06277649376891774,-0.01956994234932943,0.10867792349882655,0.2687701374586511,-0.12914236232777868,0.05111688232419087,0.1506278974423907,-0.08392804519394048,30.03,27.25,3,1051.0,0.0,0.0,872.0,0.0,0.0,3,0,0,0.026504443617152443,-0.03969710013271796,-0.0073236355385809465,0.051166880106974316,-0.10282309405382574,-0.02157192565281974,0.044195350929775945,-0.0969480076397789,-0.020678944417964407,35.62,56.43,4,0.0,914.0,867.0,0.0,861.0,832.0,0,2,2,-0.06094425874622474,0.03189676314629959,0.05903340360067062,-0.09311899377630244,0.0671298367338544,0.10544456924312615,-0.1341490133437612,0.10890313192337164,0.16980951361942725
92,least_connections,4433,measured,369,322,9,medium,1,100.0,76.2,5,1323.0,476.0,0.0,1119.0,405.0,0.0,4,1,0,0.10125544012823368,-0.029370020376874875,-0.01770613831605996,0.43128002602274784,-0.08977939944217284,-0.11684308972513309,0.2520819411504584,-0.06955094993307509,-0.07593489803261282,35.66,33.53,3,879.0,369.0,0.0,751.0,322.0,0.0,2,1,0,-0.019103689335048024,0.0071674762971554035,-0.0066261464396684755,0.001831258872296515,0.0023573366723889516,-0.019517456543027386,0.005774960365035359,0.0033268026116286264,-0.018709521140063034,35.62,56.43,4,0.0,914.0,867.0,0.0,861.0,832.0,0,2,2,-0.055140043627536675,0.02885897617998534,0.05341117468632104,-0.08425051817855934,0.0607365189496778,0.09540222931520936,-0.12137291683483156,0.09853140507352673,0.1536371789890056
92,least_connections,4434,measured,439,409,19,heavy,1,100.0,76.2,5,1323.0,476.0,0.0,1119.0,405.0,0.0,4,1,0,0.09161206487792571,-0.026572875579077268,-0.016019839428816154,0.39020573783010515,-0.08122898044768018,-0.10571517641797756,0.22807413723136716,-0.06292704993944886,-0.06870300298188779,37.11,36.28,3,491.0,369.0,439.0,430.0,322.0,409.0,1,1,1,-0.06036819057751509,0.00648485950695013,0.0370888153527716,-0.09864246646248004,0.0021328284178757095,0.09582434203930174,-0.08553396443163469,0.003009964267663992,0.0987122189685144,35.62,56.43,4,914.0,0.0,867.0,861.0,0.0,832.0,2,0,2,0.03627918955241012,-0.06005729819543276,0.048324396144766656,0.08916381688606535,-0.11043838761695818,0.08631630271376085,0.1498530752446762,-0.1705192049334758,0.1390050667043384
92,least_connections,4435,measured,162,112,5,light,1,100.0,76.2,5,1323.0,476.0,0.0,1119.0,405.0,0.0,4,1,0,0.08288710631812327,-0.024042125523927052,-0.014494140435595567,0.3530432866081904,-0.07349288707171064,-0.09564706437817018,0.20635279082837982,-0.05693399756426326,-0.06215985984075562,41.74,39.78,4,1022.0,0.0,439.0,864.0,0.0,409.0,3,0,1,0.03154896135957251,-0.03721664638713582,0.033556547223936216,0.048017360275443205,-0.09345805320015327,0.08669821422603491,0.04532046075233054,-0.08831836566258973,0.08931105525722731,35.62,56.43,4,914.0,867.0,0.0,861.0,832.0,0.0,2,2,0,0.03282402864265678,0.031830244943361286,-0.04244572775110681,0.08067202480167818,0.05696526834656164,-0.07879001183040685,0.13558135379280228,0.09664135426653775,-0.12515414599766206
92,least_connections,4436,measured,191,117,6,light,1,100.0,76.2,5,1323.0,476.0,0.0,1119.0,405.0,0.0,4,1,0,0.07499309619258772,-0.021752399283553048,-0.01311374610839599,0.31942011645502943,-0.06649356449345245,-0.08653782015167778,0.18670014408281987,-0.05151171208195249,-0.05623987318925509,33.17,30.0,4,722.0,0.0,439.0,551.0,0.0,409.0,3,0,1,0.028544298372946558,-0.03367220387407527,0.030360685583561337,-0.03410674206371461,-0.0845572862287101,0.07844124144260302,-0.047492797414558086,-0.07990709274234309,0.08080524047082471,35.62,56.43,4,914.0,867.0,0.0,861.0,832.0,0.0,2,2,0,0.029697930676689466,0.028798793043993548,-0.03840327748909664,0.07298897482056597,0.051540004694508146,-0.07128620117989191,0.1226688439077735,0.08743741576496272,-0.11323470352169425
92,least_connections,4437,measured,419,410,16,heavy,1,95.0,58.9,4,949.0,476.0,0.0,773.0,405.0,0.0,3,1,0,0.024766996328441038,-0.019680742208928945,-0.011864817907596371,0.0634118513958204,-0.06016084406550459,-0.07829612299437513,0.012395368455884681,-0.04660583474081417,-0.05088369479027841,45.14,42.81,5,722.0,0.0,858.0,551.0,0.0,819.0,3,0,2,0.025825793765999264,-0.03046532731463953,0.07055309194521762,-0.030858480914789405,-0.07650421134978533,0.179283572189566,-0.04296967385126682,-0.0722968934335485,0.18903212233074618,35.62,56.43,4,914.0,867.0,0.0,861.0,832.0,0.0,2,2,0,0.02686955632652857,0.026056050849327494,-0.03474582249013505,0.06603764388527399,0.04663143281884072,-0.06449703916275935,0.11098609686893793,0.07911004283496625,-0.10245044604343766
92,least_connections,4438,measured,431,440,16,heavy,0,97.27,65.0,4,552.0,476.0,431.0,455.0,405.0,440.0,2,1,1,-0.02067566545340596,-0.01780638580807857,0.03234906497702732,-0.18208769000695613,-0.05443123986878984,0.18912890459239076,-0.132642285682771,-0.0421671838131176,0.15300999042784336,45.14,42.81,5,722.0,0.0,858.0,551.0,0.0,819.0,3,0,2,0.023366194359713613,-0.027563867570388145,0.0638337498551969,-0.027919577970523746,-0.0692180959831391,0.1622089462667502,-0.03887732396067001,-0.06541147501130579,0.1710290630611513,35.62,56.43,4,914.0,867.0,0.0,861.0,832.0,0.0,2,2,0,0.024310550962097277,0.02357452219701059,-0.03143669653869362,0.05974834446762885,0.042190343978951134,-0.05835446400440132,0.10041599240522955,0.07157575304115993,-0.09269326070596741
92,least_connections,4439,measured,467,436,16,heavy,0,100.0,86.8,5,1028.0,0.0,898.0,860.0,0.0,876.0,3,0,2,0.02437734576891387,-0.05919443976739988,0.07235210187263923,0.12236510586672222,-0.33635842337334954,0.4527991676470837,0.06320459866796907,-0.22136554725948737,0.3356757056251916,45.14,42.81,5,722.0,858.0,0.0,551.0,819.0,0.0,3,2,0,0.02114084251593136,0.06122906312792546,-0.02841345534643183,-0.02526057054475958,0.15917002200164965,-0.07503544317362056,-0.03517472167870145,0.17238068927548522,-0.07682191913514883,35.62,56.43,4,914.0,867.0,0.0,861.0,832.0,0.0,2,2,0,0.021995260394278487,0.021329329606819103,-0.028442725439770417,0.05405802594690229,0.0381722159809558,-0.05279689600398215,0.09085256455711246,0.06475901465628756,-0.08386533111492289
92,least_connections,4440,measured,191,116,5,light,2,91.6,64.05,3,476.0,431.0,467.0,405.0,440.0,436.0,1,1,1,-0.06411210666259266,-0.01047297384850919,0.022377525277059076,-0.22224109469201325,-0.04435603384572895,0.14970718342672654,-0.1486482202527899,-0.0012354951395361913,0.10465897175612573,40.51,39.31,4,560.0,858.0,0.0,439.0,819.0,0.0,2,2,0,-0.023956471283771846,0.05539772378240875,-0.025707411980104986,-0.06473235294185731,0.14401097228720683,-0.0678892104904186,-0.06349141485215845,0.15596348077305805,-0.06950554588418227,39.44,60.3,5,1105.0,867.0,0.0,977.0,832.0,0.0,3,2,0,0.06298437391681885,0.01929796488236013,-0.025733894445506566,0.08347154728529255,0.034536766839912386,-0.04776862019407909,0.11718406634532397,0.05859148945092682,-0.07587815672302547
92,least_connections,4441,measured,364,329,9,medium,0,100.0,80.5,4,476.0,1262.0,0.0,405.0,1205.0,0.0,1,3,0,-0.05800619174234574,0.07669225268581595,-0.022837567833227726,-0.20107527614991672,0.46110644556815006,-0.14623318324883475,-0.13449124689538133,0.34495359963565775,-0.10254664460160053,40.51,39.31,4,560.0,858.0,0.0,439.0,819.0,0.0,2,2,0,-0.021674902590079287,0.050121750088846014,-0.023259087029618798,-0.05856736694739473,0.13029564159318713,-0.06142357139609302,-0.05744461343766716,0.14110981593752875,-0.06288597008568872,21.16,31.6,3,191.0,867.0,0.0,116.0,832.0,0.0,1,2,0,-0.029181938338297672,0.017460063464992487,-0.02328304735545832,-0.08986860007521151,0.03124755095039694,-0.04321922779464299,-0.15364298759232592,0.0530113475984576,-0.06865166560654686
92,least_connections,4442,measured,193,123,2,light,2,100.0,80.5,4,476.0,1262.0,0.0,405.0,1205.0,0.0,1,3,0,-0.052481792528789,0.06938822862050015,-0.020662561372920323,-0.18192524984992464,0.417191545990231,-0.13230621341561238,-0.12168255671486883,0.3121008758608332,-0.09278029749668619,24.51,25.59,2,0.0,858.0,0.0,0.0,819.0,0.0,0,2,0,-0.10577842660644361,0.04534825008038449,-0.021043935883940816,-0.19775142723811903,0.11788653287002646,-0.05557370745360797,-0.17609572168169885,0.1276707858482403,-0.05689683007752789,25.02,35.7,4,1251.0,0.0,0.0,1071.0,0.0,0.0,4,0,0,0.10284899456466945,-0.07037060017566439,-0.0210656142739861,0.11049983802718957,-0.12861412056868848,-0.03910311086181985,0.1490055509085305,-0.202957987093459,-0.06211341173925668
92,least_connections,4443,measured,367,325,7,medium,1,100.0,80.5,4,840.0,898.0,0.0,734.0,876.0,0.0,2,2,0,-0.00439962634690888,0.019695925667980868,-0.018694698385023148,0.05495651997705231,0.15790346224512963,-0.11970562166174453,0.038739591543690055,0.13354364958837284,-0.08394407868747798,35.0,35.75,3,367.0,858.0,0.0,325.0,819.0,0.0,1,2,0,-0.0526203905124059,0.041029369120347874,-0.019039751514041692,-0.08404720967802608,0.10665924402526203,-0.050280973410407215,-0.06743481961677514,0.11551166338650312,-0.051478084355858565,25.02,35.7,4,1251.0,0.0,0.0,1071.0,0.0,0.0,4,0,0,0.09305385222517712,-0.06366863825417254,-0.019059365295511235,0.09997604392936199,-0.11636515670500387,-0.035379005065456055,0.13481454606009902,-0.18362865498932004,-0.05619784871647033
92,least_connections,4444,measured,493,427,17,heavy,1,100.0,80.5,4,840.0,898.0,0.0,734.0,876.0,0.0,2,2,0,-0.003980614313869951,0.017820123223411255,-0.01691425091978285,0.04972256569352351,0.14286503726940297,-0.10830508626538791,0.03505010663476721,0.12082520677043257,-0.0759494045267658,49.09,49.09,4,367.0,858.0,493.0,325.0,819.0,427.0,1,2,1,-0.04760892474931962,0.03712181015650522,0.025857458380719647,-0.07604271351821408,0.0965012207847609,0.08194986759466558,-0.061012455843748925,0.10451055258778852,0.07415375701136605,21.16,31.6,3,1058.0,0.0,0.0,948.0,0.0,0.0,3,0,0,0.041107680357926696,-0.057604958420441825,-0.01724418764831969,0.05553070641227992,-0.10528276082833683,-0.0320095760116031,0.08487982738770866,-0.16614021165700385,-0.05084567264823506
92,least_connections,4445,measured,435,402,17,heavy,2,100.0,80.5,4,840.0,898.0,0.0,734.0,876.0,0.0,2,2,0,-0.0036015081887394718,0.01612296863070542,-0.015303369879803531,0.04498708324652134,0.12925884324374554,-0.09799031614487479,0.03171200124097984,0.10931804422086755,-0.06871612790516905,49.09,49.09,4,367.0,858.0,493.0,325.0,819.0,427.0,1,2,1,-0.043074741439860606,0.03358639966540948,0.023394843296841585,-0.06880055032600323,0.08731062832906938,0.07414511829993552,-0.055201745763391874,0.09455716662704675,0.067091494438855,26.04,41.13,3,867.0,0.0,435.0,832.0,0.0,402.0,2,0,1,-0.005891237045776071,-0.05211877190420927,0.027482016163991933,0.015680162944443743,-0.09525583122563809,0.04975324075140672,0.04181190731903797,-0.15031733435633682,0.07523486760397781
92,least_connections,4446,measured,357,338,10,medium,2,84.13,60.25,3,364.0,898.0,0.0,329.0,876.0,0.0,1,2,0,-0.04634240763561688,0.014587447808733472,-0.013845906081727005,-0.24640851198330618,0.11694847722053164,-0.08865790508345814,-0.15452247506768488,0.09890680191411827,-0.062171734771343426,49.09,49.09,4,1225.0,0.0,493.0,1144.0,0.0,427.0,3,0,1,0.0471954153412599,-0.05578010551814425,0.021166762982856673,0.15954780140572494,-0.1428005879743794,0.06708367846184642,0.18161806335693115,-0.14601077781362437,0.06070182830182119,33.18,52.4,4,867.0,357.0,435.0,832.0,338.0,402.0,2,1,1,-0.00533016685094026,-0.004071179115146262,0.024864681291230796,0.014186814092591954,-0.021583847299386838,0.04501483687032037,0.03782982090770101,-0.034064889814463484,0.06806964211788469
92,least_connections,4447,measured,480,436,15,heavy,0,100.0,82.05,4,795.0,467.0,480.0,769.0,436.0,436.0,2,1,1,0.0011550552231039957,-0.029885733161712794,0.0305566518670996,0.037027219316691284,-0.15415772695920155,0.2093095144482998,0.05924157017685655,-0.10956051255389301,0.14098747806402262,49.09,49.09,4,1225.0,493.0,0.0,1144.0,427.0,0.0,3,1,0,0.04270061388018753,-0.007383814289658855,-0.023933019432744188,0.1443527727004178,-0.001758355106071141,-0.06674742016717296,0.16432110494198532,-0.011375822783755374,-0.06580846486978081,33.18,52.4,4,867.0,357.0,435.0,832.0,338.0,402.0,2,1,1,-0.004822531912755473,-0.003683447770846615,0.02249661640635167,0.012835688940916551,-0.019528242794683334,0.04072770954933747,0.03422698082125328,-0.030820614594038398,0.061586819059038525
92,least_connections,4448,measured,151,101,5,light,0,100.0,87.1,5,1413.0,480.0,0.0,1306.0,436.0,0.0,4,1,0,0.0872128504172755,-0.027039472860597283,-0.015437405680333919,0.40626272223891113,-0.13163476883610303,-0.10014853454677639,0.2965280873028702,-0.0991261780249508,-0.06967799603731287,49.09,49.09,4,1225.0,493.0,0.0,1144.0,427.0,0.0,3,1,0,0.0386338887487411,-0.006680593881119912,-0.021653684248673314,0.1306048895860923,-0.0015908927150167507,-0.06039052300839458,0.14867147589989146,-0.010292411090064374,-0.059540992025039784,33.18,52.4,4,867.0,792.0,0.0,832.0,740.0,0.0,2,2,0,-0.004363243159159702,0.03975125700551519,-0.022729818716248712,0.01161324237511499,0.06104587556671509,-0.04186540564583752,0.030967268362086298,0.09335277727206051,-0.06551668751801278
92,least_connections,4449,measured,179,116,4,light,1,100.0,87.1,5,1413.0,480.0,0.0,1306.0,436.0,0.0,4,1,0,0.07890686466324927,-0.02446428496911182,-0.013967176567921165,0.36757103440663386,-0.11909812418504562,-0.09061057887565482,0.26828731708354925,-0.08968558964162213,-0.06304199641471164,54.2,52.72,5,1404.0,493.0,0.0,1260.0,427.0,0.0,4,1,0,0.07803837099942788,-0.006044346844822773,-0.019591428605942523,0.16443843751666853,-0.0014393791231104014,-0.054639044626642715,0.16730990676656846,-0.009312181462439173,-0.05387042135598838,15.84,24.67,2,357.0,435.0,0.0,338.0,402.0,0.0,1,1,0,-0.04703159641837805,-0.007118477221767436,-0.020565074076605978,-0.08177849499394359,-0.009368017344400653,-0.037878224155757756,-0.12096612227557271,-0.017474471357024596,-0.05927700299248775
92,least_connections,4450,measured,488,408,14,heavy,2,100.0,70.65,4,1049.0,480.0,0.0,977.0,436.0,0.0,3,1,0,0.028308024944753873,-0.02213435306729164,-0.012636969275738196,0.11300871366949417,-0.10775544569123174,-0.08198099993511627,0.09390281069463974,-0.08114410491384857,-0.05703799675616768,43.71,42.56,4,1037.0,493.0,0.0,935.0,427.0,0.0,3,1,0,0.027522244963201187,-0.005468694764363458,-0.017725578262519425,0.05390688564433274,-0.0013022953970998896,-0.04943532609077198,0.05948574897927622,-0.008425307037444957,-0.04873990503637044,25.6,38.27,3,357.0,923.0,0.0,338.0,810.0,0.0,1,2,0,-0.0425523967594849,0.03664337321658683,-0.018606495593119693,-0.0739900668992823,0.07982893668839941,-0.03427077423616178,-0.10944553920170866,0.10723738305793012,-0.053631574136060345
92,least_connections,4451,measured,154,112,4,light,2,100.0,70.65,4,1049.0,480.0,0.0,977.0,436.0,0.0,3,1,0,0.02561202256906303,-0.02002631944183529,-0.011433448392334558,0.10224597903430421,-0.09749302229206686,-0.07417328565558139,0.08495968586657882,-0.07341609492205345,-0.051605806588913616,43.71,42.56,4,1037.0,493.0,0.0,935.0,427.0,0.0,3,1,0,0.024901078776229643,-0.004947866691566938,-0.01603742795180329,0.048772896535348664,-0.0011782672640427427,-0.044727199796412744,0.05382043955267851,-0.00762289684340256,-0.04409800931862087,28.68,42.0,4,511.0,923.0,0.0,450.0,810.0,0.0,2,2,0,0.004584112682461505,0.033153528148340466,-0.01683444839377496,-0.03907672719458875,0.07222618081331375,-0.031006890975574946,-0.06524437673805389,0.09702429895717488,-0.04852380517072127
92,least_connections,4452,measured,377,300,11,medium,0,100.0,85.65,5,1049.0,857.0,0.0,977.0,736.0,0.0,3,2,0,0.023172782324390365,0.024964849303192108,-0.010344548545445552,0.09250826674532275,0.13918885284686017,-0.06710916321219268,0.0768682872126189,0.06929019983242785,-0.04669096786615994,43.71,42.56,4,1037.0,493.0,0.0,935.0,427.0,0.0,3,1,0,0.022529547464207766,-0.00447664129237009,-0.014510053861155357,0.044127858770077355,-0.0010660513341338995,-0.04046746648246867,0.04869468340480437,-0.006896906667840402,-0.03989819890732365,28.68,42.0,4,511.0,923.0,0.0,450.0,810.0,0.0,2,2,0,0.0041475305222270775,0.029996049277069947,-0.015231167594367821,-0.03535513412843745,0.06534749692633149,-0.028053853739805904,-0.05903062657252495,0.08778388953268204,-0.043902490392557336
92,least_connections,4453,measured,379,337,12,medium,1,100.0,80.6,4,898.0,857.0,0.0,876.0,736.0,0.0,2,2,0,-0.02211804955230895,0.022587244607649992,-0.009359353445879308,-0.007381409452644427,0.12593277162334965,-0.060717814334841,0.02385702176379806,0.06269113318172043,-0.042244209021763755,24.91,23.88,2,0.0,872.0,0.0,0.0,764.0,0.0,0,2,0,-0.10886782440313174,0.03903360572413681,-0.013128143969616752,-0.22814282165700484,0.0970082664800013,-0.03661342205556689,-0.22030302453851033,0.08904267968147775,-0.03609837043995949,28.68,42.0,4,511.0,923.0,0.0,450.0,810.0,0.0,2,2,0,0.0037525276153483056,0.027139282679253765,-0.013780580204428029,-0.03198797849715769,0.05912392579049039,-0.025382058145538674,-0.0534086621370464,0.07942351910099804,-0.0397213008313614
92,least_connections,4454,measured,363,330,11,medium,1,88.27,58.6,3,467.0,857.0,0.0,436.0,736.0,0.0,1,2,0,-0.0630954688693226,0.020436078454540457,-0.00846798645103366,-0.26664667204445613,0.1139391743258878,-0.05493516535057043,-0.17746269459465888,0.05672054906917562,-0.038220951019691016,35.29,34.19,3,493.0,742.0,0.0,427.0,667.0,0.0,1,2,0,-0.055415559947504675,0.03531611946469521,-0.011877844543938965,-0.07897275700939893,0.05416394178122566,-0.03312642947884623,-0.07859261743960458,0.05313682923562274,-0.03266043039805858,28.68,42.0,4,511.0,923.0,0.0,450.0,810.0,0.0,2,2,0,0.003395144032934172,0.024554589090753406,-0.012468143994482503,-0.028941504354571254,0.05349307571520559,-0.02296471927453499,-0.04832212288589913,0.07185937442471252,-0.03593831979980317
92,least_connections,4455,measured,493,431,12,heavy,0,90.0,58.35,3,480.0,870.0,0.0,436.0,731.0,0.0,1,2,0,-0.057086376596053784,0.01848978526839376,-0.007661511550935217,-0.23341048105609524,0.11092909423135872,-0.04970324484099229,-0.16056148558564373,0.04905668725306367,-0.03458086044638711,35.29,34.19,3,493.0,742.0,0.0,427.0,667.0,0.0,1,2,0,-0.05013788757155184,0.031952679515676624,-0.010746621254040016,-0.07145154205612284,0.049005471135394635,-0.02997153143324183,-0.07110760625488033,0.048076178832230115,-0.0295499132172911,25.6,38.27,3,792.0,488.0,0.0,740.0,408.0,0.0,2,1,0,0.0030717969821785485,-0.020867843430361424,-0.011280701709293692,0.024662448441102214,-0.03031578863862351,-0.020777603153150706,0.043740301515932556,-0.05622247075859346,-0.03251562267601239
92,least_connections,4456,measured,165,101,6,light,0,100.0,63.4,4,1022.0,493.0,0.0,837.0,431.0,0.0,3,1,0,0.03451822162851369,-0.026355046888686826,-0.006931843784179482,0.11573972348892969,-0.12703240680654848,-0.0449696024751835,0.036134846374893725,-0.09132966391389477,-0.03128744516577882,35.29,34.19,3,493.0,742.0,0.0,427.0,667.0,0.0,1,2,0,-0.04536285065997547,0.028909567180850276,-0.009723133515560015,-0.06464663328887305,0.04433828340821419,-0.02711709986817118,-0.06433545327822504,0.04349749513392248,-0.02673563576802528,18.46,27.0,2,435.0,488.0,0.0,402.0,408.0,0.0,1,1,0,-0.040304655338119624,-0.018880429770327,-0.010206349165551435,-0.042286356172336115,-0.027428570673040317,-0.018798783805231593,-0.06236194942209275,-0.05086794973396552,-0.029418896706868355
92,least_connections,4457,measured,169,110,7,light,2,100.0,63.4,4,1022.0,493.0,0.0,837.0,431.0,0.0,3,1,0,0.03123077194960762,-0.023845042423097595,-0.0062716681856861975,0.10471689268046025,-0.114934082348782,-0.04068678319183269,0.03269343243442763,-0.08263160068400002,-0.028307688483323695,35.29,34.19,3,493.0,742.0,0.0,427.0,667.0,0.0,1,2,0,-0.04104257916854924,0.026156275068388343,-0.008797120799792394,-0.058489811070885134,0.04011558975028903,-0.024534518928345354,-0.0582082672517274,0.039354876549739404,-0.024189384742499064,21.84,30.67,3,1092.0,0.0,0.0,920.0,0.0,0.0,3,0,0,0.049701683719025544,-0.0601661938284818,-0.009234315911689394,0.08062663012979115,-0.11312108775179838,-0.017008423442828585,0.099799506078424,-0.16907100214025453,-0.02661709702049994
92,least_connections,4458,measured,415,424,20,heavy,1,100.0,63.4,4,1022.0,493.0,0.0,837.0,431.0,0.0,3,1,0,0.028256412716311657,-0.021574086001850207,-0.005674366453716084,0.09474385528232121,-0.10398797926794567,-0.0368118514592772,0.029579772202577348,-0.07476192442838095,-0.02561171815157858,47.14,47.44,4,1235.0,0.0,415.0,1094.0,0.0,424.0,3,0,1,0.049034038348636844,-0.06250259920116338,0.03512460045551663,0.13889017093586584,-0.15551446641640515,0.0850810134865991,0.13592168677224664,-0.1529795164549977,0.09799531856631039,21.84,30.67,3,1092.0,0.0,0.0,920.0,0.0,0.0,3,0,0,0.044968190031499294,-0.05443608013053115,-0.00835485725343326,0.07294790345076343,-0.10234765082305568,-0.015388573591130624,0.09029479121381218,-0.15296900193642077,-0.024082135399499948
92,least_connections,4459,measured,162,112,5,light,2,100.0,63.4,4,1022.0,493.0,0.0,837.0,431.0,0.0,3,1,0,0.02556532579094864,-0.019519411144531137,-0.005133950600981219,0.08572063096971916,-0.09408436219480798,-0.033305960844107946,0.026762651040427132,-0.06764174114948748,-0.023172506899047287,47.14,47.44,4,1235.0,0.0,415.0,1094.0,0.0,424.0,3,0,1,0.04436412993448095,-0.05654997070581449,0.0317794004121341,0.12566253560864052,-0.140703564852938,0.07697805982120871,0.12297676422250886,-0.13841003869737886,0.08866243108380463,25.08,34.4,4,1254.0,0.0,0.0,1032.0,0.0,0.0,4,0,0,0.08376940549335196,-0.04925169154667104,-0.007559156562630093,0.09531476978878597,-0.09260025550657419,-0.01392299515388009,0.11547306506646499,-0.13840052556152355,-0.021788598694785666
92,least_connections,4460,measured,417,448,17,heavy,0,100.0,85.8,5,1515.0,0.0,417.0,1268.0,0.0,448.0,4,0,1,0.06621443308523471,-0.06074431983371411,0.03843889730206007,0.3658742216710157,-0.38248902611276275,0.22138984495056901,0.21919001760800555,-0.2561758610400125,0.18170106518657628,47.14,47.44,4,1235.0,0.0,415.0,1094.0,0.0,424.0,3,0,1,0.04013897470262562,-0.051164259210022635,0.028752790849073707,0.11369467507448427,-0.12730322534313437,0.06964681602871264,0.11126469143941278,-0.12522813025000945,0.08021839002820419,25.08,34.4,4,1254.0,0.0,0.0,1032.0,0.0,0.0,4,0,0,0.0757913668749375,-0.0445610542565119,-0.006839236889998656,0.08623717266604444,-0.08378118355356713,-0.012596995615415319,0.1044756302982302,-0.12521952312709272,-0.01971349405718703
92,least_connections,4461,measured,406,408,16,heavy,1,100.0,85.8,5,1515.0,0.0,417.0,1268.0,0.0,448.0,4,0,1,0.05990829660092664,-0.05495914651621753,0.034778049939959116,0.3310290577023475,-0.3460614998163092,0.20030509781241962,0.19831477783581458,-0.23177815998858273,0.16439620183547377,44.66,46.84,4,742.0,0.0,821.0,667.0,0.0,832.0,2,0,2,-0.006767685019619912,-0.04629147261859191,0.06909833004258596,-0.02457556608907205,-0.11517910864378825,0.16796616688312097,-0.020061112507197942,-0.11330164165477045,0.18793568621599427,25.08,34.4,4,1254.0,0.0,0.0,1032.0,0.0,0.0,4,0,0,0.06857314145827678,-0.04031714432732029,-0.00618788099571307,0.07802410860261164,-0.07580202321513217,-0.011397281747280526,0.09452557026982733,-0.1132938542578458,-0.01783601843269303
92,least_connections,4462,measured,467,430,17,heavy,1,85.8,58.95,3,870.0,0.0,417.0,731.0,0.0,448.0,2,0,1,-0.03196505590981921,-0.04972494208610157,0.03146585470758206,-0.08049751922168558,-0.31310326173856545,0.18122842183028443,-0.06350091529140584,-0.20970404951347962,0.14873942070828577,58.0,60.28,5,742.0,0.0,1288.0,667.0,0.0,1262.0,2,0,3,-0.006123143589179925,-0.04188276094063077,0.10560143693195419,-0.0222350359853509,-0.10420966972533223,0.27269047752010267,-0.01815053036365527,-0.1025110091162209,0.2916144303858995,16.38,21.0,3,819.0,0.0,0.0,630.0,0.0,0.0,3,0,0,0.018958465854540668,-0.036477416296146925,-0.005598558996121349,-0.008121044597637128,-0.06858278290892911,-0.010311826342777618,-0.03571496023206097,-0.1025039633761462,-0.01613735001053179
92,least_connections,4463,measured,483,431,16,heavy,0,92.87,65.5,3,493.0,417.0,483.0,431.0,448.0,431.0,1,1,1,-0.07200466509754617,-0.0019053330892392917,0.028469106640193288,-0.3002279142164457,-0.03176009395394014,0.2037780959416859,-0.1931674947874624,0.01293443139256606,0.12688328540273475,58.0,60.28,5,742.0,406.0,882.0,667.0,408.0,854.0,2,1,2,-0.005539987056877083,0.005189973661424763,0.05246025699739166,-0.0201174135105556,0.010667441677080378,0.1417675748991405,-0.01642190842425953,0.022609086990085847,0.1484844846348615,16.38,21.0,3,819.0,0.0,0.0,630.0,0.0,0.0,3,0,0,0.01715289767791775,-0.033003376648894835,-0.005065362901252648,-0.0073476117788145445,-0.06205108929855491,-0.009329747643465464,-0.03231353544805515,-0.09274168114984656,-0.014600459533338285
92,least_connections,4464,measured,413,436,20,heavy,0,100.0,87.3,4,493.0,417.0,896.0,431.0,448.0,867.0,1,1,2,-0.06514707794539892,-0.0017238727950260324,0.06884166337740844,-0.27163477952916515,-0.02873532310118393,0.433481769344065,-0.17477059052198976,0.011702580783750222,0.31203725822152195,58.0,60.28,5,742.0,821.0,467.0,667.0,832.0,430.0,2,2,1,-0.005012369241936404,0.04777959068233215,0.0043801418185017565,-0.018201469366693174,0.11693040641531761,0.02098698953459649,-0.014857917145758626,0.14033679299103005,0.014462152764874711,0.0,0.0,0,0.0,0.0,0.0,0.0,0.0,0.0,0,0,0,-0.11373241230501319,-0.02986019792042866,-0.004582947386847634,-0.15484783922845125,-0.056141461746311586,-0.008441200248849706,-0.21923605588157372,-0.08390914008795641,-0.013209939577782258
92,least_connections,4465,measured,156,112,1,light,2,100.0,87.3,4,493.0,900.0,413.0,431.0,879.0,436.0,1,2,1,-0.0589425943315514,0.041524205793162385,0.019201414257564553,-0.2457648005263875,0.2653347076703574,0.10086445797796353,-0.15812577237703832,0.20556423975672639,0.08734323362899601,36.8,39.44,3,0.0,1288.0,0.0,0.0,1262.0,0.0,0,3,0,-0.0907028011962191,0.08631305370124837,-0.03912091477192244,-0.2082775199031986,0.22651526566828056,-0.10173285980883447,-0.20202918694140065,0.2485487650871224,-0.10849257606987525,3.12,3.73,1,156.0,0.0,0.0,112.0,0.0,0.0,1,0,0,-0.05981685376349266,-0.0270163695470545,-0.004146476207147859,-0.11187185454002732,-0.050794655865710484,-0.0076372764156259244,-0.16457865373412225,-0.07591779341291295,-0.011951850094183949
92,least_connections,4466,measured,164,121,4,light,2,100.0,87.3,4,493.0,900.0,413.0,431.0,879.0,436.0,1,2,1,-0.053329013919022686,0.03756951952714692,0.0173727081377965,-0.2223586290476839,0.24006473551127572,0.09125831912291937,-0.14306617500779653,0.18598669311322863,0.07902483042623451,36.8,39.44,3,0.0,1288.0,0.0,0.0,1262.0,0.0,0,3,0,-0.08206443917753156,0.07809276287255805,-0.035395113365072686,-0.1884415656267035,0.2049423832236824,-0.0920440160175169,-0.18278831199460058,0.22487745412644405,-0.09815994977750618,3.28,4.03,1,164.0,0.0,0.0,121.0,0.0,0.0,1,0,0,-0.054120010547921926,-0.024443381971144547,-0.0037515737112290156,-0.09976977315526284,-0.04595706959278568,-0.006909916756994884,-0.1461902105213487,-0.06868752737358791,-0.010813578656642621
92,least_connections,4467,measured,464,420,18,heavy,2,87.53,65.75,3,0.0,900.0,413.0,0.0,879.0,436.0,0,2,1,-0.09133396043920647,0.033991470048371025,0.01571816450562541,-0.4985466961225076,0.2172014273673447,0.08256705063502229,-0.3244170154832445,0.16827367472149257,0.07149865609992645,36.8,39.44,3,0.0,1288.0,0.0,0.0,1262.0,0.0,0,3,0,-0.07424877830348094,0.07065535688469538,-0.03202415018744672,-0.17049474985273175,0.18542406101190312,-0.08327791925394386,-0.16537990132844815,0.2034605537334494,-0.08881138313202941,12.56,18.03,2,164.0,0.0,464.0,121.0,0.0,420.0,1,0,1,-0.048965723829072216,-0.022115440831035543,0.03968961924993111,-0.09026788999761876,-0.041580205822044185,0.07771007531509987,-0.1322673333288393,-0.06214585809991287,0.11688295264399001
92,least_connections,4468,measured,198,119,9,light,2,87.53,65.75,3,0.0,900.0,413.0,0.0,879.0,436.0,0,2,1,-0.0826354880164249,0.0307541871866214,0.014221196457470608,-0.4510660583965545,0.19651557714188328,0.07470352200311539,-0.29352015686579264,0.15224761046230278,0.06468926028088584,36.8,39.44,3,0.0,1288.0,0.0,0.0,1262.0,0.0,0,3,0,-0.0671774660841018,0.06392627527662914,-0.028974231121975603,-0.15425715462866205,0.16776462662981712,-0.07534668884880635,-0.14962943453526262,0.18408335813978755,-0.08035315616707422,16.52,22.0,3,164.0,198.0,464.0,121.0,119.0,420.0,1,1,1,-0.04430232155963676,0.023074691855820447,0.03590965551184244,-0.08167094809308365,-0.001791614791373304,0.07030911576128082,-0.11967044444037842,-0.020338316058651322,0.10575124286837193
92,least_connections,4469,measured,445,406,19,heavy,0,100.0,86.05,4,0.0,900.0,858.0,0.0,879.0,842.0,0,2,2,-0.07476544153867014,0.027825216978371745,0.05595069702161173,-0.4081073861683112,0.17779980789027539,0.33600159927265993,-0.26556585621190765,0.13774783803732155,0.24219504501603956,36.8,39.44,3,0.0,1288.0,0.0,0.0,1262.0,0.0,0,3,0,-0.060779612171330204,0.05783805858361683,-0.026214780538930307,-0.13956599704497996,0.1517870431412631,-0.06817081372034861,-0.13537901219857093,0.16655160974552208,-0.07270047462735287,16.52,22.0,3,164.0,198.0,464.0,121.0,119.0,420.0,1,1,1,-0.040083052839671354,0.020877102155266117,0.032489688320238394,-0.07389276256040903,-0.0016209848112425165,0.0636130094983017,-0.10827325925558048,-0.018401333576875005,0.09567969592852699
92,least_connections,4470,measured,159,121,6,light,1,100.0,86.05,4,417.0,896.0,445.0,448.0,867.0,406.0,1,2,1,-0.024561023070134663,0.025175196313764914,0.007538158983272286,-0.11771620653323395,0.15845379444040797,0.054890335849866995,-0.037607203239344994,0.11920042489090998,0.021890755014511987,41.34,43.22,4,565.0,882.0,0.0,529.0,854.0,0.0,2,2,0,0.03117672277469216,0.00924577182508643,-0.023718134773317898,0.019780424442297023,0.03237875331828566,-0.0616783552707916,0.02708267943938819,0.03533240881737712,-0.0657766199009383,13.24,17.97,2,198.0,0.0,464.0,119.0,0.0,420.0,1,0,1,-0.03626561923589312,-0.024195093514849927,0.029395432289739502,-0.060702975649893874,-0.037295176733981326,0.05755462764132059,-0.09856469488203314,-0.05253771450606152,0.08656734393533394
92,least_connections,4471,measured,423,414,17,heavy,2,100.0,86.05,4,417.0,896.0,445.0,448.0,867.0,406.0,1,2,1,-0.022221878015836125,0.022777558569596817,0.006820239080103499,-0.10650513924435451,0.14336295687465483,0.04966268481654634,-0.03402556483559785,0.1078480034727281,0.01980592120360608,41.34,43.22,4,980.0,467.0,0.0,953.0,430.0,0.0,3,1,0,0.07129141130862171,-0.03471867809929821,-0.02145926479490667,0.12517548606003748,-0.07798384903855787,-0.05580422619738288,0.1443843290165893,-0.08791353487951592,-0.059512179910372755,21.7,31.77,3,198.0,464.0,423.0,119.0,420.0,414.0,1,1,1,-0.032811750737236633,0.02119310133236934,0.026595867309764314,-0.05492173987371351,0.05021864962163594,0.04465418691357577,-0.08917758108374425,0.07913254401832531,0.07651331117958785
92,least_connections,4472,measured,371,335,14,medium,2,100.0,86.05,4,900.0,413.0,445.0,879.0,436.0,406.0,2,1,1,0.022978391545762783,-0.022475632949503097,0.0061706925010460295,0.19497154068367917,-0.16162399139912187,0.044932905310208604,0.1641911556249353,-0.0973994254294365,0.017919642993738827,41.34,43.22,4,1447.0,0.0,0.0,1383.0,0.0,0.0,4,0,0,0.10758565331551034,-0.07449603755469385,-0.019415525290629846,0.2339750996325509,-0.1912779042321646,-0.05048953798810832,0.25221082149119983,-0.20111819822432392,-0.053844353252242017,29.12,42.93,4,198.0,835.0,423.0,119.0,755.0,414.0,1,2,1,-0.029686822095595047,0.06225861095604392,0.024062927565977235,-0.04969109798097889,0.1125692544195754,0.04040140720752093,-0.08068447812338767,0.17262785728642127,0.06922632916248424
92,least_connections,4473,measured,395,305,12,medium,0,100.0,100.0,5,900.0,808.0,445.0,879.0,741.0,406.0,2,2,1,0.020789973303309173,0.022748803748635527,0.00558300750094641,0.17640282252332873,0.092022737940477,0.040653580994950644,0.1485539027082748,0.04985290080193844,0.016213010327668448,41.34,43.22,4,1447.0,0.0,0.0,1383.0,0.0,0.0,4,0,0,0.09733940061879508,-0.0674011768351992,-0.017566427643903194,0.2116917568104032,-0.17306096097195844,-0.04568101056066943,0.22819074325394273,-0.18196408410772164,-0.048716319609171346,29.12,42.93,4,198.0,835.0,423.0,119.0,755.0,414.0,1,2,1,-0.02685950570553837,0.05632921943642069,0.021771220178741307,-0.04495861245898091,0.1018483730462825,0.03655365414013799,-0.07300024211163647,0.15618710897342877,0.06263334543272384
92,least_connections,4474,measured,370,341,7,medium,1,100.0,100.0,5,900.0,1253.0,0.0,879.0,1147.0,0.0,2,3,0,0.018809975845851146,0.06366615123742761,-0.03803260772590109,0.15960255371158316,0.35167136607313004,-0.23163088703631451,0.13440591197415336,0.2287716721541348,-0.16899775256068095,51.91,53.87,5,1817.0,0.0,0.0,1724.0,0.0,0.0,5,0,0,0.13115288173900053,-0.06098201713660879,-0.015893434534960033,0.2871768956175757,-0.15657896468891477,-0.04133043812631996,0.30287198199166243,-0.16463417133555766,-0.0440766701225836,29.12,42.93,4,198.0,1258.0,0.0,119.0,1169.0,0.0,1,3,0,-0.024301457543106142,0.09404843209780465,-0.023386129588848566,-0.04067683984383987,0.1686913851371127,-0.043470503397018,-0.06604783810100442,0.26616928907119747,-0.0681888779418213
92,least_connections,4475,measured,169,119,6,light,2,100.0,100.0,5,900.0,1253.0,0.0,879.0,1147.0,0.0,2,3,0,0.017018549574817715,0.05760270826243451,-0.03441045460914861,0.1444023105009562,0.31817885501854626,-0.20957080255666552,0.12160534892899588,0.206983893853741,-0.15290272850728276,51.91,53.87,5,1817.0,0.0,0.0,1724.0,0.0,0.0,5,0,0,0.11866213109719097,-0.05517420598074129,-0.014379774103059077,0.2598267150825685,-0.14166668233758956,-0.037394205923813296,0.2740270313257898,-0.14895472644645694,-0.03987889201567088,32.5,46.9,5,367.0,1258.0,0.0,238.0,1169.0,0.0,2,3,0,0.02109686721156609,0.0850914385646804,-0.021158879151815368,-0.006221902715855113,0.15262553893357816,-0.03933045545444486,-0.02386867891678178,0.24081983296917867,-0.06169469909021927
92,least_connections,4476,measured,458,422,16,heavy,0,100.0,100.0,6,900.0,1253.0,458.0,879.0,1147.0,422.0,2,3,1,0.015397735329596984,0.052116736046964554,0.01195063177086101,0.13064970950086519,0.28787610692154186,0.08664228975031851,0.11002388712623434,0.1872711420581466,0.05256419801722037,47.37,50.09,4,1658.0,0.0,0.0,1603.0,0.0,0.0,4,0,0,0.06427707552784398,-0.04991951969686117,-0.01301027180752964,0.19397927282980687,-0.1281746173530572,-0.033832852978688224,0.2137179092947623,-0.13476856202298484,-0.0360809022998927,32.5,46.9,5,367.0,1258.0,0.0,238.0,1169.0,0.0,2,3,0,0.019087641762845498,0.07698749203471085,-0.019143747804023427,-0.00562934055244034,0.13808977332085642,-0.03558469779211677,-0.021595471400897792,0.21788461078163784,-0.05581901346257934
92,least_connections,4477,measured,468,401,17,heavy,1,100.0,100.0,5,896.0,840.0,458.0,867.0,711.0,422.0,2,2,1,0.013931284345825856,0.004069337149067709,0.010812476364112339,0.11579418161189398,0.011348223722664863,0.07839064310743105,0.09411685025706917,-0.02780230004262929,0.04755808392034225,49.14,49.88,4,1252.0,0.0,468.0,1195.0,0.0,401.0,3,0,1,0.015071549060339584,-0.04516527972573153,0.03131270192470674,0.07055267541744431,-0.11596751093848033,0.09036891533220724,0.07800667983811826,-0.12193346087793867,0.08073335030009708,28.54,42.93,4,169.0,1258.0,0.0,119.0,1169.0,0.0,1,3,0,-0.025814129107992384,0.06965534993616695,-0.017320533727449766,-0.0409217843093508,0.12493836633791772,-0.03219567895477232,-0.055427648727796416,0.19713369546910092,-0.050502916942333685
92,least_connections,4478,measured,500,417,16,heavy,1,100.0,100.0,5,1291.0,903.0,0.0,1172.0,828.0,0.0,3,2,0,0.05568839558726647,0.0036817812301088715,-0.033301183516370014,0.3430201325694914,0.04826744051098242,-0.20532910068057827,0.2231295311849673,0.027774109485240173,-0.14787601931016653,51.57,49.66,4,837.0,0.0,968.0,771.0,0.0,818.0,2,0,2,-0.029447736791212042,-0.0408638245137571,0.0714144400633968,-0.043445538567890546,-0.1049229860871965,0.21101405264750725,-0.049303480146464435,-0.11032075031813499,0.19094624550961165,28.54,42.93,4,633.0,794.0,0.0,539.0,749.0,0.0,2,2,0,0.01972825960524044,0.019937606858346058,-0.015670959086740266,0.046937433243920704,0.02907756954383031,-0.029129423816222577,0.07651784162723183,0.05169239113871035,-0.045693115328778094
92,least_connections,4479,measured,422,412,20,heavy,1,100.0,78.45,4,808.0,903.0,0.0,741.0,828.0,0.0,2,2,0,0.00730083863791231,0.0033311353986699432,-0.03012964222909668,0.019018215181920706,0.043670541414698394,-0.18577394823480892,0.006902909167351423,0.025128956200931585,-0.1337925888996745,50.29,49.09,4,370.0,0.0,1390.0,341.0,0.0,1230.0,1,0,3,-0.0697270906569016,-0.03697203170292309,0.10769696504602114,-0.16002895666346556,-0.09493032074555874,0.30000591157903717,-0.16618529156108686,-0.09981401219259832,0.2892489840325058,28.54,42.93,4,1004.0,423.0,0.0,874.0,414.0,0.0,3,1,0,0.06093327796483204,-0.025045113069206162,-0.014178486792765002,0.1096005348397378,-0.040825056127010664,-0.026355192976582332,0.17026217417067008,-0.05426243976338904,-0.04134139005937066
92,least_connections,4480,measured,364,310,11,medium,0,100.0,93.95,5,808.0,1267.0,0.0,741.0,1138.0,0.0,2,3,0,0.006605520672396864,0.046097784635077785,-0.027260152492992237,0.01720695659316629,0.25906699778790176,-0.1680811912600652,0.0062454892466513034,0.16297381751512857,-0.12105043757589597,50.29,49.09,4,370.0,968.0,422.0,341.0,818.0,412.0,1,2,1,-0.06308641535624429,0.05271691462706051,0.011272310778599623,-0.1447881036478974,0.1643419546995965,0.02120262748307443,-0.15035812093622142,0.14097184611145866,0.030421699838933808,28.54,42.93,4,1004.0,423.0,0.0,874.0,414.0,0.0,3,1,0,0.05513010863484803,-0.022659864205472238,-0.012828154717263573,0.09916238866452468,-0.03693695554348585,-0.023845174597860206,0.15404672901155864,-0.049094588357352004,-0.03740411481562107
92,least_connections,4481,measured,451,413,19,heavy,1,100.0,93.95,5,1253.0,822.0,0.0,1147.0,732.0,0.0,3,2,0,0.049060323692259294,-0.00137638079502031,-0.024663947493659643,0.283980897235087,-0.03401874803316829,-0.15207345875910663,0.18931734741363693,-0.03621416510535985,-0.10952182447342969,52.6,51.34,4,0.0,968.0,873.0,0.0,818.0,825.0,0,2,2,-0.10016208554907363,0.04769625609114999,0.05328265759787131,-0.2266450189467371,0.14869033996630163,0.13576836364114897,-0.232451990370867,0.12754595600560545,0.14429522842570203,25.16,38.97,3,1258.0,0.0,0.0,1169.0,0.0,0.0,3,0,0,0.04987962209819584,-0.06358568212694654,-0.011606425696571804,0.1356802564107604,-0.10996200739648719,-0.021574205588540188,0.22834386593109274,-0.1692760561328423,-0.033841818166514305
92,least_connections,4482,measured,449,444,14,heavy,2,100.0,93.95,5,1253.0,822.0,0.0,1147.0,732.0,0.0,3,2,0,0.04438791191204412,-0.0012452969097802857,-0.022315000113311105,0.25693509749841204,-0.030778867268104637,-0.13759027221062028,0.17128712385043343,-0.03276519700008751,-0.09909117452357924,52.6,51.34,4,0.0,968.0,873.0,0.0,818.0,825.0,0,2,2,-0.09062283930630471,0.04315375551104047,0.04820811877902643,-0.20505977904704786,0.13452935520760623,0.1228380432943729,-0.21031370557364157,0.11539872210030969,0.1305528257184923,34.14,53.77,4,1258.0,449.0,0.0,1169.0,444.0,0.0,3,1,0,0.04512918189836766,-0.014446002650003786,-0.010501051820707822,0.12275832722878322,-0.018241816215869358,-0.019519519342012553,0.20659683108051247,-0.019249765072571617,-0.030618787864941516
92,least_connections,4483,measured,162,115,6,light,1,100.0,93.95,5,1253.0,822.0,0.0,1147.0,732.0,0.0,3,2,0,0.04016049172994468,-0.0011266972040869239,-0.020189762007281477,0.23246508821284895,-0.02784754657590427,-0.12448643676198978,0.15497406443610645,-0.029644702047698257,-0.08965391980704789,57.23,54.94,5,162.0,968.0,873.0,115.0,818.0,825.0,1,2,2,-0.03890819247894689,0.03904387403379852,0.043616869371500104,-0.1436527252602542,0.1217170356640247,0.11113918202824216,-0.15776894789996143,0.1044083676145659,0.11811922326911209,34.14,53.77,4,1258.0,449.0,0.0,1169.0,444.0,0.0,3,1,0,0.0408311645747136,-0.013070192873812947,-0.009500951647307077,0.1110670579688991,-0.01650450038578656,-0.01766051749991612,0.18692094240617796,-0.017416454113279106,-0.027702712830185182
92,least_connections,4484,measured,165,120,3,light,2,100.0,72.15,4,1204.0,458.0,0.0,1021.0,422.0,0.0,3,1,0,0.03633568299375947,-0.04410329293521696,-0.018266927530397527,0.1807700004465458,-0.2447509548385165,-0.11263058564180028,0.08321462972790578,-0.16705949232886988,-0.0811154512539957,57.23,54.94,5,162.0,968.0,873.0,115.0,818.0,825.0,1,2,2,-0.035202650338094804,0.03532540984010342,0.03946288181230962,-0.12997151333070617,0.11012493702935569,0.10055449802555244,-0.1427433338142508,0.09446471355603583,0.10686977343395856,37.44,57.77,5,1423.0,449.0,0.0,1289.0,444.0,0.0,4,1,0,0.08002638246102205,-0.011825412600116478,-0.008596099109468307,0.1303463857813849,-0.01493264320618784,-0.01597856345230506,0.20530942408178005,-0.01575774419772874,-0.025064359227310404
92,least_connections,4485,measured,352,301,10,medium,0,100.0,71.95,4,1267.0,352.0,0.0,1138.0,301.0,0.0,3,1,0,0.032875141756258566,-0.03990297932233915,-0.016527220146550142,0.20155380992782723,-0.2853778480284991,-0.10190386319972407,0.1282179983252481,-0.20588715972612034,-0.07339017018218659,57.23,54.94,5,162.0,1390.0,451.0,115.0,1230.0,413.0,1,3,1,-0.031850016972561956,0.07504498532018428,-0.007379388110858184,-0.11759327396587702,0.20872528316261432,-0.018110556208173617,-0.12914873059384596,0.20195616940784197,-0.0197963954645137,28.16,43.77,4,959.0,449.0,0.0,869.0,444.0,0.0,3,1,0,0.02932092199988162,-0.01069918282867681,-0.007777423003804659,0.033970539516491066,-0.013510486710360425,-0.014456795504466482,0.059089478931134365,-0.014257006655087917,-0.022677277396137986
92,least_connections,4486,measured,386,306,9,medium,0,100.0,87.25,5,1267.0,738.0,0.0,1138.0,607.0,0.0,3,2,0,0.029744175874710135,0.006981204649402911,-0.014953199180212033,0.1823582089823199,-0.025373608533721392,-0.09219873337117893,0.11600676038951019,-0.04785028737125174,-0.06640063016483548,57.23,54.94,5,162.0,1841.0,0.0,115.0,1643.0,0.0,1,4,0,-0.02881668202279415,0.11098174408787648,-0.04976048946991477,-0.10639391454055541,0.3054317187797803,-0.13297077534481014,-0.11684885148967013,0.2994930818451903,-0.13468185780122668,20.74,32.6,3,588.0,449.0,0.0,534.0,444.0,0.0,2,1,0,-0.016555446988769235,-0.009680213035469495,-0.007036716051061358,-0.036398083294603326,-0.012223773690326095,-0.013079957837374437,-0.047569836522624476,-0.012899196497460519,-0.02051753669174389
92,least_connections,4487,measured,362,345,10,medium,2,100.0,87.25,5,1267.0,738.0,0.0,1138.0,607.0,0.0,3,2,0,0.026911397219975833,0.0063163280161264435,-0.013529084972572792,0.16499076050781325,-0.02295707438765271,-0.08341790162154283,0.10495849749527114,-0.043293117145418225,-0.06007676062532734,57.23,54.94,5,1130.0,873.0,0.0,933.0,825.0,0.0,3,2,0,0.060095564337653354,0.014244253721230643,-0.04502139523468479,0.15397013174221855,0.026111691140889653,-0.12030689197863774,0.12555937246172702,0.03969016928850555,-0.12185501420110986,24.68,40.1,3,423.0,811.0,0.0,414.0,789.0,0.0,1,2,0,-0.05806263797850096,0.03432561224228497,-0.006366552617626944,-0.06278874202845063,0.05444515713732402,-0.0118342475671483,-0.07922985209189831,0.0923769174546786,-0.018563485578244474
92,least_connections,4488,measured,383,314,11,medium,2,100.0,66.95,4,1560.0,0.0,0.0,1339.0,0.0,0.0,4,0,0,0.06743230723530694,-0.08045302748654319,-0.01224060068947062,0.28981703728484687,-0.46591354349359054,-0.07547333956234828,0.18589102154334058,-0.31376520122680696,-0.05435516437529617,57.23,54.94,5,1130.0,873.0,0.0,933.0,825.0,0.0,3,2,0,0.05437217725787684,0.012887658128732493,-0.040733643307571954,0.13930630967153107,0.02362486341318587,-0.10884909274257701,0.1136013369891816,0.03591015316579074,-0.11024977475338511,23.88,36.77,3,0.0,1194.0,0.0,0.0,1103.0,0.0,0,3,0,-0.09561676315968681,0.07414040654120567,-0.005760214273091044,-0.13335171897812198,0.1185646659813884,-0.010707176370277034,-0.19654129474981277,0.1782775284907409,-0.01679553457079262
92,least_connections,4489,measured,166,113,5,light,2,100.0,66.95,4,1560.0,0.0,0.0,1339.0,0.0,0.0,4,0,0,0.061010182736706275,-0.0727908343925867,-0.011074829195235324,0.26221541468629006,-0.42154082506562957,-0.06828540246117225,0.16818711472968906,-0.2838828011099682,-0.04917848205383939,52.6,51.34,4,968.0,873.0,0.0,818.0,825.0,0.0,2,2,0,0.006109974435131199,0.011660262116472253,-0.03685424870685081,0.08416149106335807,0.021374876421453887,-0.0984825124813792,0.07026728108545002,0.03249013857857258,-0.09974979620544368,27.2,40.53,4,615.0,745.0,0.0,557.0,659.0,0.0,2,2,0,-0.00034260431001142955,0.023995515215285868,-0.005211622437558564,-0.009365840980205598,0.026025173983160926,-0.009687445287393506,-0.009838949218084564,0.027393954348765626,-0.01519595984976475
92,least_connections,4490,measured,365,314,12,medium,0,100.0,82.65,5,1560.0,365.0,0.0,1339.0,314.0,0.0,4,1,0,0.055199689142734265,-0.022774473747487742,-0.010020083557593864,0.23724251804950058,-0.1612353496625537,-0.06178203079820346,0.15216929427924242,-0.11479872481378076,-0.04449481709633087,52.6,51.34,4,968.0,873.0,0.0,818.0,825.0,0.0,2,2,0,0.0055280721079758455,0.010549760962522525,-0.03334432025857931,0.07614611096208587,0.019339173905124935,-0.0891032255783907,0.06357515907731193,0.029395839666327583,-0.09024981561444904,27.2,40.53,4,977.0,383.0,0.0,902.0,314.0,0.0,3,1,0,0.04277392489865178,-0.021373672174832062,-0.004715277443505367,0.057030905779813984,-0.041958175919997245,-0.008764831450498887,0.09514571261220922,-0.07926261273206918,-0.013748725578358583
92,least_connections,4491,measured,360,332,11,medium,1,100.0,67.15,4,1196.0,365.0,0.0,1029.0,314.0,0.0,3,1,0,0.006858675664287911,-0.020605476247727003,-0.009065789885442068,0.031282913155897374,-0.14587960207564382,-0.05589802786504123,-0.0025611146997330803,-0.10386551292675403,-0.040257215468108884,62.89,61.72,5,968.0,1233.0,0.0,818.0,1157.0,0.0,2,3,0,0.005001589050073391,0.05262892204999203,-0.030168670710143182,0.06889410039426819,0.11055857230871852,-0.08061720409473445,0.05752038202232984,0.12046528350762972,-0.08165459507973961,27.2,40.53,4,977.0,383.0,0.0,902.0,314.0,0.0,3,1,0,0.038700217765446854,-0.01933808434865758,-0.004266203401266761,0.05159939094364124,-0.03796215916571179,-0.007930085598070421,0.0860842161729512,-0.07171379247187211,-0.012439323142324432
92,least_connections,4492,measured,356,303,12,medium,0,97.27,61.2,4,738.0,721.0,0.0,607.0,617.0,0.0,2,2,0,-0.036878431768592124,0.0244408502883377,-0.008202381324923775,-0.24795038016053728,0.08274385209029056,-0.05057440616360873,-0.19322196091880606,0.04309786925674636,-0.03642319494733661,62.89,61.72,5,1390.0,811.0,0.0,1230.0,745.0,0.0,3,2,0,0.047609147462538054,0.004532743532759231,-0.027295463975843832,0.17142119287372562,-0.009059250904356747,-0.07293937513333118,0.16853034563925082,-0.007495695874049302,-0.07387796697690727,27.2,40.53,4,1360.0,0.0,0.0,1216.0,0.0,0.0,4,0,0,0.07809838296692356,-0.060580262256495175,-0.0038598983154318313,0.11598992513948497,-0.1036514773404059,-0.007174839350635143,0.17258413209298756,-0.15958232017296367,-0.011254625700198296
92,least_connections,4493,measured,357,305,8,medium,0,100.0,76.45,5,738.0,1078.0,0.0,607.0,922.0,0.0,2,3,0,-0.03336620017158334,0.06519705048763433,-0.007421202151121511,-0.22433605824048608,0.29019681855788193,-0.04575779605278885,-0.17481986940272926,0.17696950075610385,-0.03295431923806646,62.89,61.72,5,1841.0,360.0,0.0,1643.0,332.0,0.0,4,1,0,0.0861588431690537,-0.038982846554260916,-0.02469589597814442,0.27168039899459534,-0.12478149911754725,-0.06599276797777583,0.2692506698640841,-0.12355265340985415,-0.06684197012196372,27.2,40.53,4,1360.0,0.0,0.0,1216.0,0.0,0.0,4,0,0,0.07066044173197847,-0.0548107134701623,-0.0034922889520573714,0.10494326560239117,-0.09377990806989106,-0.00649152131724132,0.15614754808413162,-0.14438400396601475,-0.010182756585893696
92,least_connections,4494,measured,477,437,19,heavy,2,100.0,76.45,5,1095.0,721.0,0.0,912.0,617.0,0.0,3,2,0,0.012895433404848639,0.015903907357292746,-0.006714420993871844,0.01236261397289351,0.047225692980940814,-0.04139991071442801,-0.020194167554850262,0.02213907211266536,-0.029815812643964892,35.23,36.16,3,873.0,360.0,0.0,825.0,332.0,0.0,2,1,0,-0.008214561395799486,-0.03527019450147416,-0.022343905884987806,-0.0044252172361824715,-0.112897546820638,-0.05970774245608289,0.012327987019885578,-0.11178573403748708,-0.06047606820558622,33.42,51.33,4,1194.0,0.0,477.0,1103.0,0.0,437.0,3,0,1,0.02084697562598506,-0.04959064552062303,0.03992421022251498,0.06491057364025868,-0.08484848825371095,0.08044100452249595,0.10719698794913496,-0.1306331464454419,0.12258068054927079
92,least_connections,4495,measured,172,107,3,light,1,71.87,46.1,3,722.0,356.0,0.0,619.0,303.0,0.0,2,1,0,-0.03141660333665622,-0.028694650713016315,-0.0060749523277888115,-0.2137989048181757,-0.17743072222359324,-0.03745706207495868,-0.15081853254962646,-0.12201702999330274,-0.02697621143977776,40.14,39.5,4,1405.0,0.0,0.0,1264.0,0.0,0.0,4,0,0,0.07873557823826759,-0.07499502858523399,-0.0202159148483223,0.1335200415482159,-0.19520662399418268,-0.054021290793598804,0.13527591682751555,-0.19500852127201213,-0.05471644266219706,33.42,51.33,4,1194.0,0.0,477.0,1103.0,0.0,437.0,3,0,1,0.01886154937589124,-0.04486772689961132,0.036121904487037365,0.05872861424594833,-0.07676767984859563,0.07277995647273443,0.09698775100159829,-0.11819189440301887,0.1109063300207688
92,least_connections,4496,measured,381,334,10,medium,0,97.27,62.8,4,722.0,737.0,0.0,619.0,637.0,0.0,2,2,0,-0.028424545876022306,0.017122073391171166,-0.005496385439427973,-0.19343710435930178,0.06927696560722518,-0.033889722829724515,-0.1364548627829954,0.040698877625107044,-0.02440704844551321,40.14,39.5,4,1405.0,0.0,0.0,1264.0,0.0,0.0,4,0,0,0.07123695173938496,-0.0678526449104498,-0.018290589624672556,0.12080384711505249,-0.17661551694711766,-0.04887640595611321,0.12239249617727599,-0.17643628115086812,-0.04950535288484496,24.44,36.53,3,745.0,0.0,477.0,659.0,0.0,437.0,2,0,1,-0.02601868888666528,-0.04059461005202929,0.032681723107319524,-0.028112206158427716,-0.06945647224396748,0.06584853204675972,-0.04615393956998248,-0.10693552350749327,0.10034382239974321
92,least_connections,4497,measured,429,436,14,heavy,2,97.27,62.8,4,1078.0,381.0,0.0,922.0,334.0,0.0,3,1,0,0.017366453957975286,-0.027592500491888217,-0.004972920159482451,0.03971563573840953,-0.15205099937124072,-0.030662130179274563,0.013612267005861323,-0.10024863452966506,-0.022082567641178618,40.14,39.5,4,1405.0,0.0,0.0,1264.0,0.0,0.0,4,0,0,0.06445248014515781,-0.06139048825231173,-0.016548628708037076,0.10929871881838082,-0.15979499152358265,-0.04422151015076909,0.11073606796991636,-0.1596328258031664,-0.04479055737200258,25.78,39.57,3,383.0,429.0,477.0,314.0,436.0,437.0,1,1,1,-0.06662461874326404,0.00635544351301659,0.029569178049479568,-0.09093961509572032,0.014787001303077058,0.059577243280401655,-0.14580594532522223,0.03474087555671243,0.09078726788548196
92,least_connections,4498,measured,150,112,4,light,2,97.27,62.8,4,1078.0,381.0,0.0,922.0,334.0,0.0,3,1,0,0.015712505961977652,-0.024964643302184578,-0.004499308715722218,0.035933194239513355,-0.137569951812075,-0.027741927305057937,0.01231586062435075,-0.0907011455268398,-0.019979465961066367,35.23,36.16,3,1233.0,0.0,0.0,1157.0,0.0,0.0,3,0,0,0.01523024847600446,-0.05554377508542489,-0.014972568831081164,0.05442673199214049,-0.14457642090228906,-0.04000993775545775,0.06993679959182908,-0.14442969953619816,-0.040524790003240434,28.78,43.3,4,533.0,429.0,477.0,426.0,436.0,437.0,2,1,1,-0.017195516731433907,0.005750163178443582,0.026753065854291037,-0.055135842229461246,0.013378715464688773,0.05390322011083959,-0.09814188704028046,0.03143222074178745,0.08214086142019796
92,least_connections,4499,measured,378,301,11,medium,1,97.27,62.8,4,1459.0,0.0,0.0,1256.0,0.0,0.0,4,0,0,0.05729997704949907,-0.06567095845254342,-0.004070803123748673,0.2623205090738454,-0.3542775754490202,-0.025099838990290516,0.16223815961250782,-0.2331581792861884,-0.018076659679060046,33.97,32.69,3,811.0,378.0,0.0,745.0,301.0,0.0,2,1,0,-0.02930415160561048,-0.007169991517198493,-0.01354660989478772,-0.05984520166697499,-0.03309295224492821,-0.036199467493033204,-0.05321194322644032,-0.045570323389893586,-0.03666528619340801,21.12,32.83,3,150.0,906.0,0.0,112.0,873.0,0.0,1,2,0,-0.058641748698054705,0.04828642881677775,-0.018878745406208333,-0.11918957154094115,0.09841883780138508,-0.03754470561400228,-0.18349345335390455,0.16023232670288703,-0.057475728556328834
92,least_connections,4500,measured,365,339,12,medium,1,97.27,62.8,4,1459.0,0.0,0.0,1256.0,0.0,0.0,4,0,0,0.05184283637811821,-0.0594165814570631,-0.0036831075881535616,0.2373376034477649,-0.32053685397768494,-0.02270937813407237,0.1467869063160785,-0.21095263840178952,-0.01635507304295909,31.51,30.38,3,360.0,743.0,0.0,332.0,640.0,0.0,1,2,0,-0.06959718025088113,0.03659676504453016,-0.012256456571474604,-0.17073069266467805,0.06441249898928261,-0.032751899160363376,-0.16491497244296982,0.054617921694858185,-0.0331733541749882,21.12,32.83,3,150.0,906.0,0.0,112.0,873.0,0.0,1,2,0,-0.05305682025062092,0.04368772131041796,-0.01708076965323611,-0.10783818377513724,0.08904561515363411,-0.03396901936504968,-0.16601788636781842,0.1449721051121359,-0.05200184964620228
92,least_connections,4501,measured,151,108,3,light,1,73.47,47.55,3,1102.0,0.0,0.0,951.0,0.0,0.0,3,0,0,0.003821523162968632,-0.05375785941353328,-0.0033323354369008415,-0.0005993111663079587,-0.29000953455123873,-0.02054658021654167,-0.005168989523548051,-0.19086191093495242,-0.014797447038867748,35.83,33.75,4,511.0,743.0,0.0,440.0,640.0,0.0,2,2,0,-0.019884977143087457,0.033111358849813005,-0.011089174993238927,-0.11543661309117134,0.05827797527601761,-0.0296326706689002,-0.11867307030554414,0.04941621486677644,-0.03001398711070361,21.12,32.83,3,150.0,906.0,0.0,112.0,873.0,0.0,1,2,0,-0.048003789750561784,0.039526985947521014,-0.015454029686261243,-0.0975678805584575,0.08056508037709753,-0.03073387466361638,-0.15020665909469286,0.13116523795859913,-0.04704929253704016
92,least_connections,4502,measured,479,425,18,heavy,0,81.07,53.1,3,737.0,0.0,479.0,637.0,0.0,425.0,2,0,1,-0.03962633165073812,-0.04863806327891106,0.040068930069561366,-0.22070096407110412,-0.26238957887969216,0.27033087186757343,-0.14672432385463868,-0.17268458608400458,0.17887373839340537,25.54,23.38,3,151.0,743.0,0.0,108.0,640.0,0.0,1,2,0,-0.061075070022884106,0.029957896102211765,-0.010033063089120935,-0.19750387442942713,0.05272769191639687,-0.02681051155757637,-0.2012399207526352,0.04470990868898822,-0.027155512147779455,18.12,29.1,2,0.0,906.0,0.0,0.0,873.0,0.0,0,2,0,-0.08651590047726565,0.035762511095376155,-0.013982217335188745,-0.11541855860050916,0.07289221557927872,-0.0278068389813672,-0.16967904076821416,0.11867331053397065,-0.04256840753351253
92,least_connections,4503,measured,193,101,7,light,2,81.07,53.1,3,737.0,0.0,479.0,637.0,0.0,425.0,2,0,1,-0.03585239530304876,-0.04400586677615763,0.036252841491507905,-0.19968182463576095,-0.23740009517686433,0.24458507454685216,-0.13275057872562546,-0.1562384350283851,0.1618381442607001,25.54,23.38,3,529.0,365.0,0.0,409.0,339.0,0.0,2,1,0,-0.01217449646061397,-0.015979137086661002,-0.009077533271109417,-0.08097969591233886,-0.050008278742307594,-0.024257129504473857,-0.09697004734762232,-0.04465234451948687,-0.02456927289560998,21.98,32.47,3,193.0,906.0,0.0,101.0,873.0,0.0,1,2,0,-0.035192390681244884,0.032356557657721274,-0.012650577588980293,-0.06950250540046066,0.0659500998098236,-0.02515856860218937,-0.12305881466330489,0.1073710904831163,-0.03851427348270181
92,least_connections,4504,measured,425,407,19,heavy,0,85.67,58.3,3,381.0,0.0,904.0,334.0,0.0,832.0,1,0,2,-0.07552178169142053,-0.039814831845094996,0.07588409014764547,-0.3953946667339425,-0.21479056230287727,0.4776404642725488,-0.2571790950374707,-0.14135858407330082,0.3305440352834905,21.23,20.0,2,378.0,365.0,0.0,301.0,339.0,0.0,1,1,0,-0.05409892083397953,-0.014457314506979,-0.00821300629290852,-0.11230135752612973,-0.04524558552875449,-0.021946926694523965,-0.11827051902880115,-0.04039974027953573,-0.022229342143647128,21.98,32.47,3,622.0,477.0,0.0,537.0,437.0,0.0,2,1,0,0.011243165800869148,-0.013808919488819071,-0.011445760675744075,0.01474535225672606,-0.017959433505397693,-0.022762514449599907,0.020153135939549538,-0.03434679115019634,-0.03484624743673021
92,least_connections,4505,measured,455,410,17,heavy,1,85.67,58.3,3,381.0,0.0,904.0,334.0,0.0,832.0,1,0,2,-0.06832923105414238,-0.03602294309794309,0.0686570339431078,-0.35773803180690045,-0.1943343182740318,0.43215089624659175,-0.23268584789104493,-0.1278958617806055,0.29906365097077714,34.23,32.81,3,743.0,0.0,455.0,640.0,0.0,410.0,2,0,1,-0.005862742432557438,-0.056164327637833605,0.03565308500936394,-0.00725224864609017,-0.13529022364166224,0.09776230441924022,-0.011158445787962934,-0.1324003602529133,0.09581035710812878,21.98,32.47,3,622.0,477.0,0.0,537.0,437.0,0.0,2,1,0,0.010172388105548269,-0.012493784299407729,-0.010355688230435115,0.013341032994180713,-0.01624901126678839,-0.020594655930590393,0.018233789659592436,-0.031075668183510985,-0.03152755720466067
92,least_connections,4506,measured,438,418,17,heavy,0,89.47,62.5,3,0.0,479.0,863.0,0.0,425.0,825.0,0,1,2,-0.10490558546621952,0.010491713614332668,0.06211826880566897,-0.55347726687291,0.11309434695841569,0.3662635093024719,-0.36162052904427877,0.07654660124611884,0.2674147318307032,34.23,32.81,3,743.0,0.0,455.0,640.0,0.0,410.0,2,0,1,-0.005304386010409112,-0.050815344053278026,0.032257553103710236,-0.006561558298843501,-0.12240544043769441,0.08845160876026496,-0.010095736665299782,-0.11979080213358823,0.0866855611930689,21.98,32.47,3,1099.0,0.0,0.0,974.0,0.0,0.0,3,0,0,0.052287489465110554,-0.054387800307173884,-0.009369432208488914,0.09838474413759207,-0.10101577209852283,-0.018633260127677024,0.1482908890570916,-0.15990973153111313,-0.0285249327089787
92,least_connections,4507,measured,157,124,9,light,0,99.93,68.7,4,0.0,636.0,863.0,0.0,549.0,825.0,0,2,2,-0.09491457732657957,0.0525764030206774,0.05620224320512907,-0.5007651462183471,0.19702186947031258,0.33138127032128417,-0.3271804786591094,0.1253516868417266,0.24194666213254096,34.23,32.81,3,743.0,0.0,455.0,640.0,0.0,410.0,2,0,1,-0.004799206390370153,-0.04597578747677536,0.029185405189071166,-0.00593664798466792,-0.11074777944362828,0.08002764602119211,-0.009134237935271239,-0.10838215431134172,0.07842979346039566,21.98,32.47,3,1099.0,0.0,0.0,974.0,0.0,0.0,3,0,0,0.04730772856367145,-0.04920800980172875,-0.00847710533148997,0.08901476850544043,-0.091395222374854,-0.016858663925041116,0.1341679472421305,-0.14468023329005472,-0.02580827245098073
92,least_connections,4508,measured,163,100,5,light,1,99.93,68.7,4,0.0,636.0,863.0,0.0,549.0,825.0,0,2,2,-0.08587509377166723,0.047569126542517645,0.0508496486141644,-0.45307322753088547,0.17825788190171138,0.2998211493383047,-0.2960204330725275,0.11341343095203835,0.21890412288182276,38.89,35.94,4,906.0,455.0,0.0,740.0,410.0,0.0,3,1,0,0.038741761111660555,0.0014867591763415705,-0.01667805743664536,0.03676480148325964,0.017418675741479178,-0.04521308217130238,0.020009499010945064,0.017862574670690815,-0.04496232972630867,21.98,32.47,3,1099.0,0.0,0.0,974.0,0.0,0.0,3,0,0,0.042802230605226546,-0.044521532677754584,-0.007669761966586163,0.08053717150492229,-0.08269091548201075,-0.01525307688456101,0.12139004750478471,-0.13090116345290664,-0.023350341741363516
92,least_connections,4509,measured,398,328,11,medium,2,99.93,68.7,4,157.0,1342.0,0.0,124.0,1250.0,0.0,1,3,0,-0.03461261318570345,0.08612263376522572,-0.0401609755168898,-0.3152249836390551,0.587122210609485,-0.24927292837645448,-0.21173277277990588,0.4197311994327966,-0.17515817453549368,38.89,35.94,4,906.0,455.0,0.0,740.0,410.0,0.0,3,1,0,0.035052069577216696,0.0013451630643090406,-0.015089671014107705,0.0332633918181873,0.01575975424229069,-0.040907074345464055,0.018103832438474105,0.01616137708300598,-0.04068020308570784,29.94,43.4,4,1099.0,398.0,0.0,974.0,328.0,0.0,3,1,0,0.03872582769044307,0.0028025135183127464,-0.0069393084459589095,0.0728669646949297,-0.0027965425789621134,-0.0138004028955552,0.10982909059956714,-0.019513751060566326,-0.021126499670757467
92,least_connections,4510,measured,167,121,3,light,0,100.0,74.75,5,324.0,1342.0,0.0,245.0,1250.0,0.0,2,3,0,0.011767726392073297,0.07792047816853756,-0.03633612070575744,-0.18447339789565306,0.5312058095990578,-0.22553264948345883,-0.136829651562772,0.37975679948681595,-0.15847644362735142,28.09,26.53,3,528.0,455.0,0.0,439.0,410.0,0.0,2,1,0,-0.011370122990227965,0.0012170522962796082,-0.01365255948895459,-0.06761883597402099,0.014258825266834432,-0.03701116250303891,-0.0687245087461425,0.014622198313195889,-0.03680589802992614,26.08,40.03,3,906.0,398.0,0.0,873.0,328.0,0.0,2,1,0,-0.008046246602070789,0.0025356074689496244,-0.006278421927296156,0.031003444247793555,-0.0025302051904895345,-0.012486078810264228,0.0689088597488147,-0.01765529857860762,-0.01911445208306628
92,least_connections,4511,measured,416,411,20,heavy,1,100.0,74.75,5,324.0,1342.0,0.0,245.0,1250.0,0.0,2,3,0,0.010646990545209178,0.07049948024772446,-0.03287553778139959,-0.16690450285797184,0.4806147801134333,-0.20405334953265322,-0.12379825617584131,0.34358948524997635,-0.14338344899617508,39.97,39.38,4,528.0,455.0,416.0,439.0,410.0,411.0,2,1,1,-0.010287254134015766,0.0011011425537767877,0.030731584498655595,-0.06117894683363803,0.012900841908088295,0.07405112508228452,-0.06217931743698607,0.013229607997653423,0.08290478273482874,17.5,25.5,2,477.0,398.0,0.0,437.0,328.0,0.0,1,1,0,-0.050363837628630934,0.002294121043335373,-0.005680476981839379,-0.04957783615675822,-0.0022892332675857746,-0.011296928447381921,-0.06914595229075493,-0.015973841571121167,-0.017294028075155204
92,least_connections,4512,measured,382,337,12,medium,2,100.0,74.75,5,324.0,1342.0,0.0,245.0,1250.0,0.0,2,3,0,0.009632991445665456,0.06378524403365546,-0.029744534183171054,-0.15100883591911737,0.4348419439121539,-0.18461969719621005,-0.11200794606385642,0.31086667713093097,-0.1297278824251108,29.54,28.78,3,163.0,455.0,416.0,100.0,410.0,411.0,1,1,1,-0.05239141587181925,0.0009962718343694693,0.027804766927355062,-0.14970612196512828,0.011672190297794177,0.0669986369792098,-0.1521056919667969,0.01196964533121024,0.07500908914103552,25.14,36.73,3,477.0,780.0,0.0,437.0,665.0,0.0,1,2,0,-0.04556728166399941,0.04515953355167985,-0.005139479174045153,-0.04485613747516219,0.0670525984721843,-0.010221030500012215,-0.06256062350115923,0.08718239730866814,-0.01564697778228328
92,least_connections,4513,measured,157,122,3,light,1,99.93,68.7,4,636.0,863.0,0.0,549.0,825.0,0.0,2,2,0,0.008715563688935418,0.014626558660835676,-0.02691172140382143,0.05156343416841763,0.1045077905236948,-0.1670368688918091,0.03618328689460612,0.0889984221660804,-0.11737284600367168,29.37,29.47,3,157.0,455.0,416.0,122.0,410.0,411.0,1,1,1,-0.04740175721736027,0.000901388802524758,0.02515669388665458,-0.13699941647185077,0.01056055312657568,0.06061781440976125,-0.13139919749376863,0.010829679109190221,0.06786536636569881,15.6,22.17,2,398.0,382.0,0.0,328.0,337.0,0.0,1,1,0,-0.04122754055314232,-0.0022252746323803557,-0.004650004966993234,-0.0548793624775277,-0.011352410906118979,-0.009247599023820574,-0.08947548475501707,-0.020041323069935182,-0.014156789422065824
92,least_connections,4514,measured,382,322,12,medium,2,99.93,68.7,4,636.0,863.0,0.0,549.0,825.0,0.0,2,2,0,0.007885510004274898,0.01323355307408941,-0.0243487003177432,0.04665263091428257,0.09455466761667625,-0.15112859566401776,0.032737259571310295,0.08052238195978706,-0.1061944797176077,29.37,29.47,3,157.0,455.0,416.0,122.0,410.0,411.0,1,1,1,-0.04288730414904024,0.0008155422499033504,0.022760818278401762,-0.12395185299834115,0.009554786162139894,0.05484468922787923,-0.11888498820864782,0.009798281098791148,0.061401998140394154,23.24,32.9,3,398.0,764.0,0.0,328.0,659.0,0.0,1,2,0,-0.03730110811950971,0.04107055651174657,-0.004207147351089117,-0.049652756527286956,0.05885258060874948,-0.008366875307266234,-0.080954010016444,0.07897848547640787,-0.012808523762821461
92,least_connections,4515,measured,435,410,16,heavy,1,99.93,68.7,4,636.0,863.0,0.0,549.0,825.0,0.0,2,2,0,0.007134509051486826,0.011973214686080896,-0.022029776477958136,0.04220952320816046,0.0855494611769928,-0.13673539607696844,0.029619425326423615,0.07285358367790262,-0.0960807197445022,41.8,42.28,4,612.0,0.0,851.0,532.0,0.0,821.0,2,0,2,0.004281101234768575,-0.042346028667321005,0.06367702152626373,0.005472133001500873,-0.10897424109139724,0.16207036508372746,0.00836001066836628,-0.10705750757728419,0.17147680784130903,23.24,32.9,3,398.0,764.0,0.0,328.0,659.0,0.0,1,2,0,-0.033748621631937356,0.03715907493919928,-0.003806466650985391,-0.04492392257230725,0.05324757293172572,-0.007570030039907545,-0.0732441043005922,0.0714567249548452,-0.011588664356838465
92,least_connections,4516,measured,399,330,10,medium,2,89.47,62.5,3,1342.0,0.0,0.0,1250.0,0.0,0.0,3,0,0,0.04953893222572163,-0.07533489192801297,-0.01993170252767641,0.46403083845817694,-0.44313778909383195,-0.12371297740297145,0.3439175752953356,-0.3072991385771357,-0.08693017500693057,37.31,38.47,3,455.0,0.0,851.0,410.0,0.0,821.0,1,0,2,-0.039210522919109606,-0.038313073556147575,0.057612543285667187,-0.03563405653605703,-0.0985957419398356,0.14663509221861057,-0.026930228442906712,-0.0968615544746857,0.1551456832849939,31.22,43.9,4,398.0,1163.0,0.0,328.0,989.0,0.0,1,3,0,-0.03053446719080047,0.07670401564793768,-0.003443946017558211,-0.04064545375589704,0.12037637550965662,-0.006849074798011588,-0.06626847531958341,0.1641751321020028,-0.010484982037139564
92,least_connections,4517,measured,199,124,6,light,0,100.0,68.7,4,1541.0,0.0,0.0,1374.0,0.0,0.0,4,0,0,0.08790483890717217,-0.06816014031582127,-0.01803344514408818,0.5151390125732711,-0.40093419013251463,-0.11193078907887893,0.3672587586005418,-0.27803255395074183,-0.07865111072055622,37.31,38.47,3,455.0,851.0,0.0,410.0,821.0,0.0,1,2,0,-0.03547618740300393,0.051503591045571694,-0.0340421660521968,-0.03224033686595637,0.13078072327892426,-0.08731654921717547,-0.024365444781677514,0.1444913316657606,-0.09175807226595795,31.22,43.9,4,780.0,781.0,0.0,665.0,652.0,0.0,2,2,0,0.015457477530318842,0.026314971073757673,-0.0031159511587431437,0.0323493513637122,0.03978814927064171,-0.0061967819601057225,0.04167772867910707,0.046904484600224755,-0.009486412319316748
92,least_connections,4518,measured,443,402,14,heavy,1,100.0,68.7,4,1541.0,0.0,0.0,1374.0,0.0,0.0,4,0,0,0.07953294948744148,-0.06166869838098114,-0.016315974177984544,0.4660781542329596,-0.3627499815484656,-0.10127071392850952,0.33228173397191874,-0.25155326309829024,-0.07116052874716991,49.97,51.03,4,455.0,1294.0,0.0,410.0,1223.0,0.0,1,3,0,-0.03209750288843212,0.08968238736322699,-0.03080005499960663,-0.02916982859300815,0.2328424231027002,-0.07900068738696828,-0.02204492623104154,0.24439096674521196,-0.08301920824062863,31.22,43.9,4,780.0,781.0,0.0,665.0,652.0,0.0,2,2,0,0.013985336813145621,0.02380878335244742,-0.002819193905529511,0.02926846075764436,0.035998801721056795,-0.0056066122496194635,0.03770842118585879,0.04243739082877479,-0.00858294447938182
92,least_connections,4519,measured,396,337,15,medium,0,100.0,85.55,5,1541.0,0.0,396.0,1374.0,0.0,337.0,4,0,1,0.07195838286958992,-0.05579548901136389,0.028321828351438018,0.4216897585917254,-0.32820236425813554,0.14723125882658664,0.3006358545460217,-0.22759580946988164,0.08806904541922723,49.97,51.03,4,455.0,1294.0,0.0,410.0,1223.0,0.0,1,3,0,-0.029040597851438588,0.08114120761434823,-0.027866716428215522,-0.026391749679388316,0.21066695423577636,-0.07147681239773321,-0.0199454094471328,0.2211156365790013,-0.07511261697961638,31.22,43.9,4,1561.0,0.0,0.0,1317.0,0.0,0.0,4,0,0,0.09882120042731316,-0.06462652027749088,-0.0025506992478600337,0.16780479782834487,-0.10875346510952005,-0.005072649178227134,0.23075206361260236,-0.15823918607555296,-0.00776552119563117
92,least_connections,4520,measured,365,329,12,medium,1,97.2,64.3,4,1062.0,396.0,0.0,949.0,337.0,0.0,3,1,0,0.02202130332191922,-0.007397732688286154,-0.01745938886117059,0.11733835301156104,-0.058087853376408316,-0.10564790868070734,0.07974196363687674,-0.05346763713941674,-0.07277086366831823,60.4,61.31,5,455.0,1659.0,0.0,410.0,1552.0,0.0,1,4,0,-0.026274826627492046,0.11649737378259625,-0.02521274343505214,-0.02387824970992275,0.28495717628134865,-0.06466949693128243,-0.01804584664264397,0.2930778378571916,-0.06795903441012911,23.26,32.97,3,1163.0,0.0,0.0,989.0,0.0,0.0,3,0,0,0.04632575730271643,-0.058471613584396516,-0.002307775509968602,0.07980434089231206,-0.09839599224194671,-0.004589539732681692,0.10985504168124341,-0.14316878740169078,-0.007025947748428202
92,least_connections,4521,measured,418,445,15,heavy,2,97.2,64.3,4,1062.0,396.0,0.0,949.0,337.0,0.0,3,1,0,0.019924036338879292,-0.006693186717973185,-0.015796589922011484,0.10616327177236473,-0.052555676864369405,-0.09558620309206854,0.07214749090955519,-0.048375481221377054,-0.06584030522371649,60.4,61.31,5,455.0,1659.0,0.0,410.0,1552.0,0.0,1,4,0,-0.023772462186778517,0.10540238580330137,-0.022811529774570984,-0.021604130689930112,0.2578183975878869,-0.05851049722354125,-0.016327194581439775,0.26516566282317333,-0.061486745418688246,31.62,47.8,4,1163.0,0.0,418.0,989.0,0.0,445.0,3,0,1,0.04191378041674343,-0.05290288848112066,0.0409959128605953,0.07220392747399662,-0.08902494536176131,0.0714856545275737,0.09939265675922024,-0.12953366479200595,0.1278495393387237
92,least_connections,4522,measured,368,335,12,medium,0,100.0,81.05,5,1062.0,764.0,0.0,949.0,672.0,0.0,3,2,0,0.018026509068509833,0.037028159862876865,-0.01429215278658182,0.09605248398452049,0.1744178796623959,-0.0864827551785382,0.06527630129912138,0.10777932651399219,-0.05956979996431492,47.4,48.5,4,0.0,1659.0,0.0,0.0,1552.0,0.0,0,4,0,-0.06459231839574746,0.0953640633458441,-0.020639003129373747,-0.1371656420527939,0.23326426448427862,-0.05293806891653732,-0.13069484271654075,0.2399117901733473,-0.0556308649026227,31.62,47.8,4,1163.0,418.0,0.0,989.0,445.0,0.0,3,1,0,0.037921991805625,-0.0047806179228279955,-0.005992360019552097,0.06532736295266361,-0.004908283898736418,-0.010960598284576168,0.08992668944881832,0.017009223918343835,-0.018532956471313485
92,least_connections,4523,measured,440,440,20,heavy,1,50.93,33.6,2,0.0,764.0,0.0,0.0,672.0,0.0,0,2,0,-0.1129420019992394,0.03350166844736478,-0.012930995378335933,-0.5536668002044814,0.157806653027882,-0.07824630230439171,-0.37025001311031874,0.09751462875075484,-0.053896485681999215,59.97,62.25,5,0.0,1659.0,440.0,0.0,1552.0,440.0,0,4,1,-0.05844066902472389,0.08628177159862085,0.024410516443038262,-0.12410224757157544,0.21104862024768067,0.06584514853129617,-0.11824771483877497,0.21706304825207612,0.0740720746119128,31.62,47.8,4,1163.0,418.0,0.0,989.0,445.0,0.0,3,1,0,0.03431037353842262,-0.004325320977796754,-0.005421659065309041,0.05910570933812423,-0.00444082828933294,-0.0099167317812832,0.08136224283464516,0.015389297830882526,-0.01676791299785506
92,least_connections,4524,measured,488,430,16,heavy,0,83.47,55.1,3,0.0,764.0,488.0,0.0,672.0,430.0,0,2,1,-0.10218562085645469,0.03031103335713957,0.03138442821778676,-0.5009366287564356,0.1427774479776075,0.22355493283570907,-0.3349881070998122,0.08822752125068295,0.14576032247819118,59.97,62.25,5,851.0,808.0,440.0,821.0,731.0,440.0,2,2,1,0.033292909431145504,-0.008103340435714923,0.022085705353225096,0.10770340865973108,-0.029037642905159672,0.05957418200450605,0.12514194847920362,-0.035737599200502596,0.06701759131554015,23.98,36.57,3,781.0,418.0,0.0,652.0,445.0,0.0,2,1,0,-0.012041181311041677,-0.003913385646578019,-0.004905310582898656,-0.01564721536074476,-0.004017892261777414,-0.008972281135446705,-0.028021462832146432,0.013923650418417505,-0.015170968902821243
92,least_connections,4525,measured,428,433,12,heavy,0,100.0,76.75,4,0.0,1192.0,488.0,0.0,1105.0,430.0,0,3,1,-0.09245365696536377,0.0705081685022646,0.02839543505418802,-0.45322837839867985,0.38733832594799406,0.20226398685135583,-0.30308447785221104,0.2757058525601417,0.13187838700407772,59.97,62.25,5,1659.0,0.0,440.0,1552.0,0.0,440.0,4,0,1,0.11628995660550352,-0.09349939418106633,0.019982304843394135,0.30631668946764784,-0.235142901403988,0.05390045038502929,0.31990521529070803,-0.23901556594331186,0.060634963571203,23.98,36.57,3,781.0,418.0,0.0,652.0,445.0,0.0,2,1,0,-0.01089440213856152,-0.0035406822516658304,-0.004438138146432118,-0.014157004374007187,-0.0036352358558938563,-0.008117778170166066,-0.025352752086227726,0.01259758847380632,-0.013726114721600173
92,least_connections,4526,measured,192,103,5,light,2,100.0,76.75,4,0.0,1680.0,0.0,0.0,1535.0,0.0,0,4,0,-0.08364854677818627,0.10687700506213962,-0.017392792320587255,-0.4100637709321389,0.5362267393497724,-0.11134845634083677,-0.2742192894853338,0.44397196184012816,-0.07520526890107253,59.97,62.25,5,1659.0,0.0,440.0,1552.0,0.0,440.0,4,0,1,0.10521472264307462,-0.08459468997334572,0.018079228191642312,0.27714367142310997,-0.21274833936551296,0.048767074157883644,0.2894380519296882,-0.2162521787106155,0.05486020513585034,12.2,18.27,2,192.0,418.0,0.0,103.0,445.0,0.0,1,1,0,-0.05294074025688446,-0.0032034744181738406,-0.0040154583229623925,-0.11938967062410175,-0.0032890229172373026,-0.00734465643967406,-0.18850963283992034,0.011397818142967614,-0.012418865700495395
92,least_connections,4527,measured,438,426,16,heavy,2,100.0,76.75,4,764.0,916.0,0.0,672.0,863.0,0.0,2,2,0,0.010485781939917643,0.010530442221754449,-0.015736335909102755,0.0898153183629854,0.13290355782439733,-0.10074384145123327,0.055896833322793216,0.09768891785535411,-0.06804286233906562,59.97,62.25,5,1659.0,0.0,440.0,1552.0,0.0,440.0,4,0,1,0.0951942728675437,-0.07653805283302709,0.01635739693529542,0.25074903604948046,-0.19248659275927363,0.044122590904751874,0.2618725231744798,-0.19565673311912832,0.04963542369434079,20.96,32.47,3,192.0,418.0,438.0,103.0,445.0,426.0,1,1,1,-0.047898764994324036,-0.0028983816164429993,0.03945086650598187,-0.10801922580275872,-0.0029757826394051917,0.07261197750696156,-0.17055633447421364,0.010312311653161182,0.11724007389002797
92,least_connections,4528,measured,369,332,8,medium,2,100.0,76.75,4,764.0,916.0,0.0,672.0,863.0,0.0,2,2,0,0.009487136040877864,0.009527542962539742,-0.014237637251092969,0.08126147851889154,0.12024607612683569,-0.09114918988444916,0.05057332538728915,0.08838521139293942,-0.061562589735345084,59.97,62.25,5,1659.0,0.0,440.0,1552.0,0.0,440.0,4,0,1,0.08612815164206335,-0.06924871446797688,0.014799549608124428,0.22686817547333948,-0.17415453630600947,0.03992043939001361,0.2369322828721484,-0.17702275853635419,0.044908240485355966,28.34,43.53,4,192.0,787.0,438.0,103.0,777.0,426.0,1,2,1,-0.04333697785200746,0.04046155495473751,0.03569364112445979,-0.09773168048821027,0.06407905380244294,0.06569655107772712,-0.15431287404809807,0.10945717086079662,0.10607435256716816
92,least_connections,4529,measured,467,450,18,heavy,0,100.0,99.25,5,764.0,916.0,467.0,672.0,863.0,450.0,2,2,1,0.008583599275079984,0.00862015791848833,0.030202228428149444,0.0735222900885209,0.10879406887666088,0.19921422502518094,0.045756818207547345,0.07996757221265949,0.14787194262040207,59.97,62.25,5,1659.0,440.0,0.0,1552.0,440.0,0.0,4,1,0,0.0779254705332954,-0.01956969857760267,-0.02969383153369241,0.20526168257111665,-0.043826893392511945,-0.07762300381719858,0.21436730355099143,-0.03575868629479664,-0.08377349670372557,28.34,43.53,4,979.0,438.0,0.0,880.0,426.0,0.0,3,1,0,0.046958153825507984,-0.006475826696280579,-0.010789653495103274,0.05398562241542881,-0.0051760941787421105,-0.01981740616777069,0.09471692348029223,-0.006824464459279256,-0.03250415720113356
92,least_connections,4530,measured,363,344,6,medium,2,100.0,99.25,5,1192.0,488.0,467.0,1105.0,430.0,450.0,3,1,1,0.05085001385659163,-0.03528470972907745,0.02732582572070664,0.32467889738167766,-0.15972600117508468,0.18024144168944942,0.2372799783782571,-0.12352933942664143,0.13378890046607805,59.97,62.25,5,1659.0,440.0,0.0,1552.0,440.0,0.0,4,1,0,0.07050399714917203,-0.017705917760688125,-0.026865847578102658,0.18571295089767698,-0.03965290354560605,-0.0702303367869892,0.19395136987946843,-0.03235309712386364,-0.0757950684462279,35.6,55.0,5,1342.0,438.0,0.0,1224.0,426.0,0.0,4,1,0,0.0855698489260265,-0.005859081296634816,-0.009762067447950582,0.11452984885205467,-0.004683132828385714,-0.017930034151792527,0.18944229584724848,-0.006174515463157421,-0.029408523181977984
92,least_connections,4531,measured,398,312,9,medium,0,100.0,100.0,6,1192.0,886.0,467.0,1105.0,742.0,450.0,3,2,1,0.046007155394059085,0.01115963904330633,0.02472336612825839,0.29375709763104174,0.09554949100032029,0.16307559009997805,0.21468188519937548,0.029378216709229188,0.12104710042168967,35.66,36.59,3,808.0,440.0,0.0,731.0,440.0,0.0,2,1,0,-0.02237846969950194,-0.016019639878717823,-0.02430719542780717,-0.0519603913646868,-0.0358764365412626,-0.06354173328346642,-0.056648165347147644,-0.02927184977873379,-0.06857649049896809,31.76,51.57,4,1150.0,438.0,0.0,1121.0,426.0,0.0,3,1,0,0.0343364392777428,-0.0053010735540981735,-0.008832346738621955,0.06887938705662089,-0.004237120178063256,-0.01622241185162181,0.14033668036973276,-0.00558646637142815,-0.026607711450361032
92,least_connections,4532,measured,359,306,8,medium,1,100.0,100.0,6,1192.0,886.0,467.0,1105.0,742.0,450.0,3,2,1,0.04162552154700584,0.010096816277277154,0.02236875983032902,0.26578023118999017,0.08644953947648026,0.14754458151902775,0.1942359913708635,0.026580291308350212,0.10951880514343351,22.83,23.31,2,0.0,799.0,0.0,0.0,746.0,0.0,0,2,0,-0.10641498732449269,0.02858994033648886,-0.021992224434682676,-0.25588253096260777,0.06034308802729302,-0.057490139637422,-0.2579346495998002,0.0600338025811456,-0.062045396165733034,31.76,51.57,4,1150.0,438.0,0.0,1121.0,426.0,0.0,3,1,0,0.031066302203672055,-0.004796209406088825,-0.007991170858753198,0.06231944543218082,-0.003833584923009614,-0.014677420246705448,0.12697128223928203,-0.005054421955101668,-0.02407364369318379
92,least_connections,4533,measured,160,114,5,light,1,100.0,100.0,6,2078.0,467.0,0.0,1847.0,450.0,0.0,5,1,0,0.12382898661509145,-0.03394868549969708,-0.022845498475507302,0.4262456059972928,-0.17451390872762895,-0.14818982307008602,0.5114039921926861,-0.10804640310196881,-0.10448298582260777,27.4,26.88,3,519.0,440.0,0.0,420.0,440.0,0.0,2,1,0,-0.010112426173407213,-0.0172168113508865,-0.019897726869474802,-0.09734950080290361,-0.03820659382564645,-0.05201488824338181,-0.11461944487600972,-0.03220155956943968,-0.0561363108166156,31.76,51.57,4,1150.0,438.0,0.0,1121.0,426.0,0.0,3,1,0,0.028107606755703285,-0.004339427557889894,-0.007230106967443369,0.0563842601529255,-0.003468481597008688,-0.013279570699400167,0.11487877916887418,-0.004573048435568189,-0.02178091572240438
92,least_connections,4534,measured,480,416,17,heavy,1,100.0,81.25,4,1314.0,467.0,0.0,1175.0,450.0,0.0,3,1,0,0.02586794934109181,-0.03071547735686879,-0.02066973671593518,0.27346031018802686,-0.15789353646785476,-0.13407650658722067,0.1586988500790969,-0.09775626947320984,-0.0945322252680737,41.11,39.88,4,519.0,440.0,480.0,420.0,440.0,416.0,2,1,1,-0.009149337966416038,-0.015577115031754449,0.02508119496389921,-0.08807811977405564,-0.03456787060415631,0.07702054329000149,-0.10370330726877072,-0.029134744372350196,0.06682905211830018,31.76,51.57,4,1150.0,438.0,0.0,1121.0,426.0,0.0,3,1,0,0.025430691826588678,-0.003926148742852756,-0.006541525351496382,0.051014330614551656,-0.0031381500163411846,-0.012014849680409676,0.10393794305755283,-0.004137520013133111,-0.019706542796461106
92,least_connections,4535,measured,362,318,10,medium,0,100.0,97.15,5,1314.0,829.0,0.0,1175.0,768.0,0.0,3,2,0,0.023404335118130684,0.0152937064276856,-0.01870119036203659,0.24741647112250054,0.07549314954495673,-0.12130731548367585,0.14358467388108764,0.05541099428614349,-0.08552915619492382,41.11,39.88,4,519.0,440.0,480.0,420.0,440.0,416.0,2,1,1,-0.008277972445804999,-0.014093580266825459,0.022692509729242145,-0.07968972741462177,-0.03127569245137951,0.06968525345285849,-0.0938268018146021,-0.026360006813078762,0.06046438048798587,31.76,51.57,4,1150.0,438.0,0.0,1121.0,426.0,0.0,3,1,0,0.023008721176437374,-0.0035522298149620185,-0.005918522937068155,0.046155822936975316,-0.0028392785862134534,-0.01087057828227542,0.09403909133778593,-0.003743470488072803,-0.017829729196798143
92,least_connections,4536,measured,151,102,3,light,1,100.0,97.15,5,1314.0,829.0,0.0,1175.0,768.0,0.0,3,2,0,0.021175350821165853,0.013837162958382221,-0.016920124613271203,0.2238529976822624,0.06830332577877035,-0.10975423781856386,0.12990994303526976,0.05013375673508219,-0.07738352227159774,45.43,43.06,5,1110.0,0.0,480.0,962.0,0.0,416.0,4,0,1,0.07867820633588164,-0.05583523475388517,0.02053131832645718,0.08067528063847143,-0.1420385516736971,0.06304856264782435,0.06835313169155047,-0.14825429187849984,0.054705868060558646,8.76,14.2,1,438.0,0.0,0.0,426.0,0.0,0.0,1,0,0,-0.06535038605578568,-0.046297822440294435,-0.005354854085918807,-0.08707806496178426,-0.08182601395895503,-0.009835285112534904,-0.12452018720232064,-0.1318631399653992,-0.016131659749484033
92,least_connections,4537,measured,160,109,5,light,2,100.0,75.5,4,886.0,829.0,0.0,742.0,768.0,0.0,2,2,0,-0.02392524948379779,0.012519337914726758,-0.01530868417391204,-0.055625065589064104,0.06179824713317317,-0.09930145326441492,-0.0783433848728512,0.045359113236502935,-0.07001366300763605,45.43,43.06,5,1110.0,480.0,0.0,962.0,416.0,0.0,4,1,0,0.07118504382770244,-0.007433693121995877,-0.024507945550438965,0.07299192057766463,-0.004429437908855194,-0.06703769501931539,0.061843309625688514,-0.01651578789007127,-0.06812326223092313,11.96,17.83,2,598.0,0.0,0.0,535.0,0.0,0.0,2,0,0,-0.016042639538001113,-0.041888506017409254,-0.0048448679824979685,-0.04983253496542388,-0.07403306024857836,-0.008898591292293485,-0.07978810588146468,-0.11930474568298023,-0.014595311201914126
92,least_connections,4538,measured,369,302,12,medium,2,100.0,75.5,4,1248.0,467.0,0.0,1060.0,450.0,0.0,3,1,0,0.021437245931892696,-0.03175688020867125,-0.013850714252587085,0.16802176605433883,-0.1624365065620496,-0.08984417200113731,0.07297503273408706,-0.10281794516697354,-0.0633456951021469,40.86,39.5,4,950.0,480.0,0.0,848.0,416.0,0.0,3,1,0,0.021321615617354364,-0.006725722348472463,-0.022173855498016207,0.024679764876390453,-0.0040075866794404,-0.06065315263652345,0.023721327756575372,-0.014942855710064484,-0.061635332494644736,19.34,27.9,3,598.0,369.0,0.0,535.0,302.0,0.0,2,1,0,-0.014514769105810538,0.005184775734815655,-0.004383451984164829,-0.045086579254431144,-0.00021086403442803492,-0.008051106407313154,-0.07218923865465848,-0.01686302387190275,-0.01320528156363659
92,least_connections,4539,measured,160,116,3,light,2,100.0,75.5,4,1248.0,467.0,0.0,1060.0,450.0,0.0,3,1,0,0.019395603462188632,-0.028732415426893032,-0.012531598609483554,0.15201969309678276,-0.14696636307994965,-0.08128758419150518,0.06602502961655499,-0.09302575991297604,-0.057312771759085286,36.54,36.31,3,799.0,480.0,0.0,746.0,416.0,0.0,2,1,0,-0.02379291466819866,-0.006085177362903663,-0.02006205973630038,-0.016704702526803172,-0.0036259117575889177,-0.0548766619092355,-0.007377132029765143,-0.013519726594820258,-0.055765300828488094,22.54,31.77,4,758.0,369.0,0.0,651.0,302.0,0.0,3,1,0,0.029951490083404975,0.004690987569595115,-0.003965980366625321,-0.011840238373056755,-0.00019078174543488147,-0.007284334368521425,-0.03032994608437356,-0.01525702159838821,-0.011947635700433105
92,least_connections,4540,measured,367,327,10,medium,1,55.27,38.4,2,829.0,0.0,0.0,768.0,0.0,0.0,2,0,0,-0.025535497094300974,-0.06907989513680345,-0.011338113027627977,-0.11518853164259335,-0.4146521062786846,-0.07354590950659992,-0.07235830653740266,-0.2877375923022164,-0.05185441254393431,36.77,36.97,3,440.0,847.0,0.0,440.0,743.0,0.0,1,2,0,-0.06461082302179424,0.03757826356508263,-0.018151387380462247,-0.1079164995650668,0.091590161471025,-0.04965031315597498,-0.0931924051697875,0.08022322355706737,-0.050454319797203516,22.54,31.77,4,758.0,369.0,0.0,651.0,302.0,0.0,3,1,0,0.02709896721831878,0.004244226848681296,-0.0035882679507562433,-0.010712596623241838,-0.00017261205539345625,-0.006590588238186051,-0.027441379790623693,-0.013803971922351235,-0.010809765633725191
92,least_connections,4541,measured,189,118,2,light,0,67.87,44.3,3,1018.0,0.0,0.0,886.0,0.0,0.0,3,0,0,0.01998035523667553,-0.06250085750472693,-0.010258292739282455,0.00978180470432033,-0.37516142949023845,-0.06654153717263803,-0.012086086867173829,-0.2603340120829577,-0.046915897063559614,36.77,36.97,3,440.0,847.0,0.0,440.0,743.0,0.0,1,2,0,-0.05845741130543289,0.03399938132078904,-0.016422683820418223,-0.0976387377017271,0.082867288949975,-0.04492171190302498,-0.08431693801076012,0.07258291655163238,-0.04564914648318413,22.54,31.77,4,758.0,369.0,0.0,651.0,302.0,0.0,3,1,0,0.024518113197526517,0.003840014767854505,-0.0032465281459223153,-0.009692349325790245,-0.00015617281202265354,-0.005962913167882618,-0.024827915048659527,-0.012489307929746354,-0.009780264144798982
92,least_connections,4542,measured,359,345,12,medium,0,91.8,61.55,4,1018.0,359.0,0.0,886.0,345.0,0.0,3,1,0,0.01807746426175405,-0.013464494658471757,-0.009281312478398411,0.008850204256289795,-0.12289208699910464,-0.06020424791810107,-0.010935030975061988,-0.07946886807505699,-0.04244771639083965,36.77,36.97,3,440.0,847.0,0.0,440.0,743.0,0.0,1,2,0,-0.05289003880015357,0.03076134500452342,-0.014858618694664106,-0.0883398103015626,0.07497516619283454,-0.04064345362654641,-0.07628675343830679,0.0656702578324293,-0.041301608722880884,16.14,24.27,2,438.0,369.0,0.0,426.0,302.0,0.0,1,1,0,-0.06398474565575264,0.0034742990756778808,-0.002937334989167809,-0.06667403034238169,-0.0001412992108776323,-0.005395016675703321,-0.09032049456783481,-0.011299850031675274,-0.00884881041672289
92,least_connections,4543,measured,457,416,17,heavy,2,79.2,55.65,3,829.0,359.0,0.0,768.0,345.0,0.0,2,1,0,-0.02672809922802752,-0.012182161833855398,-0.008397377956646182,-0.10599267233954734,-0.11118807871347564,-0.05447051002113906,-0.06327455183457992,-0.07190040444886109,-0.03840507673456921,24.2,23.22,2,367.0,480.0,0.0,327.0,416.0,0.0,1,1,0,-0.04785289224775799,-0.015252207127426656,-0.013443512152315144,-0.09879724333406685,-0.027036074124850373,-0.036772648519256275,-0.10097075311084901,-0.033039409580183005,-0.03736812217784461,16.52,23.93,2,369.0,0.0,457.0,302.0,0.0,416.0,1,0,1,-0.057890960355204774,-0.03994048677733452,0.04042631142703411,-0.07280983697644058,-0.06689927071460358,0.07781403253150651,-0.11911536810105687,-0.10130303891754747,0.11745425089280627
92,least_connections,4544,measured,178,115,4,light,1,79.2,55.65,3,829.0,359.0,0.0,768.0,345.0,0.0,2,1,0,-0.024182565968215386,-0.011021955944916784,-0.007597627675060831,-0.09589813211673326,-0.10059873788362084,-0.0492828424000782,-0.05724840404081044,-0.06505274688230289,-0.03474745037889595,29.29,26.81,3,1025.0,0.0,0.0,858.0,0.0,0.0,3,0,0,0.04287232651506703,-0.056883516199191006,-0.012163177661618464,0.08070725603108239,-0.1485428425755449,-0.03327049151742235,0.05877943766161281,-0.14751184676302273,-0.033809253399002266,16.52,23.93,2,369.0,0.0,457.0,302.0,0.0,416.0,1,0,1,-0.052377535559470986,-0.03613663089377885,0.036576186529221344,-0.06587556678820816,-0.06052791159892705,0.07040317229041065,-0.10777104732952765,-0.09165513044920962,0.10626813176015806
92,least_connections,4545,measured,396,309,13,medium,2,55.07,39.75,2,467.0,359.0,0.0,450.0,345.0,0.0,1,1,0,-0.06496336467419034,-0.009972245854924705,-0.0068740440869598,-0.3051141830262506,-0.09101790570422841,-0.044589238361975515,-0.19565331794168564,-0.05885724717922644,-0.03143816939042967,29.29,26.81,3,1025.0,0.0,0.0,858.0,0.0,0.0,3,0,0,0.038789247799346366,-0.05146603846593472,-0.011004779789083373,0.07302085069478884,-0.13439590518739777,-0.030101873277667838,0.05318139597955446,-0.13346309945225865,-0.030589324503859195,24.44,34.23,3,369.0,396.0,457.0,302.0,309.0,416.0,1,1,1,-0.04738919883952136,0.010388853227624117,0.03309274019310502,-0.05960170328456929,0.016893794267637437,0.06369810826275249,-0.09750713806004883,0.010264405784048442,0.09614735730680968
92,least_connections,4546,measured,170,111,6,light,0,66.4,45.3,3,637.0,359.0,0.0,561.0,345.0,0.0,2,1,0,-0.01569247733560533,-0.009022508154455683,-0.006219373221535057,-0.17351600686502028,-0.08234953373239717,-0.04034264423226356,-0.1268053828996203,-0.053251795066919155,-0.02844405801991256,29.29,26.81,3,1025.0,0.0,0.0,858.0,0.0,0.0,3,0,0,0.035095033723218136,-0.046564510992988556,-0.009956705523456386,0.0660664839619518,-0.12159629516955037,-0.027235028203604236,0.04811650112435881,-0.12075232807585307,-0.027676055503491653,24.44,34.23,3,369.0,853.0,0.0,302.0,725.0,0.0,1,2,0,-0.042875941807185985,0.052483338861274424,-0.013142849575852824,-0.05392535059080078,0.09798009957548148,-0.025063616333700117,-0.08822074395909181,0.13474716078874224,-0.0384698513255849
92,least_connections,4547,measured,200,105,7,light,0,48.6,28.05,3,729.0,0.0,0.0,561.0,0.0,0.0,3,0,0,0.028885944542162062,-0.05124712189031251,-0.005627051962341242,-0.10149860938581201,-0.29104640353566097,-0.03650048763871465,-0.11472867976632312,-0.20425162410816494,-0.02573510011325422,29.29,26.81,3,1025.0,0.0,0.0,858.0,0.0,0.0,3,0,0,0.03175264955910212,-0.04212979566032298,-0.009008447854555778,0.059774437870337344,-0.1100156956295932,-0.024641215993737167,0.043533977207753205,-0.10925210635434325,-0.025040240693635304,24.44,34.23,3,369.0,853.0,0.0,302.0,725.0,0.0,1,2,0,-0.03879251877793018,0.047484925636391145,-0.011891149616247793,-0.048789602915486424,0.08864866152067372,-0.022676605254300104,-0.07981876834394021,0.12191409785648108,-0.03480605596124348
92,least_connections,4548,measured,151,107,5,light,0,58.67,33.4,4,880.0,0.0,0.0,668.0,0.0,0.0,4,0,0,0.06921880243157066,-0.046366443615044654,-0.005091142251642077,-0.0007527100792267261,-0.2633276984370266,-0.033024250720741825,-0.055397376931435205,-0.1847990884788159,-0.023284138197706198,24.2,23.22,2,847.0,0.0,0.0,743.0,0.0,0.0,2,0,0,-0.014355312530426878,-0.03811743416886365,-0.00815050043983618,0.008068028821461654,-0.0995380103315367,-0.022294433518143152,0.006873003187967186,-0.0988471438444058,-0.022655455865670037,24.44,34.23,3,369.0,853.0,0.0,302.0,725.0,0.0,1,2,0,-0.03509799318003207,0.042962551766258655,-0.010758659176605146,-0.044142974066392476,0.08020593185203811,-0.02051692856341438,-0.07221698088261257,0.11030323139395909,-0.0314911934887441
92,least_connections,4549,measured,380,332,13,medium,1,58.67,33.4,4,880.0,0.0,0.0,668.0,0.0,0.0,4,0,0,0.06262653553332584,-0.041950591842183256,-0.004606271561009498,-0.0006810234050146358,-0.23824887001445264,-0.02987908398543308,-0.0501214362712985,-0.16719917529035724,-0.021066601226496083,35.06,33.59,3,847.0,380.0,0.0,743.0,332.0,0.0,2,1,0,-0.012988139908481466,0.008596697883499774,-0.007374262302708924,0.0072996451241796045,0.008173092693235504,-0.020171154135462853,0.006218431455779827,0.004435917474109041,-0.020497793402272892,24.44,34.23,3,369.0,853.0,0.0,302.0,725.0,0.0,1,2,0,-0.03175532716288615,0.03887088016947212,-0.009734024969309418,-0.039938881298164614,0.07256727167565352,-0.018562935366898726,-0.06533917317950662,0.09979816173739156,-0.028492032204101805
92,least_connections,4550,measured,457,423,16,heavy,1,58.67,33.4,4,880.0,0.0,0.0,668.0,0.0,0.0,4,0,0,0.05666210357777102,-0.03795529738102295,-0.004167579031389546,-0.0006161640331084905,-0.21555850144164762,-0.027033456939201356,-0.04534796615022241,-0.15127544431032322,-0.019060258252544076,37.63,36.59,3,480.0,380.0,457.0,416.0,332.0,423.0,1,1,1,-0.05483507442966917,0.0077779647517378925,0.03641194861954453,-0.08826630747268102,0.007394702912927362,0.09988596258492136,-0.08682915725429444,0.004013449143241518,0.10105259168365788,17.06,24.17,2,0.0,853.0,0.0,0.0,725.0,0.0,0,2,0,-0.0718149105169877,0.035168891581903346,-0.008806974972232331,-0.1029066068888156,0.06565610294463889,-0.016795036760527418,-0.15019575986082345,0.09029357490525902,-0.02577850532752068
92,least_connections,4551,measured,415,406,19,heavy,2,58.67,33.4,4,880.0,0.0,0.0,668.0,0.0,0.0,4,0,0,0.051265712760840465,-0.034340507154258855,-0.0037706667426857794,-0.000557481744240973,-0.1950291203519669,-0.024458841992610753,-0.041029112231153575,-0.13686825913791148,-0.017244995561825592,23.91,23.59,2,0.0,380.0,457.0,0.0,332.0,423.0,0,1,1,-0.09269658661550567,0.007037206203953331,0.03294414398911172,-0.20394162512834407,0.006690445492648564,0.0903730137673098,-0.19617876132531403,0.0036312158915042247,0.09142853533283332,25.36,37.7,3,396.0,457.0,415.0,309.0,416.0,406.0,1,1,1,-0.021891495002898165,-0.01126442689074958,0.03511568477569002,-0.021448834804166497,-0.012254002097707689,0.0598997286452371,-0.042700925588364066,-0.011496289371432322,0.09912103486240192
92,least_connections,4552,measured,472,443,15,heavy,1,47.33,27.85,3,710.0,0.0,0.0,557.0,0.0,0.0,3,0,0,0.0032993636997173392,-0.03106998266337706,-0.003411555624334753,-0.10304407078447203,-0.17645491841368435,-0.022129428469504966,-0.08733586344723415,-0.12383318683906276,-0.015602615032127917,37.4,37.44,3,0.0,837.0,472.0,0.0,755.0,443.0,0,2,1,-0.08386834027117179,0.04945089631604847,0.029806606466339175,-0.18451861321135893,0.12418931462940312,0.08564361109559324,-0.17749506977052223,0.12288360009231336,0.08837581768208727,25.36,37.7,3,396.0,457.0,415.0,309.0,416.0,406.0,1,1,1,-0.019806590716907865,-0.010191624329725812,0.03177133384467192,-0.019406088632341112,-0.011086954278878389,0.05419499258378595,-0.03863417077042462,-0.010401404669391129,0.08968093630407793
92,least_connections,4553,measured,154,103,6,light,0,47.53,27.65,3,713.0,0.0,0.0,553.0,0.0,0.0,3,0,0,0.002985138585458569,-0.02811093669543639,-0.0030866455648743004,-0.09142082594785567,-0.15964968808857155,-0.020021863853361636,-0.08082768597606899,-0.11203954999724726,-0.014116651695734781,37.4,37.44,3,0.0,1309.0,0.0,0.0,1198.0,0.0,0,3,0,-0.07588087929296496,0.08782518736984884,-0.01611601818578383,-0.16694541195313428,0.23437536629735112,-0.04452652873664014,-0.16059077741142488,0.23643337627399783,-0.045293903049540084,25.36,37.7,3,853.0,0.0,415.0,725.0,0.0,406.0,2,0,1,0.02516365148288835,-0.05230489366793786,0.02874549252613174,0.0651373483802628,-0.09272629196660426,0.04903356471866348,0.09050559152517137,-0.13487111216119516,0.08113989475130862
92,least_connections,4554,measured,482,421,17,heavy,0,42.4,26.2,2,154.0,0.0,482.0,103.0,0.0,421.0,1,0,1,-0.08346696078095697,-0.025433704629204353,0.04029122090615681,-0.4198886837940916,-0.14444495588965997,0.27261513905330775,-0.2767012396926339,-0.1013691166641761,0.17768017227528757,37.4,37.44,3,0.0,1309.0,0.0,0.0,1198.0,0.0,0,3,0,-0.06865412888411115,0.07946088381081562,-0.014581159310947273,-0.15104584890997863,0.21205390284046055,-0.04028590695219822,-0.14529641765795584,0.21391591186695041,-0.040980197997202934,25.36,37.7,3,853.0,0.0,415.0,725.0,0.0,406.0,2,0,1,0.022767113246422804,-0.04732347522337235,0.02600782657126205,0.05893379139166635,-0.08389521654121337,0.044363701412124104,0.08188601137991697,-0.12202624433631942,0.07341228572737446
92,least_connections,4555,measured,419,419,13,heavy,0,70.33,47.15,3,154.0,419.0,482.0,103.0,419.0,421.0,1,1,1,-0.07551772642086584,0.020072453181286764,0.036453961772237115,-0.37989928533751144,0.12204186530618066,0.24665179247680225,-0.2503487406742878,0.09783270397050733,0.16075825110621256,37.4,37.44,3,380.0,929.0,0.0,332.0,866.0,0.0,1,2,0,-0.019031740192200344,0.028809280363980574,-0.013192477471809438,-0.03842923744916435,0.09362700052912415,-0.03644915390913172,-0.03758961597624576,0.09967392026057417,-0.03707732199746932,25.36,37.7,3,853.0,0.0,415.0,725.0,0.0,406.0,2,0,1,0.020598816746763476,-0.042816477583051175,0.02353089070733233,0.0533210493543648,-0.07590519591824067,0.04013858699192181,0.07408734362944869,-0.11040469725666996,0.06642063946762451
92,least_connections,4556,measured,356,335,11,medium,0,94.07,63.9,4,154.0,775.0,482.0,103.0,754.0,421.0,1,2,1,-0.06832556199983099,0.061244691200302535,0.03298215588916691,-0.34371840101965323,0.32514898924527463,0.22316114557424965,-0.22650600346721278,0.24006292263998283,0.14544794147704945,37.4,37.44,3,380.0,929.0,0.0,332.0,866.0,0.0,1,2,0,-0.017219193507228878,0.026065539376934815,-0.011936051045922824,-0.03476931007305348,0.08471014333587423,-0.03297780591778584,-0.03400965254993664,0.0901811659500433,-0.03354614847390081,25.36,37.7,3,853.0,415.0,0.0,725.0,406.0,0.0,2,1,0,0.018637024675643155,0.004345182413520596,-0.021794046729647163,0.048242854177758615,0.006419108454925118,-0.038779373673975506,0.06703140614092976,0.02255448025983829,-0.06234958016421274
92,least_connections,4557,measured,362,320,13,medium,1,94.07,63.9,4,154.0,1257.0,0.0,103.0,1175.0,0.0,1,3,0,-0.0618183656188947,0.09849576369369775,-0.013242902041320637,-0.31098331520825767,0.5849125775711215,-0.08882245559155193,-0.20493400313700205,0.40765216810284166,-0.05885662437790763,47.74,47.44,4,380.0,1291.0,0.0,332.0,1186.0,0.0,1,3,0,-0.015579270316064223,0.06666700728207935,-0.01079928427964446,-0.031457947208953146,0.1702207419297366,-0.02983706249704433,-0.03077063802137124,0.17206867395480105,-0.030351277190672165,25.36,37.7,3,853.0,415.0,0.0,725.0,406.0,0.0,2,1,0,0.01686206994462952,0.0039313555169948194,-0.019718423231585527,0.04364829663701969,0.005807764792551295,-0.03508609999073974,0.06064746269893645,0.020406434520806066,-0.0564115249104782
92,least_connections,4558,measured,465,427,16,heavy,2,94.07,63.9,4,154.0,1257.0,0.0,103.0,1175.0,0.0,1,3,0,-0.055930902226619006,0.08911521477048845,-0.011981673275480576,-0.28136585661699504,0.5292066178024432,-0.08036317410664222,-0.18541647902871616,0.3688281520930472,-0.05325123158001167,47.74,47.44,4,380.0,1291.0,0.0,332.0,1186.0,0.0,1,3,0,-0.014095530285962873,0.06031776849330989,-0.009770781014916416,-0.02846195223667189,0.15400924269833313,-0.026995437497325823,-0.027840101066954934,0.15568118119720095,-0.027460679362989102,26.74,41.63,3,457.0,415.0,465.0,416.0,406.0,427.0,1,1,1,-0.027827741705425887,0.0035569407058524544,0.025243422064846654,-0.03216582685222029,0.005254644336117845,0.0523982904845688,-0.038318962320009864,0.01846296456644357,0.07773877904924989
92,least_connections,4559,measured,153,112,3,light,2,83.8,58.75,3,0.0,1257.0,0.0,0.0,1175.0,0.0,0,3,0,-0.09368804986036504,0.08062805145901336,-0.010840561534958616,-0.34745799725664633,0.4788059875355438,-0.0727095384774382,-0.2143530048355051,0.3337016614175189,-0.04817968571524865,47.74,47.44,4,837.0,834.0,0.0,755.0,763.0,0.0,2,2,0,0.03033080139660048,0.011489318886237304,-0.008840230442067235,0.0923847643028751,0.02120564135291364,-0.02442444344996146,0.09440955141561219,0.0212561877498485,-0.02484537656651395,29.8,45.37,4,610.0,415.0,465.0,528.0,406.0,427.0,2,1,1,0.017906419636133958,0.0032181844481522226,0.022839286630099355,-0.0014167004853421622,0.004754202018392342,0.04740797710508606,-0.0008917595593740113,0.01670458698868703,0.07033508580646419
92,least_connections,4560,measured,183,118,5,light,0,96.0,64.65,4,539.0,901.0,0.0,453.0,840.0,0.0,2,2,0,0.0014024220084225547,0.029865289188540436,-0.009808127103057795,0.01074435168843113,0.21847525856390476,-0.065784820527206,0.01099013848216207,0.15037293175870753,-0.0435911442185583,47.74,47.44,4,1309.0,362.0,0.0,1198.0,320.0,0.0,3,1,0,0.07052605387130066,-0.032688802186828375,-0.007998303733298927,0.20559982076382577,-0.10282754898001692,-0.02209830597853656,0.21067114175698248,-0.10602118727394658,-0.022479150226845955,20.66,31.5,3,153.0,880.0,0.0,112.0,833.0,0.0,1,2,0,-0.026882853889302824,0.04599559091794271,-0.02241978375190557,-0.08397701472483338,0.08844427801664068,-0.04124992547635071,-0.12626714753784632,0.14389145171992318,-0.06514127157192923
92,least_connections,4561,measured,161,104,3,light,2,96.0,64.65,4,958.0,482.0,0.0,872.0,421.0,0.0,3,1,0,0.04435275823437777,-0.016062924294268408,-0.008874019759909433,0.2624512388292155,-0.05506206764853061,-0.05951959952461495,0.1994910776743371,-0.05349591888497893,-0.0394396066739337,47.74,47.44,4,1309.0,362.0,0.0,1198.0,320.0,0.0,3,1,0,0.06380928683593869,-0.029575582930939953,-0.007236560520603791,0.18601888545298523,-0.09303444907715819,-0.019993705409152126,0.19060722349441273,-0.09592393134309452,-0.02033827877667015,23.88,34.97,4,314.0,880.0,0.0,216.0,833.0,0.0,2,2,0,0.01876131813643578,0.04161505844956721,-0.02028456625172409,-0.04684587046532544,0.08002101344362729,-0.03732136114526969,-0.08287662555011495,0.13018750393707335,-0.0589373409460312
92,least_connections,4562,measured,362,324,10,medium,0,100.0,80.85,5,958.0,844.0,0.0,872.0,745.0,0.0,3,2,0,0.04012868602157989,0.028550778246228814,-0.008028875020870439,0.2374558827502426,0.1685311451433929,-0.05385106623655638,0.18049192741963832,0.09817035910406668,-0.03568345365736859,36.89,37.06,3,929.0,362.0,0.0,866.0,320.0,0.0,2,1,0,0.014648311672425252,-0.02675886074704091,-0.0065473642805462876,0.07007150860712269,-0.0841740253555241,-0.018089542989232876,0.0785851069711353,-0.08678831883422836,-0.018401299845558706,20.82,31.23,3,161.0,880.0,0.0,104.0,833.0,0.0,1,2,0,-0.026109374293791662,0.03765171954960843,-0.01835270279917894,-0.0700700732781516,0.07239996454423422,-0.03376694579810115,-0.10876139137073891,0.11778869403830447,-0.053324260855932996
92,least_connections,4563,measured,413,449,18,heavy,1,100.0,80.85,5,958.0,844.0,0.0,872.0,745.0,0.0,3,2,0,0.03630690640047704,0.02583165650849273,-0.007264220256978016,0.214841036774029,0.15248055989164122,-0.04872239326164625,0.16330222004633943,0.08882080109415558,-0.03228502949952396,48.69,51.09,4,1291.0,0.0,413.0,1186.0,0.0,449.0,3,0,1,0.05633713459704688,-0.06729429804550867,0.037160094449120246,0.15697626288943758,-0.16973568280465787,0.09039517539069405,0.16157700154531288,-0.16899895513573043,0.11030060966354213,20.82,31.23,3,576.0,465.0,0.0,510.0,427.0,0.0,2,1,0,0.019461133008564918,-0.0090180587294926,-0.01660482634211428,0.011698505129291409,-0.009590508269502362,-0.03055104619828199,0.024041280823299732,-0.015873721266930874,-0.04824575982203461
92,least_connections,4564,measured,187,108,5,light,2,100.0,80.85,5,1440.0,362.0,0.0,1293.0,324.0,0.0,4,1,0,0.07593300601766517,-0.019712401480978234,-0.006572389756313443,0.48511014438285155,-0.1527715569234357,-0.044082165331965656,0.3382020086133547,-0.11009070377195443,-0.02921026478528358,48.69,51.09,4,1291.0,0.0,413.0,1186.0,0.0,449.0,3,0,1,0.05097169320685194,-0.06088531727926975,0.03362103783491832,0.14202614261425306,-0.15357037968040474,0.08178611106777081,0.1461887156838545,-0.15290381655137517,0.09979578969558574,21.34,31.37,3,602.0,465.0,0.0,514.0,427.0,0.0,2,1,0,0.01760769176965396,-0.008159195993350452,-0.015023414309531968,0.015289123688406514,-0.008677126529549758,-0.027641422750826563,0.02295798423695372,-0.014361938289127935,-0.04365092555326941
92,least_connections,4565,measured,366,330,7,medium,2,100.0,74.95,4,1619.0,0.0,0.0,1499.0,0.0,0.0,4,0,0,0.06870129115883992,-0.060918930138118624,-0.005946447874759782,0.4750996544416276,-0.3565710911846958,-0.039883863871778454,0.3991827696977972,-0.24617730341272068,-0.026428334805732763,48.69,51.09,4,1291.0,0.0,413.0,1186.0,0.0,449.0,3,0,1,0.0461172462347708,-0.05508671563362501,0.030419034231592767,0.12849984331765754,-0.1389446292346519,0.07399695763274503,0.13226598085682073,-0.13834154830838705,0.09029142877219662,28.66,42.37,4,968.0,465.0,0.0,844.0,427.0,0.0,3,1,0,0.05901466897072999,-0.007382129708269458,-0.0135926129467194,0.08006158809903446,-0.007850733526735501,-0.02500890629836689,0.12029531907152954,-0.012994134642544314,-0.03949369454819613
92,least_connections,4566,measured,359,322,14,medium,0,100.0,91.05,5,1619.0,359.0,0.0,1499.0,322.0,0.0,4,1,0,0.06215831104847422,-0.012033227041064243,-0.005380119505735041,0.42985206830432976,-0.10607225710361368,-0.03608540064589479,0.36116536305991176,-0.07706517927817585,-0.02391135053852012,35.63,37.88,3,834.0,0.0,413.0,763.0,0.0,449.0,2,0,1,-0.0013587726810123657,-0.04984036176375596,0.027521983352393455,-0.0018742914200785554,-0.1257118074027803,0.06694962833438836,7.100648950447708e-05,-0.12516616275520734,0.08169224507960646,28.66,42.37,4,968.0,465.0,0.0,844.0,427.0,0.0,3,1,0,0.05339422430685094,-0.006679069736053325,-0.01229807838036517,0.07243667494674547,-0.007103044619427359,-0.022627105698522425,0.10883862201709815,-0.011756598009921043,-0.035732390305510786
92,least_connections,4567,measured,362,311,12,medium,1,100.0,74.3,4,1263.0,359.0,0.0,1164.0,322.0,0.0,3,1,0,0.01315457167424311,-0.010887205418105741,-0.004867727171855513,0.24596139513248882,-0.09597013737946003,-0.03264869582247624,0.1752210427684915,-0.06972563839454007,-0.02163407905866106,32.49,33.75,3,362.0,775.0,0.0,320.0,760.0,0.0,1,2,0,-0.044313265985768555,0.04107413981011648,-0.018183058146020434,-0.12370939291748606,0.08660088173762054,-0.046188431506981945,-0.12518873222378166,0.10163537655481239,-0.053037373499403684,28.66,42.37,4,1433.0,0.0,0.0,1271.0,0.0,0.0,4,0,0,0.09139296031390821,-0.049126868083186566,-0.011126832820330392,0.14968080114229354,-0.09056942132233904,-0.0204721432510441,0.2272508167456285,-0.13941469978675397,-0.03232930551450976
92,least_connections,4568,measured,380,345,12,medium,1,80.2,53.35,3,844.0,359.0,0.0,745.0,322.0,0.0,2,1,0,-0.03118214490244217,-0.009850328711619477,-0.004404134107869274,-0.030193658372192678,-0.08683012429570197,-0.029539296220335645,-0.031014294638031514,-0.06308510140458387,-0.019573690576883816,43.34,44.53,4,362.0,1155.0,0.0,320.0,1105.0,0.0,1,3,0,-0.04009295493950488,0.08024621719781513,-0.016451338322589916,-0.11192754597296359,0.17658447123199683,-0.04178953326822176,-0.11326599582151672,0.18950045974006838,-0.04798619507088905,28.66,42.37,4,1433.0,0.0,0.0,1271.0,0.0,0.0,4,0,0,0.08268886885544077,-0.044448118741930706,-0.010067134456489402,0.1354254867477894,-0.08194376214878295,-0.018522415322373233,0.2056078818174734,-0.12613710933087263,-0.0292503240369374
92,least_connections,4569,measured,433,430,18,heavy,0,100.0,74.85,4,844.0,359.0,433.0,745.0,322.0,430.0,2,1,1,-0.028212416816495306,-0.008912202167655717,0.03909920746249469,-0.02731807186055535,-0.0785605886484923,0.2344485732609662,-0.028060552291552354,-0.05707699650890921,0.17681427995424798,43.34,44.53,4,362.0,1155.0,0.0,320.0,1105.0,0.0,1,3,0,-0.036274578278599645,0.07260372032183274,-0.014884544196628971,-0.1012677796898242,0.15976690254323522,-0.03780957771886731,-0.10247875812422941,0.17145279690768092,-0.0434160812546139,24.92,38.77,3,1246.0,0.0,0.0,1163.0,0.0,0.0,3,0,0,0.03172983826149857,-0.04021496457603255,-0.009108359746347555,0.08868972610514278,-0.07413959432508933,-0.016758375767861496,0.15345475021580923,-0.11412405129936096,-0.026464578890562408
92,least_connections,4570,measured,420,424,15,heavy,2,100.0,74.85,4,844.0,359.0,433.0,745.0,322.0,430.0,2,1,1,-0.025525519976829086,-0.008063421008831367,0.03537547341844758,-0.024716350730978665,-0.07107862782482638,0.21212013771230273,-0.025388118739975984,-0.051641092079489304,0.15997482472051008,33.0,34.53,3,0.0,1155.0,0.0,0.0,1105.0,0.0,0,3,0,-0.075903756764538,0.06568908029118199,-0.013466968558854783,-0.18520146053569128,0.14455100706292712,-0.03420866555516566,-0.18319506687430281,0.1551239591069494,-0.0392812163732221,25.02,39.37,3,831.0,0.0,420.0,757.0,0.0,424.0,2,0,1,-0.014375951323496755,-0.03638496794974373,0.03484300331339529,0.005147847428462499,-0.06707868057984273,0.06083766001955389,0.016395567655573456,-0.10325509403275515,0.10392887306726895
92,least_connections,4571,measured,194,122,2,light,1,76.93,53.8,3,362.0,359.0,433.0,324.0,322.0,430.0,1,1,1,-0.0661784183010313,-0.007295476150847427,0.03200638071192877,-0.31309257129628226,-0.06430923469865246,0.19191821983494056,-0.21342258362188302,-0.046722892833823665,0.14473912712808054,38.54,38.34,4,194.0,1155.0,0.0,122.0,1105.0,0.0,1,3,0,-0.02559092732211035,0.05943297740630751,-0.012184400124678137,-0.11741356633501318,0.13078424448550546,-0.030950697407054646,-0.1312538700291311,0.14035024871581137,-0.035540148147200946,25.02,39.37,3,831.0,420.0,0.0,757.0,424.0,0.0,2,1,0,-0.013006813102211356,0.010164167319846373,-0.011559278181304481,0.004657576244799427,0.015309765189666105,-0.02095640283945125,0.014834085021709298,0.03445174031957074,-0.03384213071691541
92,least_connections,4572,measured,397,305,9,medium,0,79.27,52.85,3,0.0,756.0,433.0,0.0,627.0,430.0,0,2,1,-0.10295961202292854,0.0364832313283716,0.028958153977459357,-0.5016234375220332,0.1812757717805843,0.1736402941363748,-0.33966805184837034,0.0957030969598738,0.13095444835397763,38.54,38.34,4,556.0,793.0,0.0,433.0,794.0,0.0,2,2,0,0.01993020407818133,0.010688793617044667,-0.011023981065184981,-0.012653090629637792,0.024750370861035514,-0.02800301193971611,-0.030821953835880517,0.039052010742876925,-0.03215537213318181,17.7,28.37,2,465.0,420.0,0.0,427.0,424.0,0.0,1,1,0,-0.05485196922399621,0.009196151384622903,-0.010458394544989768,-0.06201457387375289,0.013851692314459804,-0.018960554949979704,-0.08610249450416779,0.031170622193897338,-0.03061907064863775
92,least_connections,4573,measured,364,350,9,medium,2,79.27,52.85,3,359.0,830.0,0.0,322.0,735.0,0.0,1,2,0,-0.05007003446065417,0.03300863786852669,-0.01688366567572271,-0.23731009426596655,0.20864633319830644,-0.10407147990835933,-0.1616520469104303,0.13544565915417153,-0.07604121339402024,33.0,34.53,3,742.0,413.0,0.0,656.0,449.0,0.0,2,1,0,0.018032089404068835,-0.033413086954193136,-0.009974078106595936,0.036633598273865114,-0.07583809983321277,-0.02533605842164791,0.03516406557706048,-0.06221187123263516,-0.029092955739545446,24.98,40.03,3,465.0,784.0,0.0,427.0,774.0,0.0,1,2,0,-0.04962797215504419,0.05140422766998761,-0.009462356969276458,-0.05610842398101454,0.07839915018927315,-0.0171547878118864,-0.07790225693234229,0.1337575470643198,-0.02770296868210082
92,least_connections,4574,measured,437,413,19,heavy,0,100.0,73.5,4,756.0,433.0,437.0,627.0,430.0,413.0,2,1,1,-0.002217559523358309,-0.013218942155233226,0.027808202710627297,0.024751184553014394,-0.050685063614230697,0.1694273911940241,-0.008280423395151226,-0.015430117908130508,0.1180341402625531,33.0,34.53,3,1155.0,0.0,0.0,1105.0,0.0,0.0,3,0,0,0.05939864778281964,-0.0733147884234083,-0.009024165905967751,0.1399065889144494,-0.17537732842052584,-0.02292310047672906,0.15876451171257858,-0.1832363358771461,-0.026322198050064926,15.68,25.8,2,0.0,784.0,0.0,0.0,774.0,0.0,0,2,0,-0.08798539884322593,0.046508586939512604,-0.008561180115059653,-0.1349076216971084,0.07093256445696143,-0.015520998496468647,-0.1992607721451351,0.1210187330581941,-0.025064590712376933
92,least_connections,4575,measured,176,108,1,light,2,100.0,73.5,4,756.0,433.0,437.0,627.0,430.0,413.0,2,1,1,-0.00200636337827656,-0.011959995283306254,0.02515980245247232,0.022393928881298764,-0.045857914698589686,0.1532914491755456,-0.007491811643232094,-0.01396058286926094,0.10679279357088138,33.0,34.53,3,1155.0,0.0,0.0,1105.0,0.0,0.0,3,0,0,0.05374163370826539,-0.06633242762117894,-0.008164721533970822,0.126582151874978,-0.15867472571380908,-0.02073994805037391,0.14364408202566634,-0.16578525626979887,-0.02381532204529684,19.2,29.4,3,540.0,420.0,0.0,458.0,424.0,0.0,2,1,0,0.006561963404881743,-0.0010047025195792925,-0.007745829627911115,-0.024344991059288543,-0.0016895845389396508,-0.014042808163471632,-0.042156571623376216,0.003937583878048628,-0.022677486835007702
92,least_connections,4576,measured,369,335,7,medium,1,100.0,73.5,4,756.0,433.0,437.0,627.0,430.0,413.0,2,1,1,-0.0018152811517740397,-0.010820948113467566,0.0227636307903321,0.02026117374974651,-0.04149049425110496,0.13869226353977934,-0.00677830577244809,-0.012631003548378955,0.09662205132603553,43.54,45.0,4,1524.0,0.0,0.0,1440.0,0.0,0.0,4,0,0,0.09170728310566414,-0.06001505356201904,-0.0073871290069259824,0.20991446394130664,-0.1435628470743987,-0.018764714902719252,0.22468095516607905,-0.14999618424410374,-0.02154719613622095,15.68,25.8,2,364.0,420.0,0.0,350.0,424.0,0.0,1,1,0,-0.03714688571757864,-0.0009090165653336396,-0.007008131568110056,-0.05387403952983247,-0.0015286717257072951,-0.01270539786218862,-0.07071308861162609,0.00356257588966305,-0.020517726184054588
92,least_connections,4577,measured,381,336,10,medium,2,100.0,73.5,4,756.0,433.0,437.0,627.0,430.0,413.0,2,1,1,-0.0016423972325574632,-0.009790381626470654,0.020595665953157614,0.01833153815453259,-0.03753901860814263,0.12548347653599085,-0.006132752841738753,-0.011428050829485725,0.08741995119974644,43.54,45.0,4,1524.0,0.0,0.0,1440.0,0.0,0.0,4,0,0,0.08297325614321995,-0.054299334175160086,-0.00668359291102827,0.18992261023261078,-0.12989019497207502,-0.01697759919769837,0.2032827689597858,-0.13571083336371292,-0.01949508221848562,23.3,37.0,3,364.0,801.0,0.0,350.0,760.0,0.0,1,2,0,-0.03360908707780924,0.04226145666764598,-0.006340690466385289,-0.04874317862222938,0.06755977320055055,-0.011495359970551608,-0.06397850874385216,0.10455661628112373,-0.018563657023668436
92,least_connections,4578,measured,478,435,17,heavy,2,100.0,73.5,4,756.0,433.0,437.0,627.0,430.0,413.0,2,1,1,-0.0014859784485043714,-0.00885796432871154,0.018634173957618794,0.016585677377910446,-0.033963873978795744,0.11353266924684888,-0.005548681142525547,-0.010339665036201373,0.07909424156167535,43.54,45.0,4,1524.0,0.0,0.0,1440.0,0.0,0.0,4,0,0,0.07507104127243709,-0.04912796901562103,-0.006047060252835101,0.17183474259140974,-0.11751970021282977,-0.015360684988393764,0.18392250524933001,-0.12278599209097836,-0.01763840772148699,32.86,51.5,4,784.0,381.0,478.0,774.0,336.0,435.0,2,1,1,0.012675678584929961,-0.004847344194125289,0.03734708504288496,0.03189902886560199,-0.014874490913787591,0.07609467431235807,0.06998769843810201,-0.0332741725710468,0.11439478650239521
92,least_connections,4579,measured,388,324,8,medium,0,100.0,89.7,5,756.0,1258.0,0.0,627.0,1167.0,0.0,2,3,0,-0.001344456691503959,0.07815345177515667,-0.026224409503197505,0.015006089056204708,0.46688982830489906,-0.16086726750681926,-0.005020235319427857,0.3240498268720083,-0.11527187668229372,33.2,35.28,3,1162.0,0.0,0.0,1129.0,0.0,0.0,3,0,0,0.024837518067352377,-0.044449114823657127,-0.005471149752565092,0.06189129771875845,-0.1063273478116079,-0.013897762608546738,0.07847452855891762,-0.11109208808231376,-0.015958559367059658,32.86,51.5,4,784.0,381.0,478.0,774.0,336.0,435.0,2,1,1,0.011468471100650912,-0.0043856923661133584,0.03379021980070544,0.028861026116497046,-0.013457872731522103,0.06884756247308588,0.06332220334875896,-0.03010520375475663,0.10350004493073853
92,least_connections,4580,measured,357,334,6,medium,1,100.0,73.6,4,1218.0,437.0,0.0,1059.0,413.0,0.0,3,1,0,0.04186748702968235,-0.015457534561706315,-0.02372684669336917,0.2922436043841853,-0.07278221883525005,-0.14554657536331267,0.19088645375861285,-0.04790729949675446,-0.10429360271255146,32.54,34.94,3,1139.0,0.0,0.0,1118.0,0.0,0.0,3,0,0,0.02247204015617596,-0.040215865792832636,-0.004950087871368416,0.05005131018091752,-0.0962009337343119,-0.012574166169637526,0.06789064488663976,-0.1005118892173315,-0.014438696570196833,32.86,51.5,4,1165.0,0.0,478.0,1110.0,0.0,435.0,3,0,1,0.05346013598448915,-0.047051907605621834,0.030572103629209688,0.0950552141054021,-0.08111902770947238,0.062290651761363405,0.15862485064887716,-0.1285713748257322,0.09364289779447771
92,least_connections,4581,measured,169,102,4,light,1,83.87,58.35,3,821.0,437.0,0.0,754.0,413.0,0.0,2,1,0,-0.005203792914187627,-0.01398538841297238,-0.02146714700828639,0.024950562696802514,-0.06585057894617863,-0.1316849967572829,0.03473060101969738,-0.04334469954468262,-0.09436087864468942,25.57,24.09,3,895.0,0.0,0.0,771.0,0.0,0.0,3,0,0,0.02033184585558777,-0.036385783336372386,-0.004478650931238091,-0.017790311196856978,-0.08703894004532982,-0.011376626534433953,-0.03668524986446878,-0.0909393283394904,-0.013063582611130468,32.86,51.5,4,1165.0,478.0,0.0,1110.0,435.0,0.0,3,1,0,0.048368694462156844,0.0005131266788137995,-0.01542342551461527,0.08600233657155429,0.013101832072382136,-0.030137029358766446,0.14351772201565077,0.014863994205289915,-0.046465949614520156
92,least_connections,4582,measured,356,349,9,medium,0,100.0,75.8,4,821.0,793.0,0.0,754.0,762.0,0.0,2,2,0,-0.00470819358902691,0.0304304535674014,-0.01942265681702102,0.02257431863044035,0.1551510634931399,-0.11914356849468453,0.03142292473210717,0.1186643194595729,-0.08537412829757614,25.57,24.09,3,895.0,0.0,0.0,771.0,0.0,0.0,3,0,0,0.018395479583627028,-0.03292047063767026,-0.0040521127473106535,-0.01609599584477539,-0.07874951718386984,-0.01029313829305929,-0.0331914165440432,-0.0822784399262056,-0.0118194318862609,25.58,39.83,3,801.0,478.0,0.0,760.0,435.0,0.0,2,1,0,0.0006782519056702518,0.00046425747130772466,-0.013954527846556673,0.011944971183787206,0.011854038541679074,-0.027266836086502974,0.024293811982414204,0.013448375709548016,-0.04204062107980395
92,least_connections,4583,measured,353,328,10,medium,1,100.0,75.8,4,821.0,793.0,0.0,754.0,762.0,0.0,2,2,0,-0.004259794199595768,0.027532315132410792,-0.017572879977304733,0.02042438352277942,0.14037477173188845,-0.10779656197138125,0.028430265233811258,0.10736295570151833,-0.07724325893590223,25.11,23.88,3,526.0,353.0,0.0,436.0,328.0,0.0,2,1,0,-0.026440371079666236,0.013298712506960464,-0.0036661972475667817,-0.10995079896159951,0.02000213751391368,-0.009312839408006025,-0.12474759115889625,0.0182956972096235,-0.010693771706617004,25.58,39.83,3,801.0,478.0,0.0,760.0,435.0,0.0,2,1,0,0.0006136564860826088,0.00042004247404031636,-0.012625525194503657,0.010807354880569386,0.01072508249009059,-0.024669994554455073,0.021980115603136646,0.012167578022924397,-0.0380367524055369
92,least_connections,4584,measured,376,306,12,medium,1,100.0,75.8,4,1177.0,437.0,0.0,1103.0,413.0,0.0,3,1,0,0.03922980071283738,-0.01817371034505237,-0.01589927236041857,0.2332093628698163,-0.08772441287749771,-0.09753022273601161,0.18360357330678162,-0.060743040079578675,-0.06988675808486391,35.86,33.44,4,526.0,729.0,0.0,436.0,634.0,0.0,2,2,0,-0.023922240500650394,0.05511606868543588,-0.0033170356049413738,-0.09947929429859004,0.11529445094796273,-0.00842590232152926,-0.11286686819138231,0.10307110699918316,-0.009675317258367766,25.58,39.83,3,801.0,478.0,0.0,760.0,435.0,0.0,2,1,0,0.000555213011217609,0.0003800384288936143,-0.011423094223598546,0.00977808298718183,0.009703646062462906,-0.02232047126355459,0.019886771259980757,0.011008761068360157,-0.03441420455739053
92,least_connections,4585,measured,195,104,5,light,2,100.0,75.8,4,1177.0,437.0,0.0,1103.0,413.0,0.0,3,1,0,0.03549362921637668,-0.016442880788380715,-0.01438505594514061,0.2109989473584052,-0.07936970688916462,-0.0882416300944867,0.16611751870613573,-0.054957988643428296,-0.06323087636249593,31.03,30.25,3,357.0,729.0,0.0,334.0,634.0,0.0,1,2,0,-0.0647278321082982,0.049866919286822936,-0.0030011274520898145,-0.1336921506238944,0.10431402704815676,-0.007623435433764569,-0.13095692836363163,0.09325481109449905,-0.00875385847185655,21.08,29.17,3,576.0,478.0,0.0,440.0,435.0,0.0,2,1,0,0.0005023355815778341,0.0003438442928085095,-0.010335180488017731,-0.031867448725883124,0.008779489294609297,-0.02019471209559701,-0.07851514346319202,0.009960307633278237,-0.031136661266210484
92,least_connections,4586,measured,186,109,5,light,1,100.0,75.8,4,1614.0,0.0,0.0,1516.0,0.0,0.0,4,0,0,0.07519718380347913,-0.057960792368625634,-0.013015050617031981,0.3857292063401444,-0.33539798877273624,-0.0798376653235832,0.337130135972218,-0.23655722782024463,-0.05720888813749631,26.14,23.22,3,539.0,376.0,0.0,437.0,306.0,0.0,2,1,0,-0.01547937644265529,0.0020337886517967224,-0.0027153057899860227,-0.0739119458025711,0.0031276571252030483,-0.006897393963882229,-0.08936281613852384,-0.008364694724024652,-0.00792015766501307,21.08,29.17,3,576.0,478.0,0.0,440.0,435.0,0.0,2,1,0,0.00045449409761805226,0.0003110972173029358,-0.009350877584396995,-0.028832453609132364,0.007943347457027461,-0.018271406181730628,-0.07103751075241183,0.00901170690629935,-0.02817126495514282
92,least_connections,4587,measured,469,413,20,heavy,1,52.87,38.1,2,793.0,0.0,0.0,762.0,0.0,0.0,2,0,0,-0.01813225320274789,-0.052440716904947005,-0.011775521986838459,-0.07745135299383765,-0.3034553231753328,-0.07223407814990862,-0.03607273412037415,-0.21402796802784038,-0.0517604226005919,39.54,36.12,4,539.0,376.0,469.0,437.0,306.0,413.0,2,1,1,-0.014005150114783371,0.0018400944944827469,0.040627194988198584,-0.0668727128689929,0.002829785018040848,0.1149975959374399,-0.0808520717443787,-0.0075680571312603945,0.10960497639832151,13.46,17.97,2,195.0,478.0,0.0,104.0,435.0,0.0,1,1,0,-0.04267269128129342,0.00028146891089313175,-0.008460317814454424,-0.095029362789215,0.007186838175405802,-0.016531272259661046,-0.16560536687122973,0.0081534491056994,-0.025488287340367313
92,least_connections,4588,measured,399,346,9,medium,0,79.47,55.4,3,793.0,399.0,0.0,762.0,346.0,0.0,2,1,0,-0.016405371945343333,-0.004362462687242302,-0.010654043702377653,-0.07007503366109125,-0.0338881495395868,-0.06535464213563161,-0.032637235632719475,-0.03712054250137942,-0.046830858543392674,39.54,36.12,4,539.0,376.0,469.0,437.0,306.0,413.0,2,1,1,-0.012671326294327823,0.001664847399770103,0.036757938322655864,-0.06050388307194596,0.0025602816829893432,0.104045443943398,-0.07315187443539023,-0.006847289785426064,0.09916640721752898,13.46,17.97,2,673.0,0.0,0.0,539.0,0.0,0.0,2,0,0,0.004475274781777616,-0.042829237878806437,-0.00765457326069686,0.0005162908097578467,-0.07999286069844237,-0.014956865377788566,-0.01864295097873167,-0.12381354604722435,-0.023060831403189472
92,least_connections,4589,measured,365,310,6,medium,2,79.47,55.4,3,793.0,399.0,0.0,762.0,346.0,0.0,2,1,0,-0.014842955569596361,-0.003946990050362087,-0.009639372873579782,-0.0634012209314635,-0.030660706726292786,-0.05913039050366669,-0.029528927477222355,-0.03358525273934329,-0.042370776777355276,39.54,36.12,4,915.0,0.0,469.0,743.0,0.0,413.0,3,0,1,0.031619366912841715,-0.041577609722203465,0.033257182291926736,0.04245567041789927,-0.09488083357933617,0.09413635404402676,0.02033282789178978,-0.09271302409157596,0.08972198748252622,20.76,28.3,3,1038.0,0.0,0.0,849.0,0.0,0.0,3,0,0,0.0471329583626514,-0.03875026284272964,-0.0069255662834876355,0.06651473930406662,-0.07237449301287643,-0.013532402008475369,0.07662463165416339,-0.11202177975701251,-0.020864561745742857
92,least_connections,4590,measured,199,125,6,light,0,92.73,61.65,4,1391.0,0.0,0.0,1233.0,0.0,0.0,4,0,0,0.07273845970007041,-0.04665498646279925,-0.008721337361810279,0.3033354032842315,-0.26840730608569346,-0.05349892474141272,0.18635477990156074,-0.18691046676416773,-0.03833546470332144,39.54,36.12,4,915.0,0.0,469.0,743.0,0.0,413.0,3,0,1,0.02860799863542822,-0.0376178373677079,0.030089831597457522,0.03841227323524221,-0.08584456371463749,0.08517098699221469,0.018396368092571697,-0.08388321227333063,0.0811770362937142,16.86,24.83,2,843.0,0.0,0.0,745.0,0.0,0.0,2,0,0,-0.00043979504150135074,-0.03505976161961253,-0.0062659885422030985,0.024894287941774562,-0.06548168415450725,-0.012243601817192,0.03796196832202087,-0.10135303882777322,-0.01887746062710068
92,least_connections,4591,measured,159,118,2,light,2,69.0,44.2,3,1035.0,0.0,0.0,884.0,0.0,0.0,3,0,0,0.022727087120925388,-0.042211654418723134,-0.007890733803542634,0.05971615852700296,-0.24284470550610363,-0.04840378905175437,0.01072575324426922,-0.16910946992948508,-0.03468446806490988,34.23,32.72,3,729.0,0.0,469.0,634.0,0.0,413.0,2,0,1,-0.017200472889941365,-0.03403518618983096,0.027224133350080615,-0.01332767115450878,-0.0776688909799101,0.07705946442152757,-0.014174119344816077,-0.07589433491396581,0.07344588998002713,20.04,28.77,3,1002.0,0.0,0.0,863.0,0.0,0.0,3,0,0,0.042685990427303755,-0.03172073670345896,-0.005669227728659946,0.05129483194731982,-0.05924533328264942,-0.011077544501268952,0.06993384435484432,-0.0917003684632234,-0.017079607234043472
92,least_connections,4592,measured,196,114,3,light,0,82.07,49.9,4,1231.0,0.0,0.0,998.0,0.0,0.0,4,0,0,0.06364650285997558,-0.038191496855035215,-0.0071392353460623835,0.17225112755617733,-0.21971663831504615,-0.04379390438015871,0.06127568150671975,-0.153003806126677,-0.03138118539206132,34.23,32.72,3,729.0,0.0,469.0,634.0,0.0,413.0,2,0,1,-0.015562332614708851,-0.030793739886037536,0.024631358745311034,-0.012058369139793662,-0.07027185374372819,0.06972046780995352,-0.012824203216738356,-0.06866630301739764,0.06645104331526264,20.04,28.77,3,1002.0,0.0,0.0,863.0,0.0,0.0,3,0,0,0.03862065800565577,-0.02869971416027239,-0.00512930127831138,0.04640960985709888,-0.05360292058906376,-0.01002254026305286,0.06327347822581153,-0.0829670000381545,-0.01545297797365838
92,least_connections,4593,measured,465,434,19,heavy,1,52.93,29.25,3,794.0,0.0,0.0,585.0,0.0,0.0,3,0,0,0.014501030932268177,-0.034554211440269954,-0.0064593081702469185,-0.1077410433221887,-0.19879124418980365,-0.03962305634395312,-0.13139343101772977,-0.13843201506699349,-0.028392501069007862,37.43,36.03,3,376.0,469.0,465.0,306.0,413.0,434.0,1,1,1,-0.057164105925779654,0.015222897472723408,0.022285515055281414,-0.102161653711514,0.057658798993769744,0.06204640965118244,-0.10434094576752519,0.05464417822235451,0.06605987252333287,16.86,24.83,2,843.0,0.0,0.0,745.0,0.0,0.0,2,0,0,-0.00814140012640216,-0.025966408049770257,-0.0046407963946626775,0.01321821844213708,-0.04849788053296245,-0.009068012618952589,0.021660131093194535,-0.0750653809869017,-0.013981265785690915
92,least_connections,4594,measured,499,435,19,heavy,2,52.93,29.25,3,794.0,0.0,0.0,585.0,0.0,0.0,3,0,0,0.013119980367290257,-0.031263334160244245,-0.005844135963556736,-0.09747999157721832,-0.1798587447431557,-0.0358494319302433,-0.11887977092080315,-0.12524801363204172,-0.02568845334814997,37.43,36.03,3,376.0,469.0,465.0,306.0,413.0,434.0,1,1,1,-0.05171990536141968,0.013773097713416421,0.020163085050016516,-0.09243197240565554,0.0521674848038869,0.05613722777964125,-0.0944037128372847,0.04943997077260645,0.059768456092539266,26.84,39.33,3,843.0,0.0,499.0,745.0,0.0,435.0,2,0,1,-0.0073660286857924195,-0.023493416806934994,0.03888508444111018,0.011959340495266896,-0.04387903476791841,0.08209084572570957,0.019597261465271243,-0.06791629708338726,0.11854075952723202
92,least_connections,4595,measured,160,116,6,light,0,50.53,29.35,3,758.0,0.0,0.0,587.0,0.0,0.0,3,0,0,0.01187045842754833,-0.02828587376403051,-0.005287551586075142,-0.1099104685698642,-0.16272934048190277,-0.032435200317839176,-0.10665312607120286,-0.11331963138137108,-0.023241933981659496,37.43,36.03,3,376.0,469.0,465.0,306.0,413.0,434.0,1,1,1,-0.04679420008890352,0.012461374121662476,0.01824279123572923,-0.08362892741464073,0.047199152917802425,0.05079082513396113,-0.0854128830432576,0.044731402127596326,0.0540762221789641,9.98,14.5,1,0.0,0.0,499.0,0.0,0.0,435.0,0,0,1,-0.09283230259780312,-0.02125594853960785,0.03518174306576636,-0.1417225014566633,-0.0397000790757357,0.07427266994230866,-0.2069516840711038,-0.06144807831354085,0.10725116338178135
92,least_connections,4596,measured,170,125,5,light,2,37.27,23.1,2,559.0,0.0,0.0,462.0,0.0,0.0,2,0,0,-0.03234396164945175,-0.02559198102459903,-0.004783975244544176,-0.21947455092828977,-0.14723130805505488,-0.02934613362090211,-0.15304330454061213,-0.10252728553552622,-0.021028416459596688,26.69,26.47,2,0.0,469.0,465.0,0.0,413.0,434.0,0,1,1,-0.08542150983100341,0.011274576586266044,0.01650538254661216,-0.17286154657243005,0.04270399549705933,0.0459536036926315,-0.1637961798962807,0.040471268591634774,0.048926105780967524,13.38,18.67,2,170.0,0.0,499.0,125.0,0.0,435.0,1,0,1,-0.040907230695064495,-0.01923157248821663,0.031831100869026706,-0.09746321560364773,-0.03591911916376087,0.06719908232875545,-0.1495435871754431,-0.05559588037891791,0.09703676686923075
92,least_connections,4597,measured,168,107,4,light,0,21.87,11.15,2,328.0,0.0,0.0,223.0,0.0,0.0,2,0,0,-0.029263584349503963,-0.02315464949844674,-0.004328358554587588,-0.3379055460779765,-0.13320927871647822,-0.02655126375224477,-0.24658679934626815,-0.09276278215119038,-0.01902571013011129,26.69,26.47,2,0.0,469.0,465.0,0.0,413.0,434.0,0,1,1,-0.07728612794233643,0.010200807387574035,0.014933441351696719,-0.15639854213696053,0.038636948306863206,0.04157707000761898,-0.14819654371568255,0.036616862059098115,0.04426647665897063,13.38,18.67,2,170.0,0.0,499.0,125.0,0.0,435.0,1,0,1,-0.0370113039622012,-0.017399994156005523,0.028799567452928925,-0.08818100459377652,-0.03249825067197412,0.06079916972601683,-0.13530134077778186,-0.05030103462854478,0.08779517002454211
92,least_connections,4598,measured,424,406,17,heavy,0,50.13,31.45,3,328.0,0.0,424.0,223.0,0.0,406.0,2,0,1,-0.02647657631621786,-0.020949444784308956,0.03916776629641622,-0.3057240654991217,-0.1205226807434803,0.23172345977971506,-0.22310234226567122,-0.08392823147012463,0.16645292892989932,26.69,26.47,2,0.0,934.0,0.0,0.0,847.0,0.0,0,2,0,-0.06992554432878058,0.05231320214884816,-0.02957269138474605,-0.14150344288582142,0.15516132057695786,-0.08258673257814066,-0.13408258717133184,0.15583787519632689,-0.08265771159426467,13.38,18.67,2,170.0,0.0,499.0,125.0,0.0,435.0,1,0,1,-0.03348641787056299,-0.01574285185543357,0.026056751505030933,-0.07978281368008351,-0.02940317917940516,0.05500877260925332,-0.1224154987989455,-0.04551045990201671,0.0794337252603
92,least_connections,4599,measured,384,333,15,medium,1,50.13,31.45,3,328.0,0.0,424.0,223.0,0.0,406.0,2,0,1,-0.023954997619435203,-0.018954259566755723,0.03543750283961467,-0.27660748783253863,-0.10904433019648217,0.20965455884831363,-0.20185450014513112,-0.07593506656820799,0.15060026903181367,37.66,36.88,3,0.0,934.0,384.0,0.0,847.0,333.0,0,2,1,-0.06326596867842052,0.04733099242038643,0.01632765564055856,-0.12802692451574318,0.14038405195058093,0.02454397664698839,-0.12131281696453833,0.1409961727966767,0.019366237128998626,13.38,18.67,2,170.0,499.0,0.0,125.0,435.0,0.0,1,1,0,-0.030297235216223656,0.028840367595650805,-0.019508744103157952,-0.0721844504724565,0.0636923616948239,-0.040525396210675566,-0.11075687986571262,0.09001434580293727,-0.05932186762163332
92,least_connections,4600,measured,421,447,17,heavy,2,50.13,31.45,3,328.0,0.0,424.0,223.0,0.0,406.0,2,0,1,-0.021673569274727078,-0.017149091988969464,0.032062502569175186,-0.25026391756277305,-0.0986591558920553,0.1896874580056171,-0.18263026203607102,-0.0687031554664739,0.13625738626687903,37.66,36.88,3,469.0,849.0,0.0,413.0,767.0,0.0,1,2,0,-0.014156738101337385,0.0428232788565401,-0.028311259409109144,0.005404211152422844,0.10504135312535554,-0.07705885106088806,0.007011617984465313,0.10494891824461225,-0.0766299521213822,21.8,33.57,3,170.0,499.0,421.0,125.0,435.0,447.0,1,1,1,-0.02741178424324997,0.02609366591987454,0.0254331317524716,-0.06530974090365112,0.057626422485793055,0.03951511771415067,-0.10020860559278763,0.08144155096456228,0.08113735786614128
92,least_connections,4601,measured,441,450,17,heavy,0,57.67,42.8,2,0.0,424.0,441.0,0.0,406.0,450.0,0,1,1,-0.1057772202735059,0.027568055093880234,0.029008930895920403,-0.4242705285885407,0.1664829859389341,0.18187595406857415,-0.26611785612787375,0.12150666886366648,0.14318525424146197,37.66,36.88,3,469.0,849.0,0.0,413.0,767.0,0.0,1,2,0,-0.012808477329781437,0.03874487134639343,-0.02561494898919399,0.004889524376001625,0.09503741473246452,-0.069719912864613,0.00634384484308767,0.09495378317369679,-0.06933186144315533,18.4,29.4,2,0.0,499.0,421.0,0.0,435.0,447.0,0,1,1,-0.06788503835160258,0.023608554879886487,0.023010928728426687,-0.08985167034139863,0.05213819177286038,0.03575177316994584,-0.1283633415680777,0.07368521277746111,0.0734099904503183
92,least_connections,4602,measured,362,331,9,medium,0,81.8,59.35,3,0.0,786.0,441.0,0.0,737.0,450.0,0,2,1,-0.09570319929507677,0.06802642626407758,0.026246175572499413,-0.38386381158010824,0.3689766698177658,0.16455443463347186,-0.2407732984014096,0.25967270040046014,0.12954856336132273,37.66,36.88,3,469.0,849.0,0.0,413.0,767.0,0.0,1,2,0,-0.011588622345992727,0.03505488359911786,-0.02317543003784218,0.00442385538781101,0.08598623237699171,-0.06307992116322128,0.00573966914374599,0.0859105657285828,-0.06272882701999767,18.4,29.4,2,0.0,499.0,421.0,0.0,435.0,447.0,0,1,1,-0.0614197966038309,0.02136012108180206,0.020819411706671766,-0.08129436840412256,0.04717264969925463,0.032346842391855764,-0.11613826141873695,0.06666757346532196,0.06641856278838323
92,least_connections,4603,measured,379,304,12,medium,2,81.8,59.35,3,0.0,786.0,441.0,0.0,737.0,450.0,0,2,1,-0.08658860888602184,0.0615477190008321,0.023746539803689945,-0.34730535333438367,0.33383603459702615,0.14888258371599833,-0.21784250807746583,0.23494196702898773,0.11721060494595867,37.66,36.88,3,469.0,849.0,0.0,413.0,767.0,0.0,1,2,0,-0.010484944027326748,0.03171632325634474,-0.020968246224714354,0.004002535827067111,0.07779706738870679,-0.057072309623866876,0.005193033987198753,0.07772860708776538,-0.05675465301809313,25.98,39.53,3,0.0,1299.0,0.0,0.0,1186.0,0.0,0,3,0,-0.055570292165370815,0.10549362428943089,-0.024247289635006723,-0.07355204760372994,0.18744192115646846,-0.04691476164546383,-0.10507747461695248,0.2868103442464024,-0.07471653842955803
92,least_connections,4604,measured,178,124,5,light,0,93.67,65.55,4,540.0,865.0,0.0,455.0,856.0,0.0,2,2,0,0.007825725747114015,0.05568603147694333,-0.021598935642466465,0.011485632697462389,0.34969292019096015,-0.1312967099712396,0.008737730787054726,0.26639987493098893,-0.09752373838222787,37.66,36.88,3,469.0,849.0,0.0,413.0,767.0,0.0,1,2,0,-0.009486377929486103,0.028695721041454764,-0.018971270393789177,0.0036213419387750023,0.07038782287549661,-0.05163685156445098,0.004698459321751253,0.07032588260321629,-0.05134944796875093,25.98,39.53,3,0.0,1299.0,0.0,0.0,1186.0,0.0,0,3,0,-0.05027788338771645,0.09544661245234223,-0.021938023955482274,-0.066547090689089,0.16959030961775717,-0.042446689107800605,-0.09507009608200462,0.25949507336579264,-0.06760067762674297
92,least_connections,4605,measured,467,438,13,heavy,1,93.67,65.55,4,540.0,865.0,0.0,455.0,856.0,0.0,2,2,0,0.00708041853310315,0.05038259990771063,-0.019541894152707753,0.010391762916751701,0.31638883255372585,-0.11879226140255011,0.007905565950192373,0.24102845827089472,-0.08823576329820618,51.0,50.56,4,934.0,851.0,0.0,847.0,771.0,0.0,2,2,0,0.034500986861984224,0.02596279522798288,-0.017164482737237828,0.12348053386297328,0.06420122749959897,-0.04671905617736041,0.12695932033872737,0.06475913187910046,-0.046459024352679415,25.98,39.53,3,0.0,1299.0,0.0,0.0,1186.0,0.0,0,3,0,-0.04548951354126727,0.0863564588854525,-0.01984868834067444,-0.060209272528223376,0.15343885155892317,-0.038404147288010074,-0.0860158012170518,0.23478125685476478,-0.06116251785276745
92,least_connections,4606,measured,435,439,16,heavy,2,93.67,65.55,4,540.0,865.0,0.0,455.0,856.0,0.0,2,2,0,0.006406092958521903,0.04558425705935724,-0.017680761376259395,0.00940207121039438,0.28625656278670436,-0.10747871269754534,0.007152654907316897,0.218073367007,-0.07983235726980559,51.0,50.56,4,934.0,851.0,0.0,847.0,771.0,0.0,2,2,0,0.031215178589414305,0.02349014806341307,-0.01552977009559613,0.11172048301888057,0.058086824880589555,-0.04226962225570704,0.11486795649694381,0.058591595509662336,-0.04203435536670995,34.68,54.17,4,499.0,800.0,435.0,435.0,751.0,439.0,1,2,1,0.001926721308467938,0.035048134002937756,0.02512556315662335,0.03582018199827408,0.04853038950569241,0.04396767626322898,0.05336665604171503,0.08123066096383486,0.07705930924432151
92,least_connections,4607,measured,196,124,5,light,0,100.0,71.75,5,736.0,865.0,0.0,579.0,856.0,0.0,3,2,0,0.04887988909399146,0.041242899244180356,-0.015996879340425166,0.12672885807924567,0.2589940329974944,-0.09724264482158865,0.06256668777328667,0.19730447491109526,-0.07222927562506219,37.6,37.66,3,849.0,467.0,0.0,767.0,438.0,0.0,2,1,0,0.028242304438041516,-0.021830909121764594,-0.014050744372206022,0.07910764790143618,-0.04671055980191555,-0.0382439439456397,0.08130910349723486,-0.04114034215792456,-0.038031083427023285,34.68,54.17,4,499.0,800.0,435.0,435.0,751.0,439.0,1,2,1,0.0017432240409948063,0.031710216478848446,0.022732652379802078,0.032408736093676546,0.043908447648007415,0.039780278523873835,0.048284117371075505,0.07349440753870773,0.06972032741152899
92,least_connections,4608,measured,183,124,6,light,1,100.0,71.75,5,1160.0,441.0,0.0,985.0,450.0,0.0,4,1,0,0.08730856178798774,-0.005768896148689431,-0.014473367022289435,0.37040547477011115,-0.02141809712925108,-0.08798144055286591,0.24027462227106888,-0.005153094128056673,-0.06535029699410388,42.83,41.53,4,1032.0,467.0,0.0,891.0,438.0,0.0,3,1,0,0.0686364613849854,-0.019751774919691767,-0.012712578241519733,0.11887970864551711,-0.04226193505887596,-0.034601663569864494,0.10862490316416487,-0.037222214333360315,-0.0344090754815925,34.68,54.17,4,878.0,856.0,0.0,739.0,886.0,0.0,2,2,0,0.044661102930514576,0.02869019586181526,-0.022516262359317394,0.09790314217999307,0.04986002406248288,-0.042722605145066525,0.1353681696849413,0.10720922586835457,-0.06931652916734679
92,least_connections,4609,measured,456,431,20,heavy,1,94.87,65.55,4,982.0,441.0,0.0,861.0,450.0,0.0,3,1,0,0.03590956043856487,-0.0052194774678618605,-0.013094951115404726,0.22776368352216403,-0.019378278355036638,-0.07960225573830726,0.1612960868166814,-0.00466232325871796,-0.05912645918514161,55.86,55.0,5,1032.0,467.0,456.0,891.0,438.0,431.0,3,1,1,0.06209965553879632,-0.017870653498768735,0.031582043722525224,0.10755783163165833,-0.03823698886279253,0.08657128398100696,0.09827967429138726,-0.03367724153970697,0.09072809837379725,34.68,54.17,4,878.0,856.0,0.0,739.0,886.0,0.0,2,2,0,0.040407664556179855,0.02595779625592809,-0.020371856420334785,0.08857903340094611,0.04511145034224642,-0.03865378560744114,0.12247596304828025,0.09699882340470178,-0.06271495496093281
92,least_connections,4610,measured,430,434,17,heavy,0,100.0,87.25,5,982.0,441.0,430.0,861.0,450.0,434.0,3,1,1,0.03248960230155869,-0.004722384375684535,0.03123608731281976,0.20607190413910081,-0.01753272803550937,0.18734399083994424,0.1459345547389022,-0.004218292472173396,0.1428379654991576,55.86,55.0,5,1032.0,467.0,456.0,891.0,438.0,431.0,3,1,1,0.056185402630339526,-0.016168686498886004,0.028574230034665683,0.09731422861911943,-0.0345953708758599,0.07832639979233963,0.08891970531125512,-0.03046988520259203,0.08208732710010228,34.68,54.17,4,1299.0,435.0,0.0,1186.0,439.0,0.0,3,1,0,0.07964321577758676,-0.019598275042822424,-0.018431679618398138,0.15632388736276076,-0.035365830642729426,-0.03497247269244675,0.2456211094246345,-0.04704868358622219,-0.056742102107510635
92,least_connections,4611,measured,363,346,8,medium,2,99.4,70.7,4,1061.0,0.0,430.0,980.0,0.0,434.0,3,0,1,0.029395354463314996,-0.04735653370951957,0.028261221854455974,0.23409680215759926,-0.2818629444130799,0.1695017059980448,0.18586935904948299,-0.20738797890339497,0.12923434973733305,55.86,55.0,5,1499.0,0.0,456.0,1329.0,0.0,431.0,4,0,1,0.09391831213039789,-0.05771271182098756,0.025852874793268952,0.20876729528124408,-0.15202166208496168,0.07086674266925967,0.20429044766256416,-0.15140727708805946,0.07426948642390205,41.94,65.7,5,1299.0,798.0,0.0,1186.0,785.0,0.0,3,2,0,0.07205814760829278,0.025352127568965654,-0.016676281559503077,0.14143589809011686,0.03368805798991148,-0.03164176100745182,0.22222862281276454,0.06178134977119576,-0.05133809238298581
92,least_connections,4612,measured,358,321,5,medium,0,100.0,80.55,4,1223.0,0.0,430.0,1177.0,0.0,434.0,3,0,1,0.026595796895380233,-0.042846387641946274,0.025569676915936358,0.309516154333066,-0.25501885446897704,0.15335868637918337,0.2572865629495322,-0.18763674281735734,0.11692631642901562,42.57,41.44,4,1034.0,0.0,456.0,895.0,0.0,431.0,3,0,1,0.04188981074836454,-0.05221626307613161,0.023390696241529053,0.06868061409799636,-0.13754340855306058,0.06411752908171113,0.062125881218510426,-0.13698753641300618,0.06719620200257806,41.94,65.7,5,1662.0,435.0,0.0,1532.0,439.0,0.0,4,1,0,0.10827936711045083,-0.020146260997693205,-0.015088064268121832,0.19365152684343906,-0.03520604277103247,-0.028628259959123076,0.30541319841789816,-0.0484517946514578,-0.046448750251272874
92,least_connections,4613,measured,389,344,7,medium,0,100.0,97.75,5,1612.0,430.0,0.0,1521.0,434.0,0.0,4,1,0,0.06714676408448234,0.004318120931663116,-0.01994943063614828,0.44711779042832955,0.028633734845528724,-0.12061198216486585,0.38840212838291,0.02656675649858145,-0.09054285656422396,42.57,41.44,4,1034.0,0.0,456.0,895.0,0.0,431.0,3,0,1,0.03790030496280601,-0.04724328564030955,0.021163010885192953,0.06213960323152054,-0.12444403630991195,0.05801109774059579,0.056209130626271336,-0.12394110437367226,0.060796563716618235,31.96,51.2,4,1163.0,435.0,0.0,1097.0,439.0,0.0,3,1,0,0.054883146206507666,-0.01822756947410338,-0.013651105766395943,0.08491328619168298,-0.03185308631664842,-0.025901759010635163,0.14513575094952683,-0.043837338017985644,-0.04202505975115165
92,least_connections,4614,measured,385,332,6,medium,1,100.0,97.75,5,1612.0,430.0,0.0,1521.0,434.0,0.0,4,1,0,0.06075183417167451,0.003906871319123775,-0.018049484861277016,0.4045351437208696,0.025906712479287886,-0.10912512672059291,0.3514114494892995,0.024036589213002252,-0.0819197273676312,37.37,37.53,3,852.0,0.0,456.0,770.0,0.0,431.0,2,0,1,-0.008793148117551941,-0.042743925103137216,0.019147486038984102,0.00917392673328049,-0.11259222332801558,0.05248623128911048,0.015513618185674094,-0.11213718967141775,0.05500641479122602,31.96,51.2,4,1163.0,435.0,0.0,1097.0,439.0,0.0,3,1,0,0.049656179901125974,-0.016491610476569732,-0.012351000455310615,0.07682630655437983,-0.028819459048396195,-0.0234349248191461,0.13131329847814333,-0.03966235344484417,-0.03802267310818483
92,least_connections,4615,measured,163,108,3,light,1,100.0,77.45,4,1188.0,430.0,0.0,1115.0,434.0,0.0,3,1,0,0.011882044976186251,0.0035347883363500837,-0.01633048630306016,0.17781751098554877,0.02343940652887949,-0.09873225750910787,0.13427702572841388,0.021747390240335368,-0.07411784857071395,42.03,40.91,4,1015.0,456.0,0.0,878.0,431.0,0.0,3,1,0,0.03512819478706751,0.00441082513344275,-0.02575998428672413,0.050436273847117685,0.01600839658077502,-0.07039000842549868,0.0445718450251337,0.02040266172586011,-0.07209241042698597,24.38,41.07,3,1219.0,0.0,0.0,1232.0,0.0,0.0,3,0,0,0.04492701991054254,-0.05800488113412998,-0.011174714697661984,0.07964284878729602,-0.10478903437712037,-0.021203027217322663,0.15952155576593924,-0.1682818118469225,-0.03440146614550056
92,least_connections,4616,measured,189,117,3,light,2,100.0,77.45,4,1188.0,430.0,0.0,1115.0,434.0,0.0,3,1,0,0.010750421645120911,0.0031981418281262636,-0.014775201893244905,0.16088250993930608,0.021207082097557617,-0.08932918536538331,0.12148873756380302,0.019676210217446283,-0.06705900584969357,42.03,40.91,4,1015.0,456.0,0.0,878.0,431.0,0.0,3,1,0,0.031782652426394414,0.003990746549305341,-0.023306652449893262,0.04563281919501122,0.014483787382605973,-0.06368619809926071,0.04032690740369241,0.018459551085302006,-0.06522646657679683,28.16,44.97,4,1408.0,0.0,0.0,1349.0,0.0,0.0,4,0,0,0.08373215633629585,-0.052480606740403314,-0.01011045615502751,0.10625781556945832,-0.09480912634120414,-0.019183691291863363,0.17961474093108787,-0.1522549726234061,-0.03112513603640527
92,least_connections,4617,measured,363,327,12,medium,0,100.0,77.75,4,830.0,793.0,0.0,794.0,761.0,0.0,2,2,0,-0.033357328262124175,0.045977457118871606,-0.013368039808173962,-0.07037614180094531,0.23813974094540918,-0.08082164390201348,-0.03529590410894007,0.16573085686340377,-0.06067243386400847,42.03,40.91,4,1015.0,456.0,0.0,878.0,431.0,0.0,3,1,0,0.028755733147690185,0.003610675449371492,-0.021086971264189142,0.041286836414533956,0.013104379060453017,-0.05762084589933112,0.03648624955572172,0.016701498600987533,-0.05901442214091142,19.74,30.07,3,987.0,0.0,0.0,902.0,0.0,0.0,3,0,0,0.032673765029891264,-0.04748245371750776,-0.009147555568834414,0.019957071229509876,-0.08577968573727994,-0.01735667307359066,0.02769905131860334,-0.13775449904022455,-0.028160837366271434
92,least_connections,4618,measured,174,113,5,light,2,78.8,55.25,3,389.0,793.0,0.0,344.0,761.0,0.0,1,2,0,-0.07326434008296495,0.041598651678979075,-0.012094893159776441,-0.3296736521056171,0.21545976561727498,-0.07312434448277409,-0.23550581800332676,0.1499469657335558,-0.054894106829341,24.03,23.84,2,385.0,456.0,0.0,332.0,431.0,0.0,1,1,0,-0.060150708557985516,0.003266801597050395,-0.01907868828664732,-0.1255023861011359,0.011856342959457492,-0.052133146289871014,-0.12136363135434701,0.015110879686607764,-0.05339400098463414,23.22,33.83,4,1161.0,0.0,0.0,1015.0,0.0,0.0,4,0,0,0.07264587811094471,-0.04296031526822131,-0.008276359800373993,0.04954211206479467,-0.077610191857539,-0.01570365659039155,0.05914041151048233,-0.12463502294115554,-0.025478852855197964
92,least_connections,4619,measured,467,431,18,heavy,1,78.8,55.25,3,389.0,793.0,0.0,344.0,761.0,0.0,1,2,0,-0.06628678388458734,0.03763687532860011,-0.010942998573131066,-0.29827616142889163,0.19493978793943922,-0.06616012119870036,-0.2130766924792004,0.13566630233036,-0.04966609665511804,37.37,37.31,3,385.0,456.0,467.0,332.0,431.0,431.0,1,1,1,-0.054422069647701174,0.0029556776354265485,0.025822229872171698,-0.11354977790102773,0.010727167439509161,0.07355300369691942,-0.10980519027298062,0.013671748287883215,0.07355126101390244,12.18,18.4,2,609.0,0.0,0.0,552.0,0.0,0.0,2,0,0,-0.020440577400755222,-0.038868856671247856,-0.007488135057481232,-0.055061898608042906,-0.07021874501396386,-0.014208070248449499,-0.08612692926829374,-0.11276502075628358,-0.023052295440417207
92,least_connections,4620,measured,351,306,13,medium,2,52.87,38.05,2,430.0,363.0,0.0,434.0,327.0,0.0,1,1,0,-0.05997375684795997,-0.00903148921516679,-0.00990080823283287,-0.2451387492293146,-0.08299098551511053,-0.05985915727501462,-0.1520693884335623,-0.07358763122491238,-0.04493599221177347,26.37,26.94,2,0.0,456.0,467.0,0.0,431.0,431.0,0,1,1,-0.09232291562229653,0.0026741845272906933,0.023362969884345823,-0.2022593228628346,0.009705532445270185,0.06654795572578423,-0.19321660072317293,0.012369677022370532,0.0665463790125784,19.2,28.6,3,609.0,351.0,0.0,552.0,306.0,0.0,2,1,0,-0.018493855743540427,0.007916839428961694,-0.006774979337721115,-0.04981790826441977,-1.6959774538721772e-05,-0.012854920700978118,-0.07792436457607527,-0.009739780684256585,-0.020856838731806045
92,least_connections,4621,measured,409,403,17,heavy,0,80.13,58.2,3,430.0,363.0,409.0,434.0,327.0,403.0,1,1,1,-0.05426197048148759,-0.008171347385150907,0.03412602611133715,-0.2217922016836656,-0.07508708213271903,0.19254012754482805,-0.13758658953512778,-0.06657928539396835,0.14165314990363354,26.37,26.94,2,0.0,456.0,467.0,0.0,431.0,431.0,0,1,1,-0.08353025699160162,0.002419500286596335,0.021137925133455745,-0.18299653020923132,0.008781196021911117,0.06021005518047144,-0.17481501970191837,0.011191612544049531,0.060208628630428085,19.2,28.6,3,609.0,351.0,0.0,552.0,306.0,0.0,2,1,0,-0.016732536148917537,0.007162854721441528,-0.006129743210319104,-0.04507334557257027,-1.5344557915977775e-05,-0.011630642538980203,-0.07050299652121095,-0.0088121825238512,-0.018870473138300706
92,least_connections,4622,measured,415,436,21,heavy,1,80.13,58.2,3,793.0,0.0,409.0,761.0,0.0,403.0,2,0,1,-0.0060102635422076,-0.05047702405141771,0.0308759283864479,0.018283246095731065,-0.2868883124057934,0.17420297254055872,0.023445466611074883,-0.20816697249930471,0.1281623737223351,38.23,40.56,3,456.0,0.0,882.0,431.0,0.0,867.0,1,0,2,-0.03249109419421552,-0.040894828538884494,0.06220868963321732,-0.0476907382165154,-0.1099326593815362,0.1617546757755286,-0.03630585115887855,-0.11173437436490756,0.1777482830465778,10.5,13.97,2,174.0,351.0,0.0,113.0,306.0,0.0,1,1,0,-0.058222861504349424,0.006480678081304245,-0.005545958142669665,-0.11949493170851597,-1.3883171447778841e-05,-0.010522962297172565,-0.19618525082077815,-0.007972927045389183,-0.017073285220367305
92,least_connections,4623,measured,448,438,17,heavy,2,80.13,58.2,3,793.0,0.0,409.0,761.0,0.0,403.0,2,0,1,-0.0054378574905687704,-0.04566968842747317,0.027935363778214768,0.016541984562804313,-0.259565615986194,0.1576122132509817,0.021212565029067765,-0.18834154654698998,0.115956433367827,38.23,40.56,3,456.0,467.0,415.0,431.0,431.0,436.0,1,1,1,-0.02939670427095689,0.006083817263004734,0.013200152298534495,-0.043148763148275815,0.021258206137793778,0.025628380123437433,-0.03284815104850916,0.02076711366984553,0.03895975608976088,15.98,24.8,2,0.0,351.0,448.0,0.0,306.0,438.0,0,1,1,-0.09576172730212114,0.005863470644989557,0.038066128573865765,-0.1396001763077049,-1.2560964643221206e-05,0.07154589125493911,-0.21158030629816438,-0.0072136006601140334,0.1166479800387153
92,least_connections,4624,measured,190,112,3,light,2,80.13,58.2,3,793.0,409.0,0.0,761.0,403.0,0.0,2,1,0,-0.004919966300990786,0.0017637059352340195,-0.01780904728456305,0.014966557461584817,0.011853331568046743,-0.10409688642371497,0.019192320740585134,0.011905267409866221,-0.07739656028625178,38.23,40.56,3,456.0,467.0,415.0,431.0,431.0,436.0,1,1,1,-0.026597018149913373,0.005504406095099515,0.011942994936769306,-0.039039357134154296,0.019233615077051514,0.023187582016443387,-0.029719755710555906,0.018789293320336437,0.035249303128831275,19.78,28.53,3,190.0,351.0,448.0,112.0,306.0,438.0,1,1,1,-0.04355766257039985,0.005305044869276271,0.03444078299540236,-0.09192396904030445,-1.1364682296247097e-05,0.06473199684970682,-0.15765202315865667,-0.006526591073436505,0.10553864860645669
92,least_connections,4625,measured,388,317,8,medium,0,100.0,74.05,4,793.0,797.0,0.0,761.0,720.0,0.0,2,2,0,-0.004451398081848801,0.04467963416815958,-0.016112947543176093,0.013541171036671962,0.2447561888790264,-0.09418289724050402,0.017364480670053195,0.15417619432321228,-0.07002545930660875,38.23,40.56,3,456.0,467.0,415.0,431.0,431.0,436.0,1,1,1,-0.024063968802302577,0.004980176943185269,0.010805566847553183,-0.035321323121377673,0.01740184221257042,0.020979240872020202,-0.02688930278574106,0.01699983681363773,0.031892226640371155,19.78,28.53,3,190.0,351.0,448.0,112.0,306.0,438.0,1,1,1,-0.03940931375417128,0.0047998025007737755,0.03116070842441166,-0.08316930532218023,-1.028233160135783e-05,0.058567044768782356,-0.14263754476259413,-0.005905010971204466,0.0954873487391751
92,least_connections,4626,measured,408,409,16,heavy,1,100.0,74.05,4,1181.0,409.0,0.0,1078.0,403.0,0.0,3,1,0,0.03905644481937036,-0.002659469312708218,-0.014578381110492656,0.2462832817315922,-0.01258567037929359,-0.08521309750331316,0.15911548251100055,-0.00391201465995078,-0.06335636794407458,49.89,53.34,4,456.0,467.0,823.0,431.0,431.0,845.0,1,1,2,-0.021772162249702326,0.0045058743771676235,0.05286036546978168,-0.03195738758600836,0.015744523906611324,0.12445060568692984,-0.02432841680614667,0.015380804736148418,0.1444947526746215,19.78,28.53,3,541.0,448.0,0.0,418.0,438.0,0.0,2,1,0,0.007427854449173821,0.004342678453081034,-0.01489087831895634,-0.011734133386734472,0.017543077890455908,-0.02807743568538739,-0.03676730240425183,0.03446689483557691,-0.045701922569317766
92,least_connections,4627,measured,171,106,4,light,2,77.33,52.35,3,751.0,409.0,0.0,644.0,403.0,0.0,2,1,0,-0.007747116818755617,-0.0024061865210217165,-0.013189963861874309,-0.03653734827459121,-0.01138703510507516,-0.07709756440775953,-0.05237170629957094,-0.0035394418351935852,-0.057322428139877,49.89,53.34,4,456.0,467.0,823.0,431.0,431.0,845.0,1,1,2,-0.019698622987825917,0.004076743484104042,0.047826044948850094,-0.02891382686353136,0.014245045439314999,0.11259816705007937,-0.022011424729370788,0.01391596618984857,0.13073334765799088,19.4,28.33,3,522.0,448.0,0.0,412.0,438.0,0.0,2,1,0,0.00672043973972869,0.00392909002897808,-0.01347269943143669,-0.014054692111807376,0.015872308567555338,-0.025403394191540973,-0.035075178365751664,0.03118433342266483,-0.04134935851509702
92,least_connections,4628,measured,430,427,13,heavy,0,100.0,73.7,4,751.0,839.0,0.0,644.0,830.0,0.0,2,2,0,-0.00700929616935031,0.04090687432678534,-0.011933776827410088,-0.033057600819868194,0.24906252379382093,-0.06975493922606814,-0.047383924747230854,0.18996431453006293,-0.051863149269412524,49.89,53.34,4,456.0,875.0,415.0,431.0,840.0,436.0,1,2,1,-0.01782256365565202,0.04677238242666103,0.00018728329839272362,-0.026160129067004545,0.11835776220019656,-0.003594855662173102,-0.019915098564668804,0.12823051702891064,0.002642671690563203,19.4,28.33,3,522.0,448.0,0.0,412.0,438.0,0.0,2,1,0,0.006080397859754533,0.0035548909785992205,-0.01218958519987129,-0.012716150005920954,0.014360660132550065,-0.022984023316156118,-0.031734685188061024,0.02821439690622056,-0.03741132437080207
92,least_connections,4629,measured,178,121,7,light,2,81.8,57.35,3,388.0,839.0,0.0,317.0,830.0,0.0,1,2,0,-0.04942564437997907,0.03701098153375816,-0.010797226653371033,-0.24886163883702367,0.22534228343250468,-0.06311161168072832,-0.19079974143797077,0.17187247505100933,-0.04692380171994467,36.86,39.88,3,0.0,1290.0,0.0,0.0,1276.0,0.0,0,3,0,-0.059209076867585385,0.08540177004135543,-0.042914453432973475,-0.14154623922388845,0.21436450593623224,-0.1105314000208777,-0.13987854155850987,0.23929189635949055,-0.1208828208513952,22.96,32.37,4,700.0,448.0,0.0,533.0,438.0,0.0,3,1,0,0.04858521257605908,0.003216329933018347,-0.011028672323693072,0.02070443570892866,0.012992978215164347,-0.02079506871461744,0.007779729274293989,0.02552731148658051,-0.03384834109739235
92,least_connections,4630,measured,396,306,10,medium,0,100.0,72.65,4,388.0,1235.0,0.0,317.0,1136.0,0.0,1,3,0,-0.04471844015331439,0.07657002637634809,-0.009768919353049983,-0.22516053037635475,0.44273825643893283,-0.05710098199684943,-0.1726283374914974,0.2939322393318656,-0.04245486822280708,36.86,39.88,3,467.0,823.0,0.0,431.0,845.0,0.0,1,2,0,-0.01048621693915322,0.03418436790589755,-0.03882736262983314,-0.0073445565767154,0.07322775026883602,-0.10000460001888935,-0.004696656648175618,0.09464207289668192,-0.10937017124650042,22.96,32.37,4,700.0,448.0,0.0,533.0,438.0,0.0,3,1,0,0.04395804947357726,0.0029100127965404066,-0.009978322578579446,0.01873258468903069,0.011755551718482027,-0.01881458597989197,0.007038802676742173,0.023096138964049023,-0.03062468956430736
92,least_connections,4631,measured,377,317,11,medium,1,100.0,72.65,4,797.0,826.0,0.0,720.0,733.0,0.0,2,2,0,0.00262435913566339,0.02619374268517663,-0.008838546081330936,0.042981742357901254,0.15387429550824072,-0.051662793235244725,0.026121980364835706,0.083629168919307,-0.03841154743968259,47.63,49.78,4,467.0,1200.0,0.0,431.0,1162.0,0.0,1,3,0,-0.009487529611614823,0.07401261404637896,-0.035129518569849034,-0.006645074997980588,0.16370946112758633,-0.09048035239804274,-0.004249356015016026,0.17525651833509318,-0.09895396446111943,19.54,28.83,3,529.0,448.0,0.0,427.0,438.0,0.0,2,1,0,-0.003312331655425549,0.0026328687206794155,-0.009028006142524261,-0.013994328138496048,0.010635975364340883,-0.01702272064847369,-0.02559981345120152,0.02089650668175863,-0.027708052462944756
92,least_connections,4632,measured,182,111,1,light,2,100.0,72.65,4,797.0,826.0,0.0,720.0,733.0,0.0,2,2,0,0.0023744201703621015,0.023699100524683617,-0.007996779787870847,0.0388882430857202,0.13921960069793204,-0.046742527212840466,0.023634172711041845,0.07566448616508731,-0.03475330482637949,47.63,49.78,4,467.0,1200.0,0.0,431.0,1162.0,0.0,1,3,0,-0.008583955362889598,0.06696379366100953,-0.03178385013462532,-0.00601221071245861,0.14811808387734002,-0.08186317597918152,-0.0038446554421573687,0.1585654213507986,-0.08952977736958424,23.18,32.53,4,711.0,448.0,0.0,538.0,438.0,0.0,3,1,0,0.04008702872899139,0.0023821193187099493,-0.008168196033712428,0.020271798350884523,0.009623025329641752,-0.015401509158142862,0.010314454496531955,0.018906363188257808,-0.025069190323616684
92,least_connections,4633,measured,167,103,4,light,0,93.47,61.95,4,972.0,430.0,0.0,812.0,427.0,0.0,3,1,0,0.04523218514279927,-0.02164185689490075,-0.007235181712835529,0.14074015644263582,-0.11289655174949004,-0.04229085795447471,0.0630023467385617,-0.0699702268030162,-0.031443466271486205,47.63,49.78,4,467.0,1200.0,0.0,431.0,1162.0,0.0,1,3,0,-0.007766435804519162,0.06058628950281815,-0.02875681678847053,-0.005439619216033975,0.13401159969854573,-0.07406668302878329,-0.003478497780999512,0.14346395265072254,-0.08100313190581432,12.52,18.63,2,626.0,0.0,0.0,559.0,0.0,0.0,2,0,0,-0.006814683757669915,-0.04092864941459122,-0.007390272601930292,0.002960198507943157,-0.07236011993984794,-0.013934698762129256,0.015665458830195572,-0.1149894809249096,-0.02268164838803414
92,least_connections,4634,measured,183,105,5,light,2,93.47,61.95,4,1402.0,0.0,0.0,1239.0,0.0,0.0,4,0,0,0.08400825821309957,-0.06266462789357233,-0.0065461167878035735,0.386701411384607,-0.36150957856699895,-0.03826315719690569,0.25016878990631775,-0.2564730623455861,-0.028448850436106565,47.63,49.78,4,467.0,1200.0,0.0,431.0,1162.0,0.0,1,3,0,-0.007026775251707806,0.05481616669302594,-0.02601807233242572,-0.0049215602430783545,0.12124859020344614,-0.06701271321651822,-0.003147212278047179,0.12980071906493945,-0.07328854791478438,16.18,22.13,3,809.0,0.0,0.0,664.0,0.0,0.0,3,0,0,0.036918233969817915,-0.03703068280367777,-0.006686437116032169,0.0357925605548057,-0.0654686799455767,-0.012607584594307423,0.04584017703684359,-0.10403810178920392,-0.020521491398697557
92,least_connections,4635,measured,195,119,7,light,2,93.47,61.95,4,1402.0,0.0,0.0,1239.0,0.0,0.0,4,0,0,0.0760074717166139,-0.05669656809418449,-0.005922677093727043,0.34987270553845395,-0.32708009489395146,-0.03461904698767658,0.22634319086762084,-0.23204705640791123,-0.025739436108858323,47.63,49.78,4,1252.0,415.0,0.0,1157.0,436.0,0.0,3,1,0,0.07981024189244577,-0.036572221064586505,-0.02354016068171851,0.19847232984809915,-0.09322406464586167,-0.06063055005304029,0.20242037936748114,-0.08782911132219762,-0.06630868620861444,20.08,26.1,4,1004.0,0.0,0.0,783.0,0.0,0.0,4,0,0,0.07648611191373549,-0.033503951108089416,-0.0060496335811719626,0.06766945954958611,-0.059233567569807494,-0.01140686225199243,0.07736333477936644,-0.09412971114261307,-0.018567063646440646
92,least_connections,4636,measured,436,433,15,heavy,0,100.0,83.6,5,1402.0,0.0,436.0,1239.0,0.0,433.0,4,0,1,0.06876866488646019,-0.051296894942357396,0.03772528761814718,0.31655149548717265,-0.2959296096659561,0.23166213209051487,0.204786696499276,-0.20994733675001492,0.17259289113960438,47.63,49.78,4,1667.0,0.0,0.0,1593.0,0.0,0.0,4,0,0,0.11529316670087497,-0.07617305261852611,-0.021298240616792936,0.2868491147605251,-0.1916244938632626,-0.05485621195275074,0.3064160575229591,-0.20273824357722642,-0.05999357323636544,16.52,22.07,3,826.0,0.0,0.0,662.0,0.0,0.0,3,0,0,0.02611782007614616,-0.03031309862160471,-0.005473478002012728,0.029015225306768394,-0.05359227542030202,-0.010320494418469342,0.03350333464164901,-0.08516497674807849,-0.016798771870589157
92,least_connections,4637,measured,450,434,19,heavy,2,100.0,78.45,4,1235.0,436.0,0.0,1136.0,433.0,0.0,3,1,0,0.019135368003849462,-0.0033275761496612266,-0.008951497143671818,0.1856735752820452,-0.004761710332690461,-0.05338505509270879,0.13868796349934487,0.005928600083319829,-0.03972547944511985,34.29,36.31,3,1200.0,0.0,0.0,1162.0,0.0,0.0,3,0,0,0.061228964883558085,-0.06891847617866648,-0.01926983674852694,0.13880906301462476,-0.1733745420667614,-0.04963181081439353,0.15537345680648681,-0.18342983942701438,-0.05427989959480683,25.52,36.53,4,826.0,0.0,450.0,662.0,0.0,434.0,3,0,1,0.023630408640322717,-0.027426136848118548,0.03813170584398395,0.02625187051564759,-0.048488249189797064,0.0720909812404325,0.030312540866253873,-0.07705402658159483,0.11569000005359394
92,least_connections,4638,measured,170,122,5,light,1,84.13,58.3,3,826.0,436.0,0.0,733.0,433.0,0.0,2,1,0,-0.025770948223274526,-0.0030106641354077784,-0.008098973606179264,-0.07870803506227664,-0.004308214110529507,-0.04830076413149843,-0.05682993778630696,0.005363971503956039,-0.035942100450346536,39.14,40.12,4,1370.0,0.0,0.0,1284.0,0.0,0.0,4,0,0,0.09848153512140516,-0.06235481178069824,-0.017434614201048183,0.16953473048261966,-0.15686268091754602,-0.044904971689213195,0.1750700323487262,-0.16596033091015586,-0.04911038534768237,25.52,36.53,4,826.0,0.0,450.0,662.0,0.0,434.0,3,0,1,0.021379893531720554,-0.024814123814964402,0.03450011481122357,0.023751692371300204,-0.04387032069553068,0.06522517350324845,0.02742563221232494,-0.06971554785953818,0.10467190481039451
92,least_connections,4639,measured,379,320,10,medium,0,100.0,74.3,4,826.0,815.0,0.0,733.0,753.0,0.0,2,2,0,-0.023316572202010277,0.04035996600900747,-0.007327642786543144,-0.07121203172301216,0.22470526659840978,-0.04370069135707001,-0.05141756275903964,0.1496150218369126,-0.03251904326459925,39.14,40.12,4,1370.0,0.0,0.0,1284.0,0.0,0.0,4,0,0,0.08910234130031895,-0.0564162582777746,-0.015774174753329307,0.15338856567475112,-0.14192337797301782,-0.040628307718811936,0.1583966959345618,-0.15015458510918864,-0.04443320579076024,21.86,33.03,3,643.0,0.0,450.0,557.0,0.0,434.0,2,0,1,-0.023740187031391163,-0.022450873927824935,0.03121438959110704,-0.011624659283109351,-0.03969219491500395,0.05901325221722479,-0.0068529994269441175,-0.0630759718729155,0.09470315197130932
92,least_connections,4640,measured,183,112,5,light,2,83.0,59.0,3,430.0,815.0,0.0,427.0,753.0,0.0,1,2,0,-0.06417984650476666,0.03651615972243533,-0.006629772044967606,-0.30328707632082047,0.20330476501760886,-0.039538720751634775,-0.18494922344865491,0.135365972138159,-0.029421991525113607,39.14,40.12,4,1370.0,0.0,0.0,1284.0,0.0,0.0,4,0,0,0.08061640403362191,-0.051043281298938925,-0.014271872395869373,0.13878013084858437,-0.12840686578511137,-0.03675894507892508,0.14331129632174638,-0.13585414843212307,-0.04020147190592593,16.56,22.17,3,378.0,0.0,450.0,231.0,0.0,434.0,2,0,1,-0.021479216837925336,-0.020312695458508275,0.028241590582430177,-0.05846992982757512,-0.035911985875479766,0.053392942482251,-0.10451779313231453,-0.057068736456447354,0.08568380416451796
92,least_connections,4641,measured,359,337,12,medium,0,78.27,54.5,3,0.0,1174.0,0.0,0.0,1090.0,0.0,0,3,0,-0.10115138039773673,0.0761223304518179,-0.005998365183542119,-0.5337676722267741,0.40048208898418575,-0.03577312829909813,-0.3605016783583068,0.27492635574404867,-0.026619897094150406,39.14,40.12,4,1370.0,0.0,0.0,1284.0,0.0,0.0,4,0,0,0.07293865126851506,-0.04618201641332569,-0.012912646453405624,0.1255629755296716,-0.11617764047224362,-0.033258093166646505,0.12966260143396102,-0.1229156581052542,-0.03637276029583775,16.56,22.17,3,378.0,0.0,450.0,231.0,0.0,434.0,2,0,1,-0.019433577139075314,-0.01837815303388844,0.0255519152888654,-0.052901365082091784,-0.032491796744481695,0.04830790034108424,-0.09456371759590361,-0.051633618698690466,0.07752344186313528
92,least_connections,4642,measured,178,112,7,light,0,90.13,60.1,4,557.0,795.0,0.0,432.0,770.0,0.0,2,2,0,-0.005350115144437534,0.025788684467744544,-0.00542709230891906,-0.1469644018559702,0.133737763049184,-0.03236616369918402,-0.1307396137527538,0.10398098853032972,-0.024084668799469414,16.71,17.44,2,585.0,0.0,0.0,558.0,0.0,0.0,2,0,0,-0.02017568740104872,-0.0417837291358661,-0.011682870600700326,-0.08932057316022907,-0.1051131032844109,-0.03009065572220398,-0.08795407489308288,-0.11120940495237286,-0.03290868788671034,12.66,18.2,2,183.0,450.0,0.0,112.0,434.0,0.0,1,1,0,-0.06066666049544456,0.026456047481810685,-0.019965500679688674,-0.08314885412189257,0.05203123151689751,-0.03772142350092378,-0.1214465381423255,0.0841727576853118,-0.060748631965099824
92,least_connections,4643,measured,160,115,6,light,1,90.13,60.1,4,557.0,795.0,0.0,432.0,770.0,0.0,2,2,0,-0.004840580368776826,0.023332619280340305,-0.0049102263747362925,-0.1329677921554016,0.12100083323497601,-0.029283671918309353,-0.11828822196677727,0.09407803724172686,-0.021790890818567565,4.57,3.59,1,160.0,0.0,0.0,115.0,0.0,0.0,1,0,0,-0.06133809358961097,-0.03780432636102171,-0.010570216257776486,-0.19067779748510522,-0.09510233154303843,-0.027224878986755983,-0.20483047252231307,-0.10061803305214688,-0.029774527135595072,12.66,18.2,2,183.0,450.0,0.0,112.0,434.0,0.0,1,1,0,-0.05488888330540222,0.02393642391211443,-0.01806402442448023,-0.07522991563409329,0.047075876134335844,-0.03412890697702627,-0.10988020117638975,0.07615630457242496,-0.05496304796842365
92,least_connections,4644,measured,369,329,10,medium,1,90.13,60.1,4,993.0,359.0,0.0,865.0,337.0,0.0,3,1,0,0.038704327512149764,-0.02197343516359232,-0.00444258576761855,0.14267993408162083,-0.15350718262867252,-0.02649475078323227,0.08885827536339203,-0.11076272820986613,-0.01971556788346589,15.11,13.88,2,160.0,369.0,0.0,115.0,329.0,0.0,1,1,0,-0.0554963703906004,0.008879985900118681,-0.009563528995131106,-0.17251800724842853,0.009342788467863183,-0.0246320333689697,-0.185322808472569,0.0019854700956766225,-0.02693885788458602,12.66,18.2,2,183.0,450.0,0.0,112.0,434.0,0.0,1,1,0,-0.04966137060964962,0.021656764491913057,-0.016343641145958304,-0.06806516176417962,0.042592459359637194,-0.030878534883976152,-0.09941542011197169,0.06890332318457497,-0.04972847197143092
92,least_connections,4645,measured,383,300,12,medium,1,90.13,60.1,4,993.0,359.0,0.0,865.0,337.0,0.0,3,1,0,0.03501820108242121,-0.019880727052773994,-0.004019482361178688,0.12909136893099027,-0.13888745094975136,-0.023971441184829197,0.08039558247164041,-0.10021389695178365,-0.017837894751707235,26.06,23.25,3,160.0,752.0,0.0,115.0,629.0,0.0,1,2,0,-0.050211001781971784,0.051118173184007604,-0.008652716709880524,-0.1560877208438163,0.1074598018110599,-0.022286125429067823,-0.16767301718946714,0.08661780627704076,-0.0243732523717683,9.0,14.47,1,0.0,450.0,0.0,0.0,434.0,0.0,0,1,0,-0.08801561649263083,0.019594215492683243,-0.014787103893962275,-0.09469705111997205,0.03853603465871937,-0.027937722037883184,-0.12372506264099026,0.06234110192890116,-0.04499242702177083
92,least_connections,4646,measured,407,441,15,heavy,2,90.13,60.1,4,1352.0,0.0,0.0,1202.0,0.0,0.0,4,0,0,0.07476703453942418,-0.061071224703076694,-0.003636674517256908,0.3333366353820071,-0.3421997572085052,-0.021688446786274036,0.22519124128386508,-0.24312209724208997,-0.016139047632497024,26.06,23.25,3,160.0,752.0,0.0,115.0,629.0,0.0,1,2,0,-0.045429001612260184,0.04624977573791164,-0.007828648451796665,-0.14122222362059572,0.09722553497191133,-0.020163637292966125,-0.1517041584095179,0.07836849139351307,-0.0220519902411237,17.14,29.17,2,0.0,450.0,407.0,0.0,434.0,441.0,0,1,1,-0.07963317682666599,0.017728099731475315,0.02970509194174388,-0.08567828434664138,0.03486593611979372,0.048370632441915216,-0.11194172334184833,0.056403854126148664,0.09229256602792163
92,least_connections,4647,measured,153,124,3,light,2,90.13,60.1,4,1352.0,0.0,0.0,1202.0,0.0,0.0,4,0,0,0.06764636458328854,-0.05525491758849796,-0.0032903245632324406,0.3015902891551493,-0.3096093041410285,-0.01962288042567651,0.2037444563996874,-0.21996761179046234,-0.014601995477021117,26.06,23.25,3,529.0,383.0,0.0,444.0,300.0,0.0,2,1,0,0.0019814701966172077,-0.0012388650353135078,-0.007083062884958888,-0.032384732935641036,-0.0074217948893591235,-0.01824329088411221,-0.044235309989563765,-0.022116007786821504,-0.019951800694350017,20.2,33.3,3,153.0,857.0,0.0,124.0,875.0,0.0,1,2,0,-0.02896516452117852,0.059123609507615985,-0.016207864660417667,-0.04983273345648505,0.1051929898226705,-0.02988371350493385,-0.06388378143627547,0.18403205849508691,-0.04949720216521376
92,least_connections,4648,measured,390,313,11,medium,1,90.13,60.1,4,1352.0,0.0,0.0,1202.0,0.0,0.0,4,0,0,0.06120385367059439,-0.04999254448483149,-0.0029769603191150654,0.2728674044737065,-0.28012270374664483,-0.017754034670850176,0.18434022245686,-0.19901831542946594,-0.013211329241114343,37.2,33.03,4,529.0,773.0,0.0,444.0,613.0,0.0,2,2,0,0.0017927587493203334,0.04196302233766419,-0.006408485467343756,-0.029300472656056176,0.0941013692497635,-0.016505834609434857,-0.040022423323891027,0.06848730247859007,-0.018051629199650015,20.2,33.3,3,153.0,857.0,0.0,124.0,875.0,0.0,1,2,0,-0.02620657742392342,0.0534927895545097,-0.01466425850228265,-0.04508675884158171,0.09517460983955903,-0.027037645552083007,-0.0577996117756778,0.1665051957812691,-0.04478318291138388
92,least_connections,4649,measured,162,110,3,light,2,53.0,38.5,2,795.0,0.0,0.0,770.0,0.0,0.0,2,0,0,-0.030792885227738848,-0.04523134977199039,-0.0026934402887231544,-0.08908822134918615,-0.25344435100886914,-0.016063174226007303,-0.02864456063426951,-0.18006419015046918,-0.011953107408627263,32.63,29.44,3,369.0,773.0,0.0,329.0,613.0,0.0,1,2,0,-0.04146188040594373,0.03796654401979141,-0.005798153518072922,-0.06787049566840456,0.08513933408311936,-0.014933850360917251,-0.0687256449120919,0.06196470224253389,-0.016332426418730967,23.44,36.97,4,765.0,407.0,0.0,668.0,441.0,0.0,3,1,0,0.06245708754615545,0.005314337941608557,-0.013267662454446208,0.06995007533380702,0.004681789854839122,-0.024462631689979863,0.1117686052188312,0.019758669198925993,-0.04051811787220447
92,least_connections,4650,measured,373,303,11,medium,0,77.87,53.65,3,795.0,373.0,0.0,770.0,303.0,0.0,2,1,0,-0.027860229491763727,0.002160298052099399,-0.002436922165987616,-0.08060362883973982,-0.004322666785802204,-0.014533348109244703,-0.025916507240529574,-0.025843791088519752,-0.010814716226853238,32.63,29.44,3,752.0,390.0,0.0,629.0,313.0,0.0,2,1,0,0.005570770335665415,-0.008733217542184188,-0.005245948421113596,0.03760016378300812,-0.021975976645885215,-0.013511578897972751,0.02264108317477398,-0.028758126542469342,-0.014776957235994684,20.38,32.83,3,612.0,407.0,0.0,544.0,441.0,0.0,2,1,0,0.013424893267383275,0.004808210518598213,-0.01200407555402276,0.03560244911153969,0.004235905106759197,-0.022132857243315113,0.0637271507535457,0.017876891179980675,-0.03665924950342309
92,least_connections,4651,measured,193,113,3,light,0,61.67,37.65,3,552.0,373.0,0.0,450.0,303.0,0.0,2,1,0,-0.02520687430207194,0.0019545553804708876,-0.002204834340655462,-0.21949852133119319,-0.003910984234773401,-0.013149219717888065,-0.16821017321762197,-0.02338247765151788,-0.009784743252867215,32.63,29.44,3,752.0,390.0,0.0,629.0,313.0,0.0,2,1,0,0.00504022077988775,-0.007901482538166651,-0.004746334285769443,0.03401919580367402,-0.01988302648913423,-0.012224761860070585,0.020484789539081227,-0.026019257347948452,-0.013369627975423761,20.38,32.83,3,612.0,407.0,0.0,544.0,441.0,0.0,2,1,0,0.012146332003822952,0.004350285707303142,-0.01086083026316345,0.03221173967234543,0.003832485572782124,-0.020024966077285104,0.05765789830082706,0.016174330115220598,-0.03316789240785899
92,least_connections,4652,measured,151,122,3,light,0,71.73,43.75,4,703.0,373.0,0.0,572.0,303.0,0.0,3,1,0,0.02027768062012085,0.001768407248997475,-0.0019948501177358942,-0.10751453517266674,-0.003538509545747387,-0.011896913078089202,-0.09699968053022939,-0.021155575018039996,-0.008852862943070338,32.63,29.44,3,1142.0,0.0,0.0,942.0,0.0,0.0,3,0,0,0.04764409997998914,-0.050232860618431956,-0.004294302449029497,0.13159559892441253,-0.11880573144935275,-0.011060498825778147,0.1070308810115497,-0.11203825664814383,-0.01209633007300245,17.14,29.17,2,450.0,407.0,0.0,434.0,441.0,0.0,1,1,0,-0.03209436174710803,0.003935972782798086,-0.009826465476195503,-0.0001703307726398373,0.003467486946802864,-0.018117826450877,0.018992066716621292,0.014633917723294837,-0.030009045511872418
92,least_connections,4653,measured,483,437,16,heavy,2,47.8,26.9,3,344.0,373.0,0.0,235.0,303.0,0.0,2,1,0,-0.024737427284743263,0.0015999875109977135,-0.0018048643922372377,-0.3138147381720953,-0.003201508636628575,-0.010763873737318802,-0.24021399667020754,-0.01914075834965523,-0.0080097331389684,32.63,29.44,3,1142.0,0.0,0.0,942.0,0.0,0.0,3,0,0,0.043106566648561606,-0.04544877865477177,-0.0038853212634076396,0.11906268474113513,-0.10749089988274772,-0.010007117985227848,0.0968374637723545,-0.10136794649117775,-0.010944298637478407,26.8,43.73,3,450.0,407.0,483.0,434.0,441.0,437.0,1,1,1,-0.029037755866431078,0.0035611182320554047,0.034193288605437626,-0.00015410879429317292,0.0031372500947264015,0.0710076808301589,0.017183298457895457,0.01324021127345723,0.10464260961624242
92,least_connections,4654,measured,421,448,13,heavy,0,63.0,43.65,3,524.0,421.0,0.0,425.0,448.0,0.0,2,1,0,-0.022381481829053418,0.0014476077480455457,-0.0016329725453575008,-0.17535619167951483,0.0260557779001932,-0.009738742905193202,-0.13138409222542588,0.0482774091122167,-0.007246901411447601,22.09,19.16,2,773.0,0.0,0.0,613.0,0.0,0.0,2,0,0,-0.0040827208780587765,-0.0411203235447935,-0.0035152906668926265,0.012335626330414767,-0.09725367132248604,-0.009054059129491863,-0.005405985158345922,-0.09171385634916082,-0.009901984481528082,26.8,43.73,3,857.0,0.0,483.0,875.0,0.0,437.0,2,0,1,0.016811644919034002,-0.03986193611204057,0.030936784928729283,0.0735081872813538,-0.07080915467619993,0.06424504456061997,0.14854679384285782,-0.12102076122877678,0.09467664679564791
92,least_connections,4655,measured,493,432,13,heavy,1,52.93,37.55,2,373.0,421.0,0.0,303.0,448.0,0.0,1,1,0,-0.06333381235780569,0.001309740343469784,-0.0014774513505615484,-0.24973496707511658,0.02357427524303196,-0.008811243580889087,-0.17406179772776623,0.0436795606253389,-0.006556720324643068,36.17,32.66,3,773.0,493.0,0.0,613.0,432.0,0.0,2,1,0,-0.003693890318243659,0.005879797971944198,-0.0031805010795695195,0.011160804775137173,0.0394507599599276,-0.008191767783825972,-0.004891129428979651,0.03916365377933069,-0.00895893834043017,26.8,43.73,3,857.0,483.0,0.0,875.0,437.0,0.0,2,1,0,0.015210535879125991,0.007018338982530181,-0.015093475767430873,0.0665074075402725,0.02333457434058102,-0.029273531111820034,0.13439948014353803,0.02229867634856704,-0.04613382750235031
92,least_connections,4656,measured,402,435,18,heavy,0,79.73,59.3,3,373.0,421.0,402.0,303.0,448.0,435.0,1,1,1,-0.057302020704681336,0.0011850031679012385,0.04174715852863025,-0.22595068449653408,0.02132910617226702,0.23450411295062418,-0.15748448365845516,0.0395196024705447,0.19085344351579914,36.17,32.66,3,773.0,493.0,0.0,613.0,432.0,0.0,2,1,0,-0.0033420912403157033,0.005319817212711422,-0.002877596214848613,0.010097870987028856,0.035693544725648785,-0.0074115994234615935,-0.004425307578600629,0.035433781990823005,-0.008105706117532058,17.8,29.27,2,407.0,483.0,0.0,441.0,437.0,0.0,1,1,0,-0.029321986812310033,0.006349925746098731,-0.013656001884818409,-0.02125520270165822,0.021112233927192345,-0.026485575767837173,-0.009289359235211653,0.020174992886798748,-0.041740129644983616
92,least_connections,4657,measured,393,329,11,medium,2,79.73,59.3,3,373.0,421.0,402.0,303.0,448.0,435.0,1,1,1,-0.05184468539947358,0.0010721457233392184,0.037771238668760705,-0.20443157168734036,0.019297762727289225,0.2121703879077076,-0.14248596140526895,0.03575583080668329,0.17267692508572302,25.23,23.28,2,390.0,493.0,0.0,313.0,432.0,0.0,1,1,0,-0.04610769706323348,0.004813167954357947,-0.0026035394324820786,-0.08987063373282422,0.03229415951368224,-0.006705732811703347,-0.08882527828540057,0.0320591360869351,-0.007333734106338529,25.66,40.23,3,407.0,876.0,0.0,441.0,766.0,0.0,1,2,0,-0.026529416639709077,0.04882907113989431,-0.012355430276740464,-0.019230897682452675,0.09021583069603117,-0.023963139980424108,-0.008404658355667699,0.11747578721504015,-0.037764879202604226
92,least_connections,4658,measured,423,449,18,heavy,1,79.73,59.3,3,373.0,421.0,402.0,303.0,448.0,435.0,1,1,1,-0.04690709631380943,0.0009700366068307181,0.03417397784316445,-0.18496189819330797,0.017459880562785468,0.19196368429744973,-0.12891586984286238,0.03235051358699917,0.1562315036489875,37.31,37.31,3,390.0,493.0,423.0,313.0,432.0,449.0,1,1,1,-0.041716487819115994,0.0043547710063238515,0.040728316930702155,-0.08131152575826953,0.029218525274283938,0.10327984718396908,-0.08036572797250527,0.029005885031036516,0.12031412152283658,25.66,40.23,3,407.0,876.0,0.0,441.0,766.0,0.0,1,2,0,-0.02400280553116535,0.044178683412285334,-0.01117872263133661,-0.017399383617457187,0.08162384682021867,-0.02168093617276467,-0.007604214702746942,0.10628761700408396,-0.034168224040451445
92,least_connections,4659,measured,360,336,14,medium,0,100.0,76.1,4,373.0,781.0,402.0,303.0,784.0,435.0,1,2,1,-0.042439753807732336,0.043961552394842306,0.030919313286672596,-0.16734647931775484,0.23293989193775833,0.17368142865007355,-0.11663816795306595,0.18126951229299926,0.1413523128252744,26.17,27.53,2,0.0,493.0,423.0,0.0,432.0,449.0,0,1,1,-0.08082738920595756,0.003940030910483491,0.036849429603968614,-0.17438389745476088,0.026435808581494996,0.09344367126168632,-0.16120887292750477,0.026243419789985414,0.1088556337587569,25.66,40.23,3,407.0,876.0,0.0,441.0,766.0,0.0,1,2,0,-0.021716824052006742,0.039971189753972444,-0.010114082380733124,-0.015742299463413642,0.07385014712305499,-0.019616085108691842,-0.006880003778675786,0.0961649868132188,-0.030914107465170353
92,least_connections,4660,measured,426,409,14,heavy,1,100.0,76.1,4,794.0,762.0,0.0,751.0,771.0,0.0,2,2,0,0.004686027734047166,0.0397747378810478,-0.0151092834435774,0.10252778855377737,0.199294822864321,-0.08533585026898109,0.09713689566151179,0.15812479683652314,-0.06889552649141839,38.34,40.31,3,0.0,919.0,423.0,0.0,841.0,449.0,0,2,1,-0.07312954261491399,0.04664869009814719,0.03333996011787636,-0.15777590722097412,0.13404056150570637,0.08454427399866857,-0.14585564693440908,0.13938392742903444,0.0984884305436372,25.66,40.23,3,407.0,876.0,0.0,441.0,766.0,0.0,1,2,0,-0.019648555094672768,0.03616440977740364,-0.009150836439710921,-0.014243032847850445,0.06681679977800214,-0.017747886526911668,-0.00622476532356378,0.0870064166405313,-0.02796990675420175
92,least_connections,4661,measured,472,411,15,heavy,1,78.87,60.95,3,421.0,762.0,0.0,448.0,771.0,0.0,1,2,0,-0.03884416084833374,0.0359866676066623,-0.0136703040679986,-0.1322208897211855,0.1803143635439095,-0.07720862643384004,-0.04918566583006076,0.14306529237590188,-0.06233404777794997,51.83,53.16,4,493.0,426.0,895.0,432.0,409.0,860.0,1,1,2,-0.023080924043879097,-0.0008779425189099077,0.07324862604769312,-0.015307453472037824,-0.006167383127490156,0.19850604382192463,-0.009821775797798665,0.003966410531031139,0.2053139371585289,17.52,25.53,2,393.0,483.0,0.0,329.0,437.0,0.0,1,1,0,-0.017777264133275364,-0.010363719951963599,-0.0082793282073575,-0.015419886862340887,-0.010660990677045665,-0.016057611619586746,-0.0394097083086212,-0.020502130976027266,-0.02530610611094444
92,least_connections,4662,measured,156,109,5,light,2,78.87,60.95,3,421.0,762.0,0.0,448.0,771.0,0.0,1,2,0,-0.03514471695801624,0.032559365929837325,-0.012368370347236828,-0.11962842403345353,0.16314156701591814,-0.06985542391633145,-0.04450131670338828,0.1294400264353398,-0.05639747179909759,51.83,53.16,4,493.0,1321.0,0.0,432.0,1269.0,0.0,1,3,0,-0.02088274080160489,0.08537347150783434,-0.01989523402941143,-0.013849600760415165,0.22578053091186268,-0.05175983790261242,-0.00888636857896069,0.24674341905188532,-0.05739453304704528,20.64,29.17,3,1032.0,0.0,0.0,875.0,0.0,0.0,3,0,0,0.07008360909483703,-0.05246059923091491,-0.0074908207590377385,0.10167724521978681,-0.09704565823161275,-0.014528315274864199,0.1290102639112475,-0.15034319786719927,-0.02289600076704497
92,least_connections,4663,measured,178,117,5,light,0,90.73,66.8,4,599.0,762.0,0.0,565.0,771.0,0.0,2,2,0,0.011286299169504577,0.029458473936519486,-0.011190430314166654,-0.000870161427092897,0.14760427491916406,-0.06320252640049036,0.012665475363601075,0.11711240487006935,-0.051026284008707345,51.83,53.16,4,493.0,1321.0,0.0,432.0,1269.0,0.0,1,3,0,-0.018893908344309193,0.0772426646975644,-0.01800044983613415,-0.012530591164185145,0.20427762320597098,-0.04683032953093504,-0.008040047761916802,0.22324404580884863,-0.05192838704256478,20.64,29.17,3,1032.0,0.0,0.0,875.0,0.0,0.0,3,0,0,0.06340897965723351,-0.04746435168511349,-0.006777409258177001,0.0919936980559976,-0.08780321459050677,-0.013144666201067608,0.11672357211017631,-0.13602479807032314,-0.02071542926542164
92,least_connections,4664,measured,168,121,8,light,2,90.73,66.8,4,599.0,762.0,0.0,565.0,771.0,0.0,2,2,0,0.010211413534313651,0.0266529049901843,-0.010124675046150782,-0.000787288910226891,0.13354672492686276,-0.05718323817187223,0.0114592396146867,0.10595884250149135,-0.04616663791263998,51.83,53.16,4,493.0,1321.0,0.0,432.0,1269.0,0.0,1,3,0,-0.017094488501994035,0.0698862204406535,-0.01628612128031185,-0.011337201529500851,0.184822611472069,-0.04237029814703647,-0.007274328927448531,0.2019827081127678,-0.046982826371844325,24.0,33.2,4,1032.0,168.0,0.0,875.0,121.0,0.0,3,1,0,0.05737002921368746,0.00013996298784516026,-0.006131941709779192,0.08323239347923592,-0.04904100367712517,-0.01189279322953736,0.10560704143301666,-0.08657799190489554,-0.018742531240143388
92,least_connections,4665,measured,400,304,13,medium,0,100.0,82.0,5,599.0,1162.0,0.0,565.0,1075.0,0.0,2,3,0,0.009238897959617104,0.06719843331311459,-0.009160420279850708,-0.0007123090140148114,0.3620978304893837,-0.05173721548883678,0.010367883460907001,0.23339133369182546,-0.04176981525429332,51.83,53.16,4,493.0,1321.0,0.0,432.0,1269.0,0.0,1,3,0,-0.0154664419779946,0.06323038992249602,-0.014735062110758342,-0.010257468050500762,0.1672204579985386,-0.038335031656842516,-0.006581535696262936,0.18274625972107564,-0.04250827147928772,24.0,33.2,4,1200.0,0.0,0.0,996.0,0.0,0.0,4,0,0,0.09499011713437935,-0.04295726704727841,-0.005547947261228793,0.10570549886216582,-0.07477043189835134,-0.010760146255295706,0.13204129145526905,-0.11482453235839755,-0.016957528264891636
92,least_connections,4666,measured,356,331,11,medium,1,100.0,82.0,5,959.0,802.0,0.0,901.0,739.0,0.0,3,2,0,0.051442903142601415,0.017714682294632023,-0.008287999300817308,0.21649838708255803,0.11046946568087096,-0.046809861632757084,0.1613804659884397,0.059163587625937375,-0.03779173761102729,62.0,63.5,5,493.0,1677.0,0.0,432.0,1600.0,0.0,1,4,0,-0.013993447503899872,0.10029234825187282,-0.013331722862114691,-0.009280566331405449,0.2433219109782696,-0.034684076260952754,-0.005954722772809312,0.2589281635571637,-0.03845986467173651,24.0,33.2,4,1200.0,0.0,0.0,996.0,0.0,0.0,4,0,0,0.08594343931205752,-0.03886609875706142,-0.0050195713315879555,0.09563830849434052,-0.06764943838422263,-0.00973537042145802,0.11946593036429104,-0.10388886260997875,-0.015342525572997194
92,least_connections,4667,measured,358,335,9,medium,2,89.33,59.6,4,940.0,400.0,0.0,888.0,304.0,0.0,3,1,0,0.04654357903378223,-0.027056330531614103,-0.007498666034072802,0.18441917561437798,-0.14252762628873578,-0.0423517795724945,0.14012994541811213,-0.14325675405272334,-0.03419252450521517,62.0,63.5,5,919.0,1251.0,0.0,841.0,1191.0,0.0,2,3,0,0.030423162008943197,0.04765679581065137,-0.012062034970484721,0.10172574610832025,0.110025946667414,-0.031380830902766776,0.1102522746341249,0.11862845750410045,-0.03479702041728541,28.04,40.73,4,1044.0,358.0,0.0,887.0,335.0,0.0,3,1,0,0.034674449627008955,0.00791933468465418,-0.00454151691905577,0.05830132673297478,0.0035743176523699988,-0.008808192286081066,0.07521520683753316,0.0070370608131938295,-0.013881332661283175
92,least_connections,4668,measured,498,425,19,heavy,0,100.0,75.0,4,762.0,400.0,498.0,771.0,304.0,425.0,2,1,1,-0.0009730430057162953,-0.024479537147650846,0.03629939286259626,0.05949036523840545,-0.12895356664218954,0.26206267562488594,0.07385566490210149,-0.12961325366674967,0.16132581116194816,47.91,50.0,4,426.0,1251.0,0.0,409.0,1191.0,0.0,1,3,0,-0.015558182218665909,0.04311805335249409,-0.010913269735200463,-0.03540459705845855,0.09954728508004124,-0.02839218034059851,-0.02239079914055367,0.10733050917037656,-0.03148301847278204,20.18,29.77,3,651.0,358.0,0.0,558.0,335.0,0.0,2,1,0,-0.011711779135654021,0.0071651123337347356,-0.004108991498193316,-0.01836546628921329,0.003233906447382376,-0.007969316830263822,-0.031170368416835098,0.006366864545270606,-0.012559300979256206
92,least_connections,4669,measured,496,419,15,heavy,2,100.0,75.0,4,762.0,400.0,498.0,771.0,304.0,425.0,2,1,1,-0.000880372243267119,-0.022148152657398376,0.032842307828063286,0.05382461616808115,-0.11667227458102863,0.237104325565373,0.06682179205428229,-0.11726913426991639,0.14596144819414358,47.91,50.0,4,1321.0,356.0,0.0,1269.0,331.0,0.0,3,1,0,0.07209134987472177,-0.04715622837268674,-0.009873910712800419,0.19932781354574838,-0.14129395295479263,-0.025688163165303413,0.22289641982521335,-0.14604620598870693,-0.02848463576108851,20.44,29.17,3,526.0,0.0,496.0,456.0,0.0,419.0,2,0,1,-0.01059637159892507,-0.036601179543854515,0.03936624125220151,-0.039235421880716784,-0.0618550370237969,0.08254204667738035,-0.0589636666628508,-0.09527124953840596,0.11500190228860946
92,least_connections,4670,measured,485,433,17,heavy,2,100.0,75.0,4,762.0,400.0,498.0,771.0,304.0,425.0,2,1,1,-0.000796527267717867,-0.020038804785265193,0.02971446898729535,0.04869846224731156,-0.10556062938283545,0.21452296122581366,0.06045781185863636,-0.10610064529182908,0.13206035788993944,47.91,50.0,4,1677.0,0.0,0.0,1600.0,0.0,0.0,4,0,0,0.10830940725626753,-0.08574905923061679,-0.008933538263962284,0.2723714231400308,-0.21986459689107088,-0.023241671435274516,0.29525449888947874,-0.22572335303740151,-0.02577181330765151,30.14,43.6,4,526.0,496.0,485.0,456.0,419.0,433.0,2,1,1,-0.009587193351408396,0.00996854730612709,0.03561707541865851,-0.03549871503493425,0.03378829983561232,0.07269042318429651,-0.053348079361626916,0.04016728216366444,0.10827156238810698
92,least_connections,4671,measured,375,320,14,medium,0,100.0,91.0,5,1162.0,375.0,498.0,1075.0,320.0,425.0,3,1,1,0.042363232698822154,-0.018130347186668505,0.02688451955993389,0.28533035473169455,-0.11058660118764474,0.19409220301383143,0.19222373453876623,-0.08875772669260726,0.11948318094804045,47.91,50.0,4,1677.0,0.0,0.0,1600.0,0.0,0.0,4,0,0,0.09799422561281348,-0.07758248216103424,-0.008082725095965877,0.24643128760288502,-0.19892511147287364,-0.021028178917629325,0.26713502280476653,-0.2042258908433633,-0.023317354897398983,30.14,43.6,4,526.0,496.0,485.0,456.0,419.0,433.0,2,1,1,-0.008674127317940927,0.009019161848400695,0.03222497299783389,-0.03211788503160719,0.03057036651793496,0.06576752573817304,-0.04826730989861483,0.03634182671950592,0.09795998501781107
92,least_connections,4672,measured,376,325,6,medium,1,100.0,91.0,5,1162.0,375.0,498.0,1075.0,320.0,425.0,3,1,1,0.03832863910845814,-0.016403647454604833,0.024324089125654473,0.258156035233438,-0.10005454393167856,0.17560723129822844,0.17391671220174088,-0.08030460986473992,0.1081038303815604,58.66,60.16,5,2053.0,0.0,0.0,1925.0,0.0,0.0,5,0,0,0.13174534244787434,-0.07019367433617384,-0.007312941753492936,0.3201589200760796,-0.1799798627611714,-0.019025495211188438,0.33358347301383634,-0.18477580600113822,-0.021096654430980032,26.78,39.57,3,358.0,496.0,485.0,335.0,419.0,433.0,1,1,1,-0.050931920181084875,0.008160194053314918,0.02915592795042114,-0.05945903883812079,0.02765890304003639,0.05950395185834703,-0.08016248673366738,0.03288070036526726,0.0886304626351624
92,least_connections,4673,measured,158,115,6,light,2,100.0,74.2,4,802.0,873.0,0.0,739.0,745.0,0.0,2,2,0,-0.008405607700057133,0.028242504910686334,-0.021076391017831892,0.01642688902072964,0.20985541263324314,-0.14149821930160286,0.005353215801575051,0.11960535297952102,-0.0944536772738263,58.66,60.16,5,2053.0,0.0,0.0,1925.0,0.0,0.0,5,0,0,0.11919816697664821,-0.06350856249463348,-0.006616471110303133,0.2896675943545482,-0.16283892345058365,-0.01721354328631335,0.30181361844109,-0.167178110191506,-0.01908744924707717,29.94,43.4,4,516.0,981.0,0.0,450.0,852.0,0.0,2,2,0,-0.002997360889462286,0.05046693294166134,-0.01670472731923348,-0.02520579704401403,0.11278662656003294,-0.03392499593768602,-0.037845424505064146,0.16033650667968624,-0.05039783539358323
92,least_connections,4674,measured,373,337,11,medium,0,100.0,69.3,4,400.0,1246.0,0.0,304.0,1082.0,0.0,1,3,0,-0.050688973860142386,0.06863664276499738,-0.019069115682800283,-0.22761376707648268,0.4148533098427756,-0.12802219841573592,-0.19194232856047974,0.26066674793385236,-0.08545808896203332,46.49,47.38,4,1627.0,0.0,0.0,1516.0,0.0,0.0,4,0,0,0.06476206037116244,-0.057460127971335054,-0.0059863310045599775,0.15195775543642798,-0.14733045455052807,-0.015574158211426364,0.1574295833514624,-0.15125638541136258,-0.017269596937831727,29.94,43.4,4,516.0,981.0,0.0,450.0,852.0,0.0,2,2,0,-0.0027118979476087324,0.04566055837578883,-0.01511380090787791,-0.02280524494458412,0.10204504307812504,-0.030694043943620682,-0.0342410983617247,0.14506636318638277,-0.045598041546575305
92,least_connections,4675,measured,168,103,3,light,0,100.0,74.45,5,568.0,1246.0,0.0,407.0,1082.0,0.0,2,3,0,-0.0027775523133714564,0.06209981964452144,-0.017253009427295494,-0.1046029321168177,0.3753434708101303,-0.11582960809042774,-0.1270668686975769,0.2358413433687236,-0.07731922334660157,46.49,47.38,4,1627.0,0.0,0.0,1516.0,0.0,0.0,4,0,0,0.058594245097718406,-0.05198773483120791,-0.005416204242220932,0.1374855882520063,-0.13329898268857301,-0.014090905048433376,0.14243628969894218,-0.1368510153721852,-0.015624873419942991,29.94,43.4,4,516.0,981.0,0.0,450.0,852.0,0.0,2,2,0,-0.0024536219525983782,0.04131193376857085,-0.013674391297603823,-0.020633316854623718,0.09232646754687504,-0.027770801663275856,-0.030980041374893796,0.13125051907339394,-0.04125537092309194
92,least_connections,4676,measured,195,124,7,light,1,100.0,74.45,5,568.0,1246.0,0.0,407.0,1082.0,0.0,2,3,0,-0.0025130235216218044,0.056185551106947965,-0.01560986567231497,-0.09464074810569223,0.3395964735901179,-0.10479821684372033,-0.11496526215495054,0.21338026304789276,-0.06995548778978238,26.49,24.38,3,927.0,0.0,0.0,780.0,0.0,0.0,3,0,0,0.009929940575940238,-0.04703652199014049,-0.004900375266771319,-0.05656065824818479,-0.12060384148013749,-0.012748914091439722,-0.07922430932000471,-0.12381758533673898,-0.014136790237091277,22.78,32.23,3,158.0,981.0,0.0,115.0,852.0,0.0,1,2,0,-0.04530384389815589,0.03737746388584982,-0.01237206831687965,-0.08344919143989765,0.08353347063764885,-0.025125963409630536,-0.12906130727569756,0.11875046963783262,-0.03732628797803557
92,least_connections,4677,measured,190,108,9,light,1,100.0,74.45,5,568.0,1246.0,0.0,407.0,1082.0,0.0,2,3,0,-0.002273687948134012,0.05083454623961958,-0.014123211798761163,-0.08562734352419776,0.307253952295821,-0.09481743428717554,-0.10401618956876477,0.19305833323380772,-0.06329306038123167,21.74,17.41,3,571.0,190.0,0.0,449.0,108.0,0.0,2,1,0,-0.03409966827709715,0.0005270469975826447,-0.004433672860412146,-0.14320113977556853,-0.06000211508066862,-0.011534731797016891,-0.16526544652762332,-0.08148972006657336,-0.012790429262130204,22.78,32.23,3,654.0,485.0,0.0,534.0,433.0,0.0,2,1,0,0.002094708128425854,-0.009266194806226577,-0.011193776096224444,0.01425073155437831,-0.014174478946889155,-0.022733014513475248,0.009595325163257756,-0.01892417826418316,-0.03377140340869885
92,least_connections,4678,measured,417,429,18,heavy,1,83.07,54.1,3,748.0,498.0,0.0,657.0,425.0,0.0,2,1,0,-0.002057146238787916,-0.040174639570049395,-0.012778144008402957,0.031099070144773477,-0.17318293204981278,-0.08578720245030168,0.018985352294927094,-0.1225424604075073,-0.05726514986873341,22.91,20.66,3,195.0,190.0,417.0,124.0,108.0,429.0,1,1,1,-0.07393598104889289,0.00047685204543192194,0.039072481924479714,-0.2267602148989838,-0.05428762793012876,0.09735973245576024,-0.24141576114404012,-0.07372879434594733,0.10972234971521554,22.78,32.23,3,654.0,485.0,0.0,534.0,433.0,0.0,2,1,0,0.001895212116194811,-0.00838370006277643,-0.010127702182298307,0.01289351902538989,-0.012824528570994947,-0.02056796551219189,0.008681484671518941,-0.0171218755723562,-0.030555079274537055
92,least_connections,4679,measured,466,448,16,heavy,0,100.0,76.5,4,748.0,498.0,466.0,657.0,425.0,448.0,2,1,1,-0.001861227549379535,-0.03634848342052088,0.031522722314392786,0.028137253940509366,-0.15668931947364012,0.203462372386235,0.017177223504934003,-0.11087174989250662,0.15085534059495548,22.91,20.66,3,385.0,0.0,417.0,232.0,0.0,429.0,2,0,1,-0.023810558817479066,-0.04265246266184277,0.03535129316976736,-0.15604835769772002,-0.09823302390957228,0.08808737698378308,-0.1878880696065125,-0.09724271869395235,0.09927260212329025,19.62,28.4,2,496.0,485.0,0.0,419.0,433.0,0.0,1,1,0,-0.041369184502581105,-0.007585252437750101,-0.009163159117317516,-0.016924911357980577,-0.011603144897566864,-0.0186091116538879,-0.026827863074974923,-0.015491220755941337,-0.027645071724581145
92,least_connections,4680,measured,199,117,4,light,2,100.0,76.5,4,1246.0,0.0,466.0,1082.0,0.0,448.0,3,0,1,0.041399932443985404,-0.07597062332151436,0.028520558284450617,0.32583846785093706,-0.44214747952376965,0.18408500358754593,0.20780320221874982,-0.29257444037893454,0.13648816530019783,22.91,20.66,3,385.0,0.0,417.0,232.0,0.0,429.0,2,0,1,-0.02154288654914774,-0.038590323360714884,0.03198450334407523,-0.1411866093455562,-0.08887749782294635,0.07969810298532753,-0.1699939677392256,-0.08798150738976641,0.0898180685877388,23.6,32.3,3,1180.0,0.0,0.0,969.0,0.0,0.0,3,0,0,0.048738538284512786,-0.04994674767043603,-0.00829047729662061,0.10845841353325567,-0.09825998824065574,-0.016836815305898575,0.14160018737661,-0.14460316798553424,-0.025012207750811512
92,least_connections,4681,measured,394,345,11,medium,1,100.0,76.5,4,1246.0,466.0,0.0,1082.0,448.0,0.0,3,1,0,0.03745708173503441,-0.025651425635565148,-0.017279585588444904,0.2948062328175145,-0.11895883068023605,-0.11452626659539494,0.18801242105505933,-0.06204354129522646,-0.07917737425220196,34.17,31.44,4,385.0,394.0,417.0,232.0,345.0,429.0,2,1,1,-0.01949118306827652,0.008168845757539137,0.02893836016844902,-0.12774026559836038,0.021437365915293452,0.0721078074629154,-0.15380406604977553,0.017942326647354193,0.08126396681747797,23.6,32.3,3,1180.0,0.0,0.0,969.0,0.0,0.0,3,0,0,0.04409677273360681,-0.045189914558965934,-0.007500908030275789,0.09812904081580273,-0.08890189412249805,-0.015233309086289188,0.1281144552455043,-0.13083143770119765,-0.022630092726924702
92,least_connections,4682,measured,174,120,6,light,2,100.0,76.5,4,1246.0,466.0,0.0,1082.0,448.0,0.0,3,1,0,0.03388974061741208,-0.023208432717892274,-0.01563391077049777,0.266729448739656,-0.10762941823449929,-0.10361900311011923,0.17010647619267272,-0.05613463260044296,-0.07163667194246845,34.17,31.44,4,385.0,811.0,0.0,232.0,774.0,0.0,2,2,0,-0.01763487991891685,0.05047476067405468,-0.016901574360065397,-0.11557452601756414,0.12719163038594578,-0.04255552113899492,-0.13915605975932077,0.13752817649046334,-0.047770101450853274,27.08,36.3,4,1354.0,0.0,0.0,1089.0,0.0,0.0,4,0,0,0.0829809803190683,-0.04088611317239775,-0.006786535836916191,0.12026913216667867,-0.08043504706321251,-0.013782517744737837,0.15210355474593246,-0.11837130077727406,-0.020474845800550923
92,least_connections,4683,measured,383,304,9,medium,0,100.0,91.7,5,1246.0,849.0,0.0,1082.0,752.0,0.0,3,2,0,0.030662146272896637,0.022085794434378636,-0.014144966887593221,0.24132664409778393,0.1336368755656117,-0.09375052662344122,0.1539058594124182,0.08673533240912307,-0.06481413175747146,28.6,27.56,3,190.0,811.0,0.0,108.0,774.0,0.0,1,2,0,-0.059039267772444046,0.045667640609859,-0.01529190061148774,-0.15497559156691176,0.11507814177776045,-0.03850261436385254,-0.16096262549652832,0.12443025491994301,-0.04322056797934344,27.08,36.3,4,1354.0,0.0,0.0,1089.0,0.0,0.0,4,0,0,0.07507802981249036,-0.03699219763216939,-0.00614019909054322,0.10881492910318546,-0.07277456639052561,-0.012469897007143757,0.13761750191298652,-0.10709784356039082,-0.01852486048621274
92,least_connections,4684,measured,377,316,12,medium,1,100.0,91.7,5,1246.0,849.0,0.0,1082.0,752.0,0.0,3,2,0,0.027741941865954092,0.019982385440628303,-0.012797827184012914,0.2183431541837092,0.1209095540831725,-0.08482190504025634,0.13924815851599742,0.07847482456063515,-0.05864135730437894,39.37,37.44,4,190.0,1188.0,0.0,108.0,1090.0,0.0,1,3,0,-0.05341648036554461,0.08440224173091551,-0.013835529124679384,-0.14021601141768208,0.20157410106423224,-0.0348356987101523,-0.14563285163971612,0.2019249925466151,-0.03910432340988216,13.18,18.43,2,659.0,0.0,0.0,553.0,0.0,0.0,2,0,0,-0.0182400591945949,-0.0334691311910104,-0.0055554182247772,-0.02731030223997505,-0.06584365530571365,-0.011282287768368161,-0.03713972049142489,-0.09689804893559169,-0.016760588058954386
92,least_connections,4685,measured,191,123,5,light,2,89.8,58.85,3,881.0,466.0,0.0,729.0,448.0,0.0,2,1,0,-0.017984048062322705,-0.02500459911380795,-0.011578986499821208,-0.022610162087755126,-0.1216215145596693,-0.07674362836975573,-0.03370404705695473,-0.06652277777847296,-0.05305646613253332,39.37,37.44,4,584.0,794.0,0.0,453.0,745.0,0.0,2,2,0,-0.0052452962944496695,0.033280032767880476,-0.012517859684233728,-0.025011765432324584,0.08052622749348906,-0.03151801311870923,-0.03421841338831458,0.08514939801836605,-0.03538010213275052,17.0,22.53,3,850.0,0.0,0.0,676.0,0.0,0.0,3,0,0,0.026580989526885784,-0.03028159488710465,-0.005026330774798419,0.009852583687641636,-0.05957283099088378,-0.010207784171380718,0.0034926338410917745,-0.0876696633226782,-0.015164341577149206
92,least_connections,4686,measured,184,110,4,light,0,100.0,64.35,4,1065.0,466.0,0.0,839.0,448.0,0.0,3,1,0,0.026812618646560635,-0.022623208722016716,-0.010476225880790616,0.09052731366663425,-0.11003851317303415,-0.06943471138215995,0.01926776694846949,-0.06018727513290409,-0.04800346935800634,33.94,34.06,3,394.0,794.0,0.0,345.0,745.0,0.0,1,2,0,-0.04782964449316421,0.030110505837606147,-0.011325682571449563,-0.07174533879251135,0.07285706297029962,-0.02851629758359406,-0.061495231160856034,0.0770399315404264,-0.03201056859629809,17.0,22.53,3,850.0,0.0,0.0,676.0,0.0,0.0,3,0,0,0.024049466714801418,-0.027397633469285157,-0.004547632605769998,0.00891424238405672,-0.053899228039371035,-0.00923561425029684,0.0031600020467020817,-0.07932017157766123,-0.013720118569801662
92,least_connections,4687,measured,186,124,4,light,1,68.87,43.1,3,567.0,466.0,0.0,414.0,448.0,0.0,2,1,0,-0.018824864308440603,-0.020468617415157972,-0.009478490082620082,-0.21847528763494994,-0.09955865477560233,-0.06282188172671614,-0.17482916323709904,-0.05445515369167511,-0.04343171037152955,39.26,37.94,4,580.0,794.0,0.0,469.0,745.0,0.0,2,2,0,-0.0001905400289626269,0.02724283861497699,-0.010247046136073414,-0.016830816730639547,0.06591829506836633,-0.025800459718489866,-0.020579018669345917,0.06970279520324293,-0.028961943015698273,7.3,8.1,2,365.0,0.0,0.0,243.0,0.0,0.0,2,0,0,-0.021324858913365607,-0.02478833504363895,-0.004114524738553807,-0.07969663784299631,-0.048765968226097606,-0.00835603194074476,-0.12772825211647587,-0.07176586952264588,-0.012413440610772934
92,least_connections,4688,measured,433,449,19,heavy,2,68.87,43.1,3,1033.0,0.0,0.0,862.0,0.0,0.0,3,0,0,0.026051880138168254,-0.06160312550713839,-0.00857577674141817,0.08341124769536268,-0.37115624320967194,-0.0568388453717908,0.04448789992833896,-0.2519356152448489,-0.03929535700281245,39.26,37.94,4,580.0,794.0,0.0,469.0,745.0,0.0,2,2,0,-0.0001723933595376148,0.024648282556407747,-0.0092711369802569,-0.015227881803911991,0.05964036220471239,-0.023343273078633688,-0.0186191121294082,0.06306443375531504,-0.026203662728488914,12.48,19.07,2,191.0,0.0,433.0,123.0,0.0,449.0,1,0,1,-0.06237782019599292,-0.02242754122995905,0.03936123498711345,-0.10359219614366334,-0.044121590299802595,0.07079216157742141,-0.1517541328672877,-0.06493102480620341,0.12418149024104672
92,least_connections,4689,measured,492,445,17,heavy,2,68.87,43.1,3,1033.0,0.0,0.0,862.0,0.0,0.0,3,0,0,0.023570748696437938,-0.05573616117312521,-0.0077590360993783445,0.07546731934342332,-0.3358080295706556,-0.051425622003048815,0.040250957078020955,-0.2279417471262919,-0.03555294205016364,39.26,37.94,4,1374.0,0.0,0.0,1214.0,0.0,0.0,4,0,0,0.08601182550917118,-0.06386697337866963,-0.008388171553565766,0.19147409333387555,-0.15129137297124662,-0.021120104214001907,0.1937940175972021,-0.15358158374519115,-0.023708075801966162,22.32,33.9,3,191.0,0.0,925.0,123.0,0.0,894.0,1,0,2,-0.05643707541542216,-0.020291584922343904,0.07869644616747906,-0.0937262727014097,-0.039919534080773776,0.15307862237957176,-0.1373013583084984,-0.05874711768180309,0.2465610308530105
92,least_connections,4690,measured,365,348,10,medium,0,80.93,55.0,3,849.0,365.0,0.0,752.0,348.0,0.0,2,1,0,-0.021757984739503994,-0.007344055120355922,-0.007020080280389931,-0.042704171387696443,-0.08366758230995824,-0.04652794371704417,-0.013344372167504837,-0.048804437876168866,-0.03216694756919568,39.26,37.94,4,1374.0,0.0,0.0,1214.0,0.0,0.0,4,0,0,0.0778202230797263,-0.057784404485463,-0.007589298072273788,0.17323846539731597,-0.13688267078350885,-0.019108665717430296,0.17533744449270666,-0.13895476624564915,-0.02145016382082653,18.5,29.8,2,0.0,0.0,925.0,0.0,0.0,894.0,0,0,2,-0.09414601607880599,-0.01835905302497782,0.07120154653248105,-0.11936186577746591,-0.036117673692128656,0.1384997059624697,-0.1613202765648319,-0.053152154093059935,0.22307902791462855
92,least_connections,4691,measured,412,410,15,heavy,2,80.93,55.0,3,849.0,365.0,0.0,752.0,348.0,0.0,2,1,0,-0.0196857957166941,-0.0066446212993696435,-0.00635150120606708,-0.03863710744601112,-0.07569924113758125,-0.04209671098208758,-0.012073479580123392,-0.04415639617367659,-0.029103428753081802,33.94,34.06,3,1188.0,0.0,0.0,1090.0,0.0,0.0,3,0,0,0.02732487303585214,-0.052281127867799856,-0.0068665077796762845,0.1086579312778437,-0.1238462259469842,-0.017288792791960744,0.1235791164457822,-0.12572097898415877,-0.01940729107598591,26.74,43.47,3,0.0,0.0,1337.0,0.0,0.0,1304.0,0,0,3,-0.08517972883320542,-0.01661057178450374,0.10750434708947831,-0.10799406903675488,-0.03267789524525926,0.19986163872794876,-0.14595644070151456,-0.04809004417943518,0.32548419985926713
92,least_connections,4692,measured,456,434,15,heavy,0,85.8,61.5,3,466.0,365.0,456.0,448.0,348.0,434.0,1,1,1,-0.060894858256147266,-0.006011800223239203,0.03733730389745858,-0.2659732559432164,-0.06848978960066876,0.2369601186352541,-0.1484474339058259,-0.039951025109516924,0.17000165969959266,22.69,23.28,2,794.0,0.0,0.0,745.0,0.0,0.0,2,0,0,-0.018361396051462586,-0.0473019728327713,-0.006212554657802353,-0.0035407832656243754,-0.11205134728536666,-0.015642241097488293,0.014265033927136267,-0.11374755241423888,-0.017558977640177727,26.74,43.47,3,0.0,904.0,433.0,0.0,855.0,449.0,0,2,1,-0.07706737370623347,0.07113918788658277,0.011098037389346602,-0.09770891960468299,0.13401523763524162,0.017246244563382196,-0.13205582730137033,0.21434710288527292,0.036628561777432164
92,least_connections,4693,measured,183,122,4,light,1,85.8,61.5,3,831.0,456.0,0.0,796.0,434.0,0.0,2,1,0,-0.012011447719280643,-0.00543924782102595,-0.00930253003381865,-0.02048373950417992,-0.007078063606954288,-0.06065513075857962,0.02311898837091947,0.0027585963294846916,-0.04252230789084474,27.91,27.09,3,977.0,0.0,0.0,867.0,0.0,0.0,3,0,0,0.02647120856114836,-0.042797023039174036,-0.0056208827856307,0.044102556637224205,-0.10137979040104603,-0.014152503850108456,0.04740050688645661,-0.10291445218431138,-0.015886694055398897,26.74,43.47,3,0.0,1337.0,0.0,0.0,1304.0,0.0,0,3,0,-0.06972762382944933,0.10744792736223703,-0.0330428187792533,-0.0884033082137608,0.19960426262236147,-0.06274863587122563,-0.11947908184409697,0.32934579149937393,-0.10227257109025979
92,least_connections,4694,measured,165,125,5,light,0,96.8,67.75,4,996.0,456.0,0.0,921.0,434.0,0.0,3,1,0,0.03221639990931298,-0.004921224219023482,-0.00841657479250259,0.08099090235336104,-0.00640396231105389,-0.054878451638714895,0.07746479900226044,0.0024958728695337606,-0.03847256428219286,27.91,27.09,3,977.0,0.0,0.0,867.0,0.0,0.0,3,0,0,0.02395014107913422,-0.038721116083062224,-0.005085560615570634,0.039902313147964774,-0.09172457226761307,-0.012804646340574318,0.04288617289727026,-0.09311307578580554,-0.014373675573932336,26.74,43.47,3,0.0,1337.0,0.0,0.0,1304.0,0.0,0,3,0,-0.06308689775045416,0.09721479142297636,-0.029895883657419655,-0.07998394552673596,0.18059433284880325,-0.056772575312061285,-0.10810012166846869,0.2979795256422907,-0.09253232622452076
92,least_connections,4695,measured,373,343,5,medium,1,65.73,45.35,3,530.0,456.0,0.0,473.0,434.0,0.0,2,1,0,-0.013935728880236087,-0.004452536198164103,-0.007614996240835676,-0.20780188199775268,-0.005794061138572559,-0.04965193243502776,-0.13257946756938344,0.0022581706914829303,-0.03480851054103164,38.57,37.81,4,1350.0,0.0,0.0,1210.0,0.0,0.0,4,0,0,0.06475307548883119,-0.0350333907418182,-0.0046012215093258115,0.1325238615556416,-0.08298889871831659,-0.011585156212900573,0.1357809421451493,-0.084245163806205,-0.013004754090700685,26.74,43.47,3,0.0,1337.0,0.0,0.0,1304.0,0.0,0,3,0,-0.057078621774220434,0.08795623985888337,-0.027048656642427307,-0.07236642690514206,0.16339487257748864,-0.05136566337757926,-0.0978048719857574,0.26960052320016775,-0.08371972372694736
92,least_connections,4696,measured,191,102,1,light,0,78.47,50.45,4,721.0,456.0,0.0,575.0,434.0,0.0,3,1,0,0.03047538362082948,-0.0040284851316722825,-0.00688975850361323,-0.07280487736304608,-0.005242245792041855,-0.04492317696502512,-0.07380999446753744,0.0020431068161035904,-0.031493414299028626,15.89,14.53,2,556.0,0.0,0.0,465.0,0.0,0.0,2,0,0,-0.027581684535048417,-0.031696877337835515,-0.004163009937009067,-0.08534915927278686,-0.07508519407847691,-0.010481808002148138,-0.08779045710676966,-0.07622181487228072,-0.011766206082062525,26.74,43.47,3,0.0,1337.0,0.0,0.0,1304.0,0.0,0,3,0,-0.05164256255762801,0.07957945511041829,-0.02447259410505328,-0.06547438624750948,0.14783345614153737,-0.04647369543685743,-0.08849012227282813,0.24392428289538987,-0.07574641670533333
92,least_connections,4697,measured,411,434,18,heavy,1,65.73,45.35,3,530.0,456.0,0.0,473.0,434.0,0.0,2,1,0,-0.015510934093625944,-0.0036448198810368204,-0.006233591027078637,-0.18107742872529559,-0.004742984288037877,-0.04064477915883225,-0.11292332832777197,0.0018485252145699071,-0.028494041508644947,22.4,24.28,2,373.0,0.0,411.0,343.0,0.0,434.0,1,0,1,-0.06803875766322974,-0.028678127115184512,0.039317367426606305,-0.12452679036245343,-0.06793422321386007,0.09676135738581154,-0.11392350881088685,-0.06896259440825399,0.11206271830670533,26.74,43.47,3,0.0,1337.0,0.0,0.0,1304.0,0.0,0,3,0,-0.04672422326642534,0.07200045938561656,-0.022141870856952968,-0.05923873041441334,0.13375407936615283,-0.04204762920477577,-0.08006249158017782,0.22069339881011463,-0.06853247225720635
92,least_connections,4698,measured,155,121,4,light,1,65.73,45.35,3,530.0,456.0,0.0,473.0,434.0,0.0,2,1,0,-0.014033702275185383,-0.003297694178080929,-0.005639915691166386,-0.16383195932288647,-0.004291271498700955,-0.03677384781037204,-0.10216872562988888,0.0016724751941346871,-0.02578032326972638,26.83,28.06,3,528.0,0.0,411.0,464.0,0.0,434.0,2,0,1,-0.01847497575426002,-0.025946876913738367,0.035572856243119996,-0.0725990688313354,-0.061464297193492445,0.08754599001573427,-0.06886234130508812,-0.06239472827413456,0.10139007846797149,26.74,43.47,3,0.0,1337.0,0.0,0.0,1304.0,0.0,0,3,0,-0.0422742972410515,0.0651432727774626,-0.020033121251528875,-0.05359694656542159,0.1210155956169954,-0.03804309309003522,-0.07243749238206565,0.199674979875818,-0.06200557013747241
92,least_connections,4699,measured,444,424,19,heavy,0,84.33,60.3,3,365.0,456.0,444.0,348.0,434.0,424.0,1,1,1,-0.055781059428115565,-0.0029836280658827458,0.03798111936332112,-0.2477527251016592,-0.0038825789750151496,0.2345379472191872,-0.14898598985561373,0.001513191842312328,0.1684844694226285,26.83,28.06,3,528.0,0.0,411.0,464.0,0.0,434.0,2,0,1,-0.016715454253854317,-0.023475745779096616,0.03218496517234666,-0.06568487179977964,-0.05561055460363602,0.07920827668090243,-0.06230402308555591,-0.05645237320040746,0.09173388051864087,26.74,43.47,3,904.0,433.0,0.0,855.0,449.0,0.0,2,1,0,0.04791962675923005,-0.02722864889295333,-0.018125204941859457,0.1150884769169995,-0.05409065158462324,-0.034419941367174724,0.19231845927336916,-0.07719882773140271,-0.05610027774342742
92,least_connections,4700,measured,475,400,16,heavy,0,91.67,62.9,3,456.0,0.0,919.0,434.0,0.0,824.0,1,0,2,-0.050468577577818835,-0.04578337323874652,0.07744777012690504,-0.1692683385840409,-0.27856042859644226,0.49870893637291547,-0.09589208605984098,-0.19496425499981265,0.33339071042999724,16.17,17.34,2,155.0,0.0,411.0,121.0,0.0,434.0,1,0,1,-0.058207406456435073,-0.0212399604668017,0.02911973039402793,-0.15585093843109313,-0.05031431130805164,0.07166463128272124,-0.15334947326788392,-0.051075956705130564,0.08299732046924652,26.74,43.47,3,1337.0,0.0,0.0,1304.0,0.0,0.0,3,0,0,0.08643975300891789,-0.06771934446323895,-0.01639899494739665,0.18248005054395194,-0.12729154190989722,-0.031141851713158083,0.3094151139457467,-0.2052592568363485,-0.050757394148815284
92,least_connections,4701,measured,195,114,4,light,1,91.67,62.9,3,456.0,0.0,919.0,434.0,0.0,824.0,1,0,2,-0.04566204637993132,-0.041423051977913516,0.07007179201958075,-0.15314754443317985,-0.2520308639682097,0.4512128471945426,-0.0867595064350942,-0.1763962307141162,0.3016392141985689,21.74,20.91,3,350.0,411.0,0.0,235.0,434.0,0.0,2,1,0,-0.009579943710017219,0.023866793137746305,-0.016737477489303525,-0.09059982864854002,0.060722425823327424,-0.04140546965576921,-0.1065126186709426,0.07649675345726281,-0.04761551957544363,26.74,43.47,3,1337.0,0.0,0.0,1304.0,0.0,0.0,3,0,0,0.07820739557949714,-0.06126988308578762,-0.014837185904787446,0.16510099811119464,-0.11516853791847843,-0.028175961073809694,0.2799470078556756,-0.1857107561852677,-0.045923356610832876
92,least_connections,4702,measured,377,314,10,medium,0,100.0,78.6,4,456.0,852.0,444.0,434.0,714.0,424.0,1,2,1,-0.0413132800580331,0.04868980104492632,0.020314387790958552,-0.13856206401097226,0.28587683736209596,0.12173225857284006,-0.07849669629841857,0.1634034103062758,0.09195928903680045,17.31,17.12,2,195.0,411.0,0.0,114.0,434.0,0.0,1,1,0,-0.05175146834534437,0.021593765219865703,-0.015143432014131762,-0.12203930075003963,0.05493933764967719,-0.037462091593315,-0.13057986927371,0.06921134836609494,-0.043080708187306145,26.74,43.47,3,1337.0,0.0,0.0,1304.0,0.0,0.0,3,0,0,0.0707590721909736,-0.05543465612523642,-0.013424120580521975,0.1493770935291761,-0.1042001057357662,-0.025492536209637342,0.253285388059897,-0.1680240175009565,-0.04154970360027736
92,least_connections,4703,measured,189,123,5,light,1,100.0,78.6,4,456.0,852.0,444.0,434.0,714.0,424.0,1,2,1,-0.03737868195726804,0.04405267713588572,0.018379684191819644,-0.12536567696230821,0.2586504718990392,0.11013871013733148,-0.07102082046047395,0.14784118075329716,0.08320126150948612,22.71,20.97,3,384.0,411.0,0.0,237.0,434.0,0.0,2,1,0,-0.0037388568476018347,0.019537216151307064,-0.013701200393738261,-0.06155936734527398,0.04970701977827936,-0.03389427334633262,-0.08336690553335666,0.06261979137884781,-0.03897778359803889,26.74,43.47,3,1337.0,0.0,0.0,1304.0,0.0,0.0,3,0,0,0.0640201129346904,-0.050155165065690094,-0.01214563290618655,0.13515070366925458,-0.0942762861418837,-0.02306467561824331,0.2291629701494306,-0.15202173011991302,-0.03759258897167952
92,least_connections,4704,measured,459,426,18,heavy,1,100.0,78.6,4,456.0,1296.0,0.0,434.0,1138.0,0.0,1,3,0,-0.033818807485147276,0.08294108430208254,-0.026454662148444358,-0.11342608868018361,0.5018266174324642,-0.16816021463765246,-0.06425693279757169,0.32557059211012596,-0.11653219196760779,35.83,34.28,4,384.0,411.0,459.0,237.0,434.0,426.0,2,1,1,-0.00338277524306832,0.01767652889880163,0.03068757606099418,-0.055696570455247896,0.044973017894633704,0.08798681391114124,-0.07542720024446556,0.05665600172371946,0.08518081483986957,26.74,43.47,3,1337.0,0.0,0.0,1304.0,0.0,0.0,3,0,0,0.05792295932186274,-0.04537848267848151,-0.01098890596274021,0.12227920808170653,-0.08529759222360907,-0.02086803984507728,0.20733792537329437,-0.13754347010849274,-0.034012342402948134
92,least_connections,4705,measured,194,121,4,light,2,100.0,78.6,4,833.0,919.0,0.0,748.0,824.0,0.0,2,2,0,0.012485931549719359,0.03195803318941255,-0.02393517051525918,0.1247732213528498,0.22663678085159455,-0.15214495610073317,0.08391039413553036,0.15251625000439972,-0.10543388797069277,30.26,30.72,3,189.0,411.0,459.0,123.0,434.0,426.0,1,1,1,-0.046144506399057275,0.015993049956058616,0.027764949769470925,-0.10080029843910185,0.04068987333324002,0.07960711734817541,-0.10047580022118315,0.05126019203574618,0.07706835628369152,30.62,47.5,4,1531.0,0.0,0.0,1425.0,0.0,0.0,4,0,0,0.09549038723225223,-0.04105672242338804,-0.009942343490098286,0.145738331121544,-0.07717401201183678,-0.018880607478879444,0.224083519782187,-0.124444092002922,-0.030773071697905455
92,least_connections,4706,measured,473,415,19,heavy,1,100.0,78.6,4,833.0,919.0,0.0,748.0,824.0,0.0,2,2,0,0.011296795211650862,0.028914410980897073,-0.02165563046618688,0.11289005741448316,0.20505232553239505,-0.13765496028161572,0.07591892802738465,0.1379908928611236,-0.09539256530681726,43.77,43.69,4,189.0,411.0,932.0,123.0,434.0,841.0,1,1,2,-0.041749791503908965,0.01446990234119589,0.0682045690658025,-0.09120027001633024,0.03681464730150287,0.19429759596807705,-0.09090667639059428,0.046378268984722734,0.18706482235191138,12.54,19.0,2,627.0,0.0,0.0,570.0,0.0,0.0,2,0,0,0.00022826418518967495,-0.03714655838306537,-0.00899545363389845,-0.03172246231860307,-0.06982410610594757,-0.01708245438565283,-0.055114910673259354,-0.11259227371692943,-0.027842302964771602
92,least_connections,4707,measured,356,335,11,medium,2,86.4,56.9,3,377.0,919.0,0.0,314.0,824.0,0.0,1,2,0,-0.03286299027335897,0.02616065755414497,-0.019593189469407177,-0.17290899567261048,0.1855235326245479,-0.12454496406431899,-0.12764477940379484,0.1248489030648261,-0.08630755908712039,43.77,43.69,4,189.0,411.0,932.0,123.0,434.0,841.0,1,1,2,-0.03777362088448906,0.013091816403939138,0.061708895821440346,-0.08251453001477499,0.03330849041564546,0.17579306301873637,-0.08224889768672816,0.04196129098617772,0.16924912498506267,11.0,15.2,2,194.0,356.0,0.0,121.0,335.0,0.0,1,1,0,-0.04287737548777623,0.009475109308745844,-0.00813874376400336,-0.10705365638349801,0.0012448563803331564,-0.015455553967971608,-0.1852785699742188,-0.0008374539978567852,-0.02519065506336478
92,least_connections,4708,measured,489,419,18,heavy,2,86.4,56.9,3,377.0,919.0,0.0,314.0,824.0,0.0,1,2,0,-0.02973318167589621,0.023669166358512114,-0.017727171424701732,-0.15644147227521898,0.16785462475554336,-0.11268353891533622,-0.11548813374629055,0.11295853134436645,-0.07808779155501368,38.37,39.84,3,411.0,459.0,473.0,434.0,426.0,415.0,1,1,1,-0.03417613318120438,0.011844976746421126,0.012747957897402948,-0.017268248244660347,0.04254441649850915,0.0403978053162717,0.013515878283436422,0.03570307279701794,0.03268373212934243,20.78,29.17,3,194.0,356.0,489.0,121.0,335.0,419.0,1,1,1,-0.038793815917511826,0.00857271794600814,0.03572027491646861,-0.0968580700612601,0.0011262986298252314,0.07450211783850189,-0.16763299188143604,-0.0007576964742513764,0.10357353430774932
92,least_connections,4709,measured,454,408,13,heavy,0,100.0,77.3,4,852.0,898.0,0.0,714.0,832.0,0.0,2,2,0,0.016182450139041737,0.021414960038653813,-0.01603886938425395,0.14496565206845258,0.1392018033502535,-0.10195177330435182,0.07646311708668951,0.10581962359728392,-0.07065085902596475,38.37,39.84,3,411.0,459.0,473.0,434.0,426.0,415.0,1,1,1,-0.03092126335442301,0.010716883722952444,0.011533866669078852,-0.015623653173740301,0.038492567308174935,0.03655039528615059,0.012228651780252009,0.032302780149682894,0.029570995736071734,16.9,25.13,2,0.0,356.0,489.0,0.0,335.0,419.0,0,1,1,-0.07818306700926807,0.007756268617816892,0.03231834397204303,-0.12273825386494962,0.0010190320936514091,0.06740667804435885,-0.1881600085276485,-0.0006855349052750509,0.09370938818320176
92,least_connections,4710,measured,167,112,9,light,2,100.0,77.3,4,852.0,898.0,0.0,714.0,832.0,0.0,2,2,0,0.014641264411513949,0.01937544003497249,-0.014511358014325001,0.1311593994905047,0.12594448874546743,-0.09224208060869926,0.06918091545938576,0.09574156420706642,-0.06392220578539669,38.37,39.84,3,411.0,459.0,473.0,434.0,426.0,415.0,1,1,1,-0.02797638113019224,0.009696228130290308,0.010435403176785624,-0.014135686204812661,0.03482660851692017,0.03306940525889816,0.011064018277370871,0.029226324897332137,0.02675471042787443,20.24,28.87,3,0.0,523.0,489.0,0.0,447.0,419.0,0,2,1,-0.07073706062743301,0.05010147659525836,0.029240406450896077,-0.11104889635400203,0.031141029037113188,0.06098699442108657,-0.1702400077154915,0.03315753191110035,0.08478468454670636
92,least_connections,4711,measured,180,121,8,light,1,100.0,77.3,4,1296.0,454.0,0.0,1138.0,408.0,0.0,3,1,0,0.05633075850384141,-0.025553740195115582,-0.01312932391772262,0.38647755191998046,-0.15385974827791044,-0.0834571205507279,0.2544017806537299,-0.10518620381265417,-0.05783437666297796,43.51,43.62,4,411.0,1112.0,0.0,434.0,962.0,0.0,1,3,0,-0.025311963879697738,0.09494057828568216,-0.03364234497157038,-0.012789430375782881,0.20031250974660125,-0.09235217075215336,0.01001030225095459,0.17799048443091953,-0.09312966675573267,20.24,28.87,3,356.0,167.0,489.0,335.0,112.0,419.0,1,1,1,-0.020916297483777255,0.0022460071689525823,0.026455605836525023,-0.0360537633679066,-0.03624383087118331,0.05517870923812595,-0.05299492761560343,-0.07103207430265523,0.07670995268511527
92,least_connections,4712,measured,385,341,6,medium,2,91.53,61.6,3,919.0,454.0,0.0,824.0,408.0,0.0,2,1,0,0.007882024133861049,-0.023120050652723614,-0.011878912116034751,0.12227334062601414,-0.1392064389181094,-0.07550882335542049,0.08812542059146994,-0.09516847011621091,-0.05232634079031339,43.51,43.62,4,591.0,932.0,0.0,555.0,841.0,0.0,2,2,0,0.0201825995736975,0.042814718222193154,-0.030438312117135102,0.034959222857284866,0.1347045156210746,-0.08355672591861495,0.04326824965562556,0.1268277001994034,-0.08426017468375813,27.94,40.23,4,908.0,489.0,0.0,788.0,419.0,0.0,3,1,0,0.06724353130152579,0.0020321017242904277,-0.019147875898472822,0.06726564266713213,0.025474629211786518,-0.03856212021312414,0.08867125596683498,0.028320186742042078,-0.05696083645949888
92,least_connections,4713,measured,156,104,4,light,0,100.0,66.8,4,1075.0,454.0,0.0,928.0,408.0,0.0,3,1,0,0.050215255395488795,-0.02091814106674994,-0.01074758715260287,0.20472349866163186,-0.1259486828306704,-0.06831750684538045,0.12678014243990143,-0.08610480629561937,-0.0473428797626645,43.51,43.62,4,591.0,932.0,0.0,555.0,841.0,0.0,2,2,0,0.018260447233345356,0.03873712601055571,-0.02753942524883652,0.03162977306135298,0.12187551413335321,-0.07559894249779447,0.0391474639741374,0.11474887160898403,-0.07623539614244783,27.94,40.23,4,908.0,489.0,0.0,788.0,419.0,0.0,3,1,0,0.060839385463285225,0.0018385682267389597,-0.017324268670046838,0.06085939098454811,0.023048474048759218,-0.03488953733568375,0.08022637444618402,0.02562302609994284,-0.051535994891927554
92,least_connections,4714,measured,376,332,9,medium,0,100.0,83.4,5,1075.0,830.0,0.0,928.0,740.0,0.0,3,2,0,0.04543285011972796,0.02415796307112647,-0.00972400742378355,0.1852260225986193,0.11284008061352047,-0.06181107762201088,0.11470584315991084,0.07228612763729675,-0.042834034070982165,43.51,43.62,4,591.0,932.0,0.0,555.0,841.0,0.0,2,2,0,0.016521357020645805,0.03504787591431231,-0.024916622844185422,0.028617413722176493,0.1102683223111291,-0.06839904321229023,0.03541913407183861,0.10382040764622363,-0.06897488222411946,27.94,40.23,4,908.0,489.0,0.0,788.0,419.0,0.0,3,1,0,0.055045158276305683,0.001663466490859064,-0.015674338320518566,0.05506325850982924,0.020853381282210717,-0.03156672425609482,0.07258576735607125,0.023182737899948277,-0.04662780490222017
92,least_connections,4715,measured,192,110,4,light,1,100.0,83.4,5,1529.0,376.0,0.0,1336.0,332.0,0.0,4,1,0,0.08418981223984458,-0.021226695543357224,-0.008797911478661307,0.4239346553670047,-0.1717478635718942,-0.05592430832467651,0.28835290571610983,-0.11916969404244579,-0.03875460225469815,37.26,33.5,4,831.0,473.0,0.0,657.0,415.0,0.0,3,1,0,0.05803179467400833,-0.01137391725666527,-0.02254361114473919,0.08793276207516651,-0.01888648389537298,-0.06188484862064354,0.060885168922139715,-0.026513678796273865,-0.06240584582182237,27.94,40.23,4,908.0,489.0,0.0,788.0,419.0,0.0,3,1,0,0.04980276224999085,0.0015050411107772471,-0.014181544194754894,0.04981913865175028,0.018867344969619212,-0.028560369565038175,0.06567283713168351,0.020974858099953197,-0.0421870615781992
92,least_connections,4716,measured,359,301,7,medium,1,95.33,63.4,4,1430.0,0.0,0.0,1268.0,0.0,0.0,4,0,0,0.0761717348836689,-0.062289005718366285,-0.00796001514736023,0.34133770406221065,-0.38218457497774555,-0.05059818372232636,0.2301288194574327,-0.25801067556221285,-0.03506368775425071,47.51,42.91,5,1190.0,473.0,0.0,958.0,415.0,0.0,4,1,0,0.09558885731276491,-0.010290687041744767,-0.020396600559525933,0.17236093439453842,-0.017087771143432684,-0.05599105351391559,0.1401907480724121,-0.02398856652996209,-0.056462431934029764,27.94,40.23,4,908.0,489.0,0.0,788.0,419.0,0.0,3,1,0,0.045059642035706005,0.0013617038621317884,-0.01283092093811157,0.04507445878015501,0.01707045497251261,-0.025840334368367874,0.05941828121438031,0.018977252566624317,-0.03816924618979928
92,least_connections,4717,measured,447,418,16,heavy,0,100.0,79.1,4,1274.0,0.0,447.0,1164.0,0.0,418.0,3,0,1,0.02583338371560974,-0.05635671945947426,0.03588198176009811,0.21473411319914293,-0.3457860440274841,0.2238397385369428,0.1611641699852962,-0.23343823027057353,0.15737094917472555,47.51,42.91,5,1190.0,473.0,0.0,958.0,415.0,0.0,4,1,0,0.0864851566163111,-0.009310621609197642,-0.018454067172904418,0.1559456073093443,-0.015460364367867657,-0.05065857222687601,0.1268392482559919,-0.021703941146156203,-0.05108505746412217,27.94,40.23,4,908.0,489.0,0.0,788.0,419.0,0.0,3,1,0,0.04076824755611495,0.0012320177800240056,-0.01160892846781523,0.04078165318204502,0.015444697356082837,-0.02337935014280903,0.05375939728920123,0.017169895179326766,-0.03453407988600887
92,least_connections,4718,measured,482,437,15,heavy,0,100.0,79.75,4,830.0,0.0,929.0,740.0,0.0,855.0,2,0,2,-0.01971083876977714,-0.050989412844286236,0.07554855039065567,-0.07352627853410876,-0.31285403983439036,0.4932518269302498,-0.04599432239425577,-0.21120601786385224,0.3400737159199898,47.51,42.91,5,1663.0,0.0,0.0,1373.0,0.0,0.0,5,0,0,0.12133237526056266,-0.05150779596841238,-0.01669653696596114,0.26336575355199177,-0.13626005755732246,-0.04583394630050687,0.23209562937446887,-0.1369732086560461,-0.04621981389611053,13.12,17.7,2,167.0,489.0,0.0,112.0,419.0,0.0,1,1,0,-0.0492822431408393,0.0011146827533550507,-0.010503316232785208,-0.09718802807338785,0.01397377379836065,-0.021152745367303407,-0.1552335611827862,0.015534667067009927,-0.03124511989686517
92,least_connections,4719,measured,368,308,10,medium,2,100.0,79.75,4,830.0,929.0,0.0,740.0,855.0,0.0,2,2,0,-0.017833616029798355,0.04003452216582719,-0.017814350100064377,-0.06652377581657454,0.27729078935618645,-0.1140737438885041,-0.041613910737659965,0.19569455526603846,-0.07909997131048543,36.89,35.69,3,1291.0,0.0,0.0,1142.0,0.0,0.0,3,0,0,0.02360911049651815,-0.046602291590468345,-0.015106390588250555,0.14212003552663205,-0.12328290921852984,-0.041468808557601454,0.14467878371975754,-0.12392814116499408,-0.04181792685838572,17.14,24.23,2,489.0,368.0,0.0,419.0,308.0,0.0,1,1,0,-0.04458869617504507,0.0010085224911307589,-0.009503000401091378,-0.029665358733065195,-0.009252299896721314,-0.019138198189464987,-0.04786211091140974,-0.019421015510800527,-0.02826939419240182
92,least_connections,4720,measured,190,116,1,light,2,100.0,79.75,4,830.0,929.0,0.0,740.0,855.0,0.0,2,2,0,-0.016135176407912788,0.0362217105309865,-0.016117745328629675,-0.06018817811975796,0.25088214275083537,-0.10320957780388466,-0.0376506811435971,0.1770569785740348,-0.07156664070948682,36.89,35.69,3,1291.0,0.0,0.0,1142.0,0.0,0.0,3,0,0,0.021360623782564037,-0.04216397810566184,-0.013667686722702884,0.1285847940479052,-0.11154167976914604,-0.037519398218782266,0.1308998519369235,-0.11212546105404227,-0.03783526715758708,20.94,28.1,3,679.0,368.0,0.0,535.0,308.0,0.0,2,1,0,0.0027417465445737366,0.000912472730070682,-0.00859795274384458,0.007540865908179123,-0.008371128477985948,-0.017315512647611178,-0.008319687650005625,-0.01757139498596237,-0.0255770709359826
92,least_connections,4721,measured,365,307,13,medium,1,100.0,79.75,4,830.0,929.0,0.0,740.0,855.0,0.0,2,2,0,-0.014598492940492536,0.03277202381374969,-0.014582721963998277,-0.05445597067978103,0.2269886053459939,-0.0933800942035147,-0.03406490198706402,0.16019440918603145,-0.06475077016572617,47.31,45.28,4,1291.0,365.0,0.0,1142.0,307.0,0.0,3,1,0,0.019326278660415072,0.004935539083539511,-0.012366002272921657,0.11633862318619997,-0.006564921151676353,-0.033946122197945856,0.1184331993715022,-0.014646250477466816,-0.034231908380674025,17.14,24.23,2,489.0,368.0,0.0,419.0,308.0,0.0,1,1,0,-0.04060327240071446,0.000825570565302039,-0.007779100101573668,-0.02755826417831414,-0.007573878146749188,-0.01566641620498154,-0.04251146342937018,-0.0158979287968231,-0.023141159418269972
92,least_connections,4722,measured,179,124,6,light,2,87.0,59.35,3,376.0,929.0,0.0,332.0,855.0,0.0,1,2,0,-0.056292060506250616,0.029650878688630672,-0.013193891300760346,-0.3231109575991669,0.20537064293208973,-0.08448675189841806,-0.21539205417877225,0.1449377987873618,-0.05858403014994273,34.2,31.97,3,832.0,365.0,0.0,716.0,307.0,0.0,2,1,0,-0.025598219534000877,0.004465487742250029,-0.011188287770738641,-0.013394306913166065,-0.005939690565802416,-0.03071315817909387,-0.013292581521021807,-0.013251369479612835,-0.03097172663013364,20.72,28.37,3,1036.0,0.0,0.0,851.0,0.0,0.0,3,0,0,0.04943150637667784,-0.04233695542957933,-0.007038233425233319,0.0740472847910491,-0.07344303260896355,-0.014174376566411871,0.09182296165914128,-0.1072727292288717,-0.020937239473672833
92,least_connections,4723,measured,171,103,5,light,0,73.33,47.9,3,171.0,929.0,0.0,103.0,855.0,0.0,1,2,0,-0.0509309118866077,0.026826985480189663,-0.011937330224497457,-0.41598927909765904,0.18581153408141454,-0.0764403945747592,-0.2984737633046035,0.13113419890285116,-0.05300459870709104,23.94,22.56,2,473.0,365.0,0.0,415.0,307.0,0.0,1,1,0,-0.0662441940908534,0.004040203195369074,-0.010122736554477818,-0.10492137972415705,-0.005374005750011707,-0.027788095495370643,-0.09713078804282926,-0.011989334291078277,-0.028022038379644724,20.72,28.37,3,1036.0,0.0,0.0,851.0,0.0,0.0,3,0,0,0.04472374386461328,-0.038304864436286064,-0.006367925479973002,0.06699516242999681,-0.06644845807477655,-0.012824435941039313,0.083077917691604,-0.09705627882612201,-0.018943216666656375
92,least_connections,4724,measured,194,124,7,light,1,73.33,47.9,3,171.0,929.0,0.0,103.0,855.0,0.0,1,2,0,-0.046080348849787914,0.024272034482076363,-0.010800441631688175,-0.3763712525169296,0.1681151975022322,-0.0691603569962107,-0.27004769060892697,0.11864522757877011,-0.047956541687368084,29.49,26.44,3,667.0,365.0,0.0,539.0,307.0,0.0,2,1,0,-0.016851322998300472,0.003655421938667261,-0.009158666406432312,-0.044779207505529856,-0.004862195678582024,-0.025141610210097247,-0.05282071299113128,-0.010847492930023211,-0.02535327281967856,20.72,28.37,3,1036.0,0.0,0.0,851.0,0.0,0.0,3,0,0,0.04046433968703106,-0.03465678210902073,-0.00576145638664224,0.06061467076999713,-0.060120033496226404,-0.011603061089511759,0.07516573505430837,-0.08781282369982468,-0.017139100793641483
92,least_connections,4725,measured,163,101,7,light,0,84.2,52.95,4,334.0,929.0,0.0,204.0,855.0,0.0,2,2,0,0.0013921560293302104,0.021960412150450054,-0.009771828142955968,-0.24220891100738073,0.1521042263115434,-0.06257365632990493,-0.19863838674141016,0.10734568209507772,-0.043389252002856836,15.97,13.47,2,194.0,365.0,0.0,124.0,307.0,0.0,1,1,0,-0.058330335320457796,0.0033072865159370496,-0.00828641246296257,-0.16278662991996917,-0.004399129423478976,-0.02274717114246894,-0.16512647842054734,-0.009814398365259103,-0.022938675408280602,20.72,28.37,3,1036.0,0.0,0.0,851.0,0.0,0.0,3,0,0,0.03661059305017096,-0.031356136193875894,-0.005212746254581074,0.054841844982378374,-0.054394316020395315,-0.010498007652415401,0.0680070936205647,-0.0794496976331747,-0.015506805479961342
92,least_connections,4726,measured,367,349,16,medium,1,84.2,52.95,4,1263.0,0.0,0.0,1059.0,0.0,0.0,4,0,0,0.0874273701943373,-0.06629885612691706,-0.008841177843626829,0.3412078106758618,-0.4227310968292385,-0.0566142604889616,0.20706526913872414,-0.2896634304854059,-0.03925694228829904,26.46,24.38,3,194.0,365.0,367.0,124.0,307.0,349.0,1,1,1,-0.052775065289938,0.0029923068477525627,0.03558666990312456,-0.14728314135616258,-0.00398016471648098,0.0742899744085145,-0.14940014714239996,-0.008879693759043947,0.07792155558298422,10.94,14.4,2,547.0,0.0,0.0,432.0,0.0,0.0,2,0,0,-0.009960030324221741,-0.028369837508744857,-0.004716294230335257,-0.03886690215880051,-0.04921390497083386,-0.009498197399804412,-0.06483485180361609,-0.07188305976334855,-0.014029966862822166
92,least_connections,4727,measured,188,101,5,light,2,84.2,52.95,4,1263.0,0.0,0.0,1059.0,0.0,0.0,4,0,0,0.0791009539853528,-0.05998467935292496,-0.00799916090613856,0.3087118287067321,-0.38247099236931104,-0.051222426156679546,0.18734476731598848,-0.26207643710584344,-0.035518185879889606,26.46,24.38,3,559.0,0.0,367.0,431.0,0.0,349.0,2,0,1,-0.004664968368900818,-0.04037657498355267,0.032197463245684135,-0.03890243401611987,-0.0979548429067481,0.06721473875056073,-0.04837096646217143,-0.09483460387723024,0.07050045505127144,14.7,17.77,3,735.0,0.0,0.0,533.0,0.0,0.0,3,0,0,0.03407244421912817,-0.02566794822219773,-0.004267123351255709,-0.0011462448103433387,-0.044526866402183014,-0.008593607171251611,-0.02819978655247804,-0.06503705407160107,-0.012693779542553388
92,least_connections,4728,measured,196,106,8,light,1,72.8,47.8,3,1092.0,0.0,0.0,956.0,0.0,0.0,3,0,0,0.02848362956951421,-0.054271852747884486,-0.007237336057934887,0.17616784502037663,-0.3460451835722338,-0.046344099856043396,0.12290717042875149,-0.23711677642909645,-0.03213550151037631,32.06,27.69,4,559.0,563.0,0.0,431.0,455.0,0.0,2,2,0,-0.0042206856671007376,0.04963661356363375,-0.013952862052090773,-0.03519744030029892,0.05691160471702385,-0.03405741323928859,-0.043764207751488426,0.04284309649202979,-0.03488946923932585,11.12,13.63,2,556.0,0.0,0.0,409.0,0.0,0.0,2,0,0,-0.012256450695165205,-0.023223381724845563,-0.0038607306511361174,-0.03342755482840587,-0.04028621245911797,-0.007775168393037172,-0.06291091799192458,-0.058843048921924775,-0.011484848157548303
92,least_connections,4729,measured,416,415,18,heavy,2,72.8,47.8,3,1092.0,0.0,0.0,956.0,0.0,0.0,3,0,0,0.025770902943846194,-0.04910310486713358,-0.006548065957179184,0.159389955018436,-0.3130884994224972,-0.041930376060229736,0.11120172562601327,-0.21453422629299204,-0.029074977557007137,32.06,27.69,4,755.0,367.0,0.0,537.0,349.0,0.0,3,1,0,0.039265184623190036,0.0018254168070064997,-0.012624018047129747,0.018821363537824792,0.0008247852201644229,-0.030813850073642058,-0.00962594987039428,0.008792563492788869,-0.03156666264510434,12.08,17.2,2,188.0,0.0,416.0,101.0,0.0,415.0,1,0,1,-0.05417306990333541,-0.021011631084384082,0.03959085820906279,-0.0968344543685577,-0.03644943032015435,0.0682415143110616,-0.1498082908815826,-0.05323894902459861,0.1147676770638055
92,least_connections,4730,measured,365,303,8,medium,2,72.8,47.8,3,1092.0,0.0,0.0,956.0,0.0,0.0,3,0,0,0.023316531234908455,-0.04442661868931134,-0.005924440627924023,0.14420995930239444,-0.2832705470965451,-0.03793700691163643,0.1006110850902025,-0.194102395217469,-0.02630593207538741,32.06,27.69,4,755.0,367.0,0.0,537.0,349.0,0.0,3,1,0,0.03552564323050526,0.001651567587291597,-0.01142173061406977,0.017028852724698645,0.0007462342468154276,-0.02787919768567615,-0.00870919273988055,0.007955176493475644,-0.02856031382176107,19.38,27.3,3,188.0,365.0,416.0,101.0,303.0,415.0,1,1,1,-0.04901372991254156,0.02407337686469558,0.035820300284390136,-0.08761212538107602,0.03306956304366987,0.06174232247191288,-0.13554083460714617,0.0432123794539346,0.10383742210534784
92,least_connections,4731,measured,482,428,12,heavy,0,100.0,69.2,4,1092.0,482.0,0.0,956.0,428.0,0.0,3,1,0,0.02109590921253622,0.002888388079285209,-0.005360208187169355,0.13047567746407118,0.034437758976141764,-0.03432395863433772,0.09102907698637369,0.018002594803242317,-0.0238006052110648,26.51,23.81,3,561.0,367.0,0.0,413.0,349.0,0.0,2,1,0,-0.010941651589633561,0.001494275436120962,-0.010333946746063126,-0.03474260263683729,0.0006751643185472916,-0.025224036001326038,-0.0429392696217967,0.007197540636954158,-0.0258402839339743,19.38,27.3,3,553.0,0.0,416.0,404.0,0.0,415.0,2,0,1,-0.0012618554083992928,-0.021303225920604223,0.03240884311444822,-0.01322049439240211,-0.0361275381985844,0.055862101284111655,-0.03125123131122748,-0.05228403763691632,0.09394814380960043
92,least_connections,4732,measured,174,119,6,light,1,94.07,64.15,3,929.0,482.0,0.0,855.0,428.0,0.0,2,1,0,-0.02399712522493888,0.0026133035003056693,-0.004849712169343702,0.01973196215003259,0.031157972406985368,-0.031055010192972226,0.03666916489243338,0.016288061964838285,-0.021533880905249107,31.49,27.53,4,735.0,367.0,0.0,532.0,349.0,0.0,3,1,0,0.03318431069327939,0.001351963489823721,-0.009349761341676161,0.013545808498643813,0.0006108629548761124,-0.022821746858342606,-0.005203982038768429,0.0065120605762918615,-0.023379304511691033,15.62,23.93,2,365.0,0.0,416.0,303.0,0.0,415.0,1,0,1,-0.04422557892959482,-0.01927434726149906,0.029322286627357915,-0.04598044730741144,-0.0326868202749097,0.05054190116181531,-0.058735241027618484,-0.04730460548101952,0.08500070154201944
92,least_connections,4733,measured,370,309,6,medium,2,32.13,21.4,1,0.0,482.0,0.0,0.0,428.0,0.0,0,1,0,-0.1078794851808404,0.0023644174526575162,-0.004387834819882397,-0.542496478689653,0.028190546463462973,-0.02809739017459392,-0.35360885081160787,0.014736817968187016,-0.01948303510474919,31.49,27.53,4,735.0,367.0,0.0,532.0,349.0,0.0,3,1,0,0.030023900151062294,0.0012232050622214552,-0.008459307880564145,0.012255731498772987,0.0005526855306021983,-0.020648247157548073,-0.004708364701742879,0.005891864330930724,-0.021152704082006174,23.02,34.23,3,735.0,416.0,0.0,612.0,415.0,0.0,2,1,0,0.00307028119521921,0.025645205085401076,-0.016554212325814492,0.025351023864722988,0.045702400703653126,-0.029547803710738525,0.04004906764167848,0.08235932519971251,-0.048253333525474486
92,least_connections,4734,measured,428,436,18,heavy,0,60.67,43.2,2,0.0,482.0,428.0,0.0,428.0,436.0,0,1,1,-0.09760524849695083,0.002139234838118703,0.03911395443733996,-0.49083014738587655,0.025505732514561785,0.23273728190552612,-0.31993181740097854,0.01333331149502634,0.1796105872861793,21.06,17.94,3,370.0,367.0,0.0,225.0,349.0,0.0,2,1,0,-0.015919419137701007,0.00110670934200989,-0.007653659510986607,-0.08326522252151829,0.0005000488134019876,-0.018681747428257782,-0.09106054425395785,0.005330734394651607,-0.019138160836100825,23.02,34.23,3,735.0,416.0,0.0,612.0,415.0,0.0,2,1,0,0.0027778734623411794,0.023202804601077164,-0.014977620675736922,0.02293664063951127,0.04134979111282902,-0.026733727166858665,0.03623487072342338,0.07451557994259703,-0.04365777795161977
92,least_connections,4735,measured,379,331,6,medium,0,85.93,59.75,3,379.0,482.0,428.0,331.0,428.0,436.0,1,1,1,-0.045225610318102905,0.0019354981868693055,0.03538881591949806,-0.21548124446023753,0.02307661513222259,0.2105718264859522,-0.13972402526755198,0.012063472305023831,0.16250481706844794,21.06,17.94,3,737.0,0.0,0.0,574.0,0.0,0.0,3,0,0,0.02868061624502788,-0.042082591774462705,-0.006924739557559311,0.019535546970327,-0.09441832318243222,-0.016902533387471327,0.016287483770228622,-0.09385254983341046,-0.01731547885171027,23.02,34.23,3,735.0,416.0,0.0,612.0,415.0,0.0,2,1,0,0.002513314084975349,0.020993013686688863,-0.013551180611381025,0.020752198673843536,0.03741171576875007,-0.024187657912872126,0.032783930654525895,0.06741885804330207,-0.03949989433717979
92,least_connections,4736,measured,358,313,8,medium,0,100.0,75.4,4,861.0,358.0,428.0,759.0,313.0,436.0,2,1,1,0.002165490891330918,0.0017511650262150846,0.03201845249859348,0.09577093755184857,-0.05391480853116368,0.19051736682062342,0.06720207237697678,-0.04110923934307367,0.14702816782383385,15.46,14.62,2,541.0,0.0,0.0,468.0,0.0,0.0,2,0,0,-0.017134771243160707,-0.03807472589118054,-0.006265240552077472,-0.032991647979227934,-0.08542610192696248,-0.015292768302950248,-0.015233943255507448,-0.08491421175403803,-0.015666385627737863,23.02,34.23,3,735.0,416.0,0.0,612.0,415.0,0.0,2,1,0,0.002273950838787231,0.018993679049861354,-0.01226059198172569,0.018775798800144156,0.033848695219345304,-0.021884071444979544,0.029661651544571038,0.06099801442013045,-0.03573799963840076
92,least_connections,4737,measured,419,418,15,heavy,1,100.0,75.4,4,1219.0,0.0,428.0,1072.0,0.0,436.0,3,0,1,0.04504315389034248,-0.041499512822086575,0.02896907607015601,0.30258640381675195,-0.26471657279803695,0.17237285569484978,0.20239711310297903,-0.17878931178659047,0.1330254851739449,27.43,27.69,3,541.0,0.0,419.0,468.0,0.0,418.0,2,0,1,-0.015502888267621584,-0.03444856152059192,0.03741534925106822,-0.029849586266920497,-0.0772902826958232,0.09447661099120828,-0.013783091516887697,-0.07682714396793917,0.10401017490823716,23.02,34.23,3,735.0,416.0,0.0,612.0,415.0,0.0,2,1,0,0.0020573840922360753,0.017184757235588845,-0.011092916554894671,0.01698762748584473,0.030625009960360036,-0.019799874164505304,0.026836732349849984,0.05518867971345136,-0.03233438062521974
92,least_connections,4738,measured,385,317,10,medium,1,100.0,75.4,4,1219.0,428.0,0.0,1072.0,436.0,0.0,3,1,0,0.04075332971030986,0.005536721959155222,-0.016873783782330502,0.2737686510722994,0.018653259531934807,-0.10220233691100893,0.18312119756936196,0.035476336954989585,-0.07688170389024032,33.46,33.88,3,367.0,804.0,0.0,349.0,735.0,0.0,1,2,0,-0.05711032294508166,0.055000054315836336,-0.009231917571028973,-0.0719863603639485,0.13790743130241845,-0.02283408665421292,-0.0461162494676603,0.13830222688615026,-0.024080079844928274,15.72,24.13,2,370.0,416.0,0.0,309.0,415.0,0.0,1,1,0,-0.04122245747663901,0.015548113689342294,-0.01003644831157137,-0.05067786084614048,0.027708342345087657,-0.017914171863123846,-0.06710009930251666,0.04993261497883694,-0.02925491580377024
92,least_connections,4739,measured,188,114,2,light,2,100.0,75.4,4,1219.0,428.0,0.0,1072.0,436.0,0.0,3,1,0,0.03687206021408987,0.005009415105902346,-0.015266756755441884,0.2476954462082709,0.016876758624131516,-0.09246878101472236,0.165681083515137,0.03209763819737152,-0.06955963685307458,33.46,33.88,3,367.0,804.0,0.0,349.0,735.0,0.0,1,2,0,-0.05167124456935959,0.049761953904804306,-0.008352687326169072,-0.06513051651976294,0.12477339022599766,-0.02065941173476407,-0.04172422570883552,0.12513058623032644,-0.02178673890731606,12.08,17.63,2,188.0,416.0,0.0,114.0,415.0,0.0,1,1,0,-0.037296509145530524,0.014067340957023985,-0.009080596091421715,-0.07878473124174615,0.025069452597936456,-0.01620806025711205,-0.11951913746418172,0.04517712783799534,-0.026468733346268314
92,least_connections,4740,measured,462,408,17,heavy,2,100.0,75.4,4,1219.0,428.0,0.0,1072.0,436.0,0.0,3,1,0,0.03336043543179559,0.00453232795295927,-0.013812779921590275,0.22410540371224508,0.015269448278976139,-0.08366223044189167,0.14990193270417157,0.029040720273812326,-0.06293490953373414,33.46,33.88,3,367.0,804.0,0.0,349.0,735.0,0.0,1,2,0,-0.046750173657992014,0.04502272019958485,-0.007557193295105351,-0.05892761018454744,0.11289021020447408,-0.01869184871240559,-0.037750489927041664,0.11321338754172391,-0.019711811392333578,21.32,31.23,3,604.0,0.0,462.0,529.0,0.0,408.0,2,0,1,0.009339439571277364,-0.03035630602754519,0.03486812281070915,0.003994766971753494,-0.052594304792343206,0.06893556452927957,0.017022367691137158,-0.08428418592435342,0.0990997174486144
92,least_connections,4741,measured,364,306,12,medium,1,84.53,58.85,3,840.0,428.0,0.0,741.0,436.0,0.0,2,1,0,-0.012900649121799446,0.004100677671725048,-0.012497277071915011,-0.025841142673048045,0.013815215109549861,-0.07569439897123532,-0.014112537077178133,0.026274937390592112,-0.056941108625759455,43.86,43.44,4,752.0,783.0,0.0,666.0,724.0,0.0,2,2,0,0.0007861240600026964,0.040734842085338674,-0.006837460600333413,0.04620835269017137,0.09671019018500038,-0.016911672644557438,0.055472771018390876,0.0993210411091788,-0.017834496021635143,17.56,27.43,2,416.0,0.0,462.0,415.0,0.0,408.0,1,0,1,-0.034633931090839745,-0.027465229263017078,0.03154734920968923,-0.030404734644603998,-0.047585323383548615,0.06237027266934818,-0.018979762565161623,-0.07625712059822452,0.08966164912017494
92,least_connections,4742,measured,165,106,4,light,2,84.53,58.85,3,840.0,428.0,0.0,741.0,436.0,0.0,2,1,0,-0.011672015872104258,0.0037101369410845603,-0.011307060207923107,-0.02338008146609105,0.012499480337211766,-0.06848540859302243,-0.012768485926970718,0.023772562401011915,-0.05151814589949665,33.37,32.53,3,385.0,783.0,0.0,317.0,724.0,0.0,1,2,0,-0.04237264512485016,0.03685533331530642,-0.006186273876492136,-0.05306319110345038,0.087499695881667,-0.015301037154599587,-0.04848594526907493,0.08986189433687605,-0.016135972591003224,20.86,30.97,3,581.0,0.0,462.0,521.0,0.0,408.0,2,0,1,0.011748438763616642,-0.024849493142729738,0.0285428397611474,0.002348097226310672,-0.04305338782321065,0.056430246700838835,0.01479608783786962,-0.0689945376841079,0.08112244444206304
92,least_connections,4743,measured,178,106,5,light,0,64.27,42.75,3,536.0,428.0,0.0,419.0,436.0,0.0,2,1,0,-0.010560395312856241,0.003356790565743173,-0.010230197330978049,-0.20451848640582854,0.011309053638429711,-0.061962988727020295,-0.15721910631487826,0.021508508839010787,-0.046611655813830304,33.37,32.53,3,385.0,783.0,0.0,317.0,724.0,0.0,1,2,0,-0.03833715511295967,0.03334530157099152,-0.005597104935873837,-0.04800955385550272,0.07916639151198443,-0.013843795520828197,-0.04386823619582969,0.08130361868574501,-0.014599213296621965,20.86,30.97,3,581.0,462.0,0.0,521.0,408.0,0.0,2,1,0,0.010629539833748397,0.02060102547857332,-0.017259426157147817,0.002124468919042985,0.044646934826618925,-0.03254406250876486,0.013386936615215367,0.06062398971437857,-0.049651121695276315
92,least_connections,4744,measured,371,331,11,medium,0,65.13,43.65,3,178.0,799.0,0.0,106.0,767.0,0.0,1,2,0,-0.05263854360505586,0.04612099645290595,-0.009255892823265853,-0.400977043256067,0.23400977868873796,-0.056061751705399315,-0.28384109618965175,0.1691981746638669,-0.04217245049822742,33.37,32.53,3,385.0,783.0,0.0,317.0,724.0,0.0,1,2,0,-0.034685997483153985,0.030169558564230425,-0.005064047322933472,-0.043437215393073894,0.07162673517750973,-0.012525338804558845,-0.03969030893908401,0.07356041690615026,-0.013208812030277016,20.86,30.97,3,581.0,462.0,0.0,521.0,408.0,0.0,2,1,0,0.009617202706724753,0.018639023052042528,-0.0156156712850385,0.0019221385458007972,0.04039484579551236,-0.029444627984120588,0.012111990270909118,0.05485027640824729,-0.044922443438583336
92,least_connections,4745,measured,357,333,12,medium,0,88.93,60.3,4,606.0,728.0,0.0,542.0,664.0,0.0,2,2,0,-0.004541448749245558,0.041728520600248245,-0.008374379221050058,-0.10463002326342563,0.16889773627393756,-0.05072253725726605,-0.059570515600161134,0.10648882469587961,-0.03815602664125338,33.37,32.53,3,804.0,364.0,0.0,735.0,306.0,0.0,2,1,0,0.011701331075332333,-0.015787632954358408,-0.004581757101701713,0.06901258743347735,-0.04350778381898783,-0.01133244939460086,0.08227424429320968,-0.05162986089443551,-0.011950829932155396,20.86,30.97,3,581.0,462.0,0.0,521.0,408.0,0.0,2,1,0,0.008701278639417637,0.01686387799946705,-0.014128464495987215,0.0017390777319150064,0.036547717624511186,-0.026640377699918626,0.010958467387965382,0.04962644055984279,-0.04064411549205159
92,least_connections,4746,measured,174,103,5,light,1,88.93,60.3,4,606.0,728.0,0.0,542.0,664.0,0.0,2,2,0,-0.004108929820745982,0.037754375781176984,-0.007576819295235767,-0.09466525914309942,0.15281223758118162,-0.04589181942324071,-0.05389713316205058,0.0963470318677006,-0.03452211934208639,38.34,35.75,4,1342.0,0.0,0.0,1144.0,0.0,0.0,4,0,0,0.09675471904548208,-0.057367949090224496,-0.0041453992824920256,0.20151478999083328,-0.1334594234552747,-0.01025316849987697,0.1900784829319516,-0.1332305884282988,-0.0108126556529025,17.56,27.43,2,416.0,462.0,0.0,415.0,408.0,0.0,1,1,0,-0.03521131479109378,0.015257794380470188,-0.012782896448750337,-0.028283691575886435,0.03306698261265298,-0.02410319887135495,-0.022053450141047176,0.044900112887476806,-0.03677324734995144
92,least_connections,4747,measured,403,440,15,heavy,2,88.93,60.3,4,606.0,728.0,0.0,542.0,664.0,0.0,2,2,0,-0.003717603171151135,0.03415872094487441,-0.006855217457594265,-0.08564952017708999,0.1382586911448786,-0.04152116995436064,-0.048764072860902896,0.08717112407077676,-0.031234298452363876,38.34,35.75,4,1342.0,0.0,0.0,1144.0,0.0,0.0,4,0,0,0.08753998389829332,-0.0519043348911555,-0.0037505993508261184,0.18232290522980155,-0.12074900217381997,-0.009276676261793449,0.17197577027176572,-0.120541960958937,-0.009782878924054644,17.3,28.27,2,0.0,462.0,403.0,0.0,408.0,440.0,0,1,1,-0.07494175646631841,0.013804671106139699,0.031518422487411824,-0.10086619714008772,0.029917746173352702,0.05111615340210743,-0.1451118517149157,0.04062391166009806,0.09942737938178997
92,least_connections,4748,measured,156,118,4,light,2,77.07,55.0,3,799.0,357.0,0.0,767.0,333.0,0.0,2,1,0,-0.0033635457262795876,-0.012178390800442418,-0.0062023396044900495,0.038920275395331216,-0.09868658102764954,-0.03756677281585011,0.057665838840135486,-0.07086898298358293,-0.028259603361662555,27.34,25.84,3,957.0,0.0,0.0,827.0,0.0,0.0,3,0,0,0.03611894234788897,-0.046961064901521646,-0.0033933994126522024,0.06543500949362993,-0.10924909720488474,-0.008393183284479787,0.06596914929350231,-0.109061774200943,-0.008851176169382772,20.42,32.2,3,156.0,865.0,0.0,118.0,848.0,0.0,1,2,0,-0.024720546099911672,0.05557384075135995,-0.014567232261956194,-0.06303132122198413,0.0999922465377953,-0.02667586120761709,-0.0957043737738126,0.16945338039088237,-0.042740307543459866
92,least_connections,4749,measured,433,408,20,heavy,0,100.0,75.4,4,799.0,357.0,433.0,767.0,333.0,408.0,2,1,1,-0.0030432080380624893,-0.011018544057543142,0.03747225963221875,0.03521358250053774,-0.08928785902501624,0.2271856182459769,0.052173854188694024,-0.0641195560327655,0.15900321600611483,27.34,25.84,3,957.0,0.0,0.0,827.0,0.0,0.0,3,0,0,0.032679043076661446,-0.04248858252994816,-0.0030702185162091353,0.059203103827569936,-0.09884442128061,-0.007593832495481712,0.05968637317031161,-0.09867493856275796,-0.008008207010393937,20.42,32.2,3,156.0,865.0,0.0,118.0,848.0,0.0,1,2,0,-0.022366208376110558,0.05028109401313519,-0.013179876808436557,-0.05702833824846184,0.09046917543895765,-0.024135302997367842,-0.08658967150963998,0.15331496321079832,-0.03866980206313036
92,least_connections,4750,measured,373,308,9,medium,1,100.0,75.4,4,1156.0,0.0,433.0,1100.0,0.0,408.0,3,0,1,0.04033052152565321,-0.05305305913596307,0.033903473000578874,0.24719324131001041,-0.29611758673691946,0.20554889269874102,0.1978477728373899,-0.20865578879154975,0.14386005257696102,38.0,35.47,4,957.0,373.0,0.0,827.0,308.0,0.0,3,1,0,0.029566753259836542,0.004641849366328082,-0.002777816752760646,0.053564712986849006,0.006991101834550137,-0.006870610353054882,0.054001956677900975,-0.0021939920329714785,-0.007245520628451658,20.42,32.2,3,618.0,403.0,0.0,526.0,440.0,0.0,2,1,0,0.022847806934085918,0.002408518166079232,-0.011924650445728314,0.03200293206091548,-0.0017469365076097365,-0.021836702711904236,0.04470458291984955,0.015665919095484176,-0.03498696377140366
92,least_connections,4751,measured,183,103,6,light,2,100.0,75.4,4,1156.0,0.0,433.0,1100.0,0.0,408.0,3,0,1,0.036489519475590995,-0.048000386837299916,0.030674570810047548,0.22365102785191415,-0.2679159118095938,0.1859728076798133,0.17900512780525757,-0.18878380890664026,0.13015909518867902,33.03,32.25,3,783.0,373.0,0.0,724.0,308.0,0.0,2,1,0,-0.016333028229762403,0.0041997684742968305,-0.002513262776307251,0.0034837199132715935,0.006325282612212033,-0.006216266509906798,0.01973688937524376,-0.00198504041078372,-0.006555471044789595,24.08,35.63,4,801.0,403.0,0.0,629.0,440.0,0.0,3,1,0,0.0637557255480732,0.0021791354835954957,-0.010788969450897046,0.06206931948368544,-0.0015805616021230956,-0.019757016739341927,0.07151049565764167,0.014173926800676168,-0.03165487198365093
92,least_connections,4752,measured,476,439,15,heavy,1,77.4,53.6,3,728.0,0.0,433.0,664.0,0.0,408.0,2,0,1,-0.010069573082175043,-0.043428921424223735,0.027753183113852546,-0.0558078001974745,-0.24240011068487058,0.16826111171030728,-0.03528107484286219,-0.1708043985345793,0.11776299088499531,34.66,32.91,3,737.0,0.0,476.0,614.0,0.0,439.0,2,0,1,-0.01477750173168979,-0.03928410970239357,0.04080999581009843,-0.00873921939819644,-0.09069889396310067,0.11742337791960814,-0.013244004850969937,-0.08887932227642337,0.11819088334042846,20.96,31.7,3,645.0,403.0,0.0,511.0,440.0,0.0,2,1,0,0.014599851459594582,0.001971598770872121,-0.009761448550811614,0.027929384294763007,-0.0014300319257304211,-0.01787539609749984,0.02911267067437423,0.012824029010135574,-0.02864012227092227
92,least_connections,4753,measured,396,336,11,medium,0,100.0,70.4,4,728.0,396.0,433.0,664.0,336.0,408.0,2,1,1,-0.009110566121967895,0.003791066557221612,0.02511002281729516,-0.05049277160723881,0.019542756999402833,0.15223624392837326,-0.03192097247687531,-0.0025373129598574573,0.10654746794356718,24.26,23.34,2,373.0,476.0,0.0,308.0,439.0,0.0,1,1,0,-0.05645402084114337,0.0075411343055441366,-0.006160570684287363,-0.10200215088408252,0.04098671498576607,-0.016807419977497403,-0.09850052819849658,0.043707398892759805,-0.01718741507294568,20.96,31.7,3,645.0,403.0,0.0,511.0,440.0,0.0,2,1,0,0.013209389415823669,0.0017838274593604958,-0.00883178678406765,0.025269442933357006,-0.0012938384089941912,-0.016172977421547476,0.026340035372052872,0.011602692913932178,-0.025912491578453482
92,least_connections,4754,measured,166,101,6,light,1,100.0,70.4,4,728.0,396.0,433.0,664.0,336.0,408.0,2,1,1,-0.008242893157970943,0.0034300125993909775,0.02271859207279086,-0.045683936216073195,0.017681542047078752,0.13773755403043295,-0.028880879860030018,-0.002295664106537726,0.09640009004417982,29.0,26.5,3,539.0,476.0,0.0,409.0,439.0,0.0,2,1,0,-0.007993547200943779,0.006822931038349453,-0.005573849666736185,-0.04937609569784335,0.037083218320455025,-0.015206713312973841,-0.06056297789387788,0.03954478947440174,-0.015550518399331805,20.96,31.7,3,645.0,403.0,0.0,511.0,440.0,0.0,2,1,0,0.011951352328602366,0.0016139391298975875,-0.007990664233204065,0.022862829320656336,-0.0011706157033756909,-0.014632693857590574,0.023831460574714497,0.010497674541176727,-0.02344463523764839
92,least_connections,4755,measured,422,413,14,heavy,1,79.07,53.85,3,357.0,829.0,0.0,333.0,744.0,0.0,1,2,0,-0.05054175594111203,0.04618724495953968,-0.0225289835894704,-0.26511086292565356,0.27717218883624584,-0.1365549114327829,-0.1758684151114557,0.18249439914170396,-0.09735229948383729,41.06,39.41,4,539.0,898.0,0.0,409.0,852.0,0.0,2,2,0,-0.007232256991330094,0.04925702830907354,-0.005043006841332739,-0.04467361039328682,0.14263991861646608,-0.013758454902214428,-0.05479507523731808,0.15254945238160156,-0.01406951664701449,20.96,31.7,3,1048.0,0.0,0.0,951.0,0.0,0.0,3,0,0,0.053897028524064264,-0.041623669585421456,-0.007229648591946535,0.09360922652821288,-0.07398293801733992,-0.01323910396639147,0.15426021036124962,-0.12320051668496709,-0.02121181283406283
92,least_connections,4756,measured,426,402,17,heavy,0,100.0,73.95,4,357.0,829.0,426.0,333.0,744.0,402.0,1,2,1,-0.045728255375291835,0.04178845972529781,0.022700534121998437,-0.23986220931368657,0.25077483751850815,0.13340269917986308,-0.15911904224369802,0.1651139801758274,0.09377649094319485,41.06,39.41,4,539.0,898.0,0.0,409.0,852.0,0.0,2,2,0,-0.006543470611203417,0.04456588275582844,-0.004562720475491526,-0.04041898083202142,0.12905516446251694,-0.012448125863908291,-0.04957649664328778,0.13802093310716335,-0.012729562680632158,20.96,31.7,3,1048.0,0.0,0.0,951.0,0.0,0.0,3,0,0,0.0487639781884391,-0.03765951057728608,-0.00654111063080877,0.08469406209695451,-0.06693694392045041,-0.011978236921973235,0.13956876175541633,-0.11146713414354166,-0.0191916401831997
92,least_connections,4757,measured,181,107,5,light,2,83.67,57.3,3,396.0,433.0,426.0,336.0,408.0,402.0,1,1,1,-0.04137318343478785,-0.005275293808630774,0.020538578491331918,-0.1934943798552402,-0.011965623197540243,0.12069768021035232,-0.14260770488715538,-0.002611160793299039,0.08484539656765248,41.06,39.41,4,539.0,898.0,0.0,409.0,852.0,0.0,2,2,0,-0.005920282933945947,0.04032151296955907,-0.004128175668301857,-0.03656955408611462,0.11676419641846772,-0.011262590067345597,-0.044854925534403234,0.12487608233505254,-0.011517223377714809,11.68,18.23,2,584.0,0.0,0.0,547.0,0.0,0.0,2,0,0,0.0010358895627827769,-0.03407289052230646,-0.005918147713588887,-0.0073339438170411525,-0.06056199688040751,-0.01083745245321388,0.004435228889821119,-0.1008512166060615,-0.01736386492765687
92,least_connections,4758,measured,383,312,11,medium,2,83.67,57.3,3,396.0,433.0,426.0,336.0,408.0,402.0,1,1,1,-0.03743288025052234,-0.004772884874475455,0.018582523396919355,-0.17506634367855067,-0.010826040035869788,0.10920266304746162,-0.12902601870742633,-0.0023624788129848473,0.07676488260882844,41.06,39.41,4,539.0,898.0,0.0,409.0,852.0,0.0,2,2,0,-0.005356446464046344,0.03648136887722011,-0.003735016080844537,-0.03308673941124657,0.10564379675956603,-0.010189962441884111,-0.04058302786446005,0.11298312211266659,-0.01042034496078959,19.34,28.63,3,584.0,383.0,0.0,547.0,312.0,0.0,2,1,0,0.0009372334139463312,0.012256046897051523,-0.005354514598008993,-0.006635472977322948,0.014510574251059873,-0.009805314124336368,0.0040128261384095865,0.0028488992611824526,-0.015710163505975264
92,least_connections,4759,measured,179,114,6,light,0,95.6,63.0,4,575.0,859.0,0.0,450.0,810.0,0.0,2,2,0,0.009216056190570476,0.03876557581651767,-0.02627114096287795,-0.05042510459805377,0.2471573923484987,-0.1581499715284871,-0.06516639787814762,0.1797196620263471,-0.11240320144915524,30.4,29.78,3,166.0,898.0,0.0,101.0,852.0,0.0,1,2,0,-0.04793020893232311,0.03300695279367534,-0.0033793002636212477,-0.1263573900795632,0.0955824827824645,-0.00921948982837134,-0.12380131092498767,0.10222282476860312,-0.009427931155000105,19.34,28.63,3,584.0,383.0,0.0,547.0,312.0,0.0,2,1,0,0.0008479730888085735,0.011088804335427568,-0.004844560826770042,-0.006003523169958863,0.013128614798577978,-0.00887147468392338,0.0036306522204658243,0.0025775755220222157,-0.014213957457787144
92,least_connections,4760,measured,192,115,4,light,1,95.6,63.0,4,575.0,859.0,0.0,450.0,810.0,0.0,2,2,0,0.008338336553373293,0.03507361621494456,-0.023769127537841956,-0.045622713683953375,0.2236185930772131,-0.14308806947815497,-0.05896007427070496,0.16260350373812357,-0.10169813464447379,31.14,30.22,3,668.0,422.0,0.0,554.0,413.0,0.0,2,1,0,-0.000281526902487339,-0.0132204667467654,-0.003057462143276367,0.015445354553864588,-0.0365682298634845,-0.008341443178050259,0.016069647258344477,-0.03163470616174005,-0.008530032949762,19.34,28.63,3,584.0,383.0,0.0,547.0,312.0,0.0,2,1,0,0.0007672137470172702,0.01003272773205352,-0.004383174081363371,-0.0054317590585342135,0.011878270532046736,-0.008026572333073535,0.0032848758185166915,0.0023320921389724802,-0.012860247223712179
92,least_connections,4761,measured,166,104,5,light,1,95.6,63.0,4,575.0,859.0,0.0,450.0,810.0,0.0,2,2,0,0.007544209262575846,0.03173327181352126,-0.02150540110566653,-0.04127769333310066,0.20232158421271662,-0.12946063428975926,-0.053344829102066366,0.14711745576306418,-0.09201259801166677,35.89,33.47,4,834.0,422.0,0.0,658.0,413.0,0.0,3,1,0,0.042829185410221196,-0.011961374675644884,-0.0027662752724881413,0.05688593303172784,-0.033085541305057406,-0.007547020018235949,0.043943966567073556,-0.028621877003479096,-0.0077176488593084765,19.34,28.63,3,584.0,383.0,0.0,547.0,312.0,0.0,2,1,0,0.0006941457711108767,0.009077229852810328,-0.003965728930757336,-0.004914448672007146,0.010747006671851814,-0.007262136872780817,0.002972030502467471,0.0021099881257370112,-0.01163546177383483
92,least_connections,4762,measured,420,400,15,heavy,2,95.6,63.0,4,1008.0,426.0,0.0,858.0,402.0,0.0,3,1,0,0.04990961336908789,-0.014372844776428612,-0.019457267667031625,0.22382811873036923,-0.07812174126785959,-0.11713105007168695,0.1363070593838447,-0.05146515907151339,-0.08324949343912708,35.89,33.47,4,1256.0,0.0,0.0,1071.0,0.0,0.0,4,0,0,0.08183411559790987,-0.05390609636186464,-0.002502820484632128,0.16055666049809392,-0.13902297274539208,-0.006828256206975383,0.15652966022735226,-0.14266681728886205,-0.0069826346822314785,16.06,23.73,2,383.0,0.0,420.0,312.0,0.0,400.0,1,0,1,-0.04245586357670467,-0.03487116845516707,0.03949585976559597,-0.04081783451276837,-0.05958127967784836,0.06942949521034117,-0.06818403589459292,-0.09218620121957127,0.1101075980776415
92,least_connections,4763,measured,396,308,5,medium,2,95.6,63.0,4,1008.0,426.0,0.0,858.0,402.0,0.0,3,1,0,0.04515631685774618,-0.013004002416768745,-0.017604194555885754,0.20251115504176265,-0.07068157543282533,-0.10597571196962152,0.12332543468062135,-0.04656371535041687,-0.07532097025444831,35.89,33.47,4,1256.0,0.0,0.0,1071.0,0.0,0.0,4,0,0,0.07404039030287084,-0.04877218242263944,-0.002264456628952878,0.14526554997446595,-0.1257826896267833,-0.006177946092025346,0.141622073539033,-0.12907950135658947,-0.00631762185535229,23.98,34.0,3,779.0,420.0,0.0,620.0,400.0,0.0,2,1,0,0.004671452228786482,0.011533795433987165,-0.007349550915027682,0.034726721155114326,0.02209312791051815,-0.013182837666834184,0.0311985706985429,0.037228357626737096,-0.021013760469435462
92,least_connections,4764,measured,191,122,3,light,2,69.2,46.2,3,612.0,426.0,0.0,522.0,402.0,0.0,2,1,0,-0.0022281849745108273,-0.011765525996124099,-0.01592760459818235,-0.05563276448602433,-0.06394999682017527,-0.09588278702013375,-0.040419844812771166,-0.04212907579323433,-0.06814754451592943,30.4,29.88,3,1064.0,0.0,0.0,956.0,0.0,0.0,3,0,0,0.023905024332982916,-0.04412721266810235,-0.0020487940928621278,0.08179808262995897,-0.11380338585280393,-0.005589570273737218,0.0956193760591251,-0.11678621551310475,-0.005715943583413976,27.8,38.07,4,970.0,420.0,0.0,742.0,400.0,0.0,3,1,0,0.04731045224327847,0.010435338725988383,-0.006649593685025046,0.06598131914034155,0.0199890204904688,-0.011927329317611882,0.0650209290447134,0.03368279975752404,-0.019012449948536847
92,least_connections,4765,measured,481,429,15,heavy,0,89.33,61.95,3,433.0,426.0,481.0,408.0,402.0,429.0,1,1,1,-0.04509987710845764,-0.010644999710778952,0.02867321035221143,-0.15830265993179976,-0.05785952093253954,0.20337589110876786,-0.08814176435441198,-0.03811678286054532,0.13241412639034955,30.4,29.88,3,1064.0,0.0,0.0,956.0,0.0,0.0,3,0,0,0.021628355348889308,-0.039924620985425936,-0.0018536708459228775,0.07400778904615335,-0.10296496815253689,-0.005057230247667007,0.0865127688153989,-0.10566371879757097,-0.005171568004041217,27.8,38.07,4,970.0,420.0,0.0,742.0,400.0,0.0,3,1,0,0.042804694886775754,0.009441496942560912,-0.006016299048355994,0.05969738398411856,0.018085304253281295,-0.010791393192125036,0.05882845961188357,0.03047491406633128,-0.017201740429628576
92,least_connections,4766,measured,179,125,3,light,0,100.0,68.2,4,1038.0,481.0,0.0,935.0,429.0,0.0,3,1,0,0.04536314973633877,-0.009631190214514293,-0.017141471812851788,0.22169441879186363,-0.019174487192932577,-0.10612022550476556,0.1586574512983892,-0.022272327350017218,-0.07426817136111231,25.66,26.62,2,898.0,0.0,0.0,852.0,0.0,0.0,2,0,0,-0.023515388244428947,-0.03612227612967109,-0.001677130765358794,0.024047863558764593,-0.09315878070943814,-0.0045755892716987205,0.04886869559488469,-0.09560050748351659,-0.0046790377179420535,27.8,38.07,4,970.0,420.0,0.0,742.0,400.0,0.0,3,1,0,0.03872805727851139,0.008542306757555115,-0.005443318186607804,0.054011918842773926,0.01636289432439736,-0.0097636414595417,0.05322574917265657,0.02757254129810925,-0.015563479436330616
92,least_connections,4767,measured,368,303,14,medium,1,100.0,68.2,4,1038.0,481.0,0.0,935.0,429.0,0.0,3,1,0,0.04104284976144937,-0.008713934003608176,-0.015508950687818284,0.20058066462120994,-0.017348345555510403,-0.09601353736145456,0.1435472178413998,-0.02015115331668224,-0.06719501218386352,22.57,22.38,2,422.0,368.0,0.0,413.0,303.0,0.0,1,1,0,-0.06435972768600261,0.010401840871340662,-0.0015174040258008135,-0.1012900282087368,0.010842735820712435,-0.004139818864870271,-0.07990748969986625,-0.0008260543898483547,-0.004233415078138048,23.98,34.0,3,779.0,420.0,0.0,620.0,400.0,0.0,2,1,0,-0.008044229355723242,0.007728753733026061,-0.004924906930740394,0.014306021810128772,0.014804523436359518,-0.008833770844347253,0.011362979410181356,0.02494658498400361,-0.014081243299537223
92,least_connections,4768,measured,464,415,19,heavy,1,100.0,68.2,4,1038.0,481.0,0.0,935.0,429.0,0.0,3,1,0,0.03713400692702562,-0.007884035527074063,-0.014031907765168923,0.18147774418109475,-0.015696122169271298,-0.08686939094607793,0.12987605423745696,-0.0182319958579506,-0.06079548721397176,35.83,35.34,3,422.0,368.0,464.0,413.0,303.0,415.0,1,1,1,-0.058230229811145215,0.009411189359784411,0.041711010870080445,-0.09164335885552376,0.009810094313977918,0.11620002782974322,-0.07229725258559327,-0.0007473825431961317,0.11350607683406558,16.06,23.73,2,383.0,420.0,0.0,312.0,400.0,0.0,1,1,0,-0.050362012500983155,0.006992681948928339,-0.004455868175431785,-0.0587135993146454,0.013394568823372907,-0.007992459335361801,-0.08260809799396292,0.02257071974743184,-0.012740172509105106
92,least_connections,4769,measured,161,104,4,light,2,60.47,41.55,2,426.0,481.0,0.0,402.0,429.0,0.0,1,1,0,-0.052570365614777265,-0.007133175000686054,-0.012695535597057597,-0.20494870764567613,-0.01420125339124545,-0.07859611561788003,-0.12361214140420562,-0.01649561530005056,-0.05500544081264112,23.77,22.44,2,0.0,368.0,464.0,0.0,303.0,415.0,0,1,1,-0.09576839386541257,0.008514885611233508,0.037738533644358495,-0.1920038552910521,0.008875799617408586,0.10513335851262481,-0.18218263329172724,-0.000676203253367938,0.1026959742784403,11.62,16.8,2,161.0,420.0,0.0,104.0,400.0,0.0,1,1,0,-0.04556563035803238,0.006326712239506593,-0.004031499777771615,-0.0932932565227744,0.012118895602099292,-0.007231272731994011,-0.13747081881993473,0.020421127390533575,-0.011526822746333192
92,least_connections,4770,measured,427,403,16,heavy,0,88.93,61.7,3,426.0,481.0,427.0,402.0,429.0,403.0,1,1,1,-0.047563664127655614,-0.006453825000620722,0.03159746325799097,-0.18542978310799269,-0.012848753068269714,0.18644478428223554,-0.11183955650856697,-0.01492460431909337,0.13254269640761043,23.77,22.44,2,0.0,368.0,464.0,0.0,303.0,415.0,0,1,1,-0.08664759444965899,0.007703944124449358,0.03414438758299102,-0.17371777383476142,0.00803048536813157,0.09512065770189865,-0.16483190631156275,-0.000611802943523379,0.09291540529954122,11.62,16.8,2,581.0,0.0,0.0,504.0,0.0,0.0,2,0,0,0.0018578537123471184,-0.037359732010060924,-0.0036475474179838425,-0.008408184472986371,-0.06503528493143398,-0.006542580090851724,-0.0037434392497821822,-0.10215866251967597,-0.010429030103825268
92,least_connections,4771,measured,474,439,17,heavy,1,88.93,61.7,3,426.0,481.0,427.0,402.0,429.0,403.0,1,1,1,-0.04303379135359317,-0.005839175000561608,0.028588181042944208,-0.16776980376437434,-0.011625062299863098,0.16868813816011785,-0.10118817017441772,-0.01350321343156069,0.11991958246402849,37.31,36.16,3,0.0,368.0,938.0,0.0,303.0,854.0,0,1,2,-0.07839544259731052,0.006970235160216082,0.07397644137327306,-0.15717322394573652,0.007265677237833321,0.20859215968947295,-0.14913362951998535,-0.0005535359965211512,0.20818834289006105,11.62,16.8,2,581.0,0.0,0.0,504.0,0.0,0.0,2,0,0,0.0016809152635521574,-0.03380166229481703,-0.003300161949604429,-0.007607404999368628,-0.05884144827129741,-0.005919477225056322,-0.0033869212259934056,-0.09242926608923063,-0.009435789141556196
92,least_connections,4772,measured,159,104,8,light,2,88.93,61.7,3,426.0,908.0,0.0,402.0,832.0,0.0,1,2,0,-0.038935335034203336,0.03780083713101115,-0.01721840309266499,-0.1517917272153863,0.24703764204615558,-0.10493295436306799,-0.09155120158637792,0.17009233070477842,-0.07381085396111708,37.31,36.16,3,0.0,368.0,938.0,0.0,303.0,854.0,0,1,2,-0.07092920996899522,0.0063064032401955045,0.06693106600438992,-0.142204345474714,0.006573707977087284,0.18872623971904695,-0.13493042670855818,-0.0005008182825667618,0.1883608816624362,14.8,20.27,3,581.0,159.0,0.0,504.0,104.0,0.0,2,1,0,0.0015208280955948117,0.012501443864780054,-0.0029858608115468643,-0.006882890237524003,-0.02446607224545956,-0.005355717489336672,-0.0030643572997083035,-0.05226139947755788,-0.008537142556646081
92,least_connections,4773,measured,421,436,16,heavy,0,88.6,63.4,3,481.0,427.0,421.0,429.0,403.0,436.0,1,1,1,-0.035227207888088724,-0.008883142822509182,0.02750534504767952,-0.10416076906788918,-0.0666167365614147,0.15899716827468452,-0.07061775381624666,-0.04017836745758141,0.13045684641613214,37.31,36.16,3,0.0,832.0,474.0,0.0,718.0,439.0,0,2,1,-0.0641740471148052,0.0487896936345533,0.01747277853911922,-0.1286610744771222,0.12589321878199053,0.05080673389546424,-0.12207990987917168,0.11688318822053483,0.05308544055172801,11.58,16.8,2,579.0,0.0,0.0,504.0,0.0,0.0,2,0,0,0.0013759873245857701,-0.03177307006338494,-0.0027014931152090677,-0.006589281643474096,-0.05090739869827294,-0.004845649157018894,-0.0027725137473551265,-0.07864920270191744,-0.007724081360775026
92,least_connections,4774,measured,178,107,3,light,2,88.6,63.4,3,481.0,427.0,421.0,429.0,403.0,436.0,1,1,1,-0.031872235708270746,-0.008037129220365452,0.024885788376471946,-0.09424069582332828,-0.06027228546032759,0.14385458081995267,-0.06389225345279456,-0.036351856271145094,0.118032384852691,37.31,36.16,3,368.0,938.0,0.0,303.0,854.0,0.0,1,2,0,-0.014978332877114003,0.044143056145548226,-0.02727519583422093,-0.021278387111954067,0.14130474896601866,-0.0765626149109065,-0.0247836089382982,0.14420383696143627,-0.07609233950081751,15.14,20.37,3,757.0,0.0,0.0,611.0,0.0,0.0,3,0,0,0.044328841139477826,-0.02874706339068161,-0.002444208056617728,0.02624779279876155,-0.04605907501272313,-0.004384158761112333,0.029761376450805677,-0.07115880244459197,-0.0069884545645107375
92,least_connections,4775,measured,359,344,10,medium,0,100.0,80.6,4,481.0,1207.0,0.0,429.0,1183.0,0.0,1,3,0,-0.028836784688435438,0.07889611211127932,-0.02056818693375894,-0.08526539145920176,0.4159441226787512,-0.12378236338512219,-0.05780727693348078,0.31996736813563065,-0.09044688989518433,37.31,36.16,3,368.0,938.0,0.0,303.0,854.0,0.0,1,2,0,-0.013551824984055522,0.03993895556025792,-0.0246775581357237,-0.019251874053672735,0.12784715382639783,-0.06927093730034398,-0.022423265229888856,0.13047013820320424,-0.06884545002454917,15.14,20.37,3,757.0,0.0,0.0,611.0,0.0,0.0,3,0,0,0.040107046745241834,-0.026009247829664312,-0.002211426336939849,0.023748003008403296,-0.041672496440082835,-0.003966619831482587,0.026926959645967058,-0.06438177364034511,-0.006322887463128763
92,least_connections,4776,measured,185,108,5,light,1,100.0,80.6,4,481.0,1207.0,0.0,429.0,1183.0,0.0,1,3,0,-0.02609042424191778,0.07138219667210986,-0.01860931198768666,-0.07714487798689684,0.3763303967093463,-0.11199356687225341,-0.052301821987434965,0.2894942854560468,-0.08183290038135725,42.6,39.53,4,553.0,938.0,0.0,411.0,854.0,0.0,2,2,0,0.03082272524118332,0.036135245506900025,-0.02232731450375001,0.030404767012663425,0.11567123441435995,-0.0626737051765017,0.010247998125338664,0.11804441075528002,-0.06228874049840163,15.14,20.37,3,757.0,0.0,0.0,611.0,0.0,0.0,3,0,0,0.03628732800759975,-0.02353217660779152,-0.00200081430485034,0.021486288436174422,-0.03770368725531304,-0.003588846514198531,0.02436248729873211,-0.05825017615078844,-0.005720707704735547
92,least_connections,4777,measured,435,441,17,heavy,2,100.0,80.6,4,481.0,1207.0,0.0,429.0,1183.0,0.0,1,3,0,-0.023605621933163706,0.06458389222714701,-0.01683699656028793,-0.06979774675004952,0.34048940654655147,-0.10132751288441975,-0.04732069608386971,0.26192340112689944,-0.074039290821228,42.6,39.53,4,553.0,938.0,0.0,411.0,854.0,0.0,2,2,0,0.02788722759916587,0.03269379355386193,-0.020200903598630963,0.02750907491621929,0.1046549263748971,-0.05670478087397773,0.009271998303877843,0.10680208592144383,-0.05635647949855385,11.88,18.17,2,159.0,0.0,435.0,104.0,0.0,441.0,1,0,1,-0.05333640844663877,-0.021291016930858993,0.04127363966522611,-0.08876954855774696,-0.03411285989766418,0.07546723410620132,-0.1308625114916233,-0.05270254032690382,0.12782412160047735
92,least_connections,4778,measured,365,303,13,medium,2,100.0,80.6,4,840.0,848.0,0.0,773.0,839.0,0.0,2,2,0,0.021726432763418763,0.015349145121613728,-0.015233473078355746,0.15338934024201872,0.09152216147862596,-0.09167727356209407,0.11280508449554649,0.0813592676862423,-0.06698792979063485,42.6,39.53,4,553.0,938.0,0.0,411.0,854.0,0.0,2,2,0,0.025231301161150077,0.029580098929684606,-0.018277008017808967,0.0248891630194365,0.0946877905296688,-0.05130432555264652,0.008388950846365664,0.09663045869083012,-0.05098919573678682,19.18,28.27,3,159.0,365.0,435.0,104.0,303.0,441.0,1,1,1,-0.048256750499339834,0.02382059919407542,0.03734281683996648,-0.08031530583796154,0.035183602949732405,0.06827987847703929,-0.11839941515908776,0.043697701608991786,0.11565039573376523
92,least_connections,4779,measured,425,418,19,heavy,2,100.0,80.6,4,1267.0,421.0,0.0,1176.0,436.0,0.0,3,1,0,0.06274114891746958,-0.029196578450059227,-0.013782666118512341,0.3963363872030963,-0.1747497904082273,-0.08294610465141844,0.28437126692454207,-0.10869875780768554,-0.06060812695343153,42.6,39.53,4,553.0,938.0,0.0,411.0,854.0,0.0,2,2,0,0.02282832009818339,0.02676294665066703,-0.016536340587541446,0.022518766541394925,0.08566990571731939,-0.04641819930953733,0.0075900031467117934,0.087427557863132,-0.04613308185709284,27.68,42.2,4,159.0,365.0,860.0,104.0,303.0,859.0,1,1,2,-0.043660869499402705,0.02155197069940157,0.07687025832006036,-0.07266622909148901,0.03183278362118646,0.13868179481255935,-0.1071232803820318,0.03953601574146876,0.23069956439404155
92,least_connections,4780,measured,200,125,4,light,0,93.8,65.4,4,986.0,421.0,0.0,872.0,436.0,0.0,3,1,0,0.0567658014015201,-0.02641595193100596,-0.012470031250082595,0.1890980011202617,-0.15810695322649138,-0.07504647563699764,0.11976447959839526,-0.09834649515933455,-0.054835924386438056,42.6,39.53,4,1017.0,474.0,0.0,826.0,439.0,0.0,3,1,0,0.06373809460130424,-0.018869805638058623,-0.014961451007775595,0.14031970034017366,-0.04243471115371786,-0.041997418422914726,0.12420345522797732,-0.03823518574288054,-0.04173945501356019,24.5,38.73,3,0.0,800.0,425.0,0.0,744.0,418.0,0,2,1,-0.08258659167859791,0.0625833022881207,0.02646538111044011,-0.0945170644161091,0.10751537565726395,0.04675971911612514,-0.12828614256787005,0.16877068090894792,0.07572817730889475
92,least_connections,4781,measured,197,123,3,light,2,93.8,65.4,4,986.0,421.0,0.0,872.0,436.0,0.0,3,1,0,0.05135953460137532,-0.023900146985195866,-0.011282409226265205,0.17108866768023678,-0.1430491481573017,-0.06789919224299787,0.10835833868426237,-0.08898016228701697,-0.04961345539725348,26.8,26.69,2,938.0,0.0,0.0,854.0,0.0,0.0,2,0,0,0.01458389965061313,-0.060156581518334216,-0.013536550911796967,0.10653415064791222,-0.16092392233635697,-0.037997664287399036,0.12029122139674137,-0.15871576329117762,-0.037764268821792554,28.44,42.83,4,197.0,800.0,425.0,123.0,744.0,418.0,1,2,1,-0.03163730176816455,0.05662298778449015,0.02394486862373153,-0.04986782018600348,0.09727581607085786,0.04230641253363704,-0.07897317660902528,0.15269728272714336,0.06851596994614287
92,least_connections,4782,measured,496,414,14,heavy,1,93.8,65.4,4,1407.0,0.0,0.0,1308.0,0.0,0.0,4,0,0,0.08955205058038267,-0.06470784273717267,-0.010207894061858994,0.4087310167900555,-0.38336192769787614,-0.0614326025055695,0.2952765921429041,-0.2777439563549201,-0.04488836440703886,40.97,39.62,3,938.0,496.0,0.0,854.0,414.0,0.0,2,1,0,0.013194956826745208,-0.011343483051735492,-0.012247355586863923,0.09638804106239676,-0.01738014741996924,-0.03437883911717056,0.10883491459705169,-0.026546404882494046,-0.034167671791145646,28.44,42.83,4,197.0,800.0,425.0,123.0,744.0,418.0,1,2,1,-0.02862422540929173,0.05123032228120538,0.021664404945280907,-0.045118503977812675,0.08801145263553806,0.03827723038757637,-0.07145192169388004,0.13815468437217734,0.06199063947508164
92,least_connections,4783,measured,435,406,18,heavy,1,93.8,65.4,4,1407.0,0.0,0.0,1308.0,0.0,0.0,4,0,0,0.08102328385844146,-0.05854519104791813,-0.009235713675015281,0.36980425328624067,-0.346851267917126,-0.05558187845742002,0.26715501193881797,-0.25129215098778485,-0.04061328208255897,53.4,52.31,4,938.0,496.0,435.0,854.0,414.0,406.0,2,1,1,0.011938294271817085,-0.010263151332522591,0.03200295945769001,0.08720822762788277,-0.015724895284734086,0.08134431562868243,0.09846968463542771,-0.024018175846066026,0.08387805885563013,28.44,42.83,4,197.0,800.0,425.0,123.0,744.0,418.0,1,2,1,-0.025898108703644895,0.046351243968709634,0.019601128283825583,-0.04082150359897337,0.07962940952739159,0.03463177987447386,-0.06464697677065337,0.12499709538435094,0.05608676904888339
92,least_connections,4784,measured,170,115,5,light,0,91.8,64.9,4,1377.0,0.0,0.0,1298.0,0.0,0.0,4,0,0,0.07330678063382799,-0.05296945856716402,-0.008356121896442397,0.31648956249707494,-0.3138178138297807,-0.05028836622338002,0.2371878679446448,-0.22735956517942438,-0.03674535045564859,53.4,52.31,4,938.0,496.0,435.0,854.0,414.0,406.0,2,1,1,0.010801313864977374,-0.009285708348472824,0.028955058556957625,0.07890268213951299,-0.014227286209997525,0.0735972379497603,0.08909161943205363,-0.021730730527393077,0.07588967229795106,24.5,38.73,3,365.0,860.0,0.0,303.0,859.0,0.0,1,2,0,-0.02343162216044062,0.04193683978121348,-0.025349546065200887,-0.006533741351452099,0.08290279909621143,-0.04557124678023794,-0.004204407554400658,0.14777514979219053,-0.07531832006688328
92,least_connections,4785,measured,151,119,3,light,2,67.87,47.7,3,1018.0,0.0,0.0,954.0,0.0,0.0,3,0,0,0.02324128225146796,-0.047924748227434116,-0.007560300763447883,0.06980801686243288,-0.2839304029888492,-0.045498998011629536,0.05897949956896431,-0.20570627325757443,-0.03324579326939635,53.4,52.31,4,938.0,496.0,435.0,854.0,414.0,406.0,2,1,1,0.009772617306408105,-0.008401355172427794,0.02619743393248547,0.07138814098336888,-0.012872306570950148,0.06658797719264027,0.08060670329566755,-0.01966113714383183,0.06866208446005095,27.52,42.7,4,516.0,860.0,0.0,422.0,859.0,0.0,2,2,0,0.021883861129215865,0.03794285504014553,-0.0229353035828008,0.021412329253448104,0.07500729442038176,-0.0412311280392629,0.032084901101574,0.1337013260024581,-0.06814514672718011
92,least_connections,4786,measured,460,403,18,heavy,0,70.07,47.7,3,591.0,0.0,460.0,551.0,0.0,403.0,2,0,1,-0.022056073427810158,-0.043360486491488014,0.03624362810744738,-0.19439592125144955,-0.25688941222800643,0.2362945573545574,-0.12894711943760367,-0.18611519961399592,0.15222999656578426,53.4,52.31,4,938.0,496.0,435.0,854.0,414.0,406.0,2,1,1,0.008841891848654942,-0.007601226108387052,0.023702440224629712,0.06458927041352422,-0.011646372611812061,0.06024626507905548,0.07292987441036586,-0.017788647892038323,0.06212283832099848,27.52,42.7,4,516.0,860.0,0.0,422.0,859.0,0.0,2,2,0,0.019799683878814367,0.03432924979822691,-0.02075098895586739,0.019373059800738765,0.06786374257082159,-0.03730435394028548,0.02902919623475743,0.12096786638317636,-0.06165513275316296
92,least_connections,4787,measured,194,117,6,light,0,83.0,53.55,4,785.0,0.0,460.0,668.0,0.0,403.0,3,0,1,0.02312840522064341,-0.039230916349441536,0.0327918540019762,-0.05886615097353376,-0.23242375392057724,0.2137903137969805,-0.0637378699673557,-0.16838994250790107,0.13773190165475718,40.14,39.34,3,474.0,931.0,0.0,439.0,820.0,0.0,1,2,0,-0.035084093316069556,0.03620660041440718,-0.0216388352616162,-0.061507666904770636,0.1019117853240068,-0.05794045404411988,-0.05135213743824038,0.09869717571672723,-0.058585289138144224,27.52,42.7,4,951.0,425.0,0.0,863.0,418.0,0.0,3,1,0,0.060997899926637025,-0.012024102790266361,-0.01877470429340383,0.0962422922006684,-0.017313756721637596,-0.03375155832692496,0.15926451087906626,-0.023552882796173763,-0.05578321534809982
92,least_connections,4788,measured,391,320,12,medium,1,83.0,53.55,4,785.0,0.0,460.0,668.0,0.0,403.0,3,0,1,0.02092569996153451,-0.035494638601875676,0.029668820287502277,-0.053259850880816195,-0.2102881583090937,0.1934293315306014,-0.057667596637131335,-0.1523528051261962,0.12461457768763747,37.77,35.62,3,0.0,1322.0,0.0,0.0,1140.0,0.0,0,3,0,-0.07482665132224887,0.07584225298264959,-0.019577993808128944,-0.17818040611111902,0.1932807309394075,-0.052422315563727506,-0.1705834814917413,0.17977363517227707,-0.053005737791654295,24.5,38.73,3,800.0,425.0,0.0,744.0,418.0,0.0,2,1,0,0.012104675897342793,-0.010878950143574331,-0.01698663721784156,0.05975255008631902,-0.01566482751005306,-0.030537124200551154,0.1082075733350282,-0.021309751101300067,-0.05047052817209031
92,least_connections,4789,measured,370,348,10,medium,1,43.6,26.0,2,194.0,0.0,460.0,117.0,0.0,403.0,1,0,1,-0.06723502429784065,-0.03211419683026847,0.026843218355359202,-0.4046636746064527,-0.1902607146606086,0.1750074904324489,-0.3014373493383569,-0.13784301416179656,0.11274652266976723,48.34,46.5,4,496.0,1196.0,0.0,414.0,1074.0,0.0,1,3,0,-0.024616403350515417,0.06861918127001629,-0.01771342296925952,-0.03299315654951587,0.14230161370708294,-0.04742971408146775,-0.037283864206813566,0.14399162229872686,-0.04795757228768722,24.5,38.73,3,800.0,425.0,0.0,744.0,418.0,0.0,2,1,0,0.010951849621405385,-0.00984285965371011,-0.015368862244713791,0.054061831030479124,-0.014172939175762303,-0.02762882665764152,0.0979020901602636,-0.01928025099641434,-0.045663811203319804
92,least_connections,4790,measured,179,100,8,light,0,55.53,31.0,3,194.0,639.0,0.0,117.0,503.0,0.0,1,2,0,-0.06083168865042725,0.05711209855946231,-0.018797178857622852,-0.3661242770248858,0.21328792483087794,-0.11912020706905416,-0.2727290303537515,0.10283251099646978,-0.08030076520354394,48.34,46.5,4,496.0,1196.0,0.0,414.0,1074.0,0.0,1,3,0,-0.022271983983799662,0.06208402114906235,-0.016026430305520516,-0.0298509511638477,0.12874907906831315,-0.0429125984546613,-0.033733019996640856,0.13027813446075287,-0.043390184450764625,24.5,38.73,3,800.0,425.0,0.0,744.0,418.0,0.0,2,1,0,0.009908816324128683,-0.008905444448594854,-0.013905161078550573,0.04891308521805254,-0.01282313544473733,-0.024997509833104233,0.08857808157357183,-0.017444036615803432,-0.04131487680300363
92,least_connections,4791,measured,389,309,12,medium,0,81.47,46.45,4,373.0,849.0,0.0,217.0,712.0,0.0,2,2,0,-0.011954294266486337,0.05167285107760876,-0.017006971347373057,-0.223287044292357,0.3196414557993657,-0.10777542544342995,-0.20151674174863238,0.18758655756823453,-0.07265307327939691,48.34,46.5,4,496.0,1196.0,0.0,414.0,1074.0,0.0,1,3,0,-0.020150842652009213,0.05617125723010402,-0.014500103609756657,-0.027008003433957456,0.11648726201418808,-0.03882568431612213,-0.030520351425532194,0.11787069308353831,-0.03925778593164418,17.2,28.63,2,860.0,0.0,0.0,859.0,0.0,0.0,2,0,0,0.00896511953135451,-0.05114120710881938,-0.012580860023450519,0.05511183900680944,-0.08850664635476235,-0.02261679461090383,0.11482461348719991,-0.14184619185874278,-0.037380126631289
92,least_connections,4792,measured,389,329,13,medium,2,81.47,46.45,4,373.0,849.0,0.0,217.0,712.0,0.0,2,2,0,-0.010815790050630492,0.04675162716545554,-0.015387259790480385,-0.2020216115026087,0.2891994123899023,-0.09751109921072235,-0.1823246711059055,0.16972117113316457,-0.0657337329670734,48.34,46.5,4,866.0,826.0,0.0,762.0,726.0,0.0,2,2,0,0.02485218544636808,0.007737713457622475,-0.013119141361208404,0.07121044587267797,0.009746978557054503,-0.03512800009553907,0.07077920585308992,0.008252055647010842,-0.035518949176249495,24.98,39.6,3,860.0,389.0,0.0,859.0,329.0,0.0,2,1,0,0.008111298623606461,-0.003186715728841119,-0.011382682878359992,0.04986309243473236,-0.009686965749546902,-0.020462814171770132,0.10388893601222848,-0.029114808507116507,-0.03382011457116624
92,least_connections,4793,measured,169,108,6,light,2,68.53,40.6,3,179.0,849.0,0.0,100.0,712.0,0.0,1,2,0,-0.05286961503447067,0.042299091244935964,-0.013921806477101301,-0.29979733104204276,0.2616566112099116,-0.08822432785732022,-0.21788898814343827,0.15355725007286317,-0.05947337744639974,48.34,46.5,4,1257.0,435.0,0.0,1082.0,406.0,0.0,3,1,0,0.06556921086870944,-0.036083111860337025,-0.011869699326807604,0.1655033285786814,-0.0922561350470187,-0.0317824762769163,0.15451451958136708,-0.08301004489079972,-0.032136192111844784,28.36,43.2,4,1029.0,389.0,0.0,967.0,329.0,0.0,3,1,0,0.050422694219544165,-0.002883218992761019,-0.010298617842325707,0.07569517886951976,-0.008764397582923383,-0.018513974726839643,0.1265661802015401,-0.02634196960167684,-0.030599151278674214
92,least_connections,4794,measured,378,328,12,medium,0,93.73,57.0,4,179.0,1227.0,0.0,100.0,1040.0,0.0,1,3,0,-0.047834413602616324,0.08135450659122324,-0.012595920145948796,-0.2712452042761339,0.4647369339518248,-0.07982201091852782,-0.19713765593930127,0.28731370244687626,-0.053809246261028336,48.34,46.5,4,1692.0,0.0,0.0,1488.0,0.0,0.0,4,0,0,0.10240842434606591,-0.07573052524325277,-0.010739251771873548,0.2621900864011199,-0.1959188160629489,-0.028755573774352842,0.254590517716475,-0.18989599299643783,-0.029075602386907186,19.66,28.5,3,594.0,389.0,0.0,526.0,329.0,0.0,2,1,0,0.002536632638544506,-0.002608626707736164,-0.009317797095437544,-0.010228171499005942,-0.007929693051216394,-0.0167507390385692,-0.01848774172241613,-0.023833210591993337,-0.027684946394990955
92,least_connections,4795,measured,176,116,3,light,2,93.73,57.0,4,179.0,1227.0,0.0,100.0,1040.0,0.0,1,3,0,-0.043278755164271904,0.07360645834444007,-0.011396308703477482,-0.24541232767840687,0.4204762735754606,-0.07221991464057279,-0.17836264108793926,0.2599504926900309,-0.048684556140930396,48.34,46.5,4,1692.0,0.0,0.0,1488.0,0.0,0.0,4,0,0,0.09265524107501201,-0.06851809426770489,-0.009716465888837972,0.23721960198196562,-0.1772598811998109,-0.02601694770060495,0.23034380174347735,-0.17181066033011042,-0.02630649739767793,23.18,32.37,4,770.0,389.0,0.0,642.0,329.0,0.0,3,1,0,0.0453789488044881,-0.0023601860689041465,-0.008430387848253016,0.02259355911994701,-0.007174484189195793,-0.015155430558705467,0.01825712256860762,-0.021563381011803495,-0.025048284833563247
92,least_connections,4796,measured,464,443,16,heavy,0,100.0,79.15,5,568.0,838.0,464.0,409.0,731.0,443.0,2,2,1,0.003926931268606604,0.02351241922773603,0.03277295425694441,0.012595195592552455,0.14579599355240086,0.21453118834106907,-0.02159000860337365,0.09540758862431364,0.15635683015820584,34.17,33.56,3,1196.0,0.0,0.0,1074.0,0.0,0.0,3,0,0,0.040747032174443976,-0.06199256148030442,-0.008791088185139118,0.08640957186123416,-0.16037798775220985,-0.023539143157690193,0.09135272538695569,-0.15544774029867134,-0.023801116693137177,23.18,32.37,4,770.0,389.0,0.0,642.0,329.0,0.0,3,1,0,0.04105714415644161,-0.002135406443294227,-0.007627493767467014,0.02044179158471396,-0.006491199980700954,-0.013712056219781136,0.01651834899064497,-0.019509725677346018,-0.022662733897033414
92,least_connections,4797,measured,378,329,12,medium,1,100.0,79.15,5,1028.0,378.0,464.0,812.0,328.0,443.0,3,1,1,0.046636838041210965,-0.021810759020710474,0.029651720518187798,0.288855970615484,-0.14554965662719288,0.19409964659430057,0.16277570650170958,-0.09598837219704956,0.14146570347647197,44.97,43.84,4,1196.0,378.0,0.0,1074.0,329.0,0.0,3,1,0,0.03686636244354455,-0.013004607779232347,-0.007953841691316346,0.07818008882683086,-0.047389607966285094,-0.021297319999814938,0.08265246582629326,-0.047622360270226455,-0.02153434367474316,23.18,32.37,4,770.0,389.0,0.0,642.0,329.0,0.0,3,1,0,0.037146939951066216,-0.0019320344010757273,-0.006901065789613013,0.018494954290931676,-0.005872990458729438,-0.012406146103611505,0.01494517289629782,-0.017651656565217833,-0.020504378287792138
92,least_connections,4798,measured,439,421,15,heavy,1,100.0,74.15,4,849.0,842.0,0.0,712.0,771.0,0.0,2,2,0,-0.0008886658085188737,0.023350356350876456,-0.01625615309125412,0.1533776242076601,0.1481852313055556,-0.10425904990674394,0.10203516302535626,0.1135581394407647,-0.07241198256890632,57.51,57.0,5,1196.0,378.0,439.0,1074.0,329.0,421.0,3,1,1,0.033355280306064106,-0.011766073705019739,0.03588756726794734,0.07073436608141842,-0.04287631196949605,0.09421398938792253,0.07478080241426532,-0.04308689738734775,0.09954928429427999,11.16,14.57,2,558.0,0.0,0.0,437.0,0.0,0.0,2,0,0,-0.009474764080554587,-0.04483193135154017,-0.006243821428697487,-0.021628374689157043,-0.07570413422456472,-0.011224608379458028,-0.04830357372874641,-0.11519276863837169,-0.018551580355621457
92,least_connections,4799,measured,382,325,11,medium,2,100.0,74.15,4,1227.0,464.0,0.0,1040.0,443.0,0.0,3,1,0,0.04227986925714505,-0.021957387337869144,-0.014707948034944206,0.3667702314259782,-0.09392764786640206,-0.09432961658229214,0.24069848083246526,-0.045637873839308146,-0.06551560327662953,46.94,46.12,4,826.0,817.0,0.0,726.0,750.0,0.0,2,2,0,-0.012905313283175568,0.032438404969834744,-0.010614196508138345,-0.031648498715451334,0.074690139510592,-0.028241764703444232,-0.030734035910902846,0.08004935474478059,-0.02896433801946096,15.42,21.8,2,389.0,382.0,0.0,329.0,325.0,0.0,1,1,0,-0.051656305823449614,0.0025216766229829296,-0.0056491717688215365,-0.050149481861618286,0.0006295928444414317,-0.010155598057604883,-0.07627466194505628,-0.006206155752177561,-0.016784763178895604
92,least_connections,4800,measured,393,306,12,medium,2,100.0,74.15,4,1227.0,464.0,0.0,1040.0,443.0,0.0,3,1,0,0.03825321504217885,-0.019866207591405408,-0.013307191079235234,0.33183973319493265,-0.08498215759341138,-0.0853458435744548,0.21777481599127807,-0.04129140966413594,-0.05927602201218862,35.77,36.12,3,435.0,817.0,0.0,406.0,750.0,0.0,1,2,0,-0.05476013605439241,0.02934903306794573,-0.009603320650220407,-0.1297091859126192,0.06757679289053561,-0.025552072826925735,-0.11828317534795973,0.07242560667384909,-0.026205829636655156,23.28,32.0,3,389.0,775.0,0.0,329.0,631.0,0.0,1,2,0,-0.04673665764978774,0.04536541717136097,-0.005111155409886152,-0.045373340731940354,0.07168391733544702,-0.009188398242594894,-0.06901040842647949,0.08667062098612507,-0.01518621430471507
92,least_connections,4801,measured,167,118,7,light,1,100.0,74.15,4,1227.0,464.0,0.0,1040.0,443.0,0.0,3,1,0,0.034610051704828476,-0.017974187820795365,-0.012039839547879497,0.3002359490811295,-0.07688861877499126,-0.0772176679959353,0.19703435732544206,-0.037358894458027786,-0.05363068658245637,28.11,27.12,3,167.0,817.0,0.0,118.0,750.0,0.0,1,2,0,-0.049544885001593125,0.026553887061474712,-0.00868871868353275,-0.18663484167604322,0.061140907853341725,-0.023118542081504236,-0.18844668245767787,0.06552792984776823,-0.023710036337926094,23.28,32.0,3,389.0,775.0,0.0,329.0,631.0,0.0,1,2,0,-0.042285547397427,0.04104490125027897,-0.004624378704182709,-0.041052070186041276,0.06485687758921396,-0.008313312695681094,-0.06243798857633859,0.07841627613030364,-0.013739908180456492
92,least_connections,4802,measured,443,447,18,heavy,1,100.0,74.15,4,1227.0,464.0,0.0,1040.0,443.0,0.0,3,1,0,0.031313856304368615,-0.01626236040929105,-0.010893188162367165,0.271642049168641,-0.06956589317737305,-0.06986360437727479,0.17826918043730472,-0.03380090450964421,-0.04852300214603195,40.77,41.09,4,545.0,439.0,443.0,447.0,421.0,447.0,2,1,1,-0.0017424242984935556,-0.019058954790185004,0.03522267856070393,-0.07114580913546767,-0.04239632146602418,0.09360023063374108,-0.07747854603313711,-0.03373365870916209,0.10493199093235257,23.28,32.0,3,389.0,775.0,0.0,329.0,631.0,0.0,1,2,0,-0.038258352407195856,0.03713586303596669,-0.004183961684736737,-0.0371423492159421,0.05868003210452691,-0.007521568629425752,-0.05649151347383016,0.070948059355989,-0.012431345496603493
92,least_connections,4803,measured,498,447,16,heavy,2,86.8,58.7,3,838.0,464.0,0.0,731.0,443.0,0.0,2,1,0,-0.014752315951376244,-0.014713564179834757,-0.00985574167071315,0.011136457184325987,-0.06294057001762327,-0.06320992776991528,0.021505448967085228,-0.030581770746820974,-0.04390176384640986,40.77,41.09,4,545.0,439.0,443.0,447.0,421.0,447.0,2,1,1,-0.0015764791272084577,-0.017243816238738816,0.03186813774539879,-0.06437001778923265,-0.038358576564498065,0.08468592295433716,-0.07009963688712403,-0.030520929308289507,0.09493846798641423,33.24,46.9,4,771.0,393.0,498.0,654.0,306.0,447.0,2,1,1,0.008469200429770646,-0.009484786051358926,0.039298411083424134,0.03551882689986191,-0.01603235190542804,0.08330905695432908,0.046904503682407644,-0.03382477169378774,0.1235621159792635
92,least_connections,4804,measured,485,414,17,heavy,0,88.47,59.25,3,378.0,464.0,485.0,328.0,443.0,414.0,1,1,1,-0.05643123370657396,-0.01331227235318383,0.03416680061992166,-0.26738447524592723,-0.05694623001594484,0.23534974789071156,-0.16285221283930387,-0.027669221151885637,0.14756507080562917,40.77,41.09,4,545.0,439.0,443.0,447.0,421.0,447.0,2,1,1,-0.0014263382579505213,-0.015601548025525588,0.028833077007741764,-0.058239539904543836,-0.03470537879645064,0.076620596958686,-0.06342348099311221,-0.02761417413607145,0.08589670913056525,33.24,46.9,4,771.0,393.0,498.0,654.0,306.0,447.0,2,1,1,0.007662609912649637,-0.008581473094086647,0.03555570526595517,0.032136081480827444,-0.014505461247768234,0.07537486105391678,0.04243740809360691,-0.03060336486580796,0.11179429540980984
92,least_connections,4805,measured,192,115,6,light,0,100.0,65.0,4,1034.0,0.0,485.0,886.0,0.0,414.0,3,0,1,0.035110969957090676,-0.05512833711773321,0.03091281960850055,0.15376325255527223,-0.3313957954112517,0.21293548618683425,0.10508609314539175,-0.22543881913742034,0.13351125453842638,40.77,41.09,4,545.0,439.0,443.0,447.0,421.0,447.0,2,1,1,-0.0012904965190981,-0.01411568630880887,0.02608706967367112,-0.05269291705649204,-0.03140010462536011,0.06932339724833497,-0.05738314946995865,-0.02498425278977892,0.07771607016574952,25.46,35.93,3,775.0,498.0,0.0,631.0,447.0,0.0,2,1,0,0.0069328375400163345,-0.007764189942268865,-0.010914452605178884,0.029799311815986718,0.005876011252019198,-0.02191798285598005,0.031459242243422114,0.014835050835697555,-0.033662304153029184
92,least_connections,4806,measured,197,117,4,light,2,76.07,48.6,3,656.0,0.0,485.0,558.0,0.0,414.0,2,0,1,-0.01131683217034199,-0.049878019296996715,0.02796874155054812,-0.08888086673570605,-0.2998342910863706,0.19265591607380242,-0.053303058582740814,-0.20396845541004696,0.12079589696333816,40.77,41.09,4,984.0,443.0,0.0,868.0,447.0,0.0,3,1,0,0.04191630813804956,-0.012771335231779452,-0.019481313379150163,0.06580844919378609,-0.027375604865121722,-0.05179583786375137,0.06711465047956122,-0.015253609666942836,-0.05606938889765519,29.4,39.83,4,972.0,498.0,0.0,748.0,447.0,0.0,3,1,0,0.04935646752486739,-0.007024743281100407,-0.00987498092849518,0.06260890116684512,0.0053163911327792635,-0.019830555917315282,0.06374883822023905,0.013422188851345412,-0.030456370424169262
92,least_connections,4807,measured,384,313,8,medium,0,100.0,64.25,4,656.0,869.0,0.0,558.0,727.0,0.0,2,2,0,-0.010239038630309422,0.041040068708612945,-0.017778848347690022,-0.08041602228468636,0.2528800858424901,-0.11823194894909937,-0.048226576812956,0.14433806415281464,-0.07799418846174165,40.77,41.09,4,984.0,443.0,0.0,868.0,447.0,0.0,3,1,0,0.03792427879156865,-0.011555017590657593,-0.017625950200183482,0.05954097784199694,-0.0247684044017768,-0.04686290092434648,0.06072277900531731,-0.013800884936757796,-0.05072944709787851,29.4,39.83,4,972.0,498.0,0.0,748.0,447.0,0.0,3,1,0,0.044655851570118116,-0.006355720111471799,-0.008934506554352782,0.05664614867476464,0.0048100681677526735,-0.017941931544237635,0.057677520294502016,0.012143885151217282,-0.027555763717105525
92,least_connections,4808,measured,479,440,17,heavy,0,100.0,86.25,5,1040.0,485.0,479.0,871.0,414.0,440.0,3,1,1,0.03382000813266789,-0.005952409490393273,0.0269982755312283,0.15886169412337903,-0.002822779475842363,0.1819488715857355,0.09796166859780164,-0.011003656242691506,0.1284814485346147,36.0,37.41,3,817.0,443.0,0.0,750.0,447.0,0.0,2,1,0,-0.008771457510576203,-0.010454539724880682,-0.015947288276356483,0.010700340496500621,-0.022409508744464735,-0.04239976750298015,0.021576561957191848,-0.012486514942780857,-0.04589807118379484,29.4,39.83,4,972.0,498.0,0.0,748.0,447.0,0.0,3,1,0,0.04040291332534496,-0.005750413434188764,-0.008083601168223946,0.05125127737240609,0.004351966437490501,-0.016233176159072146,0.05218442312359706,0.010987324660625158,-0.02493140526785738
92,least_connections,4809,measured,500,401,20,heavy,1,100.0,86.25,5,1040.0,485.0,479.0,871.0,414.0,440.0,3,1,1,0.030599054977175702,-0.005385513348451054,0.024427011194920842,0.14373200896877147,-0.0025539433352859686,0.16462040762518926,0.08863198587420151,-0.009955688981482802,0.11624512010274665,39.49,39.66,3,439.0,443.0,500.0,421.0,447.0,401.0,1,1,1,-0.05101998083156441,-0.009458869274892048,0.028655401310053882,-0.0880330252650709,-0.0202752698164205,0.09089000627281388,-0.07349918203873118,-0.011297323043468394,0.07185114988132847,29.4,39.83,4,972.0,498.0,0.0,748.0,447.0,0.0,3,1,0,0.03655501681816925,-0.005202755011885066,-0.007313734390297856,0.04637020333693884,0.003937493443443796,-0.014687159382017657,0.047214478064206866,0.009940912788184653,-0.02255698571853763
92,least_connections,4810,measured,405,420,17,heavy,1,100.0,86.25,5,1040.0,485.0,479.0,871.0,414.0,440.0,3,1,1,0.027684859265063727,-0.0048726073152652455,0.022100629176356953,0.13004324620984087,-0.002310710636687252,0.14894227356564743,0.08019084436237278,-0.009007528126103476,0.10517415628343746,51.06,52.78,4,439.0,443.0,905.0,421.0,447.0,821.0,1,1,2,-0.04616093503808208,-0.008558024582045187,0.0690102156977585,-0.07964892762077844,-0.01834429173866617,0.18692769275023297,-0.0664992599398044,-0.010221387515519015,0.18375818322596388,17.82,25.1,2,393.0,498.0,0.0,306.0,447.0,0.0,1,1,0,-0.05309421380850446,-0.00470725453456268,-0.0066171882578885365,-0.06281743507610296,0.0035624940678777306,-0.013288382298015976,-0.0905837261958763,0.008994159189309903,-0.02040870136439119
92,least_connections,4811,measured,366,309,13,medium,2,100.0,80.5,4,848.0,964.0,0.0,756.0,854.0,0.0,2,2,0,-0.01803569422503304,0.03867535075104119,-0.023088092876720125,0.0018486513327131693,0.28682999196363224,-0.1541633397898111,0.020529811565956346,0.19089795074304924,-0.10389004907688992,51.06,52.78,4,439.0,443.0,905.0,421.0,447.0,821.0,1,1,2,-0.04176465551064569,-0.007742974621850404,0.06243781420273388,-0.07206331546641859,-0.016597216334983678,0.16912505534544886,-0.06016599708839446,-0.00924792203785052,0.16625740387111018,25.14,35.4,3,393.0,864.0,0.0,306.0,756.0,0.0,1,2,0,-0.04803762201721831,0.038824955647867324,-0.005986979852375343,-0.05683482221171221,0.06945178034712748,-0.012022822079157312,-0.08195670465341189,0.10132804879032803,-0.018465015520163455
92,least_connections,4812,measured,356,318,11,medium,2,89.87,58.35,3,384.0,964.0,0.0,313.0,854.0,0.0,1,2,0,-0.05940190928750154,0.03499198401284679,-0.020889226888461065,-0.27820042657198973,0.25951284987185774,-0.13948111695268622,-0.18183017048794428,0.1727171935294255,-0.09399575868861469,51.06,52.78,4,439.0,443.0,905.0,421.0,447.0,821.0,1,1,2,-0.03778706927153658,-0.007005548467388462,0.056491355707235416,-0.06520014256485493,-0.01501652906498524,0.1530179072173109,-0.054435902127595,-0.008367167558055222,0.15042336540719492,24.4,35.8,3,498.0,722.0,0.0,447.0,627.0,0.0,1,2,0,-0.04346261039653085,0.03512734082426091,-0.005416791295006263,-0.03242198200107296,0.03714208698073439,-0.010877791404951853,-0.03162749468642029,0.052772996524582505,-0.016706442613481223
92,least_connections,4813,measured,173,121,8,light,0,100.0,64.4,4,384.0,1137.0,0.0,313.0,975.0,0.0,1,3,0,-0.05374458459345377,0.07474331433361875,-0.01889977670860763,-0.25170514785084785,0.33914654670945854,-0.1261972010524304,-0.16451301139385435,0.2110060322409088,-0.0850437816706514,38.51,39.62,3,443.0,405.0,500.0,447.0,420.0,401.0,1,1,1,-0.034188300769485466,-0.006338353375256234,0.008027326365503254,-0.057956591572283694,-0.023409512691449225,0.033750895645594206,-0.041900340020204985,-0.015204223028716629,0.01734733060650967,24.4,35.8,3,498.0,722.0,0.0,447.0,627.0,0.0,1,2,0,-0.03932331416828981,0.03178187979337892,-0.0049009064097675714,-0.02933417419144696,0.03360474536352159,-0.009841811271146915,-0.02861535233533266,0.04774699685557465,-0.015115352840768726
92,least_connections,4814,measured,166,122,7,light,1,100.0,64.4,4,1042.0,479.0,0.0,848.0,440.0,0.0,3,1,0,0.03754174772610418,-0.01854289700881205,-0.017099797974454524,0.16915565988097891,-0.09004201329461686,-0.11417841999981798,0.09317870397698885,-0.051113589877272964,-0.07694437389249412,43.26,43.44,4,609.0,405.0,500.0,569.0,420.0,401.0,2,1,1,0.012151628101984807,-0.0057347006728508815,0.007262819092598183,-0.009525351558596823,-0.021180035292263588,0.030536524631728082,-0.003415783827804497,-0.013756201787886474,0.015695203882080178,24.4,35.8,3,498.0,722.0,0.0,447.0,627.0,0.0,1,2,0,-0.03557823662845268,0.028755034098771393,-0.004434153418361136,-0.026540443316071055,0.030404293424138584,-0.008904495911990065,-0.025890080684348615,0.04319966382171039,-0.013675795427362181
92,least_connections,4815,measured,162,123,5,light,2,75.8,48.75,3,658.0,479.0,0.0,535.0,440.0,0.0,2,1,0,-0.009117557045996455,-0.01677690681749662,-0.015471245786411236,-0.07857345058387621,-0.08146658345703428,-0.10330428476174008,-0.05729069640177198,-0.046245628936580324,-0.06961633828368516,43.26,43.44,4,609.0,905.0,0.0,569.0,821.0,0.0,2,2,0,0.01099433018751006,0.03789536152274943,-0.03651277819059711,-0.008618175219682833,0.11008881160631934,-0.10162341648966099,-0.0030904710822993176,0.1009318888585789,-0.09917755363049888,27.64,39.9,4,660.0,722.0,0.0,570.0,627.0,0.0,2,2,0,0.010894067086728743,0.026016459422697924,-0.004011853092802933,0.005301503666411911,0.027508646431363484,-0.008056448682276725,0.01367087938082745,0.03908541012440464,-0.012373338719994355
92,least_connections,4816,measured,168,118,8,light,0,87.0,54.65,4,658.0,647.0,0.0,535.0,558.0,0.0,2,2,0,-0.00824921827971109,0.027904794058546137,-0.013997793806753023,-0.07109026481398328,0.027625472110302307,-0.09346578145109817,-0.05183443960160322,0.011539669057379742,-0.06298621082809609,43.26,43.44,4,609.0,905.0,0.0,569.0,821.0,0.0,2,2,0,0.009947251122032902,0.03428627947296377,-0.033035370743873575,-0.007797396627332087,0.09960416288190796,-0.09194499587159803,-0.002796140503032729,0.0913193280149047,-0.08973207233235612,27.64,39.9,4,1016.0,366.0,0.0,888.0,309.0,0.0,3,1,0,0.052940437114750036,-0.01954519884431638,-0.0036297718458693203,0.06921564617437267,-0.03953027227638542,-0.007289167855393228,0.10827365277312959,-0.06054177179220531,-0.01119492550856632
92,least_connections,4817,measured,474,429,15,heavy,0,100.0,76.1,5,826.0,479.0,474.0,653.0,440.0,429.0,3,1,1,0.03562032178320923,-0.017836705602358477,0.03041922963969511,0.03701356993020555,-0.07633885856686928,0.20134048344900643,0.006483126074739887,-0.04294029942427549,0.13708390448886543,43.26,43.44,4,609.0,905.0,0.0,569.0,821.0,0.0,2,2,0,0.008999893872315479,0.031020919523157692,-0.029889144958742758,-0.0070547874247290365,0.09011805213125004,-0.08318832959811251,-0.0025298414075058118,0.08262224915634234,-0.08118616068165554,27.64,39.9,4,1382.0,0.0,0.0,1197.0,0.0,0.0,4,0,0,0.09098239094962644,-0.060767651562091234,-0.0032840792891198614,0.1288522513006229,-0.10199405586911062,-0.006594961392974825,0.19115235250902204,-0.1479663649548524,-0.0101287421267981
92,least_connections,4818,measured,486,445,20,heavy,1,100.0,76.1,5,1305.0,474.0,0.0,1093.0,429.0,0.0,4,1,0,0.07531181041156572,-0.016137971735467188,-0.01556174007655703,0.32240910295272573,-0.07208436410018337,-0.1037395625937561,0.20491330454381224,-0.0438269375743445,-0.07004313403388365,57.14,57.34,5,609.0,905.0,486.0,569.0,821.0,445.0,2,2,1,0.008142761122571146,0.02806654623523791,0.01604134050218059,-0.006382902908088184,0.08153538049970241,0.050367021520075064,-0.002288904130600511,0.07475346352240497,0.052364307002311664,27.64,39.9,4,1382.0,0.0,0.0,1197.0,0.0,0.0,4,0,0,0.08231740133537631,-0.0549802561752254,-0.002971309833013208,0.11658060831961117,-0.09228033626252866,-0.005966869831739128,0.17294736655578186,-0.13387433019724743,-0.009164100019483994
92,least_connections,4819,measured,460,427,17,heavy,2,100.0,76.1,5,1305.0,474.0,0.0,1093.0,429.0,0.0,4,1,0,0.06813925703903566,-0.014601022046375076,-0.01407966959307541,0.2917034741000851,-0.06521918656683262,-0.0938596042514936,0.1853977517301158,-0.03965294351964502,-0.06337235936398997,57.14,57.34,5,609.0,905.0,486.0,569.0,821.0,445.0,2,2,1,0.007367260063278647,0.025393541831881916,0.014513593787687198,-0.005775007393032161,0.0737701061663974,0.04557016232768696,-0.002070913261019519,0.06763408604408067,0.04737723014494866,26.88,39.23,4,884.0,0.0,460.0,750.0,0.0,427.0,3,0,1,0.03139374860048787,-0.04974404130139441,0.04039557228260256,0.015363407527267281,-0.0834917328089545,0.0778394987236646,0.021666664979040712,-0.12112439398798577,0.12048644918872084
92,least_connections,4820,measured,184,104,8,light,2,100.0,76.1,5,1305.0,474.0,0.0,1093.0,429.0,0.0,4,1,0,0.061649803987698926,-0.013210448518148885,-0.01273874867944918,0.26392219085245794,-0.05900783546522953,-0.08492059432277993,0.1677408229939143,-0.03587647270825026,-0.05733689656741949,44.49,43.38,4,571.0,500.0,486.0,542.0,401.0,445.0,2,1,1,0.006665616247728295,-0.020108790950292776,0.013131346760288418,-0.015048135940634533,-0.03794949578142276,0.041230146867907255,-0.009507611998065296,-0.05755725548392704,0.04286511298828688,27.32,38.6,4,722.0,184.0,460.0,627.0,104.0,427.0,2,1,1,-0.014680032445363589,-0.0019226133316471022,0.0365483749223547,-0.015414059856281997,-0.042244901112863595,0.07042621313093464,-0.017492065018963165,-0.07822365805262206,0.10901154926598552
92,least_connections,4821,measured,473,405,14,heavy,1,74.73,49.35,3,647.0,474.0,0.0,558.0,429.0,0.0,2,1,0,-0.03038940636940618,-0.011952310564039462,-0.01152553451950164,-0.15810214478428408,-0.05338804161139815,-0.07683291867299137,-0.09025830300550608,-0.032459665783655,-0.051876239751474776,53.26,52.22,4,405.0,973.0,486.0,420.0,806.0,445.0,1,2,1,-0.03705310457405081,0.02489023222411152,0.011880742306927615,-0.05652654476261493,0.08793685075558352,0.03730346621382086,-0.043096172760154317,0.06243331646692318,0.0387827212751167,27.32,38.6,4,906.0,0.0,460.0,731.0,0.0,427.0,3,0,1,0.02980196610952364,-0.04482340752681903,0.03306757731070187,0.01934918393955437,-0.07151681529259087,0.0637189547375123,0.01553892530030318,-0.1021388652222136,0.09862949695493928
92,least_connections,4822,measured,419,447,19,heavy,0,100.0,71.7,4,647.0,474.0,419.0,558.0,429.0,447.0,2,1,1,-0.027495177191367487,-0.010813995272226179,0.03265603566149398,-0.1430447976619713,-0.048303466219836444,0.1832146608831665,-0.08166227414783883,-0.02936826904235454,0.15527864022485616,53.26,52.22,4,905.0,473.0,486.0,821.0,405.0,445.0,2,1,1,0.009559662754997117,-0.02056416630970409,0.010749243039601175,0.07810863637123955,-0.04968978809188704,0.03375075514583792,0.07438620083605085,-0.056890689863259986,0.03508912877272463,27.32,38.6,4,906.0,460.0,0.0,731.0,427.0,0.0,3,1,0,0.026963683622902343,0.0025293886548734823,-0.0131656159932652,0.017506404516739654,0.018532405211465403,-0.025587612380346018,0.014059027652655265,0.036366423529108335,-0.03954156624711843
92,least_connections,4823,measured,402,421,15,heavy,0,100.0,92.75,5,647.0,474.0,821.0,558.0,429.0,868.0,2,1,2,-0.02487658888742772,-0.009784090960585592,0.07262983725382335,-0.12942148359892636,-0.043703136103661555,0.4082418360371507,-0.07388491470518754,-0.026571291038320788,0.3309425792510603,53.26,52.22,4,905.0,473.0,486.0,821.0,405.0,445.0,2,1,1,0.008649218683092624,-0.018605674280208456,0.009725505607258211,0.07066971862159768,-0.04495742732123112,0.03053639751290098,0.06730180075642694,-0.05147252892390189,0.031747306984846096,20.2,28.0,3,550.0,460.0,0.0,413.0,427.0,0.0,2,1,0,-0.018688186472702872,0.00228849449726648,-0.011911747803430418,-0.048579919722949824,0.016767414238944886,-0.023150696915551158,-0.08318468926664524,0.03290295462157421,-0.03577570279501191
92,least_connections,4824,measured,181,114,9,light,2,100.0,86.85,4,479.0,876.0,419.0,440.0,850.0,447.0,1,2,1,-0.0655912901725253,0.034231627452894216,0.022628809669558995,-0.21842896135140955,0.20293525781097282,0.1268854707002792,-0.12022920854278876,0.16641168906056691,0.10897185741762602,53.26,52.22,4,905.0,959.0,0.0,821.0,850.0,0.0,2,2,0,0.007825483570417124,0.026250194925616394,-0.034284633248761846,0.06393926922906457,0.08495688548487254,-0.0980044838828855,0.060892105446291034,0.07924806906885068,-0.0970946984422821,16.5,21.5,3,184.0,641.0,0.0,104.0,541.0,0.0,1,2,0,-0.05999225941634567,0.04515444286714133,-0.01077729563167514,-0.11018183213028793,0.04792289859714062,-0.02094586863787962,-0.1684528140983933,0.06415029227666239,-0.032368493005010775
92,least_connections,4825,measured,457,430,16,heavy,2,86.33,64.85,3,474.0,402.0,419.0,429.0,421.0,447.0,1,1,1,-0.05934450063228479,-0.01211242776937689,0.020473684939124805,-0.2006420761433388,-0.10229667150435784,0.11480114015739545,-0.11375499820538029,-0.04350847180234421,0.09859358528261403,53.26,52.22,4,905.0,959.0,0.0,821.0,850.0,0.0,2,2,0,0.0070801994208535834,0.02375017636127197,-0.031019430082213098,0.05784981501677269,0.0768657535339323,-0.08867072351308689,0.055092857308549015,0.07170063391943635,-0.08784758430492191,25.64,35.83,4,184.0,641.0,457.0,104.0,541.0,430.0,1,2,1,-0.05427871090050322,0.04085401973693739,0.03333301370286081,-0.09968832430835575,0.043358813016460565,0.06374421408953748,-0.1524096889461654,0.058040740631265964,0.10039676029705374
92,least_connections,4826,measured,361,336,9,medium,0,100.0,81.65,4,474.0,763.0,419.0,429.0,757.0,447.0,1,2,1,-0.05369264342921004,0.032125037006844936,0.01852381018301768,-0.18153330698683035,0.1251919003849461,0.1038676982376435,-0.10292118885248694,0.11263519217883144,0.08920372001760316,53.26,52.22,4,905.0,959.0,0.0,821.0,850.0,0.0,2,2,0,0.006405894714105631,0.02148825480305558,-0.02806519864581185,0.05234030882469909,0.0695452055783197,-0.08022589270231671,0.049845918517258614,0.06487200211758526,-0.07948114770445316,25.64,35.83,4,365.0,460.0,457.0,218.0,427.0,430.0,2,1,1,-0.006025409635602691,-0.00612073951238544,0.03015844096925502,-0.0574418172313695,0.006477021300607164,0.057673336557200576,-0.10351352809414964,0.01813209866638349,0.09083516407828673
92,least_connections,4827,measured,200,116,7,light,0,100.0,87.45,5,674.0,1182.0,0.0,545.0,1204.0,0.0,2,3,0,-0.005495158113956483,0.07214940989961707,-0.026324262442122326,-0.043609499972211585,0.3659990209832052,-0.15875462222943365,-0.04064298039034531,0.3041223167332284,-0.12150615807931144,41.69,39.09,3,500.0,959.0,0.0,401.0,850.0,0.0,1,2,0,-0.037288090723518935,0.019441754345621703,-0.02539232258430596,-0.05733836004295931,0.06292185266609879,-0.07258533149257226,-0.07365131181771842,0.05869371620162475,-0.07191151458974333,25.64,35.83,4,365.0,917.0,0.0,218.0,857.0,0.0,2,2,0,-0.005451561098878621,0.03754608828698006,-0.01579769173076473,-0.05197116797123906,0.08855540022435887,-0.030514600257770905,-0.09365509684708777,0.1460877718092676,-0.04749834361170884
92,least_connections,4828,measured,477,429,18,heavy,1,100.0,87.45,5,1035.0,821.0,0.0,881.0,868.0,0.0,3,2,0,0.03811209050460626,0.022194137301467604,-0.023817189828586865,0.17828981748545936,0.11339593961972527,-0.14363513439805903,0.1152277796468304,0.12315828656815908,-0.10993414302413893,55.31,52.5,4,973.0,486.0,477.0,806.0,445.0,429.0,2,1,1,0.009347056238811657,-0.025493741533099634,0.020109894079051976,0.07039454499514569,-0.06534281357420996,0.057633679669985644,0.047872027403016715,-0.0614050901032919,0.056231843942613186,21.96,32.37,3,181.0,917.0,0.0,114.0,857.0,0.0,1,2,0,-0.048016265030504685,0.03397027035488672,-0.014293149661168089,-0.08031677102159723,0.08012155258394374,-0.027608447852268913,-0.11610064317911115,0.13217465068457546,-0.04297469183916514
92,least_connections,4829,measured,476,428,16,heavy,2,100.0,87.45,5,1035.0,821.0,0.0,881.0,868.0,0.0,3,2,0,0.034482367599405664,0.02008040993942306,-0.021548886035388116,0.1613098348677966,0.10259632632260857,-0.12995559778872007,0.10425370539475132,0.1114289259426201,-0.0994642246408876,41.03,39.97,3,473.0,486.0,477.0,405.0,445.0,429.0,1,1,1,-0.03462703982021348,-0.0230657661489949,0.018194666071523216,-0.0655613980656165,-0.05911968847190424,0.052144757796653673,-0.0700651894925087,-0.05555698628393077,0.05087643023379289,31.48,46.63,4,641.0,457.0,476.0,541.0,430.0,428.0,2,1,1,-0.0003593871817944849,-0.012348893715193196,0.030152002914271954,0.010570540504269171,-0.010747166709765207,0.0611542614669948,0.02373433871096295,-0.009191189063161909,0.09019750103440613
92,least_connections,4830,measured,163,104,8,light,1,100.0,87.45,5,1035.0,821.0,0.0,881.0,868.0,0.0,3,2,0,0.031198332589938454,0.01816798994519228,-0.019496611174874962,0.14594699345181594,0.09282524762521727,-0.11757887418979435,0.09432478107144165,0.1008166472814182,-0.08999144134175545,45.69,43.22,4,473.0,649.0,477.0,405.0,549.0,429.0,1,2,1,-0.031329226504002675,0.022214873711000088,0.016461840731378147,-0.05931745539270064,-0.011353187529001801,0.047178590387448566,-0.06339231430274597,-0.020861082828318334,0.04603105592581262,31.48,46.63,4,641.0,457.0,476.0,541.0,430.0,428.0,2,1,1,-0.00032515983114739244,-0.011172808599460515,0.027280383589103195,0.009563822361005447,-0.009723627023120907,0.05533004608918577,0.021473925500395036,-0.008315837723813169,0.08160726284065317
92,least_connections,4831,measured,478,419,14,heavy,1,100.0,87.45,5,1437.0,419.0,0.0,1302.0,447.0,0.0,4,1,0,0.0713109630462255,-0.026646195038250067,-0.017639791062982108,0.3745234702659288,-0.1584914426248034,-0.10638088617171869,0.2757938495408282,-0.0992373191263359,-0.08142082788063588,59.34,56.31,5,1122.0,478.0,477.0,954.0,419.0,429.0,3,1,1,0.05782230980703612,-0.022984728773947763,0.014894046376008802,0.11410053355626404,-0.054476013206511825,0.04268539130292966,0.09786826324989648,-0.05563026541609753,0.041647145837639996,31.48,46.63,4,641.0,933.0,0.0,541.0,858.0,0.0,2,2,0,-0.0002941922281809728,0.03297516863676928,-0.01840164840804495,0.008652982136147791,0.07733576602670011,-0.03607281544311764,0.019428789738452662,0.12155551190067695,-0.055244222509250304
92,least_connections,4832,measured,455,402,17,heavy,2,92.13,66.0,4,963.0,419.0,0.0,873.0,447.0,0.0,3,1,0,0.021435542529351412,-0.024108462177464346,-0.015959810961745716,0.052949806431078494,-0.14339701951767925,-0.09624937320298357,0.05545634006074929,-0.08978614587620867,-0.07366646332057533,59.34,56.31,5,1122.0,955.0,0.0,954.0,848.0,0.0,3,2,0,0.05231542315874696,0.022288193240804638,-0.0296083344579875,0.1032338160747151,0.07401830097642129,-0.08468600650823371,0.08854747627371587,0.07096249795686416,-0.08361389186118286,40.58,60.03,5,641.0,933.0,455.0,541.0,858.0,402.0,2,2,1,-0.0002661739207351632,0.029834676385648407,0.026434789762335743,0.007828888599371808,0.0699704549765382,0.04969602412289356,0.017578428810980984,0.10997879648156486,0.07125522725353545
92,least_connections,4833,measured,174,113,5,light,0,100.0,71.65,5,1137.0,419.0,0.0,986.0,447.0,0.0,4,1,0,0.06247796251521817,-0.02181241816056298,-0.01443982896538898,0.1528593486757377,-0.12974016051599546,-0.08708276623127086,0.10129383148353505,-0.08123508436418883,-0.06665060967099673,59.34,56.31,5,1122.0,955.0,0.0,954.0,848.0,0.0,3,2,0,0.04733300190553297,0.02016550817025181,-0.02678849308103631,0.0934020240675994,0.06696893897866688,-0.0766206725550686,0.08011438329526674,0.0642041648181152,-0.07565066406487973,36.96,56.23,4,460.0,933.0,455.0,427.0,858.0,402.0,1,2,1,-0.04332472425027965,0.02699327863463427,0.023917190737351386,-0.025669100791044563,0.0633066021216298,0.044963069444522746,-0.018476659647207683,0.0995046253880825,0.06446901513415113
92,least_connections,4834,measured,499,404,12,heavy,2,90.4,65.85,4,1356.0,0.0,0.0,1317.0,0.0,0.0,4,0,0,0.05652768037091169,-0.06281894522917149,-0.013064607159161459,0.2703965535637627,-0.37011411348272605,-0.0787891694473403,0.24138489515176975,-0.27571269537712323,-0.060302932559473235,59.34,56.31,5,1122.0,955.0,0.0,954.0,848.0,0.0,3,2,0,0.04282509696214887,0.018244983582608787,-0.02423720802569952,0.08450659320401852,0.06059094479022242,-0.06932346564506207,0.07248444202905086,0.0580894824544852,-0.06844583891584356,46.94,69.7,5,917.0,975.0,455.0,857.0,832.0,402.0,2,2,1,0.0038853401907900653,0.024422490193240526,0.021639363048079827,0.0594708135700073,0.06487740191956984,0.0406808723545682,0.11296556190649465,0.08218672455747147,0.05832910893089863
92,least_connections,4835,measured,172,117,6,light,0,77.8,54.9,4,1167.0,0.0,0.0,1098.0,0.0,0.0,4,0,0,0.051144091764158184,-0.05683618854067896,-0.01182035885828894,0.1306445008434043,-0.334865150293895,-0.07128543902378408,0.11932442894683937,-0.24945434343644482,-0.05455979612523769,45.83,43.66,4,649.0,955.0,0.0,549.0,848.0,0.0,2,2,0,-0.004337383927670302,0.016507366098550802,-0.02192890249944242,-0.04581376261133019,0.05482037861972505,-0.06272123082172283,-0.04892776673562063,0.052557150792153284,-0.06192718759052513,46.94,69.7,5,917.0,1430.0,0.0,857.0,1234.0,0.0,2,3,0,0.0035153077916671993,0.0651804389730226,-0.023505428897542285,0.053806926563339935,0.14103193507008696,-0.04552682977443829,0.10220693696301897,0.19559751269485515,-0.06846413953871078
92,least_connections,4836,measured,480,444,19,heavy,0,100.0,77.1,5,1167.0,0.0,480.0,1098.0,0.0,444.0,4,0,1,0.046273225881857394,-0.05142321820347144,0.03238928983116261,0.11820216742974676,-0.30297323121828595,0.22502745993086204,0.10796019761856895,-0.22569678691868816,0.15149351779145162,45.83,43.66,4,649.0,955.0,0.0,549.0,848.0,0.0,2,2,0,-0.003924299744082649,0.014935235993926904,-0.01984043559473362,-0.04145054712453683,0.049599390179751235,-0.05674778026727304,-0.0442679794274663,0.04755170785956728,-0.05602936020095131,37.74,55.47,4,457.0,1430.0,0.0,430.0,1234.0,0.0,1,3,0,-0.039903383653344185,0.05897277811844902,-0.021266816621585877,-0.03455563787126388,0.12760032220626916,-0.04119094122449179,-0.036304834811236836,0.176969178152488,-0.0619437452969288
92,least_connections,4837,measured,364,321,13,medium,1,100.0,77.1,5,1167.0,0.0,480.0,1098.0,0.0,444.0,4,0,1,0.04186625198834715,-0.046525768850759874,0.029304595561528077,0.10694481815072321,-0.27411863776892537,0.20359627327077995,0.09767827403584811,-0.20420185483119405,0.13706556371607526,56.23,53.69,5,649.0,1319.0,0.0,549.0,1169.0,0.0,2,3,0,-0.0035505569113128688,0.05659673279269123,-0.017950870299997083,-0.03750287596981902,0.1389708768292987,-0.05134322976562799,-0.040051981386755225,0.13378190234913226,-0.05069323065800357,37.74,55.47,4,457.0,1430.0,0.0,430.0,1234.0,0.0,1,3,0,-0.03610306140064473,0.05335632305954911,-0.019241405514768176,-0.031264624740667324,0.11544791056757686,-0.037267994441206855,-0.03284723149588095,0.1601149707093939,-0.056044340982935585
92,least_connections,4838,measured,397,333,12,medium,2,71.4,50.4,3,591.0,0.0,480.0,564.0,0.0,444.0,2,0,1,-0.048288810559295875,-0.0420947432459256,0.0265136816985254,-0.2506689740541076,-0.24801210083855152,0.18420615200689613,-0.1531958473008994,-0.1847540591329851,0.12401170050502049,37.69,36.53,3,478.0,841.0,0.0,419.0,750.0,0.0,1,2,0,-0.04629630886080234,0.008122667538058514,-0.016241263604759266,-0.07813525512915598,0.0021709293761682236,-0.0464533983593777,-0.07299345934992138,0.002573506887310145,-0.045865303928669894,45.68,66.57,5,933.0,1351.0,0.0,858.0,1139.0,0.0,2,3,0,0.010419225626174033,0.0482747684824492,-0.017408890703837873,0.05784629190130097,0.09015763337066479,-0.03371866163728239,0.09936044134499658,0.11621513222913415,-0.050706784698846485
92,least_connections,4839,measured,496,427,18,heavy,0,100.0,71.75,4,591.0,0.0,976.0,564.0,0.0,871.0,2,0,2,-0.04368987622031531,-0.03808572007964697,0.06707246938256606,-0.22679573842990686,-0.22439190075868948,0.46583731213322344,-0.13860576660557566,-0.1671584344536532,0.30536772902835185,37.69,36.53,3,955.0,364.0,0.0,848.0,321.0,0.0,2,1,0,0.0011967636384123959,-0.035734820073275844,-0.014694476594782194,0.052612320189267064,-0.1213419482514941,-0.042029265182294114,0.05525294154054733,-0.11896623186386227,-0.041497179744987046,45.68,66.57,5,1432.0,852.0,0.0,1262.0,735.0,0.0,3,2,0,0.052510818650438634,0.0005932712573633314,-0.015750901112996173,0.14263235933927232,-0.008724045997969943,-0.030507360528969782,0.2117388120105525,-0.016694245443481803,-0.045877567108480156
92,least_connections,4840,measured,435,422,15,heavy,1,100.0,71.75,4,591.0,0.0,976.0,564.0,0.0,871.0,2,0,2,-0.03952893562790433,-0.03445850864349012,0.060684615155655014,-0.20519614429372524,-0.2030212435435762,0.4214718538348212,-0.12540521740504468,-0.15123858355330527,0.27628508816850883,50.11,49.72,4,955.0,364.0,435.0,848.0,321.0,422.0,2,1,1,0.0010827861490397828,-0.032331503875821,0.029788897593383004,0.0476016230283845,-0.1097855722275423,0.07442250156976112,0.04999075663192379,-0.10763611454349445,0.08177040880215457,45.68,66.57,5,1432.0,852.0,0.0,1262.0,735.0,0.0,3,2,0,0.047509788302777814,0.0005367692328525353,-0.014250815292710823,0.12904832511648448,-0.007893184474353748,-0.02760189762144885,0.19157321086669038,-0.015104317306007364,-0.04150827500291062
92,least_connections,4841,measured,487,440,14,heavy,0,97.53,65.55,3,0.0,967.0,496.0,0.0,884.0,427.0,0,2,1,-0.12193207554542818,0.05499105453797605,0.01182122777121622,-0.54212984483718,0.39958395425422477,0.09180786775531449,-0.36860472050932613,0.26306985297558094,0.049115079771507975,50.11,49.72,4,955.0,799.0,0.0,848.0,743.0,0.0,2,2,0,0.000979663658655039,0.01383158719625266,-0.01613204049941084,0.04306813512091931,0.013119176147869893,-0.045114335314433825,0.04522973219078821,0.021930420174933574,-0.045332725369479195,36.54,52.23,4,975.0,852.0,0.0,832.0,735.0,0.0,2,2,0,-9.885366710124521e-05,0.00048564835353323565,-0.012893594788643126,0.03406277034348598,-0.007141452619653377,-0.02497314546702515,0.04364560348256111,-0.013665810895911401,-0.03755510595501437
92,least_connections,4842,measured,177,109,6,light,0,100.0,71.0,4,177.0,967.0,496.0,109.0,884.0,427.0,1,2,1,-0.06723559669529669,0.049753811248644995,0.01069539655490992,-0.3837365262812581,0.36152833956334623,0.08306426130242739,-0.28418998522272365,0.23801558126362085,0.04443745312660244,50.11,49.72,4,955.0,799.0,0.0,848.0,743.0,0.0,2,2,0,0.0008863623578307389,0.01251429317756192,-0.01459565568994314,0.038966407966546046,0.011869730800453726,-0.040817731951154415,0.04092213864880839,0.019841808729701815,-0.04101532295333832,36.54,52.23,4,1430.0,397.0,0.0,1234.0,333.0,0.0,3,1,0,0.04299446119461814,-0.04264450409737015,-0.011665633380200924,0.113152030310773,-0.08879464760825784,-0.022594750660641802,0.16072697457946006,-0.13360240033439602,-0.03397842919739395
92,least_connections,4843,measured,418,415,17,heavy,0,100.0,91.75,5,177.0,1463.0,418.0,109.0,1311.0,415.0,1,3,1,-0.06083220653383986,0.0880992532612457,0.009676787359204214,-0.34719019044494775,0.626271672303345,0.02810576022600575,-0.257124272344369,0.4085140973337522,0.03477674330502126,50.11,49.72,4,1319.0,435.0,0.0,1169.0,422.0,0.0,3,1,0,0.04388584712193756,-0.031761444494677535,-0.01320559324328189,0.12935055958877972,-0.08335595784720852,-0.03693032890818733,0.1277837206822552,-0.07280681591122215,-0.03710910171968705,36.54,52.23,4,1827.0,0.0,0.0,1567.0,0.0,0.0,4,0,0,0.08198365083141188,-0.08166702298152084,-0.010554620677324647,0.17421374170974702,-0.1521761097408047,-0.020442869645342584,0.24584821509570193,-0.2213069336358821,-0.030742388321451673
92,least_connections,4844,measured,404,449,14,heavy,1,100.0,91.75,5,177.0,1463.0,418.0,109.0,1311.0,415.0,1,3,1,-0.055038663054426534,0.0797088481887461,0.00875518856308953,-0.31412445802161937,0.5666267511315979,0.025429021156862353,-0.23263624640681008,0.3696079928257758,0.031464672514066844,61.66,63.75,5,1319.0,839.0,0.0,1169.0,871.0,0.0,3,2,0,0.039706242634133984,0.014347355207763396,-0.011947917696302662,0.11703145867556258,0.02901807895456643,-0.0334131547264552,0.1156138425220404,0.061076571318418066,-0.03357490155590733,36.54,52.23,4,1827.0,0.0,0.0,1567.0,0.0,0.0,4,0,0,0.07417568408556313,-0.07388921126899504,-0.009549418708055632,0.1576219567850092,-0.1376831469083471,-0.01849592967911948,0.22243409937230174,-0.20023008281341714,-0.02781454181464675
92,least_connections,4845,measured,483,415,17,heavy,2,100.0,91.75,5,177.0,1463.0,418.0,109.0,1311.0,415.0,1,3,1,-0.049796885620671624,0.07211752931362743,0.007921361080890532,-0.2842078429719413,0.5126622986428743,0.023007209618113533,-0.2104804134156853,0.3344072316042733,0.028468037036536664,48.0,50.66,4,841.0,839.0,0.0,750.0,871.0,0.0,2,2,0,-0.007159204510159944,0.012980940426071647,-0.010810020772845265,-0.01767902038197397,0.02625445238746485,-0.03023094951441185,-0.013864261527677724,0.05525975500237823,-0.030377291883916156,36.68,51.8,4,1351.0,0.0,483.0,1139.0,0.0,415.0,3,0,1,0.024027432993514036,-0.06685214352909076,0.03444394996708799,0.05647700851977022,-0.12457046625040928,0.07066558743317762,0.07217053435271742,-0.18116055111690121,0.09999319232643072
92,least_connections,4846,measured,401,436,18,heavy,1,100.0,91.75,5,177.0,1881.0,0.0,109.0,1726.0,0.0,1,4,0,-0.045054325085369565,0.10833309341527743,-0.03591695448690403,-0.2571404293555659,0.48615477813720365,-0.2313109373296433,-0.1904346597570486,0.490297019070533,-0.16198129982408588,45.83,50.88,4,364.0,839.0,401.0,321.0,871.0,436.0,1,2,1,-0.04956127573594969,0.011744660385493405,0.03330340524180213,-0.13930142660409894,0.023754028350563422,0.07630805248015798,-0.13383849852504176,0.04999692119262791,0.0957895930574092,26.7,38.33,3,852.0,0.0,483.0,735.0,0.0,415.0,2,0,1,-0.021344794185006566,-0.0604852727167964,0.031163573779746274,-0.03919699229163645,-0.11270661232179888,0.0639355314871607,-0.056544119712620744,-0.16390716529624397,0.09047003115248493
92,least_connections,4847,measured,457,419,14,heavy,2,100.0,91.75,5,177.0,1881.0,0.0,109.0,1726.0,0.0,1,4,0,-0.040763436982001036,0.09801565594715576,-0.03249629215481793,-0.23265086465503582,0.4398543230765175,-0.20928132425062965,-0.17229802549447254,0.44360206487333936,-0.14655450936464912,45.83,50.88,4,364.0,839.0,401.0,321.0,871.0,436.0,1,2,1,-0.04484115423728781,0.010626121301160696,0.030131652361630498,-0.12603462407037525,0.021491739936224025,0.06904061891061913,-0.12109197485599019,0.04523530965047287,0.08666677467098928,35.84,52.3,4,852.0,457.0,483.0,735.0,419.0,415.0,2,1,1,-0.019311956643577377,-0.011640870326534616,0.028195614372151394,-0.03546394540671868,-0.019277411148294232,0.05784643325028826,-0.051158965454275895,-0.021931879712474733,0.08185383770939114
92,least_connections,4848,measured,380,309,7,medium,1,100.0,86.3,4,967.0,914.0,0.0,884.0,842.0,0.0,2,2,0,0.006202695338280245,0.0025130311177214426,-0.029401407187692415,0.2660142970581423,0.04450311770415072,-0.1893497695600935,0.1947065483621439,0.0014494872663546876,-0.13259693704420633,56.69,60.53,5,1179.0,404.0,401.0,1052.0,449.0,436.0,3,1,1,0.04559723233406386,-0.033469790478088166,0.027261971184332354,0.09664894556898024,-0.0930040720304912,0.06246532187151255,0.09712214179696124,-0.07838829126861979,0.07841279613089507,35.84,52.3,4,852.0,940.0,0.0,735.0,834.0,0.0,2,2,0,-0.017472722677522395,0.03255168421703558,-0.017573582461477534,-0.03208642679655499,0.06995853277059094,-0.03506275086878682,-0.04628668303005912,0.10531560089506256,-0.05110049604070961
92,least_connections,4849,measured,190,111,7,light,0,100.0,91.85,5,1157.0,914.0,0.0,995.0,842.0,0.0,3,2,0,0.04869586267567759,0.002273694820795591,-0.026601273169816947,0.35528277670339853,0.04026472554185068,-0.17131645817341792,0.22637735328003494,0.0013114408600352068,-0.11996865732571049,56.69,60.53,5,1179.0,404.0,401.0,1052.0,449.0,436.0,3,1,1,0.041254638778438726,-0.030282191384936902,0.024665592976300704,0.08744428408622024,-0.0841465413609206,0.05651624359803516,0.08787241400677445,-0.07092273971922741,0.07094491078509553,26.74,38.9,3,397.0,940.0,0.0,333.0,834.0,0.0,1,2,0,-0.05889255407784906,0.029451523815413147,-0.015899907941336815,-0.11136390995878787,0.063295815363868,-0.03172344126223569,-0.16311652274148208,0.09528554366696135,-0.0462337821320706
92,least_connections,4850,measured,410,419,13,heavy,2,100.0,91.85,5,1653.0,418.0,0.0,1422.0,415.0,0.0,4,1,0,0.08714206169522756,-0.04102674776984706,-0.024067818582215333,0.5283352106681543,-0.262744613398643,-0.15500060501404478,0.3979842720152697,-0.1919801249361586,-0.10854307091373806,46.29,50.5,4,815.0,805.0,0.0,731.0,885.0,0.0,2,2,0,-0.0057582746653128125,0.015685727068957322,-0.020767411343437684,-0.014978981064848379,0.027527278904745323,-0.05252611973783214,-0.011255315898632628,0.05910561644450851,-0.0590855569087231,27.0,41.77,3,0.0,1350.0,0.0,0.0,1253.0,0.0,0,3,0,-0.09636763963052557,0.06973051701213116,-0.014385630994542833,-0.1725959185341414,0.13145811866254725,-0.028702161142022765,-0.24801018724229332,0.21257580934947296,-0.04183056478615911
92,least_connections,4851,measured,385,320,10,medium,2,100.0,91.85,5,1653.0,418.0,0.0,1422.0,415.0,0.0,4,1,0,0.07884281772425351,-0.03711943845843306,-0.02177564538390911,0.4780175715569015,-0.23772131688448656,-0.1402386426317548,0.36008100801381543,-0.1736963035136673,-0.09820563558862015,46.29,50.5,4,1219.0,401.0,0.0,1180.0,436.0,0.0,3,1,0,0.03787403267242673,-0.028892051926272172,-0.018789562644062667,0.09088296271003515,-0.07952974085489029,-0.04752363214375289,0.116766023710761,-0.07347289464544465,-0.053458361012654235,34.7,52.43,4,0.0,1735.0,0.0,0.0,1573.0,0.0,0,4,0,-0.08718976918952313,0.10617341561868557,-0.013015570899824469,-0.15615821200708033,0.18860496450420938,-0.025968621985639644,-0.22439016940969395,0.28883843068126913,-0.03784670147319158
92,least_connections,4852,measured,382,325,16,medium,1,100.0,91.85,5,1653.0,418.0,0.0,1422.0,415.0,0.0,4,1,0,0.07133397794099128,-0.033584253843344195,-0.019701774394965385,0.43249208855148225,-0.2150811914669164,-0.12688258142873055,0.3257875786791663,-0.15715379841712754,-0.08885271791351347,57.2,60.66,5,1219.0,401.0,382.0,1180.0,436.0,325.0,3,1,1,0.03426698194171941,-0.026140427933293867,0.026083819739272096,0.08222744245193658,-0.07195547982109121,0.05575072738014194,0.10564545002402187,-0.06647547610778326,0.043522792417122355,34.7,52.43,4,0.0,1735.0,0.0,0.0,1573.0,0.0,0,4,0,-0.07888598164766379,0.09606166175023932,-0.011775992718888805,-0.14128600133973934,0.1706425869323799,-0.0234954198917692,-0.2030196770849612,0.26133000871162443,-0.03424225371384
92,least_connections,4853,measured,398,323,12,medium,2,100.0,91.85,5,2071.0,0.0,0.0,1837.0,0.0,0.0,5,0,0,0.10762416598289234,-0.07346965370406879,-0.017825414928778205,0.3913023658322935,-0.44672425259705134,-0.11479852605456574,0.48249828547162665,-0.32992486523454395,-0.08039055430270267,57.2,60.66,5,1219.0,401.0,382.0,1180.0,436.0,325.0,3,1,1,0.031003459852031845,-0.023650863368218256,0.02359964643076999,0.07439625745651407,-0.06510257698098729,0.0504411342963189,0.09558397859316264,-0.060144478383232475,0.039377764567872606,42.66,63.2,5,0.0,2133.0,0.0,0.0,1896.0,0.0,0,5,0,-0.07137303101455296,0.12999683228649772,-0.010654469602804157,-0.1278301916883356,0.22640995960548657,-0.02125776085445785,-0.1836844697435363,0.3338541348660729,-0.030981086693474286
92,least_connections,4854,measured,179,108,3,light,0,100.0,97.25,6,2250.0,0.0,0.0,1945.0,0.0,0.0,6,0,0,0.14045814563985046,-0.06647254382749081,-0.01612775636413266,0.3540354738482655,-0.40417908568304645,-0.10386533309698805,0.48540321066480513,-0.29850344949792074,-0.07273431103577861,57.2,60.66,5,1219.0,783.0,0.0,1180.0,761.0,0.0,3,2,0,0.02805074938993357,0.02168550003646466,-0.021731839170346424,0.06731089960351272,0.03984596776550131,-0.05311108257543936,0.08648074253667098,0.03747344812945633,-0.05626237967668669,42.66,63.2,5,842.0,1291.0,0.0,739.0,1157.0,0.0,2,3,0,0.021592200964157288,0.03144838113903081,-0.009639758212060904,0.036706017043886846,0.052485201547821186,-0.01923321220165234,0.0566823051526735,0.07918548710105006,-0.028030507008381497
92,least_connections,4855,measured,192,115,6,light,1,85.53,53.05,4,1283.0,0.0,0.0,1061.0,0.0,0.0,4,0,0,0.04091337893492142,-0.06014182536772978,-0.0145917795675486,0.18942892078335127,-0.3656858394275182,-0.09397339661156061,0.03926957155387123,-0.2700745495457378,-0.06580723379427589,39.4,41.41,4,596.0,783.0,0.0,564.0,761.0,0.0,2,2,0,-0.017704650778722242,0.019620214318706114,-0.019662140201742003,-0.10014728131110759,0.03605111369259642,-0.04805288423492132,-0.09592218532396438,0.03390454830760334,-0.05090405780271653,42.66,63.2,5,1325.0,808.0,0.0,1154.0,742.0,0.0,3,2,0,0.06261970109909015,-0.014630603005729492,-0.008721686001388437,0.12061020589685004,-0.03991338907578082,-0.017401477706256878,0.17644272053495857,-0.053514718019684854,-0.025360934912345163
92,least_connections,4856,measured,162,113,5,light,0,83.67,53.15,4,1255.0,0.0,0.0,1063.0,0.0,0.0,4,0,0,0.0370168666554051,-0.05441403247556504,-0.013202086275401113,0.15449918229604798,-0.3308586166248974,-0.0850235493152215,0.03643437426302637,-0.24435316387471515,-0.05953987819482104,39.4,41.41,4,596.0,783.0,0.0,564.0,761.0,0.0,2,2,0,-0.01601849356170107,0.017751622478829332,-0.01778955542062372,-0.09060944499576404,0.032617674293301535,-0.04347641906969072,-0.08678673910263443,0.03067554370687922,-0.04605605229769591,42.66,63.2,5,1735.0,398.0,0.0,1573.0,323.0,0.0,4,1,0,0.09973982026879132,-0.05632111247003643,-0.007891049239351444,0.1833139958114357,-0.11030259011618265,-0.015744194115184795,0.28600373127766093,-0.17478315757336563,-0.0229456077778361
92,least_connections,4857,measured,477,423,17,heavy,0,70.47,47.55,3,580.0,0.0,477.0,528.0,0.0,423.0,2,0,1,-0.05267634967005297,-0.04923174366836837,0.031139155501394455,-0.26735788268452804,-0.299348272184431,0.21078821728622818,-0.20905937566678562,-0.22108143398188512,0.1374877292523048,39.4,41.41,4,997.0,382.0,0.0,1000.0,325.0,0.0,3,1,0,0.0285909774804564,-0.02702290846019749,-0.016095312047230984,0.021679889901791705,-0.07414863482306734,-0.039335807729720174,0.04475247414523553,-0.09551974616996642,-0.041669761602677255,42.66,63.2,5,1735.0,398.0,0.0,1573.0,323.0,0.0,4,1,0,0.09024078976700167,-0.05095719699669962,-0.0071395207403655925,0.1658555200198704,-0.09979758153368906,-0.014244747056595767,0.2587652806797885,-0.15813714256637842,-0.02076031179899457
92,least_connections,4858,measured,408,435,13,heavy,0,97.67,69.3,4,580.0,408.0,477.0,528.0,435.0,423.0,2,1,1,-0.04765955446338124,-0.0014591059493854475,0.028173521644118793,-0.24189522719076356,-0.02474367483353279,0.19071314897325406,-0.18914895893661554,-0.0032403450312293858,0.12439365979970432,27.86,27.38,3,593.0,382.0,0.0,551.0,325.0,0.0,2,1,0,-0.017215872982534908,-0.02444929813065487,-0.014562425185589938,-0.08482023566708641,-0.06708686007801333,-0.03558954032688968,-0.08645907101145356,-0.08642262748711246,-0.03770121287861276,42.66,63.2,5,2133.0,0.0,0.0,1896.0,0.0,0.0,5,0,0,0.12473032906356842,-0.08918803084281893,-0.006459566384140298,0.22207880382750178,-0.16231209757809964,-0.012888104479777122,0.3315336666467928,-0.24048916073465984,-0.018783139246709372
92,least_connections,4859,measured,378,322,13,medium,1,97.67,69.3,4,580.0,408.0,477.0,528.0,435.0,423.0,2,1,1,-0.043120549276392556,-0.0013201434780154009,0.02549032910658367,-0.21885758650592896,-0.022387134373196338,0.17254999192818224,-0.1711347723712236,-0.002931740742540878,0.11254664458068486,38.66,37.44,4,593.0,760.0,0.0,551.0,647.0,0.0,2,2,0,-0.015576266031817304,0.02096310667997439,-0.013175527548867087,-0.07674211798450675,0.03701665040560698,-0.03220006029575733,-0.0782248737722675,0.012849765606898239,-0.034110621175887736,42.66,63.2,5,2133.0,0.0,0.0,1896.0,0.0,0.0,5,0,0,0.11285125010513333,-0.08069393266731237,-0.005844369585650745,0.2009284415582159,-0.14685380257066158,-0.011660665957893586,0.2999590317280506,-0.21758543114088272,-0.01699426884226086
92,least_connections,4860,measured,397,335,10,medium,0,96.27,65.3,4,162.0,1282.0,0.0,113.0,1193.0,0.0,1,3,0,-0.08209773052444586,0.08497338492578652,-0.0200212215112769,-0.4501409909656817,0.5069195768369493,-0.13159762635069228,-0.3425743178596785,0.34025223456627257,-0.08952922633176132,38.66,37.44,4,593.0,760.0,0.0,551.0,647.0,0.0,2,2,0,-0.014092812124025189,0.01896662032950064,-0.011920715401355935,-0.06943334484312516,0.033491255128882486,-0.029133387886637586,-0.0707748857939563,0.011625978406241272,-0.03086199058770795,42.66,63.2,5,2133.0,0.0,0.0,1896.0,0.0,0.0,5,0,0,0.10210351199988255,-0.07300879622280643,-0.005287762958445913,0.18179239950505247,-0.13286772613536046,-0.010550126342856101,0.2713915048968077,-0.19686300912746532,-0.015375767047759828
92,least_connections,4861,measured,408,413,18,heavy,0,100.0,80.3,4,0.0,1282.0,408.0,0.0,1193.0,413.0,0,3,1,-0.11736279927268457,0.07688068159952113,0.024969461716554456,-0.5049847061118072,0.458641521900097,0.12703071901604032,-0.36106723996828055,0.3078472598456752,0.10583069998554928,33.17,33.84,3,783.0,378.0,0.0,761.0,322.0,0.0,2,1,0,-0.012750639540784703,-0.025923624690542504,-0.01078540917265537,-0.013704999075752677,-0.06844668753645326,-0.026358779516481627,-0.004659420480246146,-0.08137113858482932,-0.027922753388878622,25.82,38.57,3,1291.0,0.0,0.0,1157.0,0.0,0.0,3,0,0,0.006211567546378999,-0.0660555775349201,-0.004784166486212969,0.012116932885523651,-0.12021365697961185,-0.009545352405441234,0.022671679033619663,-0.17811415111532578,-0.013911408281306511
92,least_connections,4862,measured,194,113,5,light,1,100.0,80.3,4,0.0,1282.0,408.0,0.0,1193.0,413.0,0,3,1,-0.10618538981814318,0.06955871192337626,0.02259141774354927,-0.4568909245773494,0.4149613769572306,0.11493255530022697,-0.32667988378082524,0.2785284731937061,0.09575158570121126,38.71,37.38,4,977.0,378.0,0.0,874.0,322.0,0.0,3,1,0,0.03154760730890453,-0.023454708053347983,-0.009758227346688192,0.03774989879540744,-0.06192795539012437,-0.023848419562530997,0.027733738613110626,-0.0736215063386551,-0.025263443542318752,16.16,24.73,2,808.0,0.0,0.0,742.0,0.0,0.0,2,0,0,-0.03746391054193826,-0.059764570150641995,-0.004328531582764115,-0.07643706072262144,-0.10876473726726786,-0.008636271223970642,-0.10464625865212188,-0.1611508986281519,-0.012586512254515415
92,least_connections,4863,measured,378,315,13,medium,2,100.0,80.3,4,397.0,885.0,408.0,335.0,858.0,413.0,1,2,1,-0.05298859532299123,0.01985017246582116,0.02043985414892553,-0.173917185728713,0.13598092835812925,0.1039865976525863,-0.14401989484931807,0.10045433288954358,0.08663238706300067,38.71,37.38,4,977.0,378.0,0.0,874.0,322.0,0.0,3,1,0,0.02854307327948505,-0.02122092633398151,-0.008828872361289316,0.03415467033870198,-0.05603005487677919,-0.021577141508956618,0.02509243017376675,-0.06660993430640223,-0.022857401300193158,15.52,21.27,2,398.0,378.0,0.0,323.0,315.0,0.0,1,1,0,-0.07697981928851103,-0.01098880610001396,-0.0039162904796437225,-0.14334781684427653,-0.030006190860861398,-0.007813769202640104,-0.22104502766938008,-0.05080319399689935,-0.011387796801704424
92,least_connections,4864,measured,166,101,7,light,2,100.0,80.3,4,805.0,477.0,408.0,770.0,423.0,413.0,2,1,1,-0.004858162208329936,-0.025124220376728693,0.018493201372837383,0.0887415938644977,-0.12306487434264496,0.0940831121618638,0.066481999898236,-0.10589846071898437,0.07838168353319108,27.26,23.75,3,576.0,378.0,0.0,438.0,322.0,0.0,2,1,0,-0.01725921487865184,-0.019199885730745173,-0.007988027374499858,-0.0727580193534193,-0.05069385917422879,-0.01952217565096075,-0.10057113460468725,-0.06026613103912583,-0.02068050593827,18.84,24.63,3,564.0,378.0,0.0,424.0,315.0,0.0,2,1,0,-0.026564507700943096,-0.00994225313810787,-0.003543310433963368,-0.09965754857339305,-0.02714845839792221,-0.00706960070715057,-0.16953280281197877,-0.04596479456862322,-0.010303244725351622
92,least_connections,4865,measured,466,423,16,heavy,1,100.0,80.3,4,805.0,885.0,0.0,770.0,836.0,0.0,2,2,0,-0.004395480093250886,0.020352462743050442,-0.026351956127523543,0.08029001349645032,0.13475082797570215,-0.1609724223297423,0.06015038086030877,0.09102044030187129,-0.11591657204139853,40.57,36.97,4,954.0,0.0,466.0,760.0,0.0,423.0,3,0,1,0.027468420098453322,-0.06045522541171729,0.03585663736411464,0.03188560153738254,-0.14358015830049273,0.10279966420695388,4.87353576638927e-05,-0.1455681661782567,0.10088728034156524,10.88,13.87,2,166.0,378.0,0.0,101.0,315.0,0.0,1,1,0,-0.06711845481332493,-0.008995371886859505,-0.003205852297395428,-0.16218540109021276,-0.024562890931453432,-0.006396305401707659,-0.25079952000448874,-0.04158719508589721,-0.009321983322937181
92,least_connections,4866,measured,391,311,11,medium,2,100.0,80.3,4,805.0,885.0,0.0,770.0,836.0,0.0,2,2,0,-0.003976862941512699,0.018414132957998014,-0.02384224602014035,0.07264334554440743,0.12191741578754006,-0.14564171544119542,0.05442177315932695,0.08235182693978832,-0.10487689851364629,40.57,36.97,4,954.0,0.0,466.0,760.0,0.0,423.0,3,0,1,0.02485238008907681,-0.05469758489631564,0.032441719519913245,0.028848877581441335,-0.1299058575099696,0.0930092199967678,4.4093895029240215e-05,-0.13170453130413703,0.09127896792808285,18.7,24.23,3,166.0,769.0,0.0,101.0,626.0,0.0,1,2,0,-0.06072622102157969,0.03494523042436067,-0.002900533030976816,-0.1467391724149544,0.048528812966780216,-0.005787133458687882,-0.22691385143263265,0.0561671409540295,-0.008434175387419354
92,least_connections,4867,measured,479,406,13,heavy,2,100.0,80.3,4,1282.0,408.0,0.0,1193.0,413.0,0.0,3,1,0,0.0394857861368173,-0.026423494217140117,-0.021571555922984126,0.3534392173973211,-0.17740805238270185,-0.1317710758753673,0.24059589000129583,-0.11684834705447725,-0.0948886224647276,35.03,33.44,3,760.0,466.0,0.0,647.0,423.0,0.0,2,1,0,-0.020598413479497396,-0.006404390869909168,-0.013731868280169195,-0.024048294433117734,0.002928713953564921,-0.036311385989318934,-0.03190951028544972,0.00043697167720935237,-0.03701248139840124,28.28,37.77,4,166.0,1248.0,0.0,101.0,1032.0,0.0,1,3,0,-0.05494277140047686,0.07470101346784559,-0.002624291789931405,-0.13276401313733968,0.13058321173184878,-0.005235977891193798,-0.20530300843904858,0.17326233387904255,-0.007630920588617511
92,least_connections,4868,measured,499,431,15,heavy,1,100.0,80.3,4,1282.0,408.0,0.0,1193.0,413.0,0.0,3,1,0,0.03572523507616804,-0.02390697095836486,-0.019517122025557065,0.31977833954995716,-0.16051204739387315,-0.1192214496015228,0.21768199571545815,-0.10571993304928892,-0.0858516108014202,38.37,36.75,3,378.0,466.0,499.0,322.0,423.0,431.0,1,1,1,-0.06172056004154072,-0.005794448882298769,0.030659828925651906,-0.1205062799973106,0.002649788815130172,0.09614003852667062,-0.12076039025826403,0.0003953553269989418,0.08837263587763697,28.28,37.77,4,166.0,1248.0,0.0,101.0,1032.0,0.0,1,3,0,-0.04971012650519335,0.06758663123281268,-0.0023743592385093663,-0.12011982140997399,0.11814671537643462,-0.004737313330127722,-0.18575034096866305,0.15676115922389566,-0.0069041662468444145
92,least_connections,4869,measured,471,434,15,heavy,1,100.0,80.3,4,1282.0,408.0,0.0,1193.0,413.0,0.0,3,1,0,0.03232283173558061,-0.02163011658137773,-0.017658348499313536,0.28932325959281835,-0.1452251857373138,-0.1078670258299492,0.1969503770758907,-0.09565136799697568,-0.07767526691557065,51.83,50.31,4,378.0,965.0,471.0,322.0,854.0,434.0,1,2,1,-0.055842411466155886,0.03784130361896324,0.02773984521844696,-0.10902949142613817,0.1313906252545055,0.07974574914317817,-0.10925940070985794,0.12221782148633234,0.08080440865119534,28.28,37.77,4,544.0,870.0,0.0,416.0,717.0,0.0,2,2,0,-0.0018919285160366173,0.01806590898388269,-0.00214822978722276,-0.04027983841854792,0.038494647245345626,-0.00428614063202032,-0.07305983230498084,0.04683152501209609,-0.006246626604287804
92,least_connections,4870,measured,165,124,6,light,0,97.2,69.75,4,1050.0,408.0,0.0,982.0,413.0,0.0,3,1,0,0.029244466808382455,-0.019570105478389374,-0.015976601023188437,0.12183215550461335,-0.13139421566709347,-0.09759397575090642,0.08274081735437722,-0.08654171390202561,-0.07027762244742107,51.83,50.31,4,378.0,1436.0,0.0,322.0,1288.0,0.0,1,3,0,-0.050524086564617224,0.07732127016772411,-0.01798594502911488,-0.09864573033793454,0.2406323344139404,-0.0496041861493694,-0.09885374349939528,0.23328636229715788,-0.04959958264891849,28.28,37.77,4,935.0,479.0,0.0,727.0,406.0,0.0,3,1,0,0.04137215537891471,-0.026738554003244458,-0.0019436364741539256,0.034308717621313795,-0.035923890587544444,-0.003877936762304099,0.02769189775581099,-0.05142227102080196,-0.005651709784831822
92,least_connections,4871,measured,376,313,13,medium,0,95.07,63.65,4,642.0,784.0,0.0,547.0,726.0,0.0,2,2,0,-0.016624620733458967,0.02537761431773841,-0.014455019973360968,-0.1358661450196355,0.10791316995199474,-0.08829931139367724,-0.12192497477461106,0.06329559218388159,-0.06358451554766668,51.83,50.31,4,378.0,1436.0,0.0,322.0,1288.0,0.0,1,3,0,-0.04571226879655843,0.06995733967555991,-0.01627299788348489,-0.08925089887717887,0.2177149692316604,-0.044879977944667554,-0.08943910126135764,0.21106861350695236,-0.04487581287283102,24.96,34.4,3,769.0,479.0,0.0,626.0,406.0,0.0,2,1,0,-0.005651950122025018,-0.02419202505055451,-0.0017585282385202184,0.0010031254669029543,-0.03250256767444498,-0.0035086094516084704,-0.005405743300297999,-0.04652491187596369,-0.005113451710085934
92,least_connections,4872,measured,409,401,18,heavy,2,95.07,63.65,4,1050.0,376.0,0.0,960.0,313.0,0.0,3,1,0,0.02804257670600878,-0.020123201558327378,-0.013078351404469448,0.12316872593461548,-0.14845951290057618,-0.07988985316570797,0.07652026091820902,-0.1295658927860119,-0.05752884740026986,41.03,40.25,3,0.0,1436.0,0.0,0.0,1288.0,0.0,0,3,0,-0.08444261961411975,0.06329473589693516,-0.014723188561248234,-0.17846509898411422,0.19698021025721654,-0.040605694330889695,-0.1719627582840855,0.19096684079200452,-0.04060192593256139,33.14,47.77,4,769.0,479.0,409.0,626.0,406.0,401.0,2,1,1,-0.005113669158022638,-0.021888022664787413,0.04149285086809622,0.0009075897081503026,-0.02940708503878356,0.07083506763902091,-0.004890910605031523,-0.04209396788777667,0.11631005162738256
92,least_connections,4873,measured,153,110,1,light,1,95.07,63.65,4,1050.0,376.0,0.0,960.0,313.0,0.0,3,1,0,0.025371855114960318,-0.018206706171820006,-0.01183279412785331,0.1114383710836997,-0.13432051167194992,-0.07228129572135483,0.06923261702123673,-0.11722628394924892,-0.05204990955262511,45.4,43.69,4,153.0,1436.0,0.0,110.0,1288.0,0.0,1,3,0,-0.03331656513839859,0.057266665811512754,-0.01332098012684364,-0.12191740248222582,0.17822019023271973,-0.03673848534699544,-0.12448416225702973,0.17277952262133742,-0.03673507584374602,33.14,47.77,4,1248.0,0.0,409.0,1032.0,0.0,401.0,3,0,1,0.0384572471790226,-0.06288734930442216,0.03754115078542039,0.08749734306927887,-0.1132826007493756,0.06408887072101892,0.1180193348494159,-0.1605294630095757,0.10523290385334613
92,least_connections,4874,measured,433,425,21,heavy,0,92.13,63.75,4,573.0,376.0,433.0,537.0,313.0,425.0,2,1,1,-0.020128412265602802,-0.016472734155456192,0.03237803887298532,-0.18688909282903354,-0.12152808198890708,0.19577724037909167,-0.1287181084093572,-0.10606187595408237,0.1451691294523868,41.03,40.25,3,466.0,970.0,0.0,423.0,865.0,0.0,1,2,0,-0.030143558934741577,0.008728797412230371,-0.012052315352858532,-0.029394656667592056,0.0407842537479709,-0.03323958198061492,-0.024131503946836413,0.036726115705019574,-0.03323649719196069,33.14,47.77,4,1248.0,0.0,409.0,1032.0,0.0,401.0,3,0,1,0.03479465220959188,-0.056898077942096247,0.03396580309157082,0.07916426277696659,-0.10249378163038744,0.05798516874758854,0.10677939819709059,-0.14524094272294946,0.09521072253397983
92,least_connections,4875,measured,163,115,6,light,1,92.13,63.75,4,573.0,376.0,433.0,537.0,313.0,425.0,2,1,1,-0.01821142062125969,-0.014903902331127025,0.029294416123177198,-0.16909013160722086,-0.10995397894234449,0.17713178891441628,-0.11645924094179938,-0.09596074491083642,0.131343498075969,45.69,43.84,4,629.0,970.0,0.0,538.0,865.0,0.0,2,2,0,0.015811156428657852,0.007897483372970332,-0.010904475795443434,0.015540888865375885,0.03690003910530701,-0.03007390750627064,0.010681615476671819,0.03322839039977962,-0.03007111650701205,33.14,47.77,4,1248.0,0.0,409.0,1032.0,0.0,401.0,3,0,1,0.031480875808678366,-0.05147921337618232,0.030730964701897415,0.07162480917916025,-0.09273246909416007,0.052462771724008685,0.09660993170212956,-0.13140847198743047,0.0861430346736008
92,least_connections,4876,measured,376,322,10,medium,0,100.0,73.65,4,408.0,752.0,433.0,413.0,635.0,425.0,1,2,1,-0.059560899836468506,0.029599417165261488,0.026504471730493657,-0.25251011907319987,0.12731147936962478,0.1602620947320909,-0.1614631227568661,0.05884504031876703,0.1188345934973053,45.69,43.84,4,1128.0,471.0,0.0,969.0,434.0,0.0,3,1,0,0.057389232233638274,-0.03593855812740325,-0.009865954291115487,0.14305400149044212,-0.09560744761220522,-0.02720972583900677,0.1315244378122269,-0.09179633725734226,-0.027207200649201378,25.58,37.27,3,870.0,409.0,0.0,717.0,401.0,0.0,2,1,0,-0.01460120306652457,-0.003492530923121878,-0.015279694067897802,-0.0035966012188550223,-0.009891281561382928,-0.02654320653542071,-0.007591014174263722,0.0020431285193089344,-0.04299757180325006
92,least_connections,4877,measured,387,318,12,medium,2,100.0,73.65,4,784.0,376.0,433.0,726.0,322.0,425.0,2,1,1,-0.010804532958618912,-0.01630347517247316,0.0239802363275895,-0.001667885510672984,-0.11160707422113314,0.1449990380909394,-0.004490444399069371,-0.08835448733063936,0.1075170131642286,45.69,43.84,4,1599.0,0.0,0.0,1403.0,0.0,0.0,4,0,0,0.09500749129528724,-0.07559973853250317,-0.008926339596723537,0.25118491291312106,-0.20825707845185915,-0.024618323378148982,0.24170663421106242,-0.20576216228045252,-0.02461603868261077,25.5,37.5,3,479.0,796.0,0.0,406.0,719.0,0.0,1,2,0,-0.0562945125250415,0.039923991296313764,-0.013824485109050393,-0.07400644872182122,0.06107931668255831,-0.024015282103475883,-0.10066171123703224,0.09775330675556523,-0.038902564964845295
92,least_connections,4878,measured,185,104,5,light,2,100.0,73.65,4,784.0,376.0,433.0,726.0,322.0,425.0,2,1,1,-0.009775529819702838,-0.014750763251285243,0.021696404296390498,-0.0015090392715613188,-0.1009778290572157,0.1311896058918023,-0.004062783027729444,-0.07993977425153084,0.09727729762477826,45.69,43.84,4,1599.0,0.0,0.0,1403.0,0.0,0.0,4,0,0,0.08595915879097417,-0.06839976343416954,-0.0080762120160832,0.2272625402547286,-0.18842307098025352,-0.022273721151658602,0.2186869547623898,-0.18616576587279038,-0.022271654046171648,29.2,40.97,4,664.0,796.0,0.0,510.0,719.0,0.0,2,2,0,-0.007849230153042092,0.03612170641095055,-0.012507867479617022,-0.03348202503402872,0.055262238903267036,-0.021728112379335324,-0.05970980223033076,0.08844346801693997,-0.03519755877771717
92,least_connections,4879,measured,466,412,15,heavy,0,100.0,73.6,4,752.0,0.0,899.0,635.0,0.0,837.0,2,0,2,-0.008844526979731149,-0.05642982888268211,0.06271398030444401,-0.02066690854728559,-0.31815454375017926,0.3997747227909958,-0.044842517977469465,-0.21799312908471838,0.2743937454700375,45.69,43.84,4,1599.0,0.0,0.0,1403.0,0.0,0.0,4,0,0,0.07777257223945282,-0.061885500249962914,-0.007307048966932419,0.20561848880189731,-0.17047801660118175,-0.020152414375310165,0.1978596257374003,-0.16843569293252464,-0.020150544137012442,29.2,40.97,4,664.0,796.0,0.0,510.0,719.0,0.0,2,2,0,-0.007101684424180937,0.03268154389562192,-0.011316642005367783,-0.030293260745073602,0.04999916853152732,-0.01965876834320815,-0.054023154398870704,0.0800202805867552,-0.03184541032269649
92,least_connections,4880,measured,173,109,6,light,0,100.0,79.05,5,925.0,466.0,433.0,744.0,412.0,425.0,3,1,1,0.035081709149857754,-0.00797165923852644,0.013657320048691982,0.08565057480642424,-0.006774745932701942,0.08062157458867869,0.008737721829908562,-0.010850926314745213,0.061880055425272,45.69,43.84,4,1599.0,0.0,0.0,1403.0,0.0,0.0,4,0,0,0.07036566059760017,-0.05599164308329978,-0.006611139541510284,0.18603577558266898,-0.15424201502011683,-0.018233136815756817,0.1790158518576479,-0.1523941983675223,-0.01823144469539221,19.62,27.43,3,185.0,796.0,0.0,104.0,719.0,0.0,1,2,0,-0.04950923375339726,0.029569015905562684,-0.010238866576285137,-0.11408437876935229,0.04523734295709614,-0.01778650469147404,-0.1713225365196132,0.07239930148325469,-0.028812514101487302
92,least_connections,4881,measured,499,436,17,heavy,2,100.0,79.05,5,925.0,899.0,0.0,744.0,837.0,0.0,3,2,0,0.03174059399272844,0.03587144662999535,-0.03072727732555986,0.0774933772058124,0.2550450711402539,-0.18823127378484628,0.007905557846107747,0.1824444000009448,-0.13627518794856341,27.71,27.03,2,970.0,0.0,0.0,865.0,0.0,0.0,2,0,0,-0.022503631341400293,-0.05065910564679504,-0.00598150720422359,0.005719443214251496,-0.13955229930391524,-0.01649664759520855,0.00985362787120525,-0.13788046518966304,-0.01649511662916438,29.6,41.97,4,185.0,796.0,499.0,104.0,719.0,436.0,1,2,1,-0.04479406863402609,0.02675291915265196,0.033820163800594626,-0.10321919983893776,0.04092902458022983,0.07420268623152348,-0.15500610447012625,0.06550412991342089,0.1054235983526226
92,least_connections,4882,measured,187,107,2,light,1,100.0,79.05,5,925.0,899.0,0.0,744.0,837.0,0.0,3,2,0,0.028717680279135252,0.0324551183795196,-0.027800869961220828,0.07011305556716363,0.2307550643649916,-0.1703044858053371,0.007152647575049853,0.16506874285799766,-0.1232965986201288,33.06,30.38,3,1157.0,0.0,0.0,972.0,0.0,0.0,3,0,0,0.022723471870252338,-0.04583442891852885,-0.005411839851440391,0.05351487039112551,-0.1262616041321138,-0.014925538300426783,0.03916816331204287,-0.12474899231445703,-0.014924153140672535,29.6,41.97,4,572.0,409.0,499.0,422.0,401.0,436.0,2,1,1,0.002555933367400426,-0.01887887813626274,0.03059919581958561,-0.023360228425705593,-0.03299754918931588,0.06713576373328316,-0.04433885642535232,-0.03663912055452398,0.09538325565237284
92,least_connections,4883,measured,474,408,12,heavy,1,100.0,79.05,5,925.0,899.0,0.0,744.0,837.0,0.0,3,2,0,0.0259826631096938,0.029364154724327268,-0.02515316806015218,0.06343562170362427,0.20877839156832573,-0.15408501096673358,0.006471443044092751,0.14934791020485505,-0.11155406541821178,32.34,29.66,3,658.0,474.0,0.0,541.0,408.0,0.0,2,1,0,-0.022524568534624312,0.0016146550147550787,-0.004896426532255592,-0.08057498121075041,0.008293922792033087,-0.0135040584622909,-0.08642225700338979,0.0024890069535865034,-0.013502805222513245,25.9,38.5,3,796.0,0.0,499.0,719.0,0.0,436.0,2,0,1,0.002312511141933732,-0.060164789969090325,0.02768498669391079,0.019397888567218746,-0.1038644492665239,0.06074188147297048,0.049455320377062184,-0.1540861884382201,0.08629913606643257
92,least_connections,4884,measured,385,307,7,medium,1,96.53,63.4,4,549.0,899.0,0.0,431.0,837.0,0.0,2,2,0,-0.019575776460843936,0.026567568560105614,-0.02275762824489959,-0.16939951687132404,0.1888947352284852,-0.13941024801752086,-0.13574012296010654,0.13512429970915457,-0.10092986871171541,24.54,22.34,2,385.0,474.0,0.0,307.0,408.0,0.0,1,1,0,-0.06346327175808412,0.001460878346683167,-0.004430100195850297,-0.1434726020478218,0.007504025383268026,-0.012217957656358433,-0.1443522801459241,0.0022519586722925533,-0.012216823772750079,25.9,38.5,3,796.0,499.0,0.0,719.0,436.0,0.0,2,1,0,0.0020922719855590854,-0.011350909745276735,-0.018035578932266653,0.01755047060843601,-0.0036773588601882873,-0.03533829771493147,0.04474528986496101,-0.007919249856802313,-0.05341189276529118
92,least_connections,4885,measured,442,424,20,heavy,1,96.53,63.4,4,549.0,899.0,0.0,431.0,837.0,0.0,2,2,0,-0.017711416797906415,0.024037323935333643,-0.020590235078718676,-0.1532662295502455,0.17090476044481995,-0.12613308153966174,-0.12281249220200116,0.12225531878447315,-0.09131750026298062,37.17,35.59,3,385.0,474.0,442.0,307.0,408.0,424.0,1,1,1,-0.05741915063826658,0.0013217470755704785,0.039075714335273765,-0.12980854470993403,0.006789356299147259,0.10320416075989339,-0.1306044439415504,0.0020374864177885033,0.10882763563417851,25.9,38.5,3,796.0,499.0,0.0,719.0,436.0,0.0,2,1,0,0.0018930079869343974,-0.01026987072191704,-0.01631790474824126,0.015878997217156382,-0.003327134206837029,-0.03197274555160467,0.04048383368734568,-0.007165035584725921,-0.048325045835263446
92,least_connections,4886,measured,192,118,3,light,1,59.93,41.85,2,0.0,899.0,0.0,0.0,837.0,0.0,0,2,0,-0.10219241565162054,0.021748054989111393,-0.018629260309316897,-0.4698123029264126,0.15462811659293235,-0.114120407107313,-0.30609225484942965,0.11061195509071381,-0.08262059547603008,42.66,39.28,4,577.0,474.0,442.0,425.0,408.0,424.0,2,1,1,-0.008866759874531449,0.00119586640170663,0.035354217731914356,-0.06781317310490625,0.006142750937323693,0.09337519306847497,-0.0848028302328313,0.0018434400922848482,0.09846309890711388,25.9,38.5,3,796.0,499.0,0.0,719.0,436.0,0.0,2,1,0,0.0017127215119882577,-0.009291787796020176,-0.014763818581742092,0.014366711767903384,-0.003010264282376357,-0.02892772216573756,0.036628230479027024,-0.006482651243323451,-0.043722660517619305
92,least_connections,4887,measured,180,101,7,light,0,71.93,46.9,3,646.0,433.0,0.0,513.0,425.0,0.0,2,1,0,-0.006292004183665767,-0.023407088569942294,-0.016855045041762908,-0.03541748042548443,-0.1411777357809978,-0.10325179690661652,-0.04486918295900777,-0.08630346920363988,-0.07475196733545579,42.66,39.28,4,577.0,474.0,442.0,425.0,408.0,424.0,2,1,1,-0.008022306553147507,0.0010819743634488538,0.03198714937649395,-0.06135477566634373,0.0055577270385309685,0.08448231753814403,-0.0767263702106569,0.0016678743692100928,0.08908566091596018,25.9,38.5,3,796.0,499.0,0.0,719.0,436.0,0.0,2,1,0,0.0015496051775131803,-0.008406855624970636,-0.013357740621576178,0.012998453504293545,-0.0027235724459595684,-0.026172701007095886,0.03313982757626255,-0.005865255886816467,-0.03955859761117937
92,least_connections,4888,measured,155,122,4,light,0,82.27,53.0,4,1234.0,0.0,0.0,1060.0,0.0,0.0,4,0,0,0.08047503476353142,-0.06426174226622897,-0.015249802656833107,0.32262227961503787,-0.38890684030979167,-0.09341829243931972,0.20685645351327875,-0.2703459959461504,-0.06763273235112667,42.66,39.28,4,1051.0,0.0,442.0,833.0,0.0,424.0,3,0,1,0.035825622869147714,-0.042104971040779836,0.028940754197780236,0.0670191485467774,-0.11750219254336994,0.07643638253451127,0.045938045999881855,-0.11384811366595278,0.0806013122572973,25.9,38.5,3,796.0,499.0,0.0,719.0,436.0,0.0,2,1,0,0.0014020237320357398,-0.007606202708306767,-0.012085574848092731,0.01176050555150368,-0.0024641845939634144,-0.023680062815943898,0.029983653521380382,-0.0053066600880720405,-0.035791112124400386
92,least_connections,4889,measured,400,346,10,medium,2,82.27,53.0,4,1234.0,0.0,0.0,1060.0,0.0,0.0,4,0,0,0.07281074573843319,-0.05814157633611192,-0.013797440499039478,0.2918963482231295,-0.35186809361362104,-0.08452131220700355,0.1871558388929665,-0.2445987582369932,-0.061191519746257465,37.17,35.59,3,859.0,0.0,442.0,715.0,0.0,424.0,2,0,1,-0.010670241440385614,-0.03809497379880081,0.026184491893229737,0.011003719433478887,-0.10631150753923947,0.069156727055034,0.008199898761797858,-0.10300543617395727,0.07292499680422138,26.16,39.43,3,409.0,899.0,0.0,401.0,782.0,0.0,1,2,0,-0.041815402564439316,0.03620209777638458,-0.010934567719702947,-0.059388114024830005,0.07015145203403308,-0.021424818738234954,-0.0687766944330368,0.09954794245999829,-0.0323824347792194
92,least_connections,4890,measured,358,347,11,medium,1,82.27,53.0,4,1234.0,0.0,0.0,1060.0,0.0,0.0,4,0,0,0.06587638900143955,-0.052604283351720314,-0.012483398546750004,0.26409669601140284,-0.3183568466028,-0.07647166342538417,0.16933147328411258,-0.2213036384048986,-0.05536375596089961,47.4,46.44,4,859.0,358.0,442.0,715.0,347.0,424.0,2,1,1,-0.009654027969872692,0.0086170191706995,0.023690730760541193,0.009955746154099943,-0.003642384372237073,0.06257037209741172,0.0074189560225789986,0.004914724414038674,0.06597975901334316,17.98,26.07,2,0.0,899.0,0.0,0.0,782.0,0.0,0,2,0,-0.08091688349934532,0.03275427894053843,-0.009893180317826477,-0.1277416269748462,0.06347036136412518,-0.019384359810784006,-0.1831630409949698,0.09006718603523653,-0.029298393371674693
92,least_connections,4891,measured,172,121,5,light,2,82.27,53.0,4,1234.0,0.0,0.0,1060.0,0.0,0.0,4,0,0,0.05960244719177865,-0.04759435160393743,-0.011294503447059527,0.2389446297246025,-0.28803714692634286,-0.06918864786106187,0.15320466630467333,-0.2002271014139559,-0.05009101729795679,36.4,36.84,3,474.0,800.0,0.0,408.0,771.0,0.0,1,2,0,-0.05181849696140409,0.0508802509050093,-0.02164942953864867,-0.09051622967010009,0.11096301277886032,-0.057647214360845175,-0.08008820645576187,0.12432760780317784,-0.060184979940308574,21.42,30.1,3,671.0,400.0,0.0,557.0,346.0,0.0,2,1,0,0.012957286811249913,-0.013449076423413073,-0.00895097266850967,0.00584328987990107,-0.03286967305150579,-0.017538230304995052,0.002265185131535258,-0.05000270469827807,-0.026508070193419962
92,least_connections,4892,measured,370,300,9,medium,1,71.93,46.9,3,1079.0,0.0,0.0,938.0,0.0,0.0,3,0,0,0.01084212342294713,-0.043061556213086244,-0.010218836452101478,0.12269593483019592,-0.2606050376952626,-0.06259925282667503,0.08342326951375201,-0.1811578536602458,-0.04532044422196091,46.97,46.22,4,474.0,1170.0,0.0,408.0,1071.0,0.0,1,3,0,-0.04688340201269893,0.0891184129503372,-0.019587579106396413,-0.08189563636818581,0.1960413653033226,-0.05215700346933611,-0.0724607582218798,0.19730831182192282,-0.05445307708885062,21.42,30.1,3,1071.0,0.0,0.0,903.0,0.0,0.0,3,0,0,0.05480715972265014,-0.05525211222889301,-0.008098499081032558,0.07766773846276762,-0.10212018037993381,-0.015867922656900284,0.10639865956345251,-0.14958974869526745,-0.02398349207976092
92,least_connections,4893,measured,374,304,14,medium,0,96.87,62.1,4,1079.0,374.0,0.0,938.0,304.0,0.0,3,1,0,0.009809540239809317,0.004123444605393628,-0.009245613932853718,0.11101060770351057,-0.010198208708412232,-0.05663741922413455,0.07547819622672802,-0.026380915216412892,-0.04100421143891701,46.97,46.22,4,474.0,1170.0,0.0,408.0,1071.0,0.0,1,3,0,-0.0424183161067276,0.08063094505030509,-0.017722095381977707,-0.07409605195216812,0.17737075908395855,-0.047189669805589814,-0.06555973362931983,0.17851704402935875,-0.04926706974705532,21.42,30.1,3,1071.0,0.0,0.0,903.0,0.0,0.0,3,0,0,0.049587430225254886,-0.04999000630233177,-0.007327213454267552,0.07027081099012308,-0.09239444891517822,-0.014356691927671686,0.09626545389074273,-0.13534310596238483,-0.021699349976926546
92,least_connections,4894,measured,400,324,12,medium,2,53.8,36.45,2,433.0,374.0,0.0,425.0,304.0,0.0,1,1,0,-0.0772925021413063,0.0037307355953561383,-0.008365079272581935,-0.28921262477618886,-0.009226950736182488,-0.0512433792980265,-0.16378163198534126,-0.023868447100564044,-0.03709904844473444,46.97,46.22,4,1202.0,442.0,0.0,1055.0,424.0,0.0,3,1,0,0.04778932397599929,-0.01321599302704822,-0.016034276774170308,0.1211511910908955,-0.02771217035260895,-0.042695415538390784,0.12361559814490114,-0.021416126830580196,-0.04457496786638338,29.42,40.9,4,1071.0,400.0,0.0,903.0,324.0,0.0,3,1,0,0.04486481782284965,-0.002145153094399943,-0.006629383601480167,0.06357835280058755,-0.011214025208970774,-0.012989387934560096,0.08709731542495769,-0.024739000632633887,-0.019632745217219257
92,least_connections,4895,measured,450,437,15,heavy,0,54.93,37.05,2,0.0,374.0,450.0,0.0,304.0,437.0,0,1,1,-0.11301521168793925,0.003375427443417456,0.03551549517061181,-0.5228431684482979,-0.008348193523212727,0.2250655139684522,-0.34044528608197544,-0.0215952616624151,0.1641246704547641,33.43,33.47,3,728.0,442.0,0.0,647.0,424.0,0.0,2,1,0,0.00015405956105152274,-0.011957327024472206,-0.014507202795677897,-0.012917629829325844,-0.025072916033312853,-0.03862918548711547,-0.003514458821279931,-0.01937649570385827,-0.040329732831489724,29.42,40.9,4,1071.0,400.0,0.0,903.0,324.0,0.0,3,1,0,0.040591978030197304,-0.0019408527996951919,-0.005998013734672532,0.05752327158148396,-0.010146022808116412,-0.011752303369363896,0.07880233300353315,-0.022382905334287787,-0.01776295995843647
92,least_connections,4896,measured,152,124,7,light,0,65.07,43.25,3,152.0,824.0,0.0,124.0,741.0,0.0,1,2,0,-0.05916795796709243,0.04613785838984935,-0.0109508331676324,-0.38136604129449175,0.26387544395518847,-0.06779786831425752,-0.2519266874075016,0.17815190611495776,-0.049196726731403934,33.43,33.47,3,728.0,442.0,0.0,647.0,424.0,0.0,2,1,0,0.00013938722190376396,-0.010818533974522468,-0.013125564434184764,-0.011687379369390044,-0.022685019268235435,-0.03495021544072352,-0.0031797484573485024,-0.01753111516063366,-0.03648880589515737,25.98,36.87,3,899.0,400.0,0.0,782.0,324.0,0.0,2,1,0,-0.006357824866102674,-0.001756009675914702,-0.0054267743313703865,0.020921055240390257,-0.009179734921629143,-0.01063303638180543,0.03480528541589506,-0.020251200064355615,-0.016071249486204427
92,least_connections,4897,measured,162,114,3,light,0,75.87,48.95,4,314.0,824.0,0.0,238.0,741.0,0.0,2,2,0,-0.010449014124421507,0.04174377663843513,-0.009907896675476932,-0.24733118021882586,0.23874444929278954,-0.06134092847480442,-0.17636224098773956,0.16118505791353321,-0.044511324185555944,33.43,33.47,3,728.0,442.0,0.0,647.0,424.0,0.0,2,1,0,0.00012611224838912638,-0.009788197405520324,-0.01187551067854812,-0.010574295619924318,-0.02052454124268921,-0.03162162349398795,-0.002876915270934366,-0.015861485145335197,-0.03301368152419,25.98,36.87,3,899.0,400.0,0.0,782.0,324.0,0.0,2,1,0,-0.0057523177359976585,-0.0015887706591609235,-0.004909938680763683,0.018928573788924513,-0.008305474452902556,-0.009620366250204912,0.03149049632866696,-0.01832251434394079,-0.014540654297042101
92,least_connections,4898,measured,402,432,16,heavy,1,75.87,48.95,4,314.0,824.0,0.0,238.0,741.0,0.0,2,2,0,-0.009453869922095653,0.03776817886334607,-0.008964287468288654,-0.2237758297217948,0.21600688269347623,-0.05549893528672781,-0.1595658370841453,0.14583410001700625,-0.040272150453598235,44.91,46.97,4,1170.0,0.0,402.0,1071.0,0.0,432.0,3,0,1,0.04319800178482372,-0.05193988835556147,0.03233939056521383,0.10469128355476237,-0.1328283264304603,0.07530832704285444,0.11727802904058321,-0.13423181989339852,0.0922733357638281,16.0,22.33,2,400.0,400.0,0.0,346.0,324.0,0.0,1,1,0,-0.048288378178374294,-0.0014374591678122661,-0.004442325473071904,-0.07316938561954446,-0.007514476885959465,-0.00870414089304254,-0.10300066205184101,-0.01657751297785119,-0.013155830078276186
92,least_connections,4899,measured,168,122,8,light,2,75.87,48.95,4,314.0,824.0,0.0,238.0,741.0,0.0,2,2,0,-0.008553501358086552,0.0341712094477893,-0.008110545804642115,-0.20246384593876673,0.19543479862743085,-0.05021332240227754,-0.14436909069517906,0.1319451381106247,-0.036436707553255544,44.91,46.97,4,1170.0,0.0,402.0,1071.0,0.0,432.0,3,0,1,0.03908390637674526,-0.046993232321698476,0.029259448606622038,0.09472068512097548,-0.12017800962755933,0.06813610541972545,0.10610869294148007,-0.12144783704640819,0.0834853990244159,11.36,14.87,2,400.0,168.0,0.0,324.0,122.0,0.0,1,1,0,-0.04368948501852912,-0.0013005582946872818,-0.004019246856588866,-0.06620087270339735,-0.048779764801582366,-0.007875175093705155,-0.09982599582468156,-0.07591933713869076,-0.011902893880345121
92,least_connections,4900,measured,476,439,18,heavy,2,65.07,43.25,3,526.0,450.0,0.0,428.0,437.0,0.0,2,1,0,-0.007738882181125922,-0.012167091678757527,-0.007338112870866676,-0.05530855902396359,-0.048765340924388,-0.04543110122110825,-0.044667272533733454,-0.018144875042768127,-0.03296654492913597,44.91,46.97,4,1170.0,402.0,0.0,1071.0,432.0,0.0,3,1,0,0.03536162957896,0.0005662138404587402,-0.016611065773146954,0.08569966749040639,-0.004814117554186342,-0.042271414824330035,0.09600310313752958,0.012261480767535457,-0.046608448501718955,20.88,29.5,3,568.0,0.0,476.0,446.0,0.0,439.0,2,0,1,0.003555318543326247,-0.044260595826712525,0.03944743878508172,-0.029496027684026177,-0.07453407291571738,0.07900817491521915,-0.05352510733344204,-0.10548257487151386,0.12162754045746554
92,least_connections,4901,measured,379,320,14,medium,0,90.33,59.25,4,526.0,829.0,0.0,428.0,757.0,0.0,2,2,0,-0.007001845782923455,0.03207557918407199,-0.006639244978403183,-0.05004107721215756,0.18448215186206163,-0.0411043296762408,-0.0404132465781398,0.12834511305654311,-0.029826873983503973,24.11,26.75,2,442.0,402.0,0.0,424.0,432.0,0.0,1,1,0,-0.05417394512016997,0.0005122887127960024,-0.01502905950903772,-0.11065268179439425,-0.00435563016807336,-0.03824556579344146,-0.09607159716128277,0.011093720694436843,-0.042169548644412386,20.88,29.5,3,568.0,0.0,476.0,446.0,0.0,439.0,2,0,1,0.003216716777295181,-0.040045300986073236,0.03569053985316918,-0.026686882190309402,-0.06743558978088715,0.07148358682805542,-0.04842747806359041,-0.09543661535994111,0.11004396517580214
92,least_connections,4902,measured,400,312,7,medium,1,90.33,59.25,4,526.0,829.0,0.0,428.0,757.0,0.0,2,2,0,-0.006335003327406941,0.029020762118922266,-0.006006935932840975,-0.04527526033480922,0.16691242311329385,-0.037189631611836915,-0.036564365951650274,0.11612176895591997,-0.026986219318408357,35.54,36.5,3,842.0,402.0,0.0,736.0,432.0,0.0,2,1,0,-0.005930621548634524,0.0004634993115773395,-0.013597720508176986,0.003287029396908614,-0.0039408082473044725,-0.03460313095597085,0.0012923644731251127,0.010037175866395243,-0.03815340115446835,20.88,29.5,3,568.0,0.0,476.0,446.0,0.0,439.0,2,0,1,0.0029103627985051506,-0.0362314627969234,0.03229144081953402,-0.024145274362660896,-0.061013152658897896,0.06467562617776443,-0.04381533729562942,-0.08634741389708957,0.09956358754001148
92,least_connections,4903,measured,400,423,17,heavy,1,80.2,53.05,3,824.0,379.0,0.0,741.0,320.0,0.0,2,1,0,-0.005731669677177698,-0.01682702021439912,-0.00543484679637993,0.13878270096691864,-0.12041256956416269,-0.03364776193451911,0.10851319271041165,-0.09262792332559619,-0.024416103192845658,46.97,49.72,4,842.0,402.0,400.0,736.0,432.0,423.0,2,1,1,-0.005365800448764557,0.00041935651999853996,0.030781200719359143,0.002973978978155406,-0.0035654931761326253,0.07209376586976787,0.0011692821423512911,0.009081254355309987,0.08507847038405246,20.88,29.5,3,568.0,0.0,476.0,446.0,0.0,439.0,2,0,1,0.0026331853891237156,-0.03278084729245451,0.029216065503387924,-0.021845724423359858,-0.05520237621519333,0.05851604273226306,-0.039642448029378996,-0.07812385066879532,0.09008134110762944
92,least_connections,4904,measured,421,435,15,heavy,0,100.0,74.8,4,824.0,379.0,421.0,741.0,320.0,435.0,2,1,1,-0.005185796374589352,-0.01522444686064682,0.03816665788717553,0.12556530087483114,-0.10894470579614718,0.22349329475765733,0.0981786029284677,-0.08380621634220609,0.17469495425409204,46.97,49.72,4,842.0,402.0,400.0,736.0,432.0,423.0,2,1,1,-0.004854771834596511,0.00037941780380820744,0.027849657793705893,0.0026907428849977377,-0.0032259223974533263,0.06522769292978997,0.0010579219383178295,0.008216372988137599,0.07697575891890461,20.88,29.5,3,568.0,476.0,0.0,446.0,439.0,0.0,2,1,0,0.002382405828254802,0.013425038390727104,-0.01665031715226353,-0.01976517924018273,0.03618832628149175,-0.033190247051762,-0.035866976788485744,0.06171334145839154,-0.050894659632779726
92,least_connections,4905,measured,382,317,7,medium,2,100.0,74.8,4,824.0,800.0,0.0,741.0,755.0,0.0,2,2,0,-0.004691911005580834,0.029309400686172146,-0.008552162138360462,0.11360670079151391,0.15536748840666048,-0.05172828887005608,0.08882825979242315,0.12096104235705163,-0.03872837472248817,34.34,36.47,3,400.0,402.0,400.0,312.0,432.0,423.0,1,1,1,-0.04747631283901135,0.00034328277487409575,0.02519730943240057,-0.11182402174350546,-0.0029186916929339612,0.0590155316983814,-0.11892378491295055,0.007433861274981635,0.06964473425996132,28.52,40.07,4,950.0,476.0,0.0,763.0,439.0,0.0,3,1,0,0.04523941026184504,0.01214646330589595,-0.015064572661571764,0.051241028306501346,0.03274181901658778,-0.03002927114207038,0.06315210036597324,0.05583588036711615,-0.04604754919156261
92,least_connections,4906,measured,453,417,16,heavy,1,100.0,74.8,4,824.0,800.0,0.0,741.0,755.0,0.0,2,2,0,-0.004245062338382649,0.02651802919225099,-0.007737670506135656,0.1027870150018459,0.1405705847488833,-0.046801785168145975,0.0803684255264781,0.1094409430849515,-0.0350399580822512,47.29,49.5,4,400.0,802.0,453.0,312.0,855.0,417.0,1,2,1,-0.042954759235295986,0.043394489404024406,0.02279756567693385,-0.10117411491079066,0.10076063948870603,0.06709568514207295,-0.10759771015933622,0.12632408877260246,0.06131547385425071,20.52,29.27,3,550.0,476.0,0.0,439.0,439.0,0.0,2,1,0,-0.002153005227945176,0.010989657276763001,-0.013629851455707788,-0.026020022008403546,0.029623550538817517,-0.027169340557111295,-0.040576671097452804,0.05051817747500985,-0.0416620683161757
92,least_connections,4907,measured,431,441,19,heavy,2,83.33,59.6,3,450.0,800.0,0.0,437.0,755.0,0.0,1,2,0,-0.04692467091386547,0.023992502602512802,-0.007000749505551308,-0.13258952610944102,0.12718291001089443,-0.042344472294989215,-0.06480951976175794,0.09901799612447992,-0.0317028192172749,47.29,49.5,4,802.0,400.0,453.0,744.0,423.0,417.0,2,1,1,0.004220070442441964,-0.0038222193374019553,0.020626368945797294,0.012379882427651978,-0.012753979238109517,0.060705619890446955,0.02479254795107677,-0.007849633967645403,0.055475904915750635,25.78,39.9,3,382.0,476.0,431.0,317.0,439.0,441.0,1,1,1,-0.045031857337755374,0.009943023250404623,0.03075212986206937,-0.053941924674269864,0.026802260011311085,0.053408691876899304,-0.07350587702467952,0.04570692247738986,0.09530574771393627
92,least_connections,4908,measured,400,326,12,medium,0,100.0,75.9,4,829.0,821.0,0.0,757.0,761.0,0.0,2,2,0,0.0006282455904028927,0.021707502354654434,-0.006334011457403564,0.10864122240891838,0.12773691858128544,-0.038311665409752144,0.08612472021555234,0.09230199649357707,-0.028683503101343957,47.29,49.5,4,802.0,853.0,0.0,744.0,840.0,0.0,2,2,0,0.00381815897173321,0.03962570177863179,-0.024421947371036007,0.011200846005970821,0.1055627262675608,-0.062177908534493564,0.022431352908117097,0.11079973593403511,-0.06770930031432085,25.78,39.9,3,382.0,476.0,431.0,317.0,439.0,441.0,1,1,1,-0.04074310901987391,0.00899606865512799,0.027823355589491335,-0.048804598514815584,0.024249663819757655,0.04832214979338509,-0.06650531730804336,0.04135388224144797,0.08622900983641853
92,least_connections,4909,measured,392,305,11,medium,2,100.0,75.9,4,829.0,821.0,0.0,757.0,761.0,0.0,2,2,0,0.0005684126770311992,0.019640121178020692,-0.005730772270984177,0.09829443932235471,0.11557149776402015,-0.03466293537072813,0.07792236590930923,0.08351133016085543,-0.02595174090121596,35.86,39.75,3,402.0,853.0,0.0,432.0,840.0,0.0,1,2,0,-0.03962937544280827,0.0358518254187621,-0.02209604762141353,-0.09326726177691078,0.09550913328969787,-0.05625620295977989,-0.0679192521307512,0.10024738013079368,-0.06126079552248077,33.62,50.07,4,382.0,868.0,431.0,317.0,744.0,441.0,1,2,1,-0.03686281292274306,0.05122320043853983,0.02517351220001597,-0.044156541513404576,0.09287350536073312,0.04372004028925318,-0.060171477564420164,0.12939954425019895,0.07801672318533104
92,least_connections,4910,measured,190,108,3,light,1,80.0,54.05,3,379.0,821.0,0.0,320.0,761.0,0.0,1,2,0,-0.0425696220903958,0.01776963344678062,-0.005184984435652351,-0.18249550727977432,0.10456468845316108,-0.031361703430658784,-0.12718928798681542,0.07555787014553589,-0.023480146529671585,41.29,43.12,4,592.0,853.0,0.0,540.0,840.0,0.0,2,2,0,0.007228751016597507,0.03243736585507047,-0.01999166213365986,-0.035269019158701564,0.08641302535734569,-0.05089846934456276,-0.030915037642108234,0.09070001059452762,-0.055426434044149264,33.62,50.07,4,382.0,868.0,431.0,317.0,744.0,441.0,1,2,1,-0.03335206883486276,0.04634480039677413,0.0227760348476335,-0.03995115660736605,0.08402840961209188,0.03955622692837192,-0.05444086065352301,0.11707577813113237,0.07058655907244238
92,least_connections,4911,measured,166,101,5,light,0,91.07,59.1,4,545.0,821.0,0.0,421.0,761.0,0.0,2,2,0,0.004568527859256405,0.01607728740423009,-0.004691176394161651,-0.06498799864995447,0.09460614669571715,-0.028374874532500805,-0.06938554627378538,0.0683618825126277,-0.02124394209827429,41.29,43.12,4,592.0,853.0,0.0,540.0,840.0,0.0,2,2,0,0.006540298538826317,0.029348092916492333,-0.01808769431140654,-0.03191006495311094,0.07818321341855086,-0.046050996073652026,-0.02797074834285984,0.08206191434742977,-0.05014772603994457,33.62,50.07,4,858.0,392.0,431.0,756.0,305.0,441.0,2,1,1,0.012908218899976787,-0.0011528903439617239,0.020606888671668405,0.049987048783811674,-0.010107629398583548,0.03578896722090792,0.08314080861506648,-0.026471121373419906,0.06386402963697167
92,least_connections,4912,measured,461,403,12,heavy,0,100.0,79.25,5,966.0,861.0,0.0,856.0,729.0,0.0,3,2,0,0.047217330194656015,0.014546117175255807,-0.00424439768995578,0.195137842491311,0.10972302161358533,-0.02567250552940549,0.1340083152760989,0.047375036559044126,-0.01922070951748626,41.29,43.12,4,592.0,853.0,0.0,540.0,840.0,0.0,2,2,0,0.005917412963699992,0.026553036448254963,-0.016365056757939252,-0.02887101114805274,0.07073719309297458,-0.041665186923780406,-0.025306867548301748,0.07424649393338884,-0.04537175213137842,25.98,39.5,3,476.0,823.0,0.0,439.0,746.0,0.0,1,2,0,-0.031405035507730744,0.04204080896317295,-0.024439572380962143,-0.02389743205274182,0.06884547816318631,-0.045609982038226166,-0.02038053823716207,0.10904993780500105,-0.07521825889988276
92,least_connections,4913,measured,156,104,5,light,2,100.0,79.25,5,1366.0,461.0,0.0,1182.0,403.0,0.0,4,1,0,0.08580434183144614,-0.02992312754438306,-0.0038401693385314195,0.4178231273334083,-0.14199663123850215,-0.023227505002795443,0.2687218090593276,-0.10461306216086486,-0.01739016575391614,35.86,39.75,3,802.0,453.0,0.0,855.0,417.0,0.0,2,1,0,0.005353849824299983,-0.01905972439262192,-0.0148064799238498,0.028164323246999884,-0.03940104298390737,-0.03769707388342037,0.06616581031344129,-0.0524228150126482,-0.04105063288077095,29.1,42.97,4,1024.0,431.0,0.0,848.0,441.0,0.0,3,1,0,0.05775372070842501,-0.00504697783150565,-0.02211199405896575,0.07754041861894787,-0.008644567376164758,-0.04126617422506177,0.10490967175367874,0.006680102458493015,-0.06805461519513202
92,least_connections,4914,measured,153,104,5,light,1,100.0,79.25,5,1366.0,461.0,0.0,1182.0,403.0,0.0,4,1,0,0.07763249975226079,-0.027073305873489426,-0.003474438925337951,0.3780304485397503,-0.128473142549121,-0.02101536166919588,0.2431292558155821,-0.09464991338363965,-0.015733959491638413,28.74,29.5,3,553.0,453.0,0.0,527.0,417.0,0.0,2,1,0,0.004843959364842831,-0.017244512545705554,-0.013396338978721247,-0.038885340191489925,-0.03564856269972572,-0.03410687637071367,-0.03287379066879126,-0.047430165963824544,-0.037141048796888,29.1,42.97,4,1024.0,431.0,0.0,848.0,441.0,0.0,3,1,0,0.052253366355241665,-0.004566313276124154,-0.020006089862873774,0.07015561684571472,-0.007821275245101442,-0.03733606239410351,0.09491827444380457,0.006043902224350833,-0.06157322327178611
92,least_connections,4915,measured,366,323,11,medium,1,96.53,63.25,4,987.0,461.0,0.0,862.0,403.0,0.0,3,1,0,0.027155028120526198,-0.024494895790299953,-0.00314353998006767,0.1134243740756472,-0.11623760516349047,-0.019013898653081986,0.07521218383314571,-0.08563563591853113,-0.014235487159101421,39.2,39.59,4,1006.0,366.0,0.0,944.0,323.0,0.0,3,1,0,0.047466530128281836,-0.015602178017543114,-0.012120497171223986,0.08192006635735943,-0.05474325740859537,-0.030858602430645702,0.08815883225204602,-0.0694903882529841,-0.033603806054327244,29.1,42.97,4,1024.0,431.0,0.0,848.0,441.0,0.0,3,1,0,0.04727685527379008,-0.004131426297445659,-0.018100747971171508,0.06347412952707523,-0.007076391888425113,-0.033780246927998414,0.08587843878248985,0.005468292488698373,-0.05570910676971124
92,least_connections,4916,measured,381,339,10,medium,0,100.0,75.15,4,821.0,842.0,0.0,761.0,742.0,0.0,2,2,0,-0.01851506526056701,0.020921851654581214,-0.0028441552200612254,0.002495068608125206,0.12464216675684192,-0.01720305116231227,0.022358642515703242,0.07587728178799563,-0.012879726477282237,39.2,39.59,4,1006.0,366.0,0.0,944.0,323.0,0.0,3,1,0,0.042945908211302605,-0.014116256301586624,-0.010966164107297892,0.07411815527570614,-0.049529613845871984,-0.02791968791344135,0.0797627529899464,-0.06287225603841419,-0.030403443572962745,29.1,42.97,4,1024.0,431.0,0.0,848.0,441.0,0.0,3,1,0,0.04277429762866722,-0.0037379571262603634,-0.016376867212012317,0.057428974334020444,-0.006402449803813187,-0.03056308055390333,0.07769953985082415,0.004947502727869951,-0.050403477553548265
92,least_connections,4917,measured,389,305,13,medium,0,100.0,90.4,5,1282.0,770.0,0.0,1164.0,644.0,0.0,3,2,0,0.026332174514815787,0.01892929435414492,-0.0025732832943411088,0.2803209350898911,0.06934291277999982,-0.01556466533733015,0.2025387717999219,0.024317540665329374,-0.011653085860398215,39.2,39.59,4,1006.0,366.0,0.0,944.0,323.0,0.0,3,1,0,0.03885582171498807,-0.01277185093953076,-0.009921767525650473,0.0670592833446865,-0.04481250776531273,-0.025260670016923125,0.07216630032423721,-0.05688442212999377,-0.027507877518394865,29.1,42.97,4,1024.0,431.0,0.0,848.0,441.0,0.0,3,1,0,0.03870055499736558,-0.0033819612094736634,-0.01481716557277305,0.05195954820697088,-0.005792692679640499,-0.027652310977341107,0.07029958367455516,0.004476311991882337,-0.04560314635797224
92,least_connections,4918,measured,413,449,13,heavy,1,100.0,90.4,5,1282.0,770.0,0.0,1164.0,644.0,0.0,3,2,0,0.023824348370547616,0.017126504415654942,-0.0023282086948800506,0.2536237031765681,0.06273882584857127,-0.014082316257584422,0.18324936496183408,0.022001584411488473,-0.010543268159407908,51.0,53.62,5,1006.0,779.0,0.0,944.0,772.0,0.0,3,2,0,0.03515526726594158,0.03152841604337239,-0.008976837285112333,0.06067268493090683,0.06621725487900276,-0.022854891920073304,0.06529331934097651,0.07548254664429133,-0.024888079659500115,16.46,24.87,2,392.0,431.0,0.0,305.0,441.0,0.0,1,1,0,-0.051153012598755404,-0.003059869665714268,-0.013406006946794663,-0.0673508849555978,-0.0052410076625318824,-0.025018757550927667,-0.10015751953254533,0.00404999656408403,-0.04125998956197488
92,least_connections,4919,measured,378,328,5,medium,2,100.0,68.65,4,1242.0,389.0,0.0,1068.0,305.0,0.0,3,1,0,0.021555362811447834,-0.02758849146973623,-0.002106474533462903,0.20534208065181558,-0.17304582423224502,-0.01274114328067162,0.12236847306070708,-0.13345094743722472,-0.009539147382321441,46.63,50.38,4,1219.0,413.0,0.0,1163.0,449.0,0.0,3,1,0,0.031807146573947134,-0.014558190473229968,-0.00812190040081592,0.10995555847490213,-0.03470139524552812,-0.02067823554673299,0.12099455083231211,-0.02303067208373641,-0.022517786358595342,24.02,35.8,3,1201.0,0.0,0.0,1074.0,0.0,0.0,3,0,0,0.03988650334035508,-0.04585235373383218,-0.012129244380433267,0.08545396123064963,-0.08273234026610027,-0.022636018736553604,0.1413019267721415,-0.12933571739440017,-0.037330466746548704
92,least_connections,4920,measured,452,411,14,heavy,2,82.07,52.35,3,842.0,389.0,0.0,742.0,305.0,0.0,2,1,0,-0.023581429111637908,-0.024961016091666108,-0.0019058579112283408,-0.05548414925153189,-0.15656526954345978,-0.011527701063464799,-0.03676185770697932,-0.12074133339558432,-0.008630657155433685,35.2,37.16,3,819.0,413.0,0.0,740.0,449.0,0.0,2,1,0,-0.01430600570747187,-0.013171696142446163,-0.007348386076928689,-0.003917760019306271,-0.03139650046023973,-0.018708879780377465,-0.01012695400886049,-0.020837274742428163,-0.02037323527682436,25.22,39.33,3,809.0,452.0,0.0,769.0,411.0,0.0,2,1,0,-0.006996111490245621,0.0015984373247187322,-0.010974078248963433,0.006382155399159178,0.006937406425909287,-0.020480207428310405,0.035860473428763,0.0069343509288760374,-0.03377518419925835
92,least_connections,4921,measured,388,309,12,medium,0,100.0,67.8,4,842.0,777.0,0.0,742.0,614.0,0.0,2,2,0,-0.021335578720053344,0.02050012376286897,-0.0017243476339684988,-0.050199944560909815,0.09237745454004431,-0.010429824771706247,-0.0332607284015527,0.03054355549923321,-0.007808689807297144,35.2,37.16,3,819.0,413.0,0.0,740.0,449.0,0.0,2,1,0,-0.012943528973426932,-0.011917248890784618,-0.006648539783887862,-0.0035446400174675985,-0.028406357559264517,-0.0169270817060558,-0.009162482198492833,-0.01885277238600644,-0.01843292715522204,25.22,39.33,3,809.0,452.0,0.0,769.0,411.0,0.0,2,1,0,-0.006329815157841284,0.0014462051985550395,-0.009928927939538344,0.005774331075429712,0.006276701052013167,-0.018529711482757033,0.03244519024507128,0.006273936554697351,-0.030558499989805175
92,least_connections,4922,measured,377,302,7,medium,1,100.0,67.8,4,842.0,777.0,0.0,742.0,614.0,0.0,2,2,0,-0.01930361884195303,0.01854773102354812,-0.0015601240497810228,-0.04541899745987077,0.08357960172670675,-0.009436508126781842,-0.030093039982357184,0.0276346454516872,-0.0070650050637450345,33.03,33.56,3,743.0,413.0,0.0,625.0,449.0,0.0,2,1,0,-0.011710811928338644,-0.010782272805947984,-0.006015345518755684,-0.022853313757300653,-0.025700990172667915,-0.01531497868643144,-0.04080474579863638,-0.01705727025400583,-0.01667741028329613,25.22,39.33,3,809.0,452.0,0.0,769.0,411.0,0.0,2,1,0,-0.005726975618999264,0.0013084713701212308,-0.008983315754820406,0.005224394782531644,0.005678919999440493,-0.01676497705582779,0.02935517212649305,0.0056764187875833205,-0.027648166657442776
92,least_connections,4923,measured,500,403,19,heavy,1,100.0,67.8,4,1231.0,388.0,0.0,1047.0,309.0,0.0,3,1,0,0.025618721274514145,-0.02630261977688049,-0.001411540806944735,0.1935415419807518,-0.15901528097742407,-0.008537793067088333,0.11074915430167676,-0.1129734160199021,-0.00639214743862646,47.31,46.16,4,743.0,413.0,500.0,625.0,449.0,403.0,2,1,1,-0.010595496506592111,-0.009755389681571983,0.03764144475740699,-0.020676807685176796,-0.023253276822890023,0.11539529139254842,-0.036918579532099566,-0.015432768325052887,0.0988543668865416,25.22,39.33,3,809.0,452.0,0.0,769.0,411.0,0.0,2,1,0,-0.00518154936957077,0.0011838550491573008,-0.00812776187340894,0.004726833374671474,0.005138070475684264,-0.015168312574320383,0.026559441447779414,0.005135807474480142,-0.02501500792816251
92,least_connections,4924,measured,463,445,16,heavy,2,77.2,47.65,3,770.0,388.0,0.0,644.0,309.0,0.0,2,1,0,-0.01990505716886362,-0.023797608369558534,-0.0012771083491404745,-0.10295447789043088,-0.14387096850338366,-0.007724669917841825,-0.08210790801276863,-0.10221404306562573,-0.005783371492090607,47.31,46.16,4,1156.0,0.0,500.0,1074.0,0.0,403.0,3,0,1,0.03349749862555498,-0.051910205176751066,0.034056545256701556,0.08805431685626863,-0.1278005837921386,0.10440526364087714,0.09354688042333847,-0.1409123856274288,0.08943966527829955,26.92,43.23,3,431.0,452.0,463.0,441.0,411.0,445.0,1,1,1,-0.04777196870398806,0.001071106949237552,0.03573021091272071,-0.0641233412324401,0.004648730430381012,0.07005724100418632,-0.07489066408692976,0.004646682953101083,0.11157372298563076
92,least_connections,4925,measured,403,422,19,heavy,0,100.0,68.75,4,770.0,388.0,403.0,644.0,309.0,422.0,2,1,1,-0.01800933743849567,-0.021531169477219628,0.0419284212442017,-0.09314928951991364,-0.1301689715030614,0.23609037801084154,-0.0742881072496478,-0.09247937229747089,0.1856721876976323,47.31,46.16,4,1156.0,0.0,500.0,1074.0,0.0,403.0,3,0,1,0.030307260661216417,-0.046966376112298584,0.030813064756063317,0.07966819144138593,-0.11562909962145873,0.09446190519888885,0.08463765371635384,-0.12749215842481654,0.08092160191846148,26.92,43.23,3,431.0,452.0,463.0,441.0,411.0,445.0,1,1,1,-0.04322225739884633,0.0009690967635958836,0.03232733368293778,-0.058016356353160076,0.004205994198916166,0.06338512281331143,-0.06775821988817457,0.004204141719472393,0.1009476541298564
92,least_connections,4926,measured,353,316,8,medium,2,78.67,51.8,3,777.0,0.0,403.0,614.0,0.0,422.0,2,0,1,-0.016294162444353222,-0.06256448213471798,0.037935238268563445,-0.08005570639103299,-0.3518036726297539,0.2136055801050471,-0.0807844779877766,-0.22345752731675939,0.1679891222026197,36.86,36.06,3,790.0,0.0,500.0,751.0,0.0,403.0,2,0,1,-0.015663045342799664,-0.04249338791112729,0.027878487160247763,-0.022531500260514786,-0.10461680441941504,0.08546553327518515,-0.014747479970917965,-0.11535004809864353,0.07321478268813182,25.36,39.07,3,0.0,1268.0,0.0,0.0,1172.0,0.0,0,3,0,-0.0821897521590469,0.08704460228724434,-0.013835360227908896,-0.13048146527190674,0.15146256617997178,-0.026432507930813462,-0.1943050560893008,0.23331168377793532,-0.042872757374574376
92,least_connections,4927,measured,442,445,13,heavy,0,100.0,74.05,4,777.0,442.0,403.0,614.0,445.0,422.0,2,1,1,-0.01474233744965292,-0.013522059799892225,0.034322358433462166,-0.07243135340141083,-0.051695386347555106,0.19326219152361404,-0.07309071817941692,-0.0008663342389727824,0.1519901581833226,36.86,36.06,3,790.0,0.0,500.0,751.0,0.0,403.0,2,0,1,-0.014171326738723511,-0.03844639858625803,0.025223393144986072,-0.02038564309284671,-0.0946532992366136,0.07732595867754848,-0.01334295806892577,-0.10436432923210606,0.06624194624164308,25.36,39.07,3,805.0,463.0,0.0,727.0,445.0,0.0,2,1,0,0.011805643738186572,-0.0074131602888651005,-0.012517706872869953,0.027612007611132,-0.00862910678954934,-0.023915126223116943,0.04345415560174373,-0.00816244483583628,-0.03878963762461491
92,least_connections,4928,measured,457,416,16,heavy,1,100.0,74.05,4,777.0,442.0,403.0,614.0,445.0,422.0,2,1,1,-0.013338305311590748,-0.01223424458085487,0.031053562392180052,-0.06553312926794319,-0.046772016219216506,0.1748562685213651,-0.06612969740042485,-0.0007838262162134513,0.13751490502300617,49.91,49.06,4,790.0,500.0,457.0,751.0,403.0,416.0,2,1,1,-0.012821676573130797,0.008299063410619145,0.02282116522641597,-0.018444153274480346,0.04361300137095503,0.05884593540213569,-0.012072200157599494,0.01951858307571358,0.06360878469481993,25.36,39.07,3,805.0,463.0,0.0,727.0,445.0,0.0,2,1,0,0.010681296715502137,-0.006707145023258906,-0.011325544313549006,0.02498229260054799,-0.0078072870953065365,-0.021637495154248662,0.03931566459205385,-0.007385069137185202,-0.035095386422270634
92,least_connections,4929,measured,182,122,5,light,2,100.0,74.05,4,777.0,442.0,403.0,614.0,445.0,422.0,2,1,1,-0.012067990520010674,-0.011069078430297266,0.028096080259591476,-0.05929187886147247,-0.04231753848405301,0.15820329056694937,-0.05983163098133676,-0.0007091761003835961,0.12441824740176748,39.14,39.62,3,413.0,500.0,457.0,449.0,403.0,416.0,1,1,1,-0.05468446474530428,0.00750867641913161,0.02064772091913826,-0.11414334956126454,0.03945938219276883,0.05324156060193229,-0.09630937157116143,0.01765967040183611,0.05755080520007516,29.0,43.13,4,987.0,463.0,0.0,849.0,445.0,0.0,3,1,0,0.05274793058840216,-0.0060683693067580535,-0.010246921045591958,0.05553635997192438,-0.007063735943372576,-0.019576781330034505,0.07236496637693757,-0.006681729219358029,-0.031752968667768666
92,least_connections,4930,measured,353,306,14,medium,1,82.2,58.8,3,388.0,845.0,0.0,309.0,867.0,0.0,1,2,0,-0.05400255831629083,0.0330690197422027,-0.017663637134746033,-0.2882799538905387,0.20479206835569808,-0.0999430545664109,-0.19210957088787614,0.19026312638536721,-0.07833587139840086,49.23,49.19,4,413.0,1310.0,0.0,449.0,1125.0,0.0,1,3,0,-0.04947642048384672,0.09296136483272904,-0.024402628918965608,-0.10327255436495364,0.24508910089549832,-0.06996511863906806,-0.08713705046914605,0.22011470179213743,-0.0655492714856463,29.0,43.13,4,987.0,463.0,0.0,849.0,445.0,0.0,3,1,0,0.04772431815141147,-0.005490429372781103,-0.00927102380315463,0.050247182831741094,-0.006390999186860896,-0.017712325965269313,0.06547306481722923,-0.006045374055609648,-0.02872887641369546
92,least_connections,4931,measured,460,431,15,heavy,0,100.0,80.35,4,388.0,845.0,460.0,309.0,867.0,431.0,1,2,1,-0.04885945752426313,0.029919589290564347,0.027102514247701433,-0.26082472018667785,0.18528806184563157,0.18703564904308853,-0.17381342127950702,0.17214282863437985,0.12410087825858969,37.43,35.16,3,0.0,1310.0,0.0,0.0,1125.0,0.0,0,3,0,-0.08784828066452345,0.08410790151532628,-0.022078569021921263,-0.20019897775876758,0.22174728176259373,-0.06330177400677586,-0.20578768851970358,0.1991513968595529,-0.05930648372510855,29.0,43.13,4,987.0,463.0,0.0,849.0,445.0,0.0,3,1,0,0.04317914499413418,-0.004967531337278147,-0.00838806915523514,0.04546173684776575,-0.005782332597636039,-0.016025437778100806,0.05923753483463595,-0.005469624145551577,-0.025992792945724465
92,least_connections,4932,measured,398,315,16,medium,1,100.0,80.35,4,388.0,1305.0,0.0,309.0,1298.0,0.0,1,3,0,-0.04420617585528569,0.07015400482298226,-0.018562577812170356,-0.23598427064508948,0.44510189722541266,-0.10823758737371353,-0.1572597621100302,0.3507244640025342,-0.0826944434803236,48.8,45.0,4,0.0,1310.0,398.0,0.0,1125.0,315.0,0,3,1,-0.07948177774409265,0.0760976251805333,0.0231080520640667,-0.18113240844840875,0.20062849302329908,0.04561132011631844,-0.18618886104163657,0.18018459715864313,0.035404252820139884,29.0,43.13,4,987.0,463.0,0.0,849.0,445.0,0.0,3,1,0,0.03906684547088331,-0.00449443311468023,-0.007589205426165127,0.04113204762416903,-0.005231634255004031,-0.014499205608757872,0.053595864850384894,-0.004948707560260945,-0.023517288855655467
92,least_connections,4933,measured,369,310,13,medium,0,100.0,80.4,4,442.0,1232.0,0.0,445.0,1163.0,0.0,1,3,0,-0.039996063869067996,0.06347267103031728,-0.01679471325863032,-0.18093814963127142,0.35867949431505597,-0.09792924571907415,-0.08075883238526546,0.2562507055261024,-0.07481878219648326,48.8,45.0,4,0.0,1310.0,398.0,0.0,1125.0,315.0,0,3,1,-0.07191208462560764,0.0688502323061968,0.020907285200822252,-0.16388170288189363,0.1815210174972706,0.04126738486714526,-0.1684565885614807,0.16302415933401046,0.032032419218221794,29.0,43.13,4,1450.0,0.0,0.0,1294.0,0.0,0.0,4,0,0,0.07843009374803274,-0.047150292092420436,-0.006866423957006544,0.1209956621361529,-0.08851433575452745,-0.013118328884114265,0.1826978459757451,-0.13868375128468055,-0.021277547059878756
92,least_connections,4934,measured,173,120,5,light,0,100.0,86.4,5,615.0,1232.0,0.0,565.0,1163.0,0.0,2,3,0,0.006896985297600605,0.05742765474171564,-0.015195216757808386,-0.059356738555277344,0.32451954247552683,-0.08860265088868613,-0.0187818007295259,0.2318458764283784,-0.06769318389205628,48.8,45.0,4,0.0,1708.0,0.0,0.0,1440.0,0.0,0,4,0,-0.06506331466126405,0.10537696755141161,-0.024167785045061042,-0.14827392165504663,0.2671176552866462,-0.06554719600455565,-0.15241310393657778,0.23656054892124756,-0.0600807873739898,9.26,14.83,1,463.0,0.0,0.0,445.0,0.0,0.0,1,0,0,-0.058291139670147235,-0.04265978808361849,-0.006212478818244016,-0.0691277342577664,-0.08008439901600103,-0.011868964228484335,-0.09074956792670683,-0.12547577497185383,-0.01925111400655697
92,least_connections,4935,measured,168,120,9,light,2,100.0,86.4,5,615.0,1232.0,0.0,565.0,1163.0,0.0,2,3,0,0.006240129554971968,0.05195835429012367,-0.01374805325706473,-0.05370371583572714,0.29361291938261946,-0.08016430318500174,-0.016993057802904388,0.20976531676853283,-0.06124621399757473,48.8,45.0,4,500.0,1208.0,0.0,403.0,1037.0,0.0,1,3,0,-0.015782908276291058,0.05225716565309123,-0.021866091231245704,-0.004900895102865316,0.11242617791240778,-0.05930460590888368,-0.023954117847379885,0.10008752045255728,-0.054358807624086014,12.62,18.83,2,463.0,168.0,0.0,445.0,120.0,0.0,1,1,0,-0.052739602558704635,0.00448694910348349,-0.005620814168887443,-0.0625441405189315,-0.0420573133954295,-0.010738586682914398,-0.08210675193368713,-0.0773352249745344,-0.01741767457736107
92,least_connections,4936,measured,363,318,6,medium,2,100.0,86.4,5,615.0,1232.0,0.0,565.0,1163.0,0.0,2,3,0,0.005645831502117504,0.04700993959582618,-0.012438714851629994,-0.04858907623232456,0.2656497842033224,-0.07252960764357301,-0.015374671345484925,0.1897876675524821,-0.05541324123590095,48.8,45.0,4,500.0,1208.0,0.0,403.0,1037.0,0.0,1,3,0,-0.014279774154739522,0.0472802927337492,-0.019783606352079448,-0.004434143188306705,0.10171892287313083,-0.053656548203275714,-0.021672773290486558,0.09055537564755181,-0.049181778326554015,19.88,29.43,3,826.0,168.0,0.0,763.0,120.0,0.0,2,1,0,-0.004632883040642077,0.004059620617437448,-0.0050854985337553055,0.009098158578109583,-0.03805185497681716,-0.009715864141684455,0.02161770063142593,-0.06996996545315018,-0.015758848427136207
92,least_connections,4937,measured,423,431,16,heavy,2,100.0,86.4,5,1018.0,829.0,0.0,987.0,741.0,0.0,3,2,0,0.04819203349057796,-0.0005510977352955748,-0.011254075341950947,0.19911781991678568,-0.0027295603239781974,-0.06562202596323273,0.1769943449731327,-0.019192110309659116,-0.05013578968962466,48.8,45.0,4,1310.0,398.0,0.0,1125.0,315.0,0.0,3,1,0,0.07324800478970278,-0.043390392742027356,-0.01789945336616712,0.2053759112650014,-0.11735634869301767,-0.04854640075534469,0.1845282051181312,-0.12220585060459595,-0.044497799438310774,28.34,43.8,4,994.0,0.0,423.0,883.0,0.0,431.0,3,0,1,0.038892244142366916,-0.039410910144313964,0.03848273488669304,0.03863166728495629,-0.06482786878854886,0.06775231339561882,0.05574934819033775,-0.09949663540999301,0.11572612126433708
92,least_connections,4938,measured,186,104,3,light,1,100.0,86.4,5,1018.0,829.0,0.0,987.0,741.0,0.0,3,2,0,0.04360231601528482,-0.0004986122366960055,-0.010182258642717525,0.1801542180199489,-0.002469602197884946,-0.05937230920482962,0.16013774068997721,-0.017364290280167782,-0.04536095257632708,54.11,48.25,5,1496.0,398.0,0.0,1229.0,315.0,0.0,4,1,0,0.10935590456029798,-0.039257974385643796,-0.016194743521770253,0.23389793332139586,-0.10617955357939693,-0.04392293401674044,0.19635885224973773,-0.11056719816606299,-0.04025991377751927,28.34,43.8,4,994.0,0.0,423.0,883.0,0.0,431.0,3,0,1,0.035188220890712926,-0.03565749013056978,0.034817712516531804,0.03495246087686521,-0.05865378604678231,0.061299712119845605,0.05043988645792463,-0.09002076537094605,0.10470458590582879
92,least_connections,4939,measured,399,322,14,medium,2,100.0,80.4,4,1674.0,0.0,0.0,1608.0,0.0,0.0,4,0,0,0.08253361471677696,-0.08661892581052541,-0.009212519724363474,0.4537268321767791,-0.5022661480203086,-0.05371780356627442,0.42581509871950324,-0.35092483406300895,-0.04104086185477212,54.11,48.25,5,1496.0,398.0,0.0,1229.0,315.0,0.0,4,1,0,0.09894105650693627,-0.03551911968224915,-0.014652386995887372,0.2116219396717391,-0.09606721514326388,-0.03973979744371754,0.17765800917833413,-0.10003698881691413,-0.03642563627489839,36.32,54.53,5,994.0,822.0,0.0,883.0,753.0,0.0,3,2,0,0.031836961758264073,0.0539062617639516,-0.011582160330847644,0.03162365507906853,0.09567514595767315,-0.02108121284394921,0.045636087747646104,0.14564787895009643,-0.03525140640266284
92,least_connections,4940,measured,195,119,3,light,0,95.13,64.1,4,1427.0,0.0,0.0,1282.0,0.0,0.0,4,0,0,0.0746732704580363,-0.07836950430476108,-0.008335136893471715,0.3664830068901017,-0.45443127678027917,-0.04860182227424828,0.23778508931764575,-0.31750342129510334,-0.037132208344793825,54.11,48.25,5,1496.0,398.0,0.0,1229.0,315.0,0.0,4,1,0,0.08951809874437092,-0.032136346379177796,-0.013256921567707624,0.19146746922681157,-0.08691795655819112,-0.035955054830030156,0.16073819878039755,-0.09050965654863659,-0.032956528058241404,27.06,39.7,4,531.0,822.0,0.0,438.0,753.0,0.0,2,2,0,-0.014279030064518444,0.048772332072146686,-0.010479097442195487,-0.055169073976080854,0.08656322729503761,-0.01907347828738262,-0.09291655552990749,0.13177665238342057,-0.031894129602409234
92,least_connections,4941,measured,450,410,15,heavy,0,100.0,84.6,5,1427.0,0.0,450.0,1282.0,0.0,410.0,4,0,1,0.0675615304144138,-0.07090574199002193,0.03554258589456867,0.3315798633767587,-0.4111521075631097,0.22745549413282298,0.21513889033501277,-0.28726500021937923,0.15188038292613892,48.8,45.0,4,1708.0,0.0,0.0,1440.0,0.0,0.0,4,0,0,0.08099256553062131,-0.07215964218887061,-0.011994357608878327,0.22803519324602678,-0.1815244096750981,-0.03253076389383681,0.20508753699178828,-0.17095218925829025,-0.02981781110031365,27.06,39.7,4,531.0,822.0,0.0,438.0,753.0,0.0,2,2,0,-0.01291912243932622,0.04412734806527557,-0.009481088161986393,-0.04991487645454935,0.07831911040979593,-0.01725695654572713,-0.08406735976515439,0.119226495013571,-0.02885659344979883
92,least_connections,4942,measured,379,307,8,medium,1,100.0,84.6,5,1427.0,450.0,0.0,1282.0,410.0,0.0,4,1,0,0.061127098946374414,-0.021068913954691043,-0.010926322512623805,0.30000082876944834,-0.10056619255709931,-0.06563550530839825,0.19464947220786866,-0.07443023829372405,-0.048060605923969546,45.34,42.0,4,1208.0,379.0,0.0,1037.0,307.0,0.0,3,1,0,0.030195087634280957,-0.0222033950869827,-0.010852037836604201,0.07706585511375214,-0.06626358154277581,-0.02943259590394759,0.07161193823066553,-0.0678704331384531,-0.026978019566950444,19.8,29.1,3,168.0,822.0,0.0,120.0,753.0,0.0,1,2,0,-0.05477263005281442,0.03992474348763028,-0.008578127384654357,-0.11084679298268754,0.07086014751362489,-0.015613436874705499,-0.1719657064541873,0.10787159072656421,-0.026108346454579896
92,least_connections,4943,measured,172,123,1,light,2,100.0,78.65,4,1232.0,450.0,0.0,1163.0,410.0,0.0,3,1,0,0.012221570248533764,-0.019062350720910948,-0.009885720368564395,0.1538102736485485,-0.09098845993261367,-0.05938450480283651,0.12227809390235739,-0.06734164417051222,-0.04348340535978197,45.34,42.0,4,1587.0,0.0,0.0,1344.0,0.0,0.0,4,0,0,0.07040326522920204,-0.06317268625783695,-0.009818510423594277,0.16769903898046962,-0.1579255533686339,-0.026629491532143057,0.15159234887536405,-0.14820717760145757,-0.02440868437009802,23.24,33.2,4,340.0,822.0,0.0,243.0,753.0,0.0,2,2,0,-0.006472288868646148,0.03612238696499883,-0.007761162871830132,-0.06916614603195537,0.06411156203613681,-0.014126442886638309,-0.11849278202997897,0.09759810589546286,-0.02362183726842943
92,least_connections,4944,measured,159,115,7,light,0,95.87,63.3,4,988.0,450.0,0.0,856.0,410.0,0.0,3,1,0,0.011057611177244825,-0.017246888747490863,-0.008944223190605881,-0.008012927016392779,-0.0823228923199838,-0.053728837678756844,-0.028248391231200487,-0.06092815424951106,-0.03934212865885035,22.2,19.44,2,777.0,0.0,0.0,622.0,0.0,0.0,2,0,0,-0.022469608103284328,-0.057156239947566766,-0.008883414192775774,-0.057660053167330166,-0.14288502447638304,-0.024093349481462766,-0.06698192244609921,-0.13409220830608065,-0.02208404776342202,16.44,25.1,2,0.0,822.0,0.0,0.0,753.0,0.0,0,2,0,-0.0920236808584803,0.032682159634998945,-0.007022004503084405,-0.12410270355272153,0.05800569898507617,-0.012781067373625136,-0.18049346945569525,0.08830304819113308,-0.02137213848095996
92,least_connections,4945,measured,357,328,8,medium,1,95.87,63.3,4,988.0,450.0,0.0,856.0,410.0,0.0,3,1,0,0.010004505350840548,-0.01560432791439649,-0.008092392410548179,-0.0072497911100697365,-0.07448261686093771,-0.04861180551887524,-0.02555806825680046,-0.05512547289241479,-0.035595259262769366,32.4,29.69,3,777.0,357.0,0.0,622.0,328.0,0.0,2,1,0,-0.020329645426781062,-0.008628888297231616,-0.008037374745844747,-0.05216861953234633,-0.036991212621489425,-0.021798744768942502,-0.060602691736946906,-0.028583426562644412,-0.01998080511928659,16.44,25.1,2,0.0,822.0,0.0,0.0,753.0,0.0,0,2,0,-0.08325952077672027,0.02956957300309429,-0.006353242169457319,-0.11228339845246234,0.052481346700783194,-0.011563822861851314,-0.16330361522181952,0.07989323407769183,-0.019336696720868535
92,least_connections,4946,measured,369,325,8,medium,2,40.6,26.25,2,159.0,450.0,0.0,115.0,410.0,0.0,1,1,0,-0.07711610513608756,-0.014118201446358725,-0.007321688371448353,-0.5065910808456185,-0.06738903430275317,-0.04398210975517284,-0.3583382522323433,-0.049875427855041926,-0.032205234571077046,32.4,29.69,3,1134.0,0.0,0.0,950.0,0.0,0.0,3,0,0,0.02469041150728879,-0.05089098963853835,-0.007271910484335724,0.04508553470882953,-0.12575395427658567,-0.019722673838567024,0.03790708842847662,-0.11859929069953541,-0.018077871298402153,23.82,35.93,3,822.0,369.0,0.0,753.0,325.0,0.0,2,1,0,0.010837757846005908,-0.016330477033481575,-0.00574817148665186,0.0471531156858674,-0.03448830536595805,-0.010462506398817855,0.07934434813263949,-0.0567950104376439,-0.017495106556976295
92,least_connections,4947,measured,195,101,4,light,0,53.6,31.3,3,354.0,450.0,0.0,216.0,410.0,0.0,2,1,0,-0.02668781394398853,-0.012773610832419804,-0.0066243847170247006,-0.3407252636222262,-0.0609710310358243,-0.039793337397537334,-0.2785203234483106,-0.045125387106942666,-0.029138069373831614,32.4,29.69,3,1134.0,0.0,0.0,950.0,0.0,0.0,3,0,0,0.02233894374468985,-0.046044228720582316,-0.006579347581065655,0.04079167426036956,-0.11377738720262513,-0.01784432394917969,0.03429688953052645,-0.10730412015672251,-0.0163561692699829,23.82,35.93,3,1191.0,0.0,0.0,1078.0,0.0,0.0,3,0,0,0.05288949065885795,-0.0578590937332407,-0.005200726583161207,0.1094337713348324,-0.09797513342634301,-0.009466077217978059,0.1698036165644516,-0.14940183484040798,-0.01582890593250236
92,least_connections,4948,measured,443,428,17,heavy,0,83.13,52.7,4,354.0,450.0,443.0,216.0,410.0,428.0,2,1,1,-0.024146117377894377,-0.011557076467427443,0.03709040929230645,-0.30827523851534744,-0.055164266175269594,0.2312028534657202,-0.2519945783579953,-0.04082773119199576,0.1672560324712952,21.03,19.84,2,736.0,0.0,0.0,635.0,0.0,0.0,2,0,0,-0.022872474933942732,-0.04165906408052686,-0.0059527430495355926,-0.06597760083925747,-0.10294144556427988,-0.01614486452544829,-0.058031980900952296,-0.09708468014179655,-0.014798438863317862,23.82,35.93,3,1191.0,0.0,0.0,1078.0,0.0,0.0,3,0,0,0.047852396310395284,-0.05234870385388444,-0.004705419289526806,0.09901150739818168,-0.08864416833811986,-0.008564546054361102,0.15363184355831333,-0.13517308866513103,-0.01432139108178785
92,least_connections,4949,measured,364,338,12,medium,1,83.13,52.7,4,804.0,0.0,443.0,626.0,0.0,428.0,3,0,1,0.021237413075329115,-0.05354030274490601,0.03355798935970583,-0.007487120561504801,-0.32133909796810106,0.20918353408803256,-0.04251890422866239,-0.2224155663165676,0.15132688652164805,31.43,30.41,3,736.0,364.0,0.0,635.0,338.0,0.0,2,1,0,-0.020694143987852937,0.005392366058661641,-0.005385815140056012,-0.05969401980694722,0.0009577397275562921,-0.014607258380167501,-0.05250512557705206,0.0077269560621840705,-0.013389063733478066,23.82,35.93,3,1191.0,0.0,0.0,1078.0,0.0,0.0,3,0,0,0.04329502523321478,-0.04736311301065735,-0.004257284119095681,0.08958184002692629,-0.08020186659163225,-0.007748875001564806,0.13900023940990253,-0.12229946117321379,-0.01295744907399853
92,least_connections,4950,measured,380,348,11,medium,1,83.13,52.7,4,804.0,0.0,443.0,626.0,0.0,428.0,3,0,1,0.019214802306250153,-0.048441226293010196,0.030361990373067183,-0.006774061460409042,-0.29073537435209146,0.18926129274631517,-0.03846948477831358,-0.20123313142927543,0.1369148020910149,31.46,31.69,3,357.0,744.0,0.0,328.0,686.0,0.0,1,2,0,-0.061807173358624304,0.04796270761316552,-0.0048728803648125825,-0.15198166417907472,0.09909781893717678,-0.013216090915389644,-0.13430523266495187,0.10538391262769037,-0.012113914806480155,23.82,35.93,3,1191.0,0.0,0.0,1078.0,0.0,0.0,3,0,0,0.039171689496718134,-0.0428523403429757,-0.0038518284887056166,0.08105023621483806,-0.07256359358290537,-0.0070108869061776815,0.12576212137086418,-0.11065189344243152,-0.011723406305046289
92,least_connections,4951,measured,362,308,13,medium,1,59.53,41.9,2,450.0,443.0,0.0,410.0,428.0,0.0,1,1,0,-0.0687829793192884,-0.0007438759431089986,-0.015613527984458487,-0.21965272227370342,0.004160058125885546,-0.09596994148349262,-0.1325200100375218,0.011550976325893636,-0.06974375048908175,41.8,41.31,4,357.0,1106.0,0.0,328.0,994.0,0.0,1,3,0,-0.05592077589589818,0.08647873092438331,-0.004408796520544717,-0.13750721997154375,0.18323816271186744,-0.01195741559011444,-0.12151425812543261,0.1824306828536246,-0.010960208634434426,23.82,35.93,3,1191.0,0.0,0.0,1078.0,0.0,0.0,3,0,0,0.0354410524017926,-0.03877116507221611,-0.0034849876802574625,0.0733311660991392,-0.06565277514643819,-0.006343183391303617,0.1137847764784009,-0.10011361787648566,-0.010606891418851405
92,least_connections,4952,measured,186,121,3,light,0,71.93,47.95,3,636.0,443.0,0.0,531.0,428.0,0.0,2,1,0,-0.019148319157360705,-0.0006730306151938592,-0.014126525319271964,-0.08654293920001738,0.0037638621138964545,-0.08682994705649333,-0.0651609614625197,0.010450883342475181,-0.06310148853774064,41.8,41.31,4,357.0,1106.0,0.0,328.0,994.0,0.0,1,3,0,-0.05059498771533645,0.07824266131253728,-0.003988911137635697,-0.12441129425996815,0.165786909120261,-0.010818614105341637,-0.10994147163729616,0.16505633210566034,-0.009916379240678766,23.82,35.93,3,1191.0,0.0,0.0,1078.0,0.0,0.0,3,0,0,0.03206571407781235,-0.03507867316057648,-0.003153084091661514,0.06634724551826882,-0.05940012989439646,-0.005739070687369939,0.10294813109950557,-0.09057898760253465,-0.0095967112837227
92,least_connections,4953,measured,422,413,17,heavy,0,100.0,68.6,4,636.0,443.0,422.0,531.0,428.0,413.0,2,1,1,-0.017324669713802532,-0.0006089324613658686,0.03030275827122559,-0.07830075451430146,0.003405399055430136,0.17597925425047428,-0.05895515560894643,0.00945556111938231,0.1297415103706156,31.6,31.06,3,0.0,1106.0,0.0,0.0,994.0,0.0,0,3,0,-0.08886031768349034,0.07079097928277182,-0.003609014838813249,-0.2048483138542569,0.14999767968023614,-0.00978826990483291,-0.19220895052898224,0.1493366814289308,-0.008971962170137932,7.38,10.83,1,369.0,0.0,0.0,325.0,0.0,0.0,1,0,0,-0.05715596390692261,-0.03173784714528348,-0.0028527903686461314,-0.0887143969120425,-0.0537429746663587,-0.005192492526668041,-0.13395169090997114,-0.0819524173546742,-0.008682738780511016
92,least_connections,4954,measured,169,115,6,light,2,100.0,68.6,4,636.0,443.0,422.0,531.0,428.0,413.0,2,1,1,-0.01567470116963085,-0.000550938893616737,0.02741678129301363,-0.07084353979865371,0.0030810753358653797,0.15921932527423865,-0.05334037888428489,0.008555031488964943,0.11738517604960459,31.6,31.06,3,744.0,362.0,0.0,686.0,308.0,0.0,2,1,0,0.005770370168452055,-0.022118819197673556,-0.003265299139878654,0.006987579982202979,-0.0566143442348884,-0.008856053723420252,0.020054997140444647,-0.05884419299287211,-0.008117489582505747,3.38,3.83,1,169.0,0.0,0.0,115.0,0.0,0.0,1,0,0,-0.05171253877292997,-0.02871519503620886,-0.0025810960478226904,-0.11645588292041942,-0.04862459612670549,-0.004697969428890132,-0.18452772034711676,-0.07414742522565762,-0.007855811277605205
92,least_connections,4955,measured,370,322,12,medium,2,87.67,62.55,3,450.0,443.0,422.0,410.0,428.0,413.0,1,1,1,-0.057265772713566226,-0.0004984685227961,0.02480565926510757,-0.17628701219878196,0.0027876395895924944,0.14405558001002544,-0.10299843803816253,0.00774026658525398,0.10620563547345177,31.6,31.06,3,744.0,362.0,0.0,686.0,308.0,0.0,2,1,0,0.005220811104789946,-0.020012264988371303,-0.0029543182694140202,0.0063220961743741255,-0.051222501926803804,-0.008012620035475466,0.018144997412783248,-0.0532399841364081,-0.007344395336552819,10.78,14.57,2,169.0,370.0,0.0,115.0,322.0,0.0,1,1,0,-0.046787535080269976,0.017103485670187445,-0.002335277376601482,-0.10536484645180805,0.02295869874250455,-0.004250543768995834,-0.16695365174262947,0.03002534543075422,-0.007107638774976138
92,least_connections,4956,measured,369,333,14,medium,2,57.67,42.05,2,0.0,865.0,0.0,0.0,841.0,0.0,0,2,0,-0.09489578982474586,0.042632904896608516,-0.020640684701183853,-0.4309263443703265,0.2570618326445519,-0.12420368157823095,-0.2786652534630994,0.19383643167237263,-0.09074252028592458,31.6,31.06,3,744.0,362.0,0.0,686.0,308.0,0.0,2,1,0,0.0047235909995718695,-0.018106334989478792,-0.002672954624707923,0.0057199917768147035,-0.04634416840996536,-0.0072495133654301835,0.01641690242108962,-0.048169509456750165,-0.006644929114023979,18.16,25.67,3,169.0,739.0,0.0,115.0,655.0,0.0,1,2,0,-0.042331579358339505,0.058558482499784105,-0.002112870007401341,-0.09533009917068347,0.08754358457655173,-0.0038457300767105163,-0.15105330395761715,0.12759436015163475,-0.006430720796406982
92,least_connections,4957,measured,409,441,17,heavy,0,84.93,64.1,3,0.0,865.0,409.0,0.0,841.0,441.0,0,2,1,-0.08585809555572245,0.03857262823978866,0.02440899502092436,-0.3898857401445811,0.23257975334507075,0.13432365317525136,-0.2521257055142328,0.17537581913214667,0.11739962450321109,31.6,31.06,3,1106.0,0.0,0.0,994.0,0.0,0.0,3,0,0,0.0473576254168462,-0.05946582236009532,-0.0024183875175928828,0.0987534619477303,-0.13550866937772377,-0.006559083521103499,0.10193672123812869,-0.1306652704608692,-0.006012078722212171,18.16,25.67,3,169.0,739.0,0.0,115.0,655.0,0.0,1,2,0,-0.03830000037183098,0.05298148416647133,-0.0019116442924107372,-0.08625104210680885,0.07920610033116585,-0.003479470069404753,-0.13666727500927267,0.11544251632766954,-0.005818271196749174
92,least_connections,4958,measured,370,345,10,medium,0,100.0,81.35,4,443.0,792.0,409.0,428.0,758.0,441.0,1,2,1,-0.0345972338474677,0.03489904459790402,0.022084328828455374,-0.08554741568636703,0.16639755461379424,0.12153092430141788,-0.03449468594144875,0.12112574111956131,0.10621870788385765,31.6,31.06,3,1106.0,0.0,0.0,994.0,0.0,0.0,3,0,0,0.04284737537714656,-0.053802410706752915,-0.002188064896869751,0.08934837033366075,-0.12260308181794055,-0.005934408900046023,0.09222846207259264,-0.11822095898840547,-0.005439499796287202,18.16,25.67,3,169.0,739.0,0.0,115.0,655.0,0.0,1,2,0,-0.03465238128879945,0.0479356285315693,-0.0017295829312287622,-0.07803665714425563,0.07166266220438815,-0.003148091967556681,-0.12365134405600861,0.10444799096312958,-0.00526415013039211
92,least_connections,4959,measured,400,328,10,medium,1,100.0,81.35,4,443.0,792.0,409.0,428.0,758.0,441.0,1,2,1,-0.03130225919532792,0.031575326064770315,0.01998105941622153,-0.07740004276385587,0.15055016846009955,0.10995655055842568,-0.031209477756548865,0.10958995625103163,0.0961026404663474,43.03,41.31,4,1106.0,400.0,0.0,994.0,328.0,0.0,3,1,0,0.03876667296027546,-0.005594471365066703,-0.001979677763834537,0.08083900173045497,-0.007525237291061859,-0.005369227100041641,0.08344479901806001,-0.014223724799033527,-0.004921452196640802,18.16,25.67,3,169.0,739.0,0.0,115.0,655.0,0.0,1,2,0,-0.03135215449938998,0.043370330576181754,-0.0015648607473022133,-0.07060459455908843,0.06483764675635117,-0.002848273684932235,-0.11187502557448398,0.09450056325235533,-0.004762802498926195
92,least_connections,4960,measured,462,427,15,heavy,2,100.0,81.35,4,443.0,1201.0,0.0,428.0,1199.0,0.0,1,3,0,-0.028321091652915728,0.07165205238059717,-0.025005798850175984,-0.07002861011967909,0.382910469876598,-0.1472139145741228,-0.028237146541639446,0.2986528175604572,-0.11254999195901903,43.03,41.31,4,1106.0,400.0,0.0,994.0,328.0,0.0,3,1,0,0.03507460886882065,-0.005061664568393687,-0.001791137024421724,0.07314004918469735,-0.006808548025246441,-0.004857872138132913,0.07549767530205431,-0.012869084341982723,-0.0044527424636273925,24.02,36.07,3,370.0,369.0,462.0,322.0,333.0,427.0,1,1,1,-0.028366235023257594,-0.00384407732449768,0.04166807383634108,-0.027508918886794298,-0.008289748172825115,0.0810229904755375,-0.0387916898054855,-0.011610601501837223,0.12446857551684457
92,least_connections,4961,measured,381,350,12,medium,2,100.0,81.35,4,813.0,831.0,0.0,773.0,854.0,0.0,2,2,0,0.01746005539792886,0.021744147165211503,-0.022624294197778273,0.15981538449489358,0.12326820290422363,-0.1331935417575397,0.13052353408137385,0.11413826350708028,-0.10183094510577913,21.77,19.88,2,362.0,400.0,0.0,308.0,328.0,0.0,1,1,0,-0.054433630524581764,-0.004579601276165718,-0.0016205525459053692,-0.12615220039751873,-0.006160114879984871,-0.004395217648786922,-0.12565091282195084,-0.011643457261793888,-0.004028671752805736,31.64,47.73,4,370.0,1212.0,0.0,322.0,1110.0,0.0,1,3,0,-0.025664688830566385,0.08268982573135017,-0.005384214374829724,-0.024889021849956755,0.14504260879601538,-0.010293484807847022,-0.03509724315734403,0.22382850340309965,-0.016163352310156514
92,least_connections,4962,measured,390,322,8,medium,1,100.0,81.35,4,813.0,831.0,0.0,773.0,854.0,0.0,2,2,0,0.0157971929790785,0.019673276006619944,-0.02046959951227558,0.1445948716858561,0.1115283740562023,-0.12050844254253591,0.11809272131171922,0.10326795269688216,-0.09213275985760969,32.91,29.94,3,762.0,390.0,0.0,636.0,322.0,0.0,2,1,0,-0.006165575009768998,-0.004143448773673744,-0.001466214208200096,-0.010736344577346874,-0.008158471285972704,-0.003976625491759596,-0.020946063981765045,-0.012230985141623033,-0.0036449887287289995,31.64,47.73,4,370.0,1212.0,0.0,322.0,1110.0,0.0,1,3,0,-0.02322043275146482,0.07481460423312634,-0.004871432053417369,-0.02251863881662755,0.13122902700591868,-0.009313152921385402,-0.0317546485709303,0.20251150307899493,-0.014623985423474942
92,least_connections,4963,measured,374,343,9,medium,1,100.0,81.35,4,1235.0,409.0,0.0,1186.0,441.0,0.0,3,1,0,0.05737659863639982,-0.02528426955410122,-0.01852011384443981,0.3853636140649809,-0.1536330583935948,-0.10903144801467535,0.2936791288058412,-0.09340042375043997,-0.0833582112997421,43.6,40.66,4,1152.0,374.0,0.0,958.0,343.0,0.0,3,1,0,0.03750552283696637,-0.003748834604752435,-0.0013265747598000868,0.09110249096063172,-0.011517528442410677,-0.0035978992544491582,0.07209046592126017,-0.005128629413849409,-0.0032978469450405234,31.64,47.73,4,739.0,843.0,0.0,655.0,777.0,0.0,2,2,0,0.022074937261146343,0.02460550360321409,-0.004407486143568095,0.04639742202305125,0.05195959586249785,-0.008426185976491554,0.07169817510249163,0.08279612183337637,-0.013231224906953519
92,least_connections,4964,measured,173,124,6,light,0,100.0,87.55,5,1408.0,409.0,0.0,1310.0,441.0,0.0,4,1,0,0.09499606089778578,-0.022876243882282057,-0.016756293478302688,0.45301152383656995,-0.1390013385465858,-0.09864750058470627,0.3218049260624278,-0.08450514529801714,-0.07541933403309999,33.26,31.03,3,790.0,374.0,0.0,650.0,343.0,0.0,2,1,0,-0.009150331945692564,-0.003391802737633162,-0.0012002343064857928,-0.01115216804242164,-0.010420620971704889,-0.0032552421825968575,-0.021858626071240783,-0.0046401885172923235,-0.0029837662836080924,31.64,47.73,4,739.0,843.0,0.0,655.0,777.0,0.0,2,2,0,0.019972562283894324,0.022262122307669885,-0.003987725558466372,0.0419786199256178,0.047011062923212346,-0.007623692073968549,0.06486977747368292,0.07491077689686432,-0.011971108249148422
92,least_connections,4965,measured,200,105,2,light,1,91.6,66.15,4,965.0,409.0,0.0,882.0,441.0,0.0,3,1,0,0.0428649167760012,-0.020697553988731382,-0.015160456004178622,0.14266121997911885,-0.12576311582786337,-0.08925250052901995,0.09753779024695847,-0.07645703622201552,-0.0682365403156619,38.97,34.31,4,1364.0,0.0,0.0,1098.0,0.0,0.0,4,0,0,0.07788892869312622,-0.04615267413223499,-0.0010859262772966696,0.13829089558066615,-0.1061084529880051,-0.002945219117587633,0.10688981450697266,-0.1011774324680264,-0.0026995980661216074,31.64,47.73,4,739.0,843.0,0.0,655.0,777.0,0.0,2,2,0,0.018070413494952003,0.020141920183129908,-0.003607942171945765,0.03798065612317801,0.04253381883528737,-0.00689762616216202,0.058691703428570274,0.06777641719240105,-0.010831002701610477
92,least_connections,4966,measured,388,317,13,medium,0,100.0,82.0,5,965.0,797.0,0.0,882.0,758.0,0.0,3,2,0,0.03878254374971536,0.024357541856000406,-0.013716603051399706,0.1290744371239646,0.1202460698065363,-0.080752262383399,0.08824847689010529,0.0742293481800812,-0.06173782219036077,38.97,34.31,4,1364.0,0.0,0.0,1098.0,0.0,0.0,4,0,0,0.07047093548425706,-0.04175718135773642,-0.0009825047270779392,0.12512033409679318,-0.09600288603676652,-0.0026647220587697634,0.09670983217297527,-0.09154148651869054,-0.00244249348839574,31.64,47.73,4,1120.0,462.0,0.0,1005.0,427.0,0.0,3,1,0,0.05943332196028536,-0.02486025815630649,-0.003264328631760454,0.1033063079209706,-0.030459878196644766,-0.0062407093848132564,0.15865757294330965,-0.044234035238621267,-0.009799478634790432
92,least_connections,4967,measured,150,113,8,light,1,100.0,82.0,5,1374.0,388.0,0.0,1323.0,317.0,0.0,4,1,0,0.07817286838126174,-0.02104612426180462,-0.012410259903647353,0.36348004628676167,-0.13790434954011793,-0.07306157072783719,0.27934386004342854,-0.13234011355135514,-0.0558580296008026,37.54,34.56,4,1164.0,150.0,0.0,993.0,113.0,0.0,3,1,0,0.020675517592332354,0.005303593284043465,-0.0008889328483086117,0.06150343152975163,-0.048084243829183304,-0.0024109390055535953,0.05781187196602522,-0.050873844945481916,-0.002209875060929479,24.24,37.0,3,750.0,462.0,0.0,683.0,427.0,0.0,2,1,0,0.010689105356357947,-0.022492614522372542,-0.002953440190640411,0.026515230976116244,-0.02755893741601194,-0.005646356110069137,0.04643621678997853,-0.04002126997780017,-0.008866194955286582
92,least_connections,4968,measured,185,108,6,light,2,92.8,64.75,4,1004.0,388.0,0.0,978.0,317.0,0.0,3,1,0,0.02764393307057468,-0.019041731474966087,-0.011228330389014272,0.10568829584675254,-0.12477060196486861,-0.06610332589661459,0.09666825432500681,-0.11973629321313087,-0.05053821725786902,37.54,34.56,4,1314.0,0.0,0.0,1106.0,0.0,0.0,4,0,0,0.06179032090553427,-0.03828541106500376,-0.0008042725770411248,0.0944214720643331,-0.08228030224000939,-0.0021813257669294436,0.0842553841597371,-0.07797812161734077,-0.001999410769412386,27.94,40.6,4,1397.0,0.0,0.0,1218.0,0.0,0.0,4,0,0,0.09583889577593382,-0.06343436098509443,-0.0026721601724841813,0.14106616135934325,-0.10853427670972508,-0.005108607909110172,0.2033629263020441,-0.1649874982338827,-0.008021795435735479
92,least_connections,4969,measured,171,105,6,light,0,100.0,70.0,5,1175.0,388.0,0.0,1083.0,317.0,0.0,4,1,0,0.06809507776680113,-0.017228233239255028,-0.010158965590060532,0.1987656010042047,-0.11288768749202399,-0.05980777104931796,0.1349617539131014,-0.1083328367166422,-0.04572505370950054,26.11,24.31,3,914.0,0.0,0.0,778.0,0.0,0.0,3,0,0,0.01282162821158317,-0.034639181439765306,-0.0007276751887514939,-0.017972409628868757,-0.07444408297905611,-0.0019735804557933063,-0.016507033379285524,-0.0705516338442607,-0.0018089906961350159,27.94,40.6,4,1397.0,0.0,0.0,1218.0,0.0,0.0,4,0,0,0.08671138189251155,-0.0573929932722283,-0.002417668727485688,0.1276312888489296,-0.0981976789278465,-0.004622073822528251,0.1839950285589923,-0.1492744031639891,-0.007257814918046386
92,least_connections,4970,measured,489,417,15,heavy,1,64.53,43.15,3,580.0,388.0,0.0,546.0,317.0,0.0,2,1,0,-0.02455796818831371,-0.015587449121230737,-0.009191445057673815,-0.17905334512317989,-0.10213647915945029,-0.05411179285414482,-0.12082031788814634,-0.0980154236960096,-0.04137028668954811,28.94,27.28,3,524.0,0.0,489.0,456.0,0.0,417.0,2,0,1,-0.0314833794638964,-0.031340211778835274,0.04242552743693459,-0.1170770780995887,-0.0673541703143841,0.1246225428529217,-0.1059766016288774,-0.06383243062099778,0.11626507984635404,20.56,29.5,3,1028.0,0.0,0.0,885.0,0.0,0.0,3,0,0,0.035369254818848325,-0.05192699391296846,-0.0021874145629632415,0.04870449943474586,-0.08884551902995637,-0.004181876315620799,0.06604312107718346,-0.1350577933388473,-0.006566594449661016
92,least_connections,4971,measured,396,347,8,medium,0,90.93,60.5,4,580.0,784.0,0.0,546.0,664.0,0.0,2,2,0,-0.02221911407514099,0.02898097006945337,-0.008316069337895356,-0.162000645587639,0.146447947427164,-0.048958288772797696,-0.10931362094641817,0.06829556903694373,-0.03743025938578162,28.94,27.28,3,524.0,489.0,0.0,456.0,417.0,0.0,2,1,0,-0.028484962372096745,0.01472847052209688,-0.004698899212387978,-0.10592688018534216,0.06546867583800622,-0.013654434017424581,-0.0958835919499367,0.06014863420004962,-0.012709570615203492,20.56,29.5,3,1028.0,0.0,0.0,885.0,0.0,0.0,3,0,0,0.032000754359910386,-0.04698156592125718,-0.0019790893664905517,0.04406597567905579,-0.08038404102710338,-0.0037836023807997702,0.0597533000222136,-0.12219514635419516,-0.005941204502074253
92,least_connections,4972,measured,177,103,5,light,1,90.93,60.5,4,1364.0,0.0,0.0,1210.0,0.0,0.0,4,0,0,0.06606479248076813,-0.05994692277162835,-0.007524062734286275,0.32631687621435834,-0.34038836502621667,-0.04429559460395982,0.2014781524770502,-0.23858972325228903,-0.03386547277761195,23.31,19.78,3,327.0,489.0,0.0,216.0,417.0,0.0,2,1,0,-0.025772108812849442,0.01332575904380194,-0.004251385001684361,-0.14676377595000345,0.0592335638534342,-0.012354011730050811,-0.1546089641451808,0.054420192847663945,-0.011499135318517446,20.56,29.5,3,1028.0,0.0,0.0,885.0,0.0,0.0,3,0,0,0.028953063468490345,-0.042507131071613635,-0.001790604664920023,0.03986921609057431,-0.07272841807214116,-0.003423259296914078,0.05406250954390754,-0.11055751336808134,-0.005375375501876705
92,least_connections,4973,measured,351,341,7,medium,1,90.93,60.5,4,1364.0,0.0,0.0,1210.0,0.0,0.0,4,0,0,0.059772907482599724,-0.05423769203147327,-0.006807485331020915,0.2952390784796576,-0.3079704254999103,-0.040076966546439836,0.1822897570030454,-0.21586689246635674,-0.03064018965593462,33.34,30.44,4,678.0,489.0,0.0,557.0,417.0,0.0,3,1,0,0.019766277967512624,0.012056639134868423,-0.003846491192000136,-0.042051579601023514,0.05359227205786904,-0.011177439184331686,-0.043470610417068345,0.04923731733836262,-0.010403979573896736,12.94,17.83,2,647.0,0.0,0.0,535.0,0.0,0.0,2,0,0,-0.01688827137431373,-0.038458832874317096,-0.0016200708873085922,-0.03287070925138516,-0.06580190206527058,-0.00309723460196988,-0.05664185644440109,-0.10002822638064503,-0.004863434977888447
92,least_connections,4974,measured,159,102,7,light,2,63.67,38.45,3,955.0,0.0,0.0,769.0,0.0,0.0,3,0,0,0.01099634940035668,-0.04907219755228534,-0.0061591533947332085,0.02042265830699186,-0.27863990878563316,-0.036260112589636045,-0.03457117223533984,-0.1953081408028942,-0.02772207635536942,33.34,30.44,4,678.0,489.0,0.0,557.0,417.0,0.0,3,1,0,0.01788377530393999,0.01090838778869048,-0.0034801586975239324,-0.03804666725806888,0.048488246147595795,-0.010112921166776288,-0.039330552282109466,0.04454804902042332,-0.009413124376382762,12.42,17.63,2,621.0,0.0,0.0,529.0,0.0,0.0,2,0,0,-0.015279864576760033,-0.034796086886286895,-0.001465778421850631,-0.03444492741791991,-0.05953505424953052,-0.002802259877972749,-0.05305691773541052,-0.0905017286301074,-0.004400250694280024
92,least_connections,4975,measured,392,347,10,medium,2,52.27,33.2,2,784.0,0.0,0.0,664.0,0.0,0.0,2,0,0,-0.033134822197863234,-0.04439865492825817,-0.005572567357139569,-0.08466521391272175,-0.25210277461557284,-0.03280676853348023,-0.07877867964149793,-0.17670736548833282,-0.025081878607239,29.06,26.91,3,528.0,489.0,0.0,444.0,417.0,0.0,2,1,0,-0.02690334161843072,0.009869493713577107,-0.0031487150120454626,-0.07319868534233442,0.043870317943062856,-0.009149785817559498,-0.06753419016000378,0.0403053776851449,-0.008516636340536784,11.02,14.97,2,159.0,392.0,0.0,102.0,347.0,0.0,1,1,0,-0.056908539605730724,0.011601726377259702,-0.0013261804769124758,-0.11476445814002278,0.017068284250424767,-0.002535377984832487,-0.17678165572886348,0.02276827727117267,-0.003981179199586688
92,least_connections,4976,measured,396,320,13,medium,0,78.67,49.2,3,784.0,396.0,0.0,664.0,320.0,0.0,2,1,0,-0.029979124845685795,0.00291368862499998,-0.005041846656459611,-0.0766018602067483,0.010764156300196004,-0.029682314387434496,-0.07127594824706956,-0.015116187822777322,-0.02269312826369243,29.06,26.91,3,528.0,489.0,0.0,444.0,417.0,0.0,2,1,0,-0.0243411186071516,0.008929541931331664,-0.0028488373918506564,-0.0662273819763978,0.03969219242467592,-0.008278377644458594,-0.06110236252571771,0.036466770286559674,-0.007705528117628519,11.02,14.97,2,159.0,392.0,0.0,102.0,347.0,0.0,1,1,0,-0.05148867869089922,0.010496800055615915,-0.001199877574349383,-0.10383450974573491,0.01544273336943193,-0.0022939134148484406,-0.1599453075642098,0.02059986991201336,-0.0036020192758165273
92,least_connections,4977,measured,375,325,10,medium,2,78.67,49.2,3,784.0,396.0,0.0,664.0,320.0,0.0,2,1,0,-0.027123970098477612,0.002636194470238079,-0.004561670784415838,-0.06930644494896276,0.009738998557320189,-0.026855427302916925,-0.06448776269972961,-0.013676550887274735,-0.02053187795286458,24.0,23.69,2,351.0,489.0,0.0,341.0,417.0,0.0,1,1,0,-0.06510681706179929,0.008079109366442933,-0.0025775195450077368,-0.10567511430517626,0.035911983622325824,-0.007489960725938728,-0.08440511371374462,0.032993744544982564,-0.006971668296901993,18.52,25.8,3,159.0,767.0,0.0,102.0,672.0,0.0,1,2,0,-0.04658499500605168,0.05258100503898129,-0.0010856035196494418,-0.09394550881756969,0.08182913971520032,-0.0020754454705771606,-0.14471242112952315,0.11665385055531369,-0.003258969820976858
92,least_connections,4978,measured,490,404,13,heavy,1,78.67,49.2,3,784.0,396.0,0.0,664.0,320.0,0.0,2,1,0,-0.024540734851003554,0.002385128330215411,-0.004127225947804806,-0.06270583114429973,0.008811474885194459,-0.02429776755978198,-0.058346071014041045,-0.012374022231343818,-0.018576461004972716,38.0,36.31,3,840.0,490.0,0.0,758.0,404.0,0.0,2,1,0,-0.015822267591061034,0.00730967037916265,-0.002332041493102238,0.03079734556062283,0.032750298107274395,-0.006776631132992182,0.04153525425899296,0.026175887921650903,-0.006307699887673232,18.52,25.8,3,551.0,375.0,0.0,449.0,325.0,0.0,2,1,0,0.0009355714117582348,0.004489390046606659,-0.000982212708254257,-0.014064984168277325,0.0031025549804193225,-0.0018777839971888595,-0.026279492133060606,0.000893166375442539,-0.002948591742788586
92,least_connections,4979,measured,370,309,7,medium,0,51.07,31.45,2,370.0,396.0,0.0,309.0,320.0,0.0,1,1,0,-0.0652874222348082,0.002157973251147277,-0.003734156809918634,-0.30644813294008055,0.007972286800890238,-0.021983694458850362,-0.21338454044127528,-0.011195543923596785,-0.016807274242594362,38.0,36.31,3,840.0,490.0,0.0,758.0,404.0,0.0,2,1,0,-0.014315384963340949,0.006613511295432875,-0.002109942303282977,0.027864265031039698,0.029631222097057777,-0.006131237691754832,0.03757951575813648,0.023682946214827014,-0.005706966565037686,18.52,25.8,3,551.0,375.0,0.0,449.0,325.0,0.0,2,1,0,0.0008464693725431516,0.0040618290897869724,-0.0008886686408014706,-0.012725461866536628,0.0028070735537127217,-0.0016989474260280157,-0.023776683358483403,0.0008081029111146748,-0.0026677734815706254
92,least_connections,4980,measured,400,303,13,medium,0,77.73,46.6,3,370.0,796.0,0.0,309.0,623.0,0.0,1,2,0,-0.05906957249815979,0.04503635221589062,-0.0033785228280216214,-0.2772625964695966,0.24848286266112285,-0.019890009272293185,-0.19306220325639192,0.12694212692626955,-0.015206581457585374,27.97,25.66,2,489.0,490.0,0.0,417.0,404.0,0.0,1,1,0,-0.05603591519358965,0.005983653076820222,-0.0019089954172560267,-0.06552416837327699,0.026809200944957035,-0.005547310292540086,-0.062413176218828886,0.021427427527700632,-0.0051634459397960015,18.52,25.8,3,926.0,0.0,0.0,774.0,0.0,0.0,3,0,0,0.04384975346858212,-0.039408912002664394,-0.0008040335321537115,0.0563436297398002,-0.06531740964187896,-0.0015371429092634428,0.07650363569153087,-0.09728473228676926,-0.0024136998166591375
92,least_connections,4981,measured,385,347,13,medium,1,77.73,46.6,3,370.0,796.0,0.0,309.0,623.0,0.0,1,2,0,-0.05344389892690647,0.04074717581437723,-0.0030567587491624193,-0.2508566349010637,0.22481782812196827,-0.01799572267493193,-0.1746753267557832,0.11485240055233911,-0.013758335604482006,38.97,36.5,3,489.0,875.0,0.0,417.0,751.0,0.0,1,2,0,-0.05069916136562873,0.04849768158197566,-0.00172718632989831,-0.059283771385345824,0.1237797532359135,-0.005018995026583887,-0.05646906419798803,0.11749683919172912,-0.0046716891836249535,15.34,22.4,2,767.0,0.0,0.0,672.0,0.0,0.0,2,0,0,-0.003410313755183053,-0.03565568228812493,-0.0007274589100438342,0.022206141193152562,-0.05909670396170001,-0.0013907483464764483,0.03845567038757555,-0.08801951968802933,-0.0021838236436439815
92,least_connections,4982,measured,357,318,11,medium,2,77.73,46.6,3,766.0,400.0,0.0,629.0,303.0,0.0,2,1,0,-0.0052701035642532534,-0.006217407823273208,-0.002765638868289808,0.011891616041894815,-0.03545053646107632,-0.016281844324938413,-0.013277676588565768,-0.04084782807169318,-0.012448017927864673,38.97,36.5,3,489.0,875.0,0.0,417.0,751.0,0.0,1,2,0,-0.045870669806997416,0.04387885476464465,-0.0015626923937175185,-0.05363769792007478,0.11199120530868364,-0.004540995500242564,-0.051091058083893914,0.10630666403061206,-0.004226766404232101,22.48,33.0,3,767.0,357.0,0.0,672.0,318.0,0.0,2,1,0,-0.00308552196897513,0.010823997204168143,-0.0006581771090872785,0.020091270603328493,0.011131553558461897,-0.0012582961230025009,0.03479322558875883,0.016268053615592512,-0.0019758404394874117
92,least_connections,4983,measured,484,406,17,heavy,0,100.0,66.9,4,766.0,400.0,484.0,629.0,303.0,406.0,2,1,1,-0.0047681889390862875,-0.005625273744866238,0.04058165553639992,0.010759081180761965,-0.03207429489335478,0.27720531545203986,-0.012013135961083332,-0.03695755873153192,0.1724041742557415,38.97,36.5,3,489.0,875.0,0.0,417.0,751.0,0.0,1,2,0,-0.04150203458728337,0.039699916215630876,-0.0014138645466968025,-0.048529345737210516,0.10132537623166615,-0.004108519738314701,-0.04622524302828496,0.09618221983722045,-0.0038242172228766624,22.48,33.0,3,767.0,357.0,0.0,672.0,318.0,0.0,2,1,0,-0.0027916627338346323,0.009793140327580704,-0.0005954935748884901,0.018177816260154356,0.010071405600513145,-0.0011384583970022626,0.03147958505649606,0.014718715176012268,-0.0017876651595362296
92,least_connections,4984,measured,414,401,17,heavy,1,100.0,66.9,4,766.0,400.0,484.0,629.0,303.0,406.0,2,1,1,-0.004314075706792347,-0.005089533388212317,0.036716735961504696,0.009734406782594185,-0.029019600141606705,0.2508048092185122,-0.010869027774313478,-0.0334377912332908,0.155984729088528,50.8,49.03,4,979.0,385.0,414.0,821.0,347.0,401.0,2,1,1,0.005534440362072429,-0.007164928412615151,0.04180468944641264,0.08275916338061906,-0.034991326266587755,0.10330317601907582,0.07240335154583744,-0.02720418205203863,0.10991797013168302,22.48,33.0,3,767.0,357.0,0.0,672.0,318.0,0.0,2,1,0,-0.0025257900925170496,0.008860460296382544,-0.0005387799010895863,0.01644659566394918,0.00911222411474999,-0.0010300337877639518,0.028481529336829764,0.013316932778296806,-0.0016174113348184935
92,least_connections,4985,measured,158,105,1,light,2,100.0,66.9,4,766.0,400.0,484.0,629.0,303.0,406.0,2,1,1,-0.0039032113537645075,-0.004604815922668287,0.03321990396517091,0.008807320422347109,-0.026255828699548955,0.22691863691198727,-0.009833882271997885,-0.030253239687263095,0.1411290406039063,36.83,36.0,3,490.0,385.0,414.0,404.0,347.0,401.0,1,1,1,-0.03807654942297754,-0.00648255427808038,0.0378232904515162,-0.051530824968555516,-0.0316588190031032,0.09346477830297337,-0.05239399145852805,-0.0246133075708921,0.09944959202390369,17.8,24.93,3,533.0,357.0,0.0,430.0,318.0,0.0,2,1,0,-0.0022852386551344694,0.008016606934822298,-0.00048746752955724473,-0.027462603923093604,0.008244393246678569,-0.0009319353317864326,-0.04721512425080482,0.012048653466078071,-0.001463372160073875
92,least_connections,4986,measured,459,437,18,heavy,1,85.33,51.45,3,796.0,484.0,0.0,623.0,406.0,0.0,2,1,0,-0.0035314769391202594,-0.004166262025271303,-0.013027796639221781,0.026063766096409258,0.02691139308136048,-0.08662916977804327,-0.011611607769902887,0.019223259330571507,-0.055978487072656215,49.94,49.66,4,490.0,385.0,873.0,404.0,347.0,838.0,1,1,2,-0.03445021138269397,-0.005865168156358444,0.07730497254003393,-0.046623127352502625,-0.028643693383760035,0.20321643207003712,-0.04740408751009681,-0.022269183040330945,0.21353474992638907,14.64,21.43,2,732.0,0.0,0.0,643.0,0.0,0.0,2,0,0,-0.002067596878455008,-0.03583077966668005,-0.00044104205055179284,0.011162405974343897,-0.05714078706252892,-0.0008431795859020104,0.021519649487367037,-0.08500359924497698,-0.0013240033829239823
92,least_connections,4987,measured,396,327,8,medium,2,85.33,51.45,3,796.0,484.0,0.0,623.0,406.0,0.0,2,1,0,-0.003195145802061178,-0.003769475165721653,-0.01178705410215304,0.023581502658655995,0.024348403264088048,-0.07837877265632487,-0.010505740363245475,0.017392472727659924,-0.0506472025895461,49.94,49.66,4,875.0,414.0,459.0,751.0,401.0,437.0,2,1,1,0.011914661356700912,-0.005306580712895734,0.026858693976130475,0.05734098001440238,-0.01841912394585092,0.07684207799533972,0.05522070653848385,-0.004880451322204188,0.07982013088578058,15.06,21.5,2,357.0,396.0,0.0,318.0,327.0,0.0,1,1,0,-0.044954583116788085,0.010665575766427793,-0.0003990380457373364,-0.057757823166069824,0.01995833551485479,-0.0007628767681970571,-0.07854571395587427,0.021711029254544642,-0.0011979078226455077
92,least_connections,4988,measured,177,114,2,light,2,85.33,51.45,3,796.0,484.0,0.0,623.0,406.0,0.0,2,1,0,-0.0028908462018648884,-0.0034104775308910207,-0.010664477520995606,0.021335645262593572,0.022029507715127294,-0.07091412764143679,-0.00950519366198399,0.015736046753597077,-0.04582365948577981,49.94,49.66,4,875.0,414.0,459.0,751.0,401.0,437.0,2,1,1,0.010779931703681772,-0.004801192073572325,0.024300723121260907,0.05187993429874502,-0.016664921665293694,0.06952378485292642,0.04996159163005681,-0.0044156464343752255,0.07221821365856337,18.6,25.3,3,930.0,0.0,0.0,759.0,0.0,0.0,3,0,0,0.04549460620499218,-0.033434093580941744,-0.00036103442233378056,0.05142863618307966,-0.05359960120084567,-0.0006902218378925755,0.061934830230399474,-0.07897573543636437,-0.0010838213633459356
92,least_connections,4989,measured,200,104,5,light,0,72.27,40.65,3,600.0,484.0,0.0,407.0,406.0,0.0,2,1,0,-0.002615527515972993,-0.0030856701469966358,-0.0096488129951865,-0.09891854317511373,0.019931459361305637,-0.06416040119939519,-0.10631422283703315,0.014237375634206878,-0.041459501439515066,49.94,49.66,4,875.0,414.0,459.0,751.0,401.0,437.0,2,1,1,0.009753271541426356,-0.0043439356856130595,0.021986368538283677,0.04693898817505501,-0.015077786268599055,0.06290247200979056,0.04520334480814664,-0.003995108678720438,0.065340288548224,18.6,25.3,3,930.0,0.0,0.0,759.0,0.0,0.0,3,0,0,0.0411617865664215,-0.030249894192280625,-0.0003266501916353253,0.04653067083231016,-0.04849487727695561,-0.0006244864247599493,0.05603627497036143,-0.07145423682337729,-0.0009806002811225132
92,least_connections,4990,measured,404,438,21,heavy,0,99.2,62.55,4,600.0,484.0,404.0,407.0,406.0,438.0,2,1,1,-0.002366429657308905,-0.002791796799663626,0.03435402180254101,-0.08949772953938862,0.018033225136419417,0.1856326528830869,-0.09618905875731573,0.012881435097615745,0.16063187964996256,49.94,49.66,4,875.0,873.0,0.0,751.0,838.0,0.0,2,2,0,0.008824388537480993,0.03915367270167888,-0.023191471549262613,0.042468608348859294,0.10501125460051922,-0.06174130083467929,0.04089826435022792,0.11994192548115773,-0.064439143694464,15.06,21.5,2,753.0,0.0,0.0,645.0,0.0,0.0,2,0,0,-0.005842283809518872,-0.0273689518882539,-0.0002955406495748181,0.010070606943518745,-0.043876317536293175,-0.0005650115271637636,0.016318534496993664,-0.06464907141162707,-0.0008872097781584643
92,least_connections,4991,measured,395,324,12,medium,2,99.2,62.55,4,600.0,484.0,404.0,407.0,406.0,438.0,2,1,1,-0.002141055404231873,-0.002525911390171859,0.03108221020229901,-0.080974136249923,0.01631577512342708,0.1679533526085072,-0.08702819601852377,0.011654631754985656,0.14533360539758516,35.94,37.03,3,385.0,873.0,0.0,347.0,838.0,0.0,1,2,0,-0.03509992964522694,0.03542475149199518,-0.020982759973142365,-0.0882426876843654,0.0950101827338031,-0.055861176945662214,-0.07722299892122235,0.10851888495914272,-0.05830208239022934,22.96,32.3,3,753.0,395.0,0.0,645.0,324.0,0.0,2,1,0,-0.005285875827659936,0.01832151518500384,-0.00026739392104388303,0.00911150152032647,0.0317785698481157,-0.0005112009055291195,0.014764388354422842,0.039222268722813605,-0.0008027136088100392
92,least_connections,4992,measured,462,442,14,heavy,1,99.2,62.55,4,600.0,484.0,404.0,407.0,406.0,438.0,2,1,1,-0.0019371453657336113,-0.002285348400631687,0.02812199970684196,-0.07326231374993031,0.01476189177833881,0.15195779521722078,-0.07873979639771198,0.010544666825939408,0.1314923096454342,49.14,50.84,4,385.0,1335.0,0.0,347.0,1280.0,0.0,1,3,0,-0.031757079202824376,0.07513486586237206,-0.01898440188046214,-0.07983862219061631,0.2053901653305838,-0.050541064855599144,-0.06986842759539165,0.22315399115351006,-0.052749503114969405,22.96,32.3,3,753.0,395.0,0.0,645.0,324.0,0.0,2,1,0,-0.004782459082168511,0.016576608976908234,-0.000241927833325418,0.00824373947077156,0.0287520393863904,-0.0004625151050025367,0.013358256130192092,0.03548681455873612,-0.0007262646936852736
92,least_connections,4993,measured,444,412,14,heavy,2,72.53,47.4,3,684.0,0.0,404.0,510.0,0.0,438.0,2,0,1,-0.0017526553309018256,-0.04515159639875747,0.02544371402047606,-0.015618283868984562,-0.278580510613249,0.13748562424415212,-0.024645530074120348,-0.17412625382415006,0.11896923253634524,49.14,50.84,4,385.0,1335.0,0.0,347.0,1280.0,0.0,1,3,0,-0.02873259546922205,0.06797916435166995,-0.01717636360613241,-0.0722349438867481,0.18582919720386154,-0.04572763010744684,-0.06321429163392576,0.201901230091271,-0.04772574091354375,24.7,35.43,3,396.0,839.0,0.0,327.0,736.0,0.0,1,2,0,-0.04741088701538601,0.058081784539198156,-0.0002188870872944258,-0.05714137857406386,0.10635660706387703,-0.0004184660473832475,-0.0838187206441119,0.15636108618806283,-0.0006570966276200095
92,least_connections,4994,measured,160,112,5,light,0,69.87,47.8,3,644.0,0.0,404.0,518.0,0.0,438.0,2,0,1,-0.001585735775577829,-0.040851444360780566,0.023020503161383103,-0.03825781238939874,-0.2520490334119872,0.12439175526851859,-0.01867928911468031,-0.1575428010789929,0.1076388294376457,38.14,40.0,3,414.0,921.0,0.0,401.0,879.0,0.0,1,2,0,-0.025996157805486614,0.0184210579961821,-0.01554051945316742,-0.05785882678188774,0.061110770259276054,-0.041372617716261426,-0.041926025764028096,0.06929456532067371,-0.04318043225511101,24.7,35.43,3,396.0,839.0,0.0,327.0,736.0,0.0,1,2,0,-0.042895564442492096,0.052550186011655474,-0.00019804069802829,-0.05169934251939111,0.09622740639112684,-0.0003786121381086525,-0.07583598534467266,0.14146955417015206,-0.0005945159964181038
92,least_connections,4995,measured,195,120,5,light,0,82.87,53.8,4,839.0,0.0,404.0,638.0,0.0,438.0,3,0,1,0.04164918690599648,-0.0369608306121348,0.020828074288870426,0.08300483640959166,-0.22804436356322652,0.11254492143342157,0.03738540508671778,-0.1425387247857555,0.09738751234834611,38.14,40.0,3,414.0,921.0,0.0,401.0,879.0,0.0,1,2,0,-0.023520333252583125,0.016666671520355225,-0.01406046998143719,-0.05234846232646985,0.05529069690124977,-0.03743236840995082,-0.03793307092935877,0.06269508290918097,-0.039068010135576633,16.78,24.53,2,0.0,839.0,0.0,0.0,736.0,0.0,0,2,0,-0.08189417281758354,0.04754540639149781,-0.00017917967916845285,-0.11843273846992529,0.0870628914967338,-0.0003425538392411618,-0.16723255816898955,0.12799626329680425,-0.0005378954253306654
92,least_connections,4996,measured,171,113,7,light,2,82.87,53.8,4,839.0,0.0,404.0,638.0,0.0,438.0,3,0,1,0.037682597676853946,-0.033440751506217205,0.018844448166120863,0.07509961389439246,-0.20632585274768114,0.10182635748738142,0.03382489031655417,-0.12896360813949306,0.08811251117231314,38.14,40.0,3,414.0,921.0,0.0,401.0,879.0,0.0,1,2,0,-0.021280301514241873,0.015079369470797577,-0.012721377602252695,-0.047362894485853665,0.05002491624398789,-0.033867380942336454,-0.03432039750751509,0.0567241226321161,-0.035347247265521714,20.2,28.3,3,566.0,444.0,0.0,437.0,412.0,0.0,2,1,0,0.012073072666177243,-6.662777730696845e-05,-0.00016211494781907638,-0.004734382425170505,0.007294997068473433,-0.0003099296640753369,-0.019511997073530213,0.018091857268537195,-0.00048666728958488773
92,least_connections,4997,measured,354,304,8,medium,1,82.87,53.8,4,839.0,404.0,0.0,638.0,438.0,0.0,3,1,0,0.034093778850486894,0.012827982197322757,-0.02603416140979087,0.06794726971397413,0.05700676814892339,-0.1515539305272898,0.030603472191168046,0.0814614973976015,-0.11842201370124049,48.26,49.5,4,873.0,816.0,0.0,838.0,746.0,0.0,2,2,0,0.023830294094824248,0.013643239045007333,-0.011509817830609581,0.07580091859443172,0.018117781363608115,-0.030641916090685364,0.09250475939796257,0.013717658571914593,-0.031980842764043456,20.2,28.3,3,566.0,444.0,0.0,437.0,412.0,0.0,2,1,0,0.01092325622177942,-6.028227470630809e-05,-0.00014667542897916434,-0.004283488860868545,0.0066002354429045285,-0.0002804125532110191,-0.0176537116379559,0.016368823242962224,-0.00044031802391013655
92,least_connections,4998,measured,415,412,14,heavy,2,82.87,53.8,4,839.0,404.0,0.0,638.0,438.0,0.0,3,1,0,0.03084675229329767,0.011606269607101538,-0.023554717466001265,0.061476101169786135,0.05157755213474022,-0.1371202228580241,0.027688855792009193,0.07370325955021087,-0.10714372668207472,48.26,49.5,4,1227.0,462.0,0.0,1142.0,442.0,0.0,3,1,0,0.06464464250302693,-0.03074001728127454,-0.01041364470388486,0.16009198757183282,-0.07511792570503484,-0.027723638367762947,0.16964716326482326,-0.07354116605398203,-0.028935048215086936,28.5,42.03,4,566.0,859.0,0.0,437.0,824.0,0.0,2,2,0,0.009882946105419482,0.043029359121070705,-0.0001327063405049582,-0.0038755375407858172,0.08106687968643744,-0.0002537065957623506,-0.01597240576767439,0.1390638559499817,-0.00039838297401393306
92,least_connections,4999,measured,351,348,6,medium,0,95.6,65.6,4,1030.0,404.0,0.0,874.0,438.0,0.0,3,1,0,0.027908966360602652,0.010500910596901392,-0.02131141104066781,0.1708275835980605,0.046665404312384,-0.12406115401440276,0.13181372666896068,0.06668390149780984,-0.09693956223616285,48.26,49.5,4,1689.0,0.0,0.0,1584.0,0.0,0.0,4,0,0,0.1015719101104484,-0.0708962968145772,-0.009421869017800587,0.2642737030411821,-0.187392408971222,-0.025083291856547427,0.27846052866817345,-0.1915074835726504,-0.02617932933745961,28.5,42.03,4,566.0,859.0,0.0,437.0,824.0,0.0,2,2,0,0.008941713142998575,0.038931324919063974,-0.0001200676414092479,-0.003506438727377645,0.07334622447820531,-0.00022954406283260293,-0.014451224265991103,0.1258196791928406,-0.0003604417383935585
92,least_connections,5000,measured,385,344,10,medium,0,76.0,56.5,3,351.0,789.0,0.0,348.0,782.0,0.0,1,2,0,-0.060916830889159945,0.052584724100144344,-0.019281752846318497,-0.2549972656335008,0.2744433023143792,-0.11224580601303107,-0.11869234253760702,0.2159521013551613,-0.08770722297557591,48.26,49.5,4,1689.0,0.0,0.0,1584.0,0.0,0.0,4,0,0,0.09189839486183426,-0.06414426854652222,-0.008524548158962435,0.2391047789420219,-0.16954551287872466,-0.022694406917828626,0.2519404783188236,-0.17326867561335038,-0.023686059876749172,28.5,42.03,4,1010.0,415.0,0.0,849.0,412.0,0.0,3,1,0,0.05117402164185131,-0.007860320538080431,-0.00010863262794170048,0.07717036496094405,-0.013981987376861862,-0.00020768272351521217,0.11117905106092865,-0.010417115650922015,-0.00032611395378464816
92,least_connections,5001,measured,466,408,20,heavy,0,100.0,76.9,4,351.0,789.0,466.0,348.0,782.0,408.0,1,2,1,-0.055115227947335185,0.047576655138225836,0.025638504794373965,-0.2307118117636436,0.24830584495110497,0.1795236358294798,-0.10738830991497778,0.19538523455943166,0.10521727445066939,36.43,36.97,3,1275.0,0.0,0.0,1183.0,0.0,0.0,3,0,0,0.04006226655299744,-0.05803529058971058,-0.007712686429537441,0.10931248706999258,-0.15339832117598898,-0.020533034830416377,0.11456817085988802,-0.1567668969835075,-0.02143024465039211,28.5,42.03,4,1010.0,415.0,0.0,849.0,412.0,0.0,3,1,0,0.04630030529500832,-0.007111718582072768,-9.828666337582424e-05,0.0698208063932351,-0.012650369531446437,-0.0001879034165137634,0.10059057000750687,-0.009425009398453255,-0.00029505548199563407
92,least_connections,5002,measured,199,118,2,light,1,100.0,76.9,4,351.0,789.0,466.0,348.0,782.0,408.0,1,2,1,-0.04986615861901754,0.04304554512506147,0.023196742433005017,-0.2087392582623442,0.22465766924147595,0.16242614670286268,-0.09716085182783701,0.17677711698234294,0.09519658164584374,42.11,40.66,4,1474.0,0.0,0.0,1301.0,0.0,0.0,4,0,0,0.07933071282232648,-0.052508120057357194,-0.0069781448648195896,0.1503439508864559,-0.13878895725446622,-0.018577507703710056,0.13702001173037487,-0.14183671631841155,-0.019389268969402386,28.5,42.03,4,1010.0,415.0,0.0,849.0,412.0,0.0,3,1,0,0.04189075240976943,-0.006434412050446786,-8.892602876860289e-05,0.06317120578435556,-0.011445572433213438,-0.00017000785303626214,0.09101051572107766,-0.008527389455743412,-0.0002669549599008118
92,least_connections,5003,measured,366,314,9,medium,0,100.0,92.6,5,736.0,770.0,466.0,692.0,752.0,408.0,2,2,1,-0.00203310042854421,0.03894596939886514,0.02098752886795692,0.04336289331819648,0.19180138328197027,0.14695698987401862,0.06771161025100458,0.14636977250783406,0.08613024053671578,42.11,40.66,4,1474.0,0.0,0.0,1301.0,0.0,0.0,4,0,0,0.07177540683924777,-0.04750734671856127,-0.006313559639598676,0.1360254793734601,-0.12557096132546944,-0.01680822125573767,0.12397048680367251,-0.12832845762141998,-0.017542671924697398,17.18,27.47,2,444.0,415.0,0.0,412.0,412.0,0.0,1,1,0,-0.04826664351134238,-0.005821610902785185,-8.04568831715931e-05,-0.045264147147487846,-0.010355517915764542,-0.00015381662893757051,-0.04945080323648526,-0.007715257126624991,-0.0002415306780054964
92,least_connections,5004,measured,434,430,17,heavy,2,100.0,92.6,5,1140.0,366.0,466.0,1130.0,314.0,408.0,3,1,1,0.04124442841045546,-0.007847070770641285,0.018988716594818166,0.28291563363709843,-0.0701479548083761,0.13296108607649304,0.2594057426080517,-0.06571306296910251,0.07792736048559998,23.31,23.31,2,816.0,0.0,0.0,746.0,0.0,0.0,2,0,0,-0.021228146646576268,-0.04298283750726972,-0.005712268245351183,-0.047024566281155145,-0.11361182215161521,-0.015207438279000748,-0.04475586908239157,-0.11610669975271332,-0.01587194126520241,25.86,41.8,3,444.0,415.0,434.0,412.0,412.0,430.0,1,1,1,-0.04366982031978596,-0.0052671717691865905,0.043011105903887834,-0.04095327599058422,-0.00936927811426315,0.07839416590715173,-0.04474120292824857,-0.006980470733613076,0.129464011926249
92,least_connections,5005,measured,354,334,14,medium,1,100.0,75.2,4,1155.0,0.0,466.0,1096.0,0.0,408.0,3,0,1,0.0373163876094597,-0.05018363092400424,0.017180267395311675,0.2650189066240415,-0.28422910196948314,0.12029812549777943,0.21931948140728497,-0.20150229506728323,0.07050570710601903,23.31,24.25,2,462.0,354.0,0.0,442.0,334.0,0.0,1,1,0,-0.06229031862127875,0.00419466629160857,-0.00516824269817488,-0.134056240240773,-0.011281444531733478,-0.01375911082385782,-0.12644578631263997,-0.010614395014359679,-0.014360327811373608,25.86,41.8,3,859.0,0.0,434.0,824.0,0.0,430.0,2,0,1,0.003573110413617686,-0.04784943658935476,0.038914810103517564,0.03804227410375713,-0.08357220400814286,0.07092805486837536,0.08377383227126717,-0.13056963225104676,0.117134106028511
92,least_connections,5006,measured,191,125,5,light,1,100.0,75.2,4,1155.0,0.0,466.0,1096.0,0.0,408.0,3,0,1,0.033762445932368296,-0.0454042375026705,0.01554405145290104,0.23977901075508512,-0.25715966368667525,0.10884116116465758,0.1984319117494483,-0.18231160029897053,0.06379087785782675,15.57,14.34,2,191.0,354.0,0.0,125.0,334.0,0.0,1,1,0,-0.056357907324014106,0.003795174263836326,-0.00467602910787251,-0.19134340103416878,-0.010207021242996953,-0.012448719316823743,-0.2040313066638171,-0.009603500251087332,-0.01299267754362374,25.86,41.8,3,859.0,0.0,434.0,824.0,0.0,430.0,2,0,1,0.003232814183749322,-0.043292347390368593,0.03520863771270637,0.03441920037958979,-0.07561294648355782,0.06417300202376819,0.07579537205495601,-0.1181344291795185,0.10597847688293852
92,least_connections,5007,measured,479,410,13,heavy,1,100.0,75.2,4,1155.0,466.0,0.0,1096.0,408.0,0.0,3,1,0,0.030546974891190362,0.0020038758195792955,-0.02902023462651357,0.2169429144926961,0.04841109793427789,-0.182604028787532,0.17953363443997705,0.01962283782474092,-0.1268558724143472,29.26,27.16,3,191.0,833.0,0.0,125.0,744.0,0.0,1,2,0,-0.0509904875788699,0.046517629322609284,-0.004230693002360843,-0.17312021998329558,0.11458820526994151,-0.011263127000935768,-0.18459975364821546,0.10723373786806387,-0.011755279682326241,16.98,28.07,2,415.0,434.0,0.0,412.0,430.0,0.0,1,1,0,-0.04015897310812702,0.0039146335402334,-0.011228466105737323,-0.049201675847037815,0.010121619848209584,-0.02047204578801926,-0.05567720306138901,0.022799008520118194,-0.03379725107416674
92,least_connections,5008,measured,390,338,11,medium,2,100.0,75.2,4,1155.0,466.0,0.0,1096.0,408.0,0.0,3,1,0,0.027637739187267474,0.001813030503428889,-0.0262564027573218,0.1962816845410107,0.04380051717863237,-0.16521316890300516,0.16243519306474113,0.017753996127146537,-0.11477436075583795,29.26,27.16,3,191.0,833.0,0.0,125.0,744.0,0.0,1,2,0,-0.04613425066659657,0.04208737891093221,-0.003827769859278858,-0.15663257998488647,0.10367504286328041,-0.010190448238941885,-0.1670188247293378,0.09702100092824825,-0.010635729236390409,24.78,39.33,3,415.0,824.0,0.0,412.0,768.0,0.0,1,2,0,-0.03633430900259112,0.04662571152506378,-0.010159088381381387,-0.04451580195684375,0.07972908462457058,-0.018522327141541235,-0.05037461229363768,0.12256418231185295,-0.030578465257579433
92,least_connections,5009,measured,173,117,6,light,1,100.0,75.2,4,1155.0,466.0,0.0,1096.0,408.0,0.0,3,1,0,0.025005573550384852,0.0016403609316737594,-0.0237557929709102,0.17758819077520016,0.03962903935209594,-0.14947858138843326,0.14696517467762293,0.016063139353132583,-0.10384346925528196,34.2,30.81,4,364.0,833.0,0.0,242.0,744.0,0.0,2,2,0,0.0013433877188842869,0.038079057109891054,-0.003463220348871348,-0.09699410297952317,0.0938012292572537,-0.009219929359042658,-0.11803191285035325,0.08778090560174842,-0.009622802642448466,24.78,39.33,3,415.0,824.0,0.0,412.0,768.0,0.0,1,2,0,-0.032873898621391964,0.0421851675702958,-0.009191556154583159,-0.04027620177047768,0.07213583846984957,-0.016758295985203973,-0.0455770301704341,0.11089140304405742,-0.027666230471143298
92,least_connections,5010,measured,431,404,17,heavy,2,82.4,58.0,3,770.0,466.0,0.0,752.0,408.0,0.0,2,1,0,-0.02045980987164725,0.0014841360810381593,-0.021493336497490183,-0.0715471924732316,0.03585484512808679,-0.13524252601810627,-0.022650556244055486,0.014533316557596127,-0.0939536150404932,34.2,30.81,4,364.0,833.0,0.0,242.0,744.0,0.0,2,2,0,0.0012154460313714976,0.03445248024228238,-0.0031333898394550292,-0.08775656936242575,0.08486777885180097,-0.008341840848657644,-0.10679077829317676,0.07942081935396286,-0.008706345247929565,33.4,52.8,4,415.0,824.0,431.0,412.0,768.0,404.0,1,2,1,-0.02974305113364034,0.03816753256360096,0.0347677303726107,-0.03644037303043218,0.06526575861557818,0.06282820839433925,-0.041236360630392765,0.10033031703986148,0.09680991846261637
92,least_connections,5011,measured,429,402,15,heavy,0,84.07,56.2,3,366.0,466.0,429.0,314.0,408.0,402.0,1,1,1,-0.06159515677729535,0.0013427897876059497,0.023637548157599584,-0.30841571382498734,0.03244009797303088,0.13639961931695144,-0.21863621755414545,0.013149191171158398,0.0968514911538395,28.74,26.91,3,173.0,833.0,0.0,117.0,744.0,0.0,1,2,0,-0.04198421096027839,0.031171291647779292,-0.0028349717595069312,-0.12877295051158247,0.07678513324686753,-0.007547379815452154,-0.13196248988430279,0.07185693179644259,-0.007877169510031512,33.4,52.8,4,415.0,824.0,431.0,412.0,768.0,404.0,1,2,1,-0.026910379597103157,0.03453252946230563,0.03145651795617159,-0.03296986131324817,0.05904997208076121,0.056844569499640285,-0.037309088189402984,0.09077504875035086,0.08758992622808148
92,least_connections,5012,measured,355,312,12,medium,0,83.33,56.1,3,0.0,1250.0,0.0,0.0,1122.0,0.0,0,3,0,-0.09881285159669126,0.08738270549944392,-0.021697547131786316,-0.49980469346070283,0.5022394537216311,-0.13535272537990106,-0.3398613396918459,0.33489688725009575,-0.09422960324176428,28.74,26.91,3,527.0,479.0,0.0,451.0,410.0,0.0,2,1,0,0.005098185548410239,-0.014881303021623715,-0.0025649744490776998,-0.024998655905037193,-0.022037940667800127,-0.006828581737790044,-0.024960109895321575,-0.029421109327028128,-0.007126962890028511,25.1,39.07,3,390.0,434.0,431.0,338.0,430.0,404.0,1,1,1,-0.024347486302140953,-0.011840183094195128,0.028460659103202862,-0.03435368404531977,-0.017145263355501775,0.05143080097586501,-0.05607330201263444,-0.01980670192428574,0.07924802849207371
92,least_connections,5013,measured,393,330,11,medium,0,100.0,72.6,4,0.0,1643.0,0.0,0.0,1452.0,0.0,0,4,0,-0.08940210382557781,0.12214444329768281,-0.01963111407161619,-0.4522042464644454,0.6052007755894122,-0.12246198962943429,-0.3074935930545272,0.4522876598929437,-0.08525535531397721,28.74,26.91,3,1006.0,0.0,0.0,861.0,0.0,0.0,3,0,0,0.04769654429436662,-0.056547936293940726,-0.002320691168213157,0.10120529771857176,-0.14376221842732936,-0.006178240619905278,0.09333966247566142,-0.14254171796254925,-0.006448204519549605,25.1,39.07,3,390.0,865.0,0.0,338.0,834.0,0.0,1,2,0,-0.022028678082889427,0.03237135361772368,-0.017333780085764302,-0.031081904612432168,0.0624780950593079,-0.03145784673612213,-0.05073298753524069,0.1039209204812018,-0.05014067263415552
92,least_connections,5014,measured,395,305,7,medium,1,100.0,72.6,4,466.0,1177.0,0.0,408.0,1044.0,0.0,1,3,0,-0.037803717520193986,0.06742773894733661,-0.017761484160033696,-0.12805781029322844,0.3527372096602619,-0.11079894299805959,-0.09363706038266748,0.22464121609361576,-0.077135797665027,40.03,36.44,4,1401.0,0.0,0.0,1166.0,0.0,0.0,4,0,0,0.08623791649308907,-0.051162418551660656,-0.002099672961716666,0.19367554147326563,-0.13007057857710752,-0.005589836751342871,0.17068528985893178,-0.12896631625183028,-0.0058340898034020235,25.1,39.07,3,824.0,431.0,0.0,768.0,404.0,0.0,2,1,0,0.02315319148509551,-0.013795532667864513,-0.015682943887120084,0.05041161011256137,-0.022005533041578554,-0.02846186133268193,0.08378126524589333,-0.035658849723357144,-0.04536537047852166
92,least_connections,5015,measured,385,348,5,medium,2,100.0,72.6,4,466.0,1177.0,0.0,408.0,1044.0,0.0,1,3,0,-0.0342033634706517,0.06100604952378075,-0.016069914240030486,-0.11586182836054004,0.3191431896926179,-0.1002466627125301,-0.0847192451081277,0.20324681456089044,-0.06978953122073871,35.09,32.78,3,1228.0,0.0,0.0,1049.0,0.0,0.0,3,0,0,0.03494088136222798,-0.04628980726102631,-0.0018997041082198405,0.13050916337377094,-0.1176829044269068,-0.005057471346453074,0.12134919082474782,-0.11668380994213215,-0.005278462203078022,32.8,50.67,4,1209.0,431.0,0.0,1116.0,404.0,0.0,3,1,0,0.06403202585612949,-0.012481672413782174,-0.014189330183584838,0.11527717105422217,-0.019909767989999647,-0.025751207872426508,0.18075447807961778,-0.03226276879732312,-0.041044859004376745
92,least_connections,5016,measured,162,104,5,light,1,100.0,72.6,4,466.0,1177.0,0.0,408.0,1044.0,0.0,1,3,0,-0.030945900282970576,0.055195949569134956,-0.01453944621717044,-0.10482736851667912,0.2887486001980829,-0.09069936150181296,-0.07665074557402027,0.18388997507890087,-0.06314290919971598,39.71,36.03,4,1390.0,0.0,0.0,1153.0,0.0,0.0,4,0,0,0.07469707860210649,-0.041881254188547615,-0.0017187799074369985,0.15995727026334378,-0.1064750087672014,-0.004575807408695638,0.1391968869366766,-0.10557106613811956,-0.004775751517070591,32.8,50.67,4,1209.0,431.0,0.0,1116.0,404.0,0.0,3,1,0,0.05793373767935525,-0.011292941707707685,-0.012837965404195807,0.10429839285858197,-0.01801359960999968,-0.023298711884576363,0.16353976588155894,-0.029190124149959,-0.03713582481348372
92,least_connections,5017,measured,156,102,5,light,0,100.0,77.7,5,1370.0,429.0,0.0,1152.0,402.0,0.0,4,1,0,0.10125302899567967,-0.03622860798620216,-0.013154737053630398,0.45042603165951256,-0.18992586966205194,-0.08206132707306887,0.26722075400445783,-0.12405192730956588,-0.057129298799743024,39.71,36.03,4,1390.0,0.0,0.0,1153.0,0.0,0.0,4,0,0,0.06758307111619159,-0.03789256331344784,-0.001555086582919189,0.14472324452397767,-0.09633453174175365,-0.004140016226915101,0.125940040561755,-0.09551667888687009,-0.0043209180392543445,32.8,50.67,4,1209.0,431.0,0.0,1116.0,404.0,0.0,3,1,0,0.052416238852749986,-0.01021742344983076,-0.011615302032367636,0.09436521258633607,-0.016298018694761607,-0.02107978694318814,0.14796455008331524,-0.026410112326153395,-0.03359907959315194
92,least_connections,5018,measured,405,432,17,heavy,1,100.0,77.7,5,1370.0,429.0,0.0,1152.0,402.0,0.0,4,1,0,0.09160988337704351,-0.03277826436846862,-0.011901904953284647,0.4075283143586066,-0.17183769159899936,-0.07424596258991946,0.2417711583849857,-0.11223745804198815,-0.0516884131997675,51.29,49.53,5,1390.0,0.0,405.0,1153.0,0.0,432.0,4,0,1,0.06114658815274476,-0.03428374775978614,0.04167691712792572,0.13094007837883692,-0.08715981443301521,0.10094814858381151,0.11394575098444498,-0.0864198523262158,0.11823345510734132,32.8,50.67,4,1209.0,431.0,0.0,1116.0,404.0,0.0,3,1,0,0.047424216104869035,-0.009244335502227835,-0.010509082791189766,0.0853780494828755,-0.014745826438117643,-0.01907218818669403,0.13387268817061856,-0.0238948635331864,-0.030399167250946994
92,least_connections,5019,measured,180,101,9,light,2,100.0,77.7,5,1799.0,0.0,0.0,1554.0,0.0,0.0,5,0,0,0.1259690328059872,-0.07274042513156231,-0.010768390195828967,0.4471287923561996,-0.41423410192290416,-0.06717491853373665,0.40060247663403475,-0.28340531918084644,-0.04676570718074202,41.17,39.09,4,1036.0,0.0,405.0,819.0,0.0,432.0,3,0,1,0.012239203340011717,-0.031018628925520795,0.03770768692526613,0.02695939064207692,-0.078858879725109,0.09133403919487708,0.008659250890688308,-0.07818939019990953,0.1069731260494993,28.6,42.77,4,819.0,611.0,0.0,778.0,505.0,0.0,2,2,0,-0.00017627613187584656,0.034719977629503615,-0.009508217763457408,0.006675378103554036,0.019229966555988798,-0.017255789311770787,0.019186400408337467,0.008841155216005953,-0.027504008465142518
92,least_connections,5020,measured,355,301,13,medium,1,100.0,77.7,5,1799.0,0.0,0.0,1554.0,0.0,0.0,5,0,0,0.11397198206255987,-0.06581276559522305,-0.009742829224797637,0.4045450978460854,-0.3747832350731038,-0.06077730724480935,0.3624498598117457,-0.25641433640171823,-0.04231183030638564,37.63,35.69,4,557.0,355.0,405.0,409.0,301.0,432.0,2,1,1,-0.0320103353000801,0.015019426437000459,0.034116478646669356,-0.09943129962315489,0.020420197255513625,0.08263555927155546,-0.10808805871794866,0.014361385057224701,0.09678520928288031,20.9,31.17,3,865.0,180.0,0.0,834.0,101.0,0.0,2,1,0,-0.00015948792884004637,-0.011670587133396956,-0.008602673214556702,0.014363437331786966,-0.06059193502077206,-0.015612380805887855,0.03424801306786088,-0.11384212940774065,-0.0248845790875099
92,least_connections,5021,measured,170,118,4,light,2,88.87,57.3,4,1333.0,0.0,0.0,1146.0,0.0,0.0,4,0,0,0.06003360735365393,-0.05954488315758276,-0.008814940727197861,0.2652868345591567,-0.3390895936375701,-0.05498899226911322,0.1433593969725318,-0.2319939234110784,-0.03828213218196796,21.71,22.91,2,0.0,760.0,0.0,0.0,733.0,0.0,0,2,0,-0.11512953239168244,0.056672905098329215,-0.012216610022627953,-0.2339480465978204,0.12316929411553273,-0.029928371543422615,-0.2134338388400488,0.1351364912422509,-0.03457528683929878,15.62,20.77,3,781.0,0.0,0.0,623.0,0.0,0.0,3,0,0,0.04293960162447351,-0.05364300287125937,-0.00778337100364654,-0.0022045090807641665,-0.08739270311403186,-0.014125487395803297,-0.03264862309733224,-0.13346033930541615,-0.02251461917441372
92,least_connections,5022,measured,187,123,6,light,1,78.47,52.2,3,1177.0,0.0,0.0,1044.0,0.0,0.0,3,0,0,0.011232220712262847,-0.05387394190447964,-0.007975422562702826,0.14592618364876064,-0.30679534662446817,-0.04975194538634053,0.08356326392752883,-0.20989926403859477,-0.03463621483130434,27.06,26.75,3,187.0,760.0,0.0,123.0,733.0,0.0,1,2,0,-0.06108091479428865,0.051275485565155,-0.011053123353806243,-0.16332714420074906,0.11143888515214867,-0.027078050444049033,-0.15833002085528225,0.12226634921917941,-0.031282402378413184,15.62,20.77,3,781.0,0.0,0.0,623.0,0.0,0.0,3,0,0,0.03885011575547603,-0.048534145454948954,-0.007042097574727822,-0.001994555834977124,-0.0790695885317431,-0.01278020288191727,-0.029539230421395835,-0.12074983080013842,-0.02037036972923146
92,least_connections,5023,measured,410,427,17,heavy,0,100.0,73.55,4,1177.0,0.0,410.0,1044.0,0.0,427.0,3,0,1,0.01016248540633305,-0.048743090294529196,0.03586804171764529,0.1320284518726882,-0.27757674218404266,0.20228792242823157,0.07560485783919274,-0.189908857939681,0.16182913896215323,27.06,26.75,3,187.0,760.0,0.0,123.0,733.0,0.0,1,2,0,-0.05526368481388021,0.04639210598752119,-0.01000044493915803,-0.147772178086392,0.10082565799480118,-0.024499188496996744,-0.1432509712500173,0.11062193500782899,-0.02830312596142145,15.62,20.77,3,781.0,0.0,0.0,623.0,0.0,0.0,3,0,0,0.03515010473114498,-0.04391184588781096,-0.006371421615229934,-0.0018045981364078756,-0.07153915152871995,-0.011563040702687053,-0.026725970381262898,-0.10924984691441095,-0.0184303345169237
92,least_connections,5024,measured,161,111,6,light,1,55.93,41.45,2,429.0,0.0,410.0,402.0,0.0,427.0,1,0,1,-0.07697317080016579,-0.044100891218859746,0.032452037744536213,-0.3317202895755044,-0.2511408619760386,0.18302240600649522,-0.2220241762407304,-0.17182230004066376,0.14641684001337674,31.66,30.22,4,348.0,760.0,0.0,234.0,733.0,0.0,2,2,0,-0.006916576509610445,0.04197381017918584,-0.00904802161161917,-0.09207958969721183,0.0912232143762487,-0.022165932449663722,-0.09822409303572993,0.100086512626131,-0.02560759015557179,15.62,20.77,3,781.0,0.0,0.0,623.0,0.0,0.0,3,0,0,0.03180247570913117,-0.03972976532706706,-0.005764619556636607,-0.0016327316472261877,-0.0647258990021752,-0.010461798731002572,-0.024180639868761677,-0.09884509958922895,-0.01667506456293097
92,least_connections,5025,measured,185,100,6,light,0,68.27,46.45,3,614.0,0.0,410.0,502.0,0.0,427.0,2,0,1,-0.026558492401964062,-0.039900806340873105,0.02936136748315181,-0.18854057945720248,-0.2272226846449873,0.1655917006725433,-0.15564092136066088,-0.15545827146536245,0.1324723790597218,31.66,30.22,4,348.0,760.0,0.0,234.0,733.0,0.0,2,2,0,-0.006257854937266605,0.037976304447834806,-0.008186305267655439,-0.08331010496414404,0.08253528919755834,-0.020054891263981463,-0.08886941750851754,0.0905544638045947,-0.023168772045517334,12.22,16.83,2,611.0,0.0,0.0,505.0,0.0,0.0,2,0,0,-0.014310231728019651,-0.03594597815306067,-0.005215608170290264,-0.03223913815701415,-0.0585615276686347,-0.009465436947097566,-0.05746502337332407,-0.08943128058073095,-0.015086963175985162
92,least_connections,5026,measured,455,450,19,heavy,2,39.67,26.35,2,185.0,410.0,0.0,100.0,427.0,0.0,1,1,0,-0.06711301239996294,0.0069831706802531285,-0.016518853456286682,-0.4293462385565165,0.041719158337074985,-0.09748052478833381,-0.3226751193263122,0.05251394486467206,-0.0733107046602517,31.66,30.22,4,703.0,405.0,0.0,535.0,432.0,0.0,3,1,0,0.03742203147399234,-0.008724386678716348,-0.00740665714692635,0.01639289822972001,-0.017093922018535657,-0.018144901619792753,0.0046985032065793575,-0.003173937510128594,-0.020962222326896634,21.32,31.83,3,611.0,0.0,455.0,505.0,0.0,450.0,2,0,1,-0.012947352515827293,-0.03252255166229299,0.03836501664411379,-0.02916874404682232,-0.05298423931924092,0.07376936657167363,-0.05199216400443607,-0.08091401576351848,0.12206417617410867
92,least_connections,5027,measured,370,301,10,medium,0,64.33,41.4,3,185.0,780.0,0.0,100.0,728.0,0.0,1,2,0,-0.06072129693329979,0.04940200703270067,-0.014945629317592713,-0.38845612059875295,0.26092050833671865,-0.08819666528468298,-0.2919441555809491,0.18367928344898898,-0.06632873278784678,31.66,30.22,4,703.0,405.0,0.0,535.0,432.0,0.0,3,1,0,0.03385802847646925,-0.00789349270931479,-0.00670126122817146,0.01483166982688952,-0.01546592944534178,-0.016416815751241064,0.004251026710714645,-0.0028716577472591986,-0.018965820200525525,12.7,18.37,2,180.0,0.0,455.0,101.0,0.0,450.0,1,0,1,-0.0547981715506011,-0.029425165789693657,0.03471120553515058,-0.10438124461379161,-0.047938121288837024,0.06674371261246662,-0.1688817991786168,-0.07320791902413576,0.11043901653847926
92,least_connections,5028,measured,177,111,5,light,2,64.33,41.4,3,185.0,780.0,0.0,100.0,728.0,0.0,1,2,0,-0.054938316272985524,0.04469705398196728,-0.01352223604925055,-0.3514602995893479,0.236070936114174,-0.07979698287661793,-0.26413995028752535,0.16618601835860908,-0.06001171061757565,26.31,26.38,3,921.0,0.0,0.0,844.0,0.0,0.0,3,0,0,0.030633454335853127,-0.050225631725661225,-0.006063045873107511,0.06977287133997487,-0.11868686133490107,-0.014853309489218106,0.09121223845255133,-0.12474102367609166,-0.017159551609999286,12.64,18.7,2,177.0,0.0,455.0,111.0,0.0,450.0,1,0,1,-0.049579298069591465,-0.02662276904781807,0.03140537643656481,-0.09498303084104957,-0.0433725859279954,0.060387168554136464,-0.14978194528858976,-0.06623573625993236,0.099921014963386
92,least_connections,5029,measured,427,428,14,heavy,2,64.33,41.4,3,185.0,780.0,0.0,100.0,728.0,0.0,1,2,0,-0.04970609567555832,0.0404401916979704,-0.012234404044560021,-0.31798789010464806,0.21358798981758603,-0.07219727022170194,-0.23898376454585624,0.150358778514932,-0.05429630960637797,26.31,26.38,3,921.0,0.0,0.0,844.0,0.0,0.0,3,0,0,0.027715982494343303,-0.0454422382279792,-0.005485612932811558,0.06312783597426297,-0.10738335073157716,-0.013438708585483048,0.08252535859992738,-0.11286092618313055,-0.015525308599523164,21.18,32.97,3,177.0,427.0,455.0,111.0,428.0,450.0,1,1,1,-0.0448574601582018,0.01899663299301721,0.028414388204511018,-0.08593702790380675,0.038024803208004165,0.054636009644218705,-0.13551699811824788,0.06915179417752151,0.0904047278240159
92,least_connections,5030,measured,483,404,17,heavy,0,96.53,61.6,4,555.0,410.0,483.0,401.0,427.0,404.0,2,1,1,-0.0018882815749382553,-0.0064951553571651055,0.03201467751977449,-0.06452872596769749,-0.029928326672977734,0.22601199360893637,-0.08005673935101276,-0.0001277718198234301,0.13363667226089615,21.71,22.91,2,760.0,0.0,0.0,733.0,0.0,0.0,2,0,0,-0.01800753511282771,-0.04111440601579071,-0.004963173605877124,0.015496613500523643,-0.09715636494761744,-0.012158831577341805,0.043281872066600974,-0.10211226654664193,-0.014046707780520957,21.18,32.97,3,177.0,427.0,455.0,111.0,428.0,450.0,1,1,1,-0.04058532109551591,0.017187429850825095,0.02570825599455759,-0.07775254905582515,0.03440339337867043,0.04943258015429311,-0.12261061734508141,0.06256590901775755,0.0817947537455382
92,least_connections,5031,measured,368,301,10,medium,1,84.2,56.6,3,370.0,410.0,483.0,301.0,427.0,404.0,1,1,1,-0.044792345461225305,-0.00587656913267319,0.0289656606131293,-0.16997043460569458,-0.027078009846979834,0.20448704183665672,-0.11767038322234488,-0.0001156030750783521,0.1209093701408108,32.23,32.31,3,760.0,368.0,0.0,733.0,301.0,0.0,2,1,0,-0.01629253176874887,0.005885151926756246,-0.004490490405317398,0.014020745548092822,0.00722587389093117,-0.011000847617594966,0.039159789012638974,-0.007283122113628415,-0.01270892608713801,21.18,32.97,3,177.0,882.0,0.0,111.0,878.0,0.0,1,2,0,-0.036720052419752486,0.0586344319965515,-0.01982404956501479,-0.0703475443838418,0.1134602130568923,-0.037608617955639564,-0.11093341569316889,0.1923215367303521,-0.061709508515941626
92,least_connections,5032,measured,390,341,8,medium,0,100.0,73.65,4,370.0,800.0,483.0,301.0,768.0,404.0,1,2,1,-0.040526407798251465,0.03776700434481496,0.02620702626902175,-0.15378277416705702,0.21073894347178018,0.18501208547126083,-0.10646368005831205,0.15415731150350057,0.10939419203216215,32.23,32.31,3,760.0,368.0,0.0,733.0,301.0,0.0,2,1,0,-0.01474086207648706,0.00532466126706517,-0.004062824652430027,0.01268543644827444,0.006537695425128193,-0.009953147844490683,0.03543028529714953,-0.006589491436139988,-0.011498552174077246,21.18,32.97,3,177.0,882.0,0.0,111.0,878.0,0.0,1,2,0,-0.033222904570252246,0.05305020037783231,-0.01793604484453719,-0.06364777825204734,0.10265447848004541,-0.034026844817007226,-0.10036832848429567,0.17400519989889002,-0.05583241246680433
92,least_connections,5033,measured,356,322,10,medium,1,100.0,73.65,4,1170.0,483.0,0.0,1069.0,404.0,0.0,3,1,0,0.049501050540811026,-0.008913753438591451,-0.019372781221451973,0.3434028868647262,-0.0005377813033100032,-0.12394144647838307,0.251104289471051,-0.025191003877785195,-0.08378620720899617,32.26,32.97,3,405.0,724.0,0.0,432.0,623.0,0.0,1,2,0,-0.05642087067691233,0.047901450896959186,-0.003675888971246215,-0.08029140783931632,0.0979422686499459,-0.009005229002158237,-0.053048194254959935,0.08507974584349241,-0.01040345196702227,17.64,29.27,2,0.0,882.0,0.0,0.0,878.0,0.0,0,2,0,-0.07314271864746177,0.047997800341848286,-0.01622785009743841,-0.08961465651375712,0.09287786148194585,-0.030786192929673203,-0.12428563053341037,0.1574332760989957,-0.0505150398509182
92,least_connections,5034,measured,169,116,6,light,2,100.0,73.65,4,1170.0,483.0,0.0,1069.0,404.0,0.0,3,1,0,0.0447866647750195,-0.008064824539677981,-0.01752775443845655,0.31069785002046657,-0.00048656403632812983,-0.11213749919472754,0.2271895952357128,-0.02279186065132946,-0.07580656842718701,32.26,32.97,3,773.0,356.0,0.0,733.0,322.0,0.0,2,1,0,-0.007963554195210942,0.0002555077276342743,-0.003325804307318004,0.02248464460796551,-0.006514818160253025,-0.008147588144809833,0.03710818138836958,-0.008127253760649725,-0.009412647017782055,21.02,33.13,3,169.0,882.0,0.0,116.0,878.0,0.0,1,2,0,-0.023092845216184238,0.04342658126167226,-0.014682340564349038,-0.05049897494101835,0.08403235086461767,-0.027854174555418613,-0.07746477683181573,0.14243963075623423,-0.04570408367464028
92,least_connections,5035,measured,457,444,17,heavy,1,100.0,73.65,4,1170.0,483.0,0.0,1069.0,404.0,0.0,3,1,0,0.04052126812977955,-0.0072967460120896,-0.015858444491936876,0.28110757858994595,-0.0004402246042968794,-0.10145773736665825,0.20555249092754968,-0.020621207255964752,-0.06858689524364539,33.74,33.34,3,368.0,356.0,457.0,301.0,322.0,444.0,1,1,1,-0.05028902068909108,0.00023117365833577597,0.040074839186802984,-0.08435062766762302,-0.005894359287847983,0.11076442705265505,-0.08856878826766562,-0.007353229592968802,0.11701950984105434,21.02,33.13,3,169.0,882.0,0.0,116.0,878.0,0.0,1,2,0,-0.020893526624166686,0.03929071637960824,-0.013284022415363415,-0.045689548756159465,0.07602926982989218,-0.025201396026331126,-0.07008717903830947,0.12887395163659285,-0.041351313800865014
92,least_connections,5036,measured,446,416,18,heavy,1,100.0,73.65,4,1170.0,483.0,0.0,1069.0,404.0,0.0,3,1,0,0.03666209973646721,-0.006601817820462014,-0.014348116445085745,0.25433542824804634,-0.0003982984515066845,-0.0917950957126908,0.18597606322016402,-0.018657282755396687,-0.06205480998234583,46.49,46.34,4,724.0,0.0,903.0,623.0,0.0,860.0,2,0,2,-0.0024156899205155236,-0.042874743107310716,0.07934208806243626,0.015709976327932917,-0.09736020262097811,0.21550795100682396,0.010908001091159691,-0.09769458867935273,0.22349384223714439,21.02,33.13,3,596.0,455.0,0.0,544.0,450.0,0.0,2,1,0,0.02418023328108275,-0.007535156835683246,-0.012018877423424043,0.03592850350633192,-0.00847827967771661,-0.022801263071442448,0.06566715547327558,-0.012479123122447783,-0.03741309343887787
92,least_connections,5037,measured,426,433,19,heavy,2,85.53,58.6,3,800.0,483.0,0.0,768.0,404.0,0.0,2,1,0,-0.009913429036620375,-0.005973073266132292,-0.01298162916460139,0.006938403335533971,-0.0003603652656489209,-0.08305270564481548,0.03209739053252936,-0.016880398683454145,-0.056144828079265276,46.49,46.34,4,724.0,0.0,903.0,623.0,0.0,860.0,2,0,2,-0.002185624213799753,-0.03879143423994779,0.07178569872315661,0.014213788106225034,-0.08808780237136114,0.1949833842442693,0.00986914384438256,-0.08839034213846199,0.2022087144050354,29.54,47.57,4,596.0,455.0,426.0,544.0,450.0,433.0,2,1,1,0.021877353920979642,-0.006817522851332455,0.03220967779604038,0.03250674126763364,-0.00767082447031503,0.056456000078218736,0.05941314066629695,-0.011290635206024191,0.09673735990450733
92,least_connections,5038,measured,388,305,11,medium,0,100.0,73.85,4,800.0,871.0,0.0,768.0,709.0,0.0,2,2,0,-0.008969292937894613,0.0376796910812091,-0.011745283529877448,0.006277603017864064,0.2337057012675875,-0.07514292415483306,0.029040496196097998,0.12270344881020812,-0.05079770159552573,46.49,46.34,4,724.0,457.0,446.0,623.0,444.0,416.0,2,1,1,-0.0019774695267711917,0.007986888295376027,0.021865065284670047,0.012860094000870265,0.03843756656196576,0.05827748370399875,0.008929225383012773,0.045563499969962964,0.05741502731884157,29.54,47.57,4,1051.0,0.0,426.0,994.0,0.0,433.0,3,0,1,0.06287769663145323,-0.04925213518748673,0.02914208943451272,0.11174419448023996,-0.08927360309218979,0.05107923816600743,0.1894690320314115,-0.14592962232926,0.08752427800883997
92,least_connections,5039,measured,411,428,18,heavy,0,100.0,95.25,5,800.0,871.0,411.0,768.0,709.0,428.0,2,2,1,-0.008115074562857039,0.0340911490734749,0.032457215128296815,0.005679736063781804,0.21144801543257918,0.17991830671705583,0.026274734653612464,0.11101740606637878,0.1476592223659529,46.49,46.34,4,724.0,457.0,446.0,623.0,444.0,416.0,2,1,1,-0.0017891390956501219,0.007226232267244975,0.019782678114701472,0.011635323143644544,0.03477684593701663,0.05272724716076077,0.00807882296558296,0.04122411902044268,0.051946929478951895,29.54,47.57,4,1051.0,0.0,426.0,994.0,0.0,433.0,3,0,1,0.05688934457131482,-0.04456145564582133,0.02636665234551151,0.10110189024402663,-0.0807713551786479,0.04621454881686386,0.17142436231413422,-0.13203156305980665,0.07918863248418855
92,least_connections,5040,measured,350,333,13,medium,1,85.47,56.85,3,483.0,388.0,411.0,404.0,305.0,428.0,1,1,1,-0.05042611054553278,-0.012239527255518176,0.02936605178274474,-0.18606754038673706,-0.10002322413242837,0.16278322988686003,-0.14089428769435058,-0.08231758498756206,0.1335964392834812,56.49,56.75,5,724.0,1253.0,0.0,623.0,1193.0,0.0,2,3,0,-0.0016187448960643946,0.09270582012387923,-0.025185286694408417,0.010527197129964111,0.23723347285457969,-0.06758691243278106,0.007309411254575043,0.2490688457804005,-0.07061944475713877,26.16,43.7,3,882.0,0.0,426.0,878.0,0.0,433.0,2,0,1,0.008387411528241767,-0.04031750748907644,0.023855542598319936,0.06089218641126219,-0.07307884516163382,0.041813163215257784,0.12011410558580399,-0.11945712848268221,0.07164685796188487
92,least_connections,5041,measured,433,445,18,heavy,0,100.0,79.1,4,483.0,388.0,844.0,404.0,305.0,873.0,1,1,2,-0.04562362382691061,-0.011073857993087868,0.06965318517305023,-0.16834682225466685,-0.09049720278648282,0.4084546683103336,-0.1274757841044124,-0.07447781498874662,0.3221824926850544,45.97,47.34,4,356.0,1253.0,0.0,322.0,1193.0,0.0,1,3,0,-0.0445484789422442,0.08387669439779549,-0.022786687961607616,-0.08560464477356987,0.2146398087731911,-0.06115006362965905,-0.07849088981728926,0.22534800332512425,-0.06389378335169699,26.16,43.7,3,882.0,0.0,426.0,878.0,0.0,433.0,2,0,1,0.0075886104303139745,-0.03647774487106916,0.021583586160384704,0.05509293056257056,-0.06611895514624012,0.03783095719475704,0.10867466695858455,-0.10808025910337914,0.06482334767980061
92,least_connections,5042,measured,432,434,17,heavy,2,100.0,79.1,4,871.0,0.0,844.0,709.0,0.0,873.0,2,0,2,0.0018053834309811057,-0.053103105077646394,0.06301954848990259,0.08171795446799984,-0.3159101676004686,0.3695542237093495,0.022640957238864945,-0.2053608802279136,0.29149844576266826,45.97,47.34,4,356.0,1253.0,0.0,322.0,1193.0,0.0,1,3,0,-0.040305766662030465,0.07588843778848164,-0.020616527203359273,-0.07745182146180131,0.19419792222336338,-0.055326248045882,-0.07101556697754742,0.20388628872273146,-0.05780866112772585,34.8,58.17,4,882.0,426.0,432.0,878.0,433.0,434.0,2,1,1,0.006865885627426932,0.010080226295790029,0.01952800652606235,0.0498459847947067,0.01726380248673512,0.03531372317620876,0.09832469867681459,0.03280040049376809,0.058951282821406895
92,least_connections,5043,measured,196,104,5,light,0,100.0,84.3,5,1067.0,411.0,433.0,813.0,428.0,445.0,3,1,1,0.04471734237859741,-0.004961766272065557,0.013933786502202117,0.19215751435993644,-0.0379187230670906,0.08645382145131625,0.06753229464468735,0.007816346460459117,0.07011764140431895,35.8,37.28,3,0.0,1253.0,0.0,0.0,1193.0,0.0,0,3,0,-0.07955102244478493,0.06866096752291197,-0.01865304842208696,-0.16210266839741208,0.1757028820116145,-0.05005708156532181,-0.1552938463130191,0.18446854693961418,-0.05230307435365672,26.26,43.9,3,455.0,426.0,432.0,450.0,433.0,434.0,1,1,1,-0.03687190846860919,0.00912020474381002,0.01766819638072308,-0.0321679185190749,0.015619630821331776,0.03195051144514126,-0.040118923419389996,0.029676552827694935,0.053336874933653855
92,least_connections,5044,measured,416,409,18,heavy,1,100.0,84.3,5,1067.0,411.0,433.0,813.0,428.0,445.0,3,1,1,0.04045854786635003,-0.004489217103297402,0.012606759216278102,0.1738567987066092,-0.03430741610832011,0.07822012417023852,0.06110064753566952,0.007071932511843959,0.06343977079438382,47.69,50.06,4,0.0,1253.0,416.0,0.0,1193.0,409.0,0,3,1,-0.07197473459290066,0.062121827758825104,0.026207332606773926,-0.14666431902622998,0.15896927420098453,0.0622476745021238,-0.14050395618796965,0.16690011389774614,0.06831805177526297,26.26,43.9,3,455.0,426.0,432.0,450.0,433.0,434.0,1,1,1,-0.03336029813826545,0.008251613815828118,0.01598551101113041,-0.02910430723154396,0.014132046933585898,0.028907605593223043,-0.03629807356992429,0.02685021446315257,0.04825717255902015
92,least_connections,5045,measured,150,115,6,light,2,100.0,84.3,5,1067.0,844.0,0.0,813.0,873.0,0.0,3,2,0,0.03660535283145955,0.03902222760948829,-0.0316777847453629,0.15729900835359878,0.2301345600289802,-0.19040401463962547,0.055281538246558126,0.2077079389392874,-0.14391163594793846,47.69,50.06,4,457.0,796.0,416.0,444.0,749.0,409.0,1,2,1,-0.02203609773824798,0.013121562983608198,0.02371139616803355,-0.014560234221010798,0.0256932889029316,0.056319324549540584,-0.0015869127414963324,0.0254691506693894,0.06181157065380935,20.16,32.73,3,150.0,858.0,0.0,115.0,867.0,0.0,1,2,0,-0.030183126887002074,0.050549646060125665,-0.028620818835734616,-0.08152294463806359,0.09095756627324439,-0.052016928272798205,-0.13387286021405848,0.15518194006983643,-0.08722763752596589
92,least_connections,5046,measured,399,306,11,medium,2,100.0,84.3,5,1067.0,844.0,0.0,813.0,873.0,0.0,3,2,0,0.03311912875227292,0.035305824980013216,-0.028660852864852145,0.14231815041516072,0.20821698288336304,-0.17227029895966114,0.050016629842124016,0.18792623046887907,-0.1302057658576586,47.69,50.06,4,807.0,446.0,416.0,777.0,416.0,409.0,2,1,1,0.023146478463580616,-0.031212009908254706,0.021453167961554165,0.07730264522860927,-0.06722988146877618,0.05095557935434625,0.09271600751959852,-0.07110826844198101,0.055924754401065604,28.14,42.93,4,150.0,1257.0,0.0,115.0,1173.0,0.0,1,3,0,-0.027308543373954247,0.08881929428115679,-0.025895026565664652,-0.07375885467253374,0.1544949409138878,-0.04706293510396028,-0.12112306400319578,0.23268842196794728,-0.0789202434758739
92,least_connections,5047,measured,155,125,6,light,1,95.2,64.1,4,584.0,844.0,0.0,409.0,873.0,0.0,2,2,0,-0.013118974212796147,0.03194336545810719,-0.025931247830104323,-0.1625692924815213,0.1883867940373285,-0.1558636038206458,-0.1375087634761735,0.17002849423374772,-0.1178052167283578,52.11,53.97,5,1408.0,0.0,416.0,1318.0,0.0,409.0,4,0,1,0.10710985239675434,-0.07132333776279734,0.019410009108072817,0.2253010327578574,-0.17611955262140974,0.046102667034884706,0.23684722108916056,-0.1819551000189352,0.05059858731524984,28.14,42.93,4,150.0,1257.0,0.0,115.0,1173.0,0.0,1,3,0,-0.02470772971929193,0.08036031387342757,-0.023428833559410875,-0.06673420184657813,0.13978113701732706,-0.042580750808345016,-0.10958753409812952,0.21052761987576182,-0.07140402981150495
92,least_connections,5048,measured,486,447,16,heavy,0,100.0,81.25,4,388.0,844.0,486.0,305.0,873.0,447.0,1,2,1,-0.05495344832404912,0.028901140176382706,0.01962229504713917,-0.26530872494359864,0.17044519460520197,0.15212340606703476,-0.17146030981177604,0.1538353043067241,0.0956286134362477,52.11,53.97,5,1408.0,416.0,0.0,1318.0,409.0,0.0,4,1,0,0.09690891407325393,-0.021446738701487847,-0.025522463414691485,0.20384379154282334,-0.0518088469295748,-0.06582547812490024,0.2142903428901929,-0.048986161921893756,-0.06986020671477396,28.14,42.93,4,150.0,1257.0,0.0,115.0,1173.0,0.0,1,3,0,-0.022354612603168886,0.07270695064738684,-0.02119751607756222,-0.06037856357547544,0.12646864777758163,-0.038525441207550255,-0.09915062608878386,0.1904773703637845,-0.06460364601993306
92,least_connections,5049,measured,386,316,15,medium,0,100.0,81.8,4,0.0,844.0,872.0,0.0,873.0,763.0,0,2,2,-0.09280368680565895,0.02614865063577483,0.06083740526940709,-0.4740729733616686,0.15421231892851606,0.3704608594574759,-0.2931069469725593,0.13918432294417893,0.2294735073947003,52.11,53.97,5,1408.0,416.0,0.0,1318.0,409.0,0.0,4,1,0,0.08767949368532499,-0.019404192158489,-0.023091752613292296,0.1844300971101735,-0.04687467103152004,-0.059556384970147834,0.19388173880541262,-0.04432081316742767,-0.06320685369431929,28.14,42.93,4,576.0,831.0,0.0,548.0,740.0,0.0,2,2,0,0.022858298347699813,0.02269857893040217,-0.019178705022556294,0.022457490098379357,0.037338300370192895,-0.03485635156873595,0.04087959226887811,0.041749366837074864,-0.05845091782755848
92,least_connections,5050,measured,493,417,12,heavy,0,100.0,100.0,5,411.0,1798.0,0.0,428.0,1625.0,0.0,1,4,0,-0.04088134021645787,0.10982610340969197,-0.031124433781194033,-0.1810184044700811,0.5352079710940543,-0.1907893811257758,-0.07157295202279176,0.4661191493304476,-0.1375477790238426,52.11,53.97,5,1408.0,416.0,0.0,1318.0,409.0,0.0,4,1,0,0.07932906571529404,-0.017556173857680518,-0.02089253807869303,0.16686532595682363,-0.04241041664756576,-0.05388434830632423,0.17541681130013523,-0.04009978334195838,-0.057187153342479355,28.14,42.93,4,975.0,432.0,0.0,854.0,434.0,0.0,3,1,0,0.06376521777943815,-0.02254709071829826,-0.017352161687074742,0.09251868151758133,-0.03841772823649213,-0.03153669903838014,0.12927201205279448,-0.054512477623598954,-0.052884163748743385
92,least_connections,5051,measured,489,428,17,heavy,2,100.0,100.0,5,411.0,1798.0,0.0,428.0,1625.0,0.0,1,4,0,-0.03698787924346188,0.09936647451353083,-0.028160201992508887,-0.16377855642531147,0.48423578337081097,-0.17261896387570191,-0.06475648040157353,0.4217268493942145,-0.1244479905453814,52.11,53.97,5,1408.0,416.0,0.0,1318.0,409.0,0.0,4,1,0,0.07177391659955175,-0.01588415729980619,-0.01890277254738893,0.15097339015141187,-0.03837132934779758,-0.048752505610483825,0.15871044831916997,-0.03628075635700995,-0.05174075778605275,34.92,53.37,4,825.0,432.0,489.0,739.0,434.0,428.0,2,1,1,0.014608439668924778,-0.020399748745126997,0.027384325367023076,0.056564521373049764,-0.03475889697587384,0.05995251039384654,0.08227785217475053,-0.04932081308801811,0.08123178835431154
92,least_connections,5052,measured,179,114,1,light,2,100.0,100.0,5,844.0,1365.0,0.0,873.0,1180.0,0.0,2,3,0,0.009618676149339478,0.04681910052358004,-0.025478277993222328,0.11299400450408326,0.35668951828787654,-0.1561790625542065,0.14272032725571915,0.18025286373762262,-0.11259580096963079,39.06,40.09,4,951.0,416.0,0.0,874.0,409.0,0.0,3,1,0,0.021854405268075167,-0.01437138041411036,-0.01710250849525665,0.018458917619984916,-0.03471691702895971,-0.04410940983805679,0.018059453241153822,-0.032825446227770894,-0.04681306656833344,38.5,57.17,5,1436.0,0.0,489.0,1287.0,0.0,428.0,4,0,1,0.09938496015397048,-0.06154081575806274,0.024776294379687546,0.16173932886133074,-0.109619954406743,0.05424274749919449,0.239711707523187,-0.17551248168281003,0.07349542755866281
92,least_connections,5053,measured,387,318,12,medium,1,100.0,100.0,5,844.0,1365.0,0.0,873.0,1180.0,0.0,2,3,0,0.008702611754164286,0.042360138568953376,-0.023051775327201155,0.1022326707417896,0.32271908797474547,-0.14130486612047255,0.12912791513612681,0.1630859243340395,-0.10187239135347548,35.69,35.72,3,446.0,803.0,0.0,416.0,727.0,0.0,1,2,0,-0.06639476711573243,0.030081222709228944,-0.015473698162375064,-0.11384329222137424,0.06863027234794802,-0.03990851366300376,-0.11315454230562275,0.06021150103201678,-0.04235467927611121,34.92,53.37,4,1257.0,0.0,489.0,1173.0,0.0,428.0,3,0,1,0.04683582562683497,-0.05567978568586629,0.02241664729590778,0.11394510706501354,-0.09917995874895796,0.049076771546890254,0.1825010687114549,-0.15879700723682813,0.06649586302926634
92,least_connections,5054,measured,355,325,11,medium,1,100.0,100.0,5,844.0,1365.0,0.0,873.0,1180.0,0.0,2,3,0,0.007873791587101026,0.03832583965762448,-0.020856368153182,0.09249622590923823,0.2919839367390554,-0.12784725982328468,0.11683001845649565,0.14755393154032148,-0.09217025884362066,33.09,32.88,3,0.0,1158.0,0.0,0.0,1052.0,0.0,0,3,0,-0.10315535618861052,0.0703002445827264,-0.014000012623101249,-0.2182935909213794,0.15386276341685093,-0.03610770283795579,-0.2199969668479444,0.14636695331468183,-0.03832090029743395,34.92,53.37,4,1257.0,489.0,0.0,1173.0,428.0,0.0,3,1,0,0.04237527080523164,-0.007293048727121651,-0.022802171720936043,0.10309319210644083,-0.001248534106200072,-0.044082920981385006,0.1651200145484592,-0.014594117658717515,-0.06891644138621934
92,least_connections,5055,measured,402,420,17,heavy,1,100.0,100.0,5,1337.0,872.0,0.0,1290.0,763.0,0.0,3,2,0,0.05020780690080115,-0.008408140536525693,-0.018870047376688476,0.38105214090200923,-0.033189136601172065,-0.1156713303163052,0.29434620717492466,-0.055141680987328134,-0.08339213895375203,44.57,46.0,4,416.0,742.0,402.0,409.0,643.0,420.0,1,2,1,-0.05024713632484262,0.02052108296713795,0.03041722213918957,-0.08996631015335688,0.031671751934973985,0.07124949335069306,-0.08340499381480684,0.016787362522807353,0.08407870925470262,34.92,53.37,4,1257.0,489.0,0.0,1173.0,428.0,0.0,3,1,0,0.0383395307285429,-0.006598472657871973,-0.020630536318942135,0.09327479285820836,-0.0011296260960857868,-0.03988454755458643,0.14939429887717737,-0.013204201691220607,-0.06235297077800798
92,least_connections,5056,measured,434,408,19,heavy,1,100.0,100.0,5,1337.0,872.0,0.0,1290.0,763.0,0.0,3,2,0,0.045426111005486755,-0.00760736524733277,-0.01707290000748005,0.3447614608161036,-0.030028266448679508,-0.10465501314332375,0.26631323506302707,-0.04989009232186831,-0.07545003048196612,56.97,58.75,5,416.0,742.0,836.0,409.0,643.0,828.0,1,2,2,-0.045461694770095706,0.01856669411312481,0.0706042440669765,-0.08139809013875146,0.02865539460783359,0.17665430350776992,-0.07546166107053953,0.015188566092063788,0.19142835599234997,26.4,38.93,3,831.0,489.0,0.0,740.0,428.0,0.0,2,1,0,-0.00839575337712331,-0.005970046690455588,-0.01866572333618574,0.007305764966950373,-0.0010220426583633369,-0.036086019216054394,0.0045789688253826955,-0.01194665867300912,-0.05641459260867389
92,least_connections,5057,measured,369,320,8,medium,2,100.0,81.25,4,1798.0,0.0,0.0,1625.0,0.0,0.0,4,0,0,0.0841837149460073,-0.09305065472491104,-0.015446909530577188,0.410244496293935,-0.5531366855170593,-0.09468786903443577,0.3924976888665483,-0.3903053216245475,-0.06826431329320744,56.97,58.75,5,416.0,742.0,836.0,409.0,643.0,828.0,1,2,2,-0.04113200955389611,0.016798437530922444,0.06388003034631208,-0.073645891077918,0.02592630940708754,0.15983008412607755,-0.06827483620667862,0.013742035988057705,0.17319708399307854,25.8,39.4,3,432.0,858.0,0.0,434.0,748.0,0.0,1,2,0,-0.05068005804415464,0.037682429411583264,-0.016888035399406146,-0.06559002217275917,0.06584672330909984,-0.03264925548119207,-0.08814283772941567,0.08569905485140444,-0.05104177426499066
92,least_connections,5058,measured,448,406,15,heavy,2,100.0,81.25,4,1798.0,0.0,0.0,1625.0,0.0,0.0,4,0,0,0.07616621828448279,-0.08418868760825285,-0.013975775289569836,0.3711735918849888,-0.5004570011821012,-0.08566997674544188,0.3551169565935437,-0.35313338623173346,-0.061762950122425775,56.97,58.75,5,1158.0,402.0,434.0,1052.0,420.0,408.0,3,1,1,0.04895312514284683,-0.027885313889256108,0.014712317705620231,0.12517752711997895,-0.06443401937998203,0.04068980400522662,0.12002812438443361,-0.0506173245822335,0.03795212361278538,34.76,52.93,4,801.0,489.0,448.0,754.0,428.0,406.0,2,1,1,-0.002769485622715867,-0.008990273616277272,0.027804249151104188,0.007428075177027427,-0.0071958217679573,0.05152686408844527,0.01675965475275093,-0.018970696404284865,0.07626379153802432
92,least_connections,5059,measured,384,340,12,medium,0,100.0,76.0,4,1365.0,384.0,0.0,1180.0,340.0,0.0,3,1,0,0.025828392506822298,-0.033086817133090446,-0.012644749071515566,0.25439515456260886,-0.22117538202190112,-0.07751093134111409,0.11998677025130144,-0.16569211135252074,-0.055880764396480466,56.97,58.75,5,1158.0,402.0,434.0,1052.0,420.0,408.0,3,1,1,0.04429092274828998,-0.02522956970932695,0.013311144590799254,0.11325585787045714,-0.058297446105698036,0.03681458457615741,0.10859687444305896,-0.045796627002973184,0.03433763564966297,26.12,38.47,3,369.0,937.0,0.0,320.0,834.0,0.0,1,2,0,-0.04558962531397648,0.034949843145363646,-0.01792767480432977,-0.07145078912554664,0.07455616125756245,-0.03444712296759714,-0.11572539173163805,0.10528048103104387,-0.05344387114813672
92,least_connections,5060,measured,372,337,10,medium,2,100.0,76.0,4,1365.0,384.0,0.0,1180.0,340.0,0.0,3,1,0,0.023368545601410648,-0.029935691691843735,-0.01144048725518075,0.23016704460426518,-0.20011105992457723,-0.0701289378800556,0.10855945879879653,-0.1499119102713283,-0.0505587868349109,56.97,58.75,5,1158.0,402.0,434.0,1052.0,420.0,408.0,3,1,1,0.04007273962940522,-0.022826753546533907,0.012043416534532655,0.10246958569231834,-0.052745308381345835,0.03330843366414242,0.09825431497229142,-0.04143504347888052,0.03106738463540934,33.56,49.7,4,369.0,1309.0,0.0,320.0,1171.0,0.0,1,3,0,-0.04124775623645491,0.07470518688208638,-0.016220277203917412,-0.06464595206597079,0.13476986018541362,-0.031166444589730745,-0.10470392585243445,0.19688868918681743,-0.048353978657837984
92,least_connections,5061,measured,493,413,17,heavy,0,100.0,96.65,5,1365.0,384.0,493.0,1180.0,340.0,413.0,3,1,1,0.02114296982984773,-0.027084673435477657,0.03273298318635574,0.20824637368957322,-0.18105286374128415,0.23391508794979096,0.09822046272272067,-0.1356345854835828,0.14108966905412823,56.97,58.75,5,1158.0,836.0,0.0,1052.0,828.0,0.0,3,2,0,0.03625628823612853,0.022431123208464798,-0.03218747574313258,0.09271057753114517,0.06446853051211568,-0.08205427430387115,0.08889676116540651,0.07786829399529857,-0.08724855675843918,33.56,49.7,4,858.0,820.0,0.0,748.0,743.0,0.0,2,2,0,0.005764501727107685,0.02450650695227316,-0.01467548889878242,0.02999651955935978,0.033448921120136144,-0.02819821177166115,0.03434724168906725,0.04905802037537452,-0.043748837833281984
92,least_connections,5062,measured,165,114,5,light,2,100.0,75.8,4,872.0,384.0,493.0,763.0,340.0,413.0,2,1,1,-0.023954546571180846,-0.024505180727336928,0.02961555621622662,-0.1089516936459417,-0.16380973386116188,0.21163746052600135,-0.09977672420325268,-0.12271700591371779,0.12765255771563983,45.09,45.97,4,742.0,836.0,0.0,643.0,828.0,0.0,2,2,0,-0.010280591822641072,0.020294825760039575,-0.029122001862834243,-0.023656416247331252,0.05832867046334275,-0.07423958151302627,-0.03520947799320365,0.07045226599574633,-0.07893917040049259,36.86,53.5,5,1023.0,820.0,0.0,862.0,743.0,0.0,3,2,0,0.04829940178937861,0.022172553909199533,-0.01327782328937457,0.05699685102989696,0.030263309584885073,-0.025512667793407707,0.06545702819487037,0.04438582795867216,-0.03958228184915989
92,least_connections,5063,measured,386,300,10,medium,0,100.0,90.8,5,872.0,770.0,493.0,763.0,640.0,413.0,2,2,1,-0.021673161183449335,0.020912546235357293,0.026795027052776466,-0.09857534187013772,0.08461658999863131,0.1914815119044774,-0.09027417904103813,0.024684613697112445,0.11549517126653126,45.09,45.97,4,742.0,836.0,0.0,643.0,828.0,0.0,2,2,0,-0.009301487839532385,0.01836198521146437,-0.026348477875897648,-0.02140342422377592,0.052773558990643454,-0.06716914517845235,-0.031856194374803304,0.06374252637710384,-0.07142115417187425,36.86,53.5,5,1395.0,448.0,0.0,1199.0,406.0,0.0,4,1,0,0.08678335898857611,-0.023023018118433977,-0.012013268690386516,0.11888286521752583,-0.03993319608986588,-0.023082889908321257,0.16085794614456528,-0.06147631438659823,-0.03581254072066847
92,least_connections,5064,measured,487,414,16,heavy,1,84.2,52.65,3,384.0,879.0,0.0,340.0,713.0,0.0,1,2,0,-0.06269295082130676,0.01892087516532326,-0.018840780512340564,-0.38353642042218816,0.14230389888765055,-0.12411990192769505,-0.2730337810371297,0.05535750763072078,-0.08233770218742409,59.0,58.91,5,742.0,836.0,487.0,643.0,828.0,414.0,2,2,1,-0.008415631854815003,0.016613224715134434,0.019244801196183305,-0.019365002869130593,0.047747505753439334,0.06511907272969958,-0.028822271101012514,0.057671809579284444,0.05243443193973281,36.86,53.5,5,1395.0,448.0,0.0,1199.0,406.0,0.0,4,1,0,0.07851827718014029,-0.020830349726202166,-0.010869147862730657,0.10756068757776147,-0.036130034557497706,-0.02088451944086209,0.14553814174984475,-0.0556214273021603,-0.03240182255679529
92,least_connections,5065,measured,383,312,7,medium,0,100.0,68.25,4,767.0,879.0,0.0,652.0,713.0,0.0,2,2,0,-0.013638293373472554,0.017118887054340087,-0.017046420463546225,-0.11599326927086873,0.1287511466126362,-0.11229895888696219,-0.10588770665264119,0.050085364046842606,-0.07449601626481227,37.8,38.81,3,402.0,434.0,487.0,420.0,408.0,414.0,1,1,1,-0.050698043333494744,-0.02805288738925478,0.01741196298702299,-0.1054118733441794,-0.06071824309382698,0.058917256279252,-0.08912788813901132,-0.06657074371398072,0.04744067651690112,29.48,42.83,4,1026.0,448.0,0.0,879.0,406.0,0.0,3,1,0,0.02795644579336956,-0.018846506895135298,-0.009833990923422976,0.030545383998927006,-0.03268907888535508,-0.018895517589351415,0.03516942983716109,-0.05032414851147837,-0.029315934694243356
92,least_connections,5066,measured,402,449,18,heavy,1,100.0,68.25,4,1153.0,493.0,0.0,952.0,413.0,0.0,3,1,0,0.030744491936472676,-0.027595383368068716,-0.015422951847970394,0.12787910558032523,-0.11633626417586884,-0.10160381994534674,0.039911122552372225,-0.09039895633857095,-0.06740115757292539,49.29,52.84,4,402.0,921.0,402.0,420.0,822.0,449.0,1,2,1,-0.04586965825411429,0.017702716398384,0.015753680797782707,-0.09537264731140041,0.07095560318721775,0.03133329989891506,-0.08063951784005788,0.056822898544493655,0.05281835018195817,29.48,42.83,4,1474.0,0.0,0.0,1285.0,0.0,0.0,4,0,0,0.06837782737313935,-0.06013550170330835,-0.008897420359287455,0.10870296647521968,-0.11064249994389269,-0.017095944485603663,0.1542644047733045,-0.16797581690721058,-0.026523940913839226
92,least_connections,5067,measured,361,327,10,medium,0,100.0,84.6,5,1153.0,854.0,0.0,952.0,740.0,0.0,3,2,0,0.02781644508538003,0.01811664860802853,-0.013954099291020833,0.11570014314410382,0.11248941177738853,-0.09192726566483753,0.0361100632616701,0.06613903950319772,-0.06098199970883726,49.29,52.84,4,402.0,921.0,402.0,420.0,822.0,449.0,1,2,1,-0.04150111937277007,0.016016743408061723,0.014253330245612927,-0.086289538043648,0.06419792669319702,0.02834917609901838,-0.07295956376005239,0.05141119392120855,0.04778803111700977,26.18,39.03,3,1309.0,0.0,0.0,1171.0,0.0,0.0,3,0,0,0.0187817531108449,-0.05440831106489803,-0.00805004699173627,0.06849316014424633,-0.1001051189968553,-0.015467759296498552,0.10519160431870406,-0.15197812005890482,-0.023997851302997395
92,least_connections,5068,measured,372,323,11,medium,2,100.0,84.6,5,1153.0,854.0,0.0,952.0,740.0,0.0,3,2,0,0.025167259839153355,0.016391253502502007,-0.012625137453780754,0.10468108189228442,0.1017761344652563,-0.08317228798247205,0.03267100961770153,0.059840083360036045,-0.055174190212757525,49.29,52.84,4,836.0,487.0,402.0,828.0,414.0,449.0,2,1,1,0.005535268413298738,-0.02859256095279676,0.012895870222221217,0.034118989389080395,-0.05410663775377411,0.02564925456577853,0.049346108979000214,-0.06884225311890657,0.04323679005824693,23.84,35.53,3,820.0,372.0,0.0,743.0,323.0,0.0,2,1,0,-0.026090885507421502,-0.00614266692719799,-0.007283375849666149,-0.026515712250443774,-0.023257012425726226,-0.013994639363498691,-0.03390600879101377,-0.04009131497392979,-0.021712341655092882
92,least_connections,5069,measured,389,307,10,medium,2,100.0,84.6,5,1153.0,854.0,0.0,952.0,740.0,0.0,3,2,0,0.02277037794971018,0.014830181740358966,-0.011422743410563539,0.09471145504540024,0.09208316927808902,-0.07525111769842709,0.02955948489220611,0.05414102780193736,-0.04991950543059014,49.29,52.84,4,836.0,487.0,402.0,828.0,414.0,449.0,2,1,1,0.0050080999929845715,-0.02586945990967325,0.011667692105819194,0.030869561828215597,-0.04895362463436706,0.02320646841665676,0.04464647955242876,-0.062285848059963095,0.03911900052889007,31.62,45.77,4,820.0,761.0,0.0,743.0,630.0,0.0,2,2,0,-0.023606039268619455,0.03752624919738776,-0.006589721006840801,-0.023990406321830082,0.04934841732910486,-0.012661816566975006,-0.030676865096631506,0.056314207087079404,-0.019644499592703084
92,least_connections,5070,measured,403,425,18,heavy,1,100.0,84.6,5,1514.0,493.0,0.0,1279.0,413.0,0.0,4,1,0,0.06368567075268561,-0.029666116747384966,-0.010334863085747964,0.2949929037712351,-0.13443268811347509,-0.06808434458429118,0.17467286728342457,-0.09894383198872334,-0.045165266818152985,60.8,66.12,5,836.0,889.0,403.0,828.0,863.0,425.0,2,2,1,0.0045311380888908015,0.019678198403719677,0.010556483333836408,0.027929603558861732,0.05962699267774954,0.021254831968811894,0.04039443388076888,0.07059554223146197,0.028607667145186255,24.18,34.53,3,448.0,761.0,0.0,406.0,630.0,0.0,1,2,0,-0.06444174527931783,0.033952320702398446,-0.00596212852999882,-0.08901989143403675,0.04464856805966631,-0.011455929274882148,-0.12939017953187296,0.05095094926926233,-0.017773594869588506
92,least_connections,5071,measured,185,112,4,light,2,100.0,67.6,4,1623.0,0.0,0.0,1352.0,0.0,0.0,4,0,0,0.057620368776239356,-0.06992467252201043,-0.009350590410914825,0.26689834150730796,-0.41899465432489014,-0.06160012129054916,0.19106116563738423,-0.27635394322789253,-0.04086381283547175,60.8,66.12,5,836.0,889.0,403.0,828.0,863.0,425.0,2,2,1,0.004099601128044056,0.017804084270032078,0.009551103968709132,0.02526964131516063,0.05394823147034483,0.019230562257496475,0.03654734493974329,0.06387215725703704,0.025883127417073284,27.88,38.27,4,633.0,761.0,0.0,518.0,630.0,0.0,2,2,0,-0.015220535978339722,0.030718766349789067,-0.005394306765237027,-0.0470656160593666,0.040396323482555244,-0.010364888391560039,-0.08328952751296445,0.046098477910284985,-0.016080871548675314
92,least_connections,5072,measured,169,123,3,light,0,93.93,58.15,4,1409.0,0.0,0.0,1163.0,0.0,0.0,4,0,0,0.052132714607073694,-0.06326517990086658,-0.0084600579908277,0.18659056295105647,-0.3790904015320435,-0.05573344307240162,0.08736486414810951,-0.2500345200633313,-0.03697202113685539,49.31,53.0,4,434.0,889.0,403.0,408.0,863.0,425.0,1,2,1,-0.039374737301384174,0.01610845719669568,0.008641475019308259,-0.0810553585379839,0.04881030466364533,0.017399080137734904,-0.08568335457832749,0.05778909466112875,0.02341806766306631,27.88,38.27,4,1394.0,0.0,0.0,1148.0,0.0,0.0,4,0,0,0.07239683933025498,-0.05837463089894367,-0.004880563263785882,0.09512158547009689,-0.10115570732530717,-0.009377756163792416,0.11464280844065122,-0.14829185331926595,-0.014549359972610998
92,least_connections,5073,measured,446,437,18,heavy,0,97.93,65.0,4,1023.0,0.0,446.0,863.0,0.0,437.0,3,0,1,0.004083793941547426,-0.05723992467221262,0.03542956204457992,-0.06400536367920284,-0.342986553767087,0.21859037690274774,-0.05666988481837709,-0.22622170862872834,0.1642395999237975,49.31,53.0,4,921.0,402.0,403.0,822.0,449.0,425.0,2,1,1,0.007459137906457414,-0.02850958181069936,0.007818477398421758,0.05255535588059959,-0.08172945224309641,0.015742024886522057,0.039530536333894195,-0.06476820006850256,0.02118777550467904,18.92,24.73,3,946.0,0.0,0.0,742.0,0.0,0.0,3,0,0,0.022418002024425704,-0.05281514224190142,-0.004415747714853893,0.004995720187230518,-0.09152183043718268,-0.00848463652914552,-0.01871999871242666,-0.13416881966981206,-0.013163706641886142
92,least_connections,5074,measured,171,103,6,light,2,97.93,65.0,4,1023.0,0.0,446.0,863.0,0.0,437.0,3,0,1,0.0036948611852095914,-0.05178850327485904,0.03205531804033422,-0.057909614757373995,-0.31032116769403106,0.19777224576915273,-0.0512727529309126,-0.20467678399742087,0.14859773326438824,49.31,53.0,4,921.0,805.0,0.0,822.0,874.0,0.0,2,2,0,0.0067487438201281336,0.01728951668374365,-0.0360100397234234,0.047550083891971046,0.030231175861688303,-0.08993408632716032,0.035765723349713785,0.06156389041421195,-0.10099379835290943,22.34,28.17,4,1117.0,0.0,0.0,845.0,0.0,0.0,4,0,0,0.06336685443933299,-0.047785128695053664,-0.003995200313439237,0.0354627944551133,-0.08280546563364147,-0.007676575907322136,0.014126350371296559,-0.12139083684411568,-0.011910020295039844
92,least_connections,5075,measured,156,105,5,light,0,97.07,64.1,4,1010.0,0.0,446.0,845.0,0.0,437.0,3,0,1,0.0033429696437610734,-0.046856264867729605,0.029002430607921438,-0.060235683193179734,-0.28076677077079,0.1789367937911382,-0.05453249074701616,-0.18518375695004746,0.13444556819158937,36.91,40.25,3,487.0,805.0,0.0,414.0,874.0,0.0,1,2,0,-0.036977893913308094,0.015642896047196625,-0.03258051213071641,-0.0691689717167881,0.02735201625581324,-0.08136893524838315,-0.0829976788740685,0.055700662755715585,-0.09137534136691806,18.64,24.43,3,932.0,0.0,0.0,733.0,0.0,0.0,3,0,0,0.014248015694543897,-0.043234164057429504,-0.0036147050454926432,-0.001390805016802249,-0.0749192308113899,-0.0069454734399581235,-0.020996794108509464,-0.10982980476372371,-0.010775732647893192
92,least_connections,5076,measured,165,115,9,light,1,97.07,64.1,4,1010.0,0.0,446.0,845.0,0.0,437.0,3,0,1,0.0030245915824504976,-0.042393763451755356,0.02624029435954797,-0.05449895146049599,-0.254027078316429,0.16189519438245836,-0.04933892019968128,-0.16754720866909056,0.12164122836381895,41.63,43.84,4,487.0,970.0,0.0,414.0,989.0,0.0,1,3,0,-0.03345618973108827,0.05723699665041146,-0.02947760621350532,-0.06258145060090353,0.06740012355117794,-0.07361951284377523,-0.07509313802891912,0.0829107186837427,-0.08267292790340205,18.64,24.43,3,932.0,0.0,0.0,733.0,0.0,0.0,3,0,0,0.012891061818873062,-0.0391166246233886,-0.0032704474221123916,-0.0012583473961544356,-0.06778406597220991,-0.006283999779009731,-0.01899709943150857,-0.09936982335765479,-0.009749472395712888
92,least_connections,5077,measured,190,121,1,light,2,73.0,47.75,3,649.0,446.0,0.0,518.0,437.0,0.0,2,1,0,-0.04034736498549263,0.004727638056121572,-0.019342681520499682,-0.2670546068769568,0.039181849777199185,-0.12253926857460117,-0.19256854684733066,0.04610014453748948,-0.08763412671844951,41.63,43.84,4,889.0,568.0,0.0,863.0,540.0,0.0,2,2,0,0.012814014279582259,0.00870195388551967,-0.026670215145552432,0.04729705489850225,-0.04293730318158728,-0.06660813066817758,0.059007994164311295,-0.05193494500042328,-0.07479931572212567,22.44,28.47,4,1122.0,0.0,0.0,854.0,0.0,0.0,4,0,0,0.05474724187240443,-0.035391231802113496,-0.0029589762390540685,0.033242447593955504,-0.061328440641523256,-0.005685523609580233,0.019304211625460532,-0.08990603065692576,-0.008820951215168803
92,least_connections,5078,measured,355,318,11,medium,0,63.8,43.0,3,156.0,801.0,0.0,105.0,755.0,0.0,1,2,0,-0.07958865902315546,0.04736128703943879,-0.01750052137569019,-0.5389859141585165,0.24957722916349767,-0.11086886204368677,-0.36106201857615633,0.18556679743868096,-0.07928801941193052,41.63,43.84,4,1054.0,403.0,0.0,978.0,425.0,0.0,3,1,0,0.05467753219399846,-0.035210703854144335,-0.024130194655499818,0.08544563470408706,-0.08150109743640209,-0.060264499175970196,0.08590306614866255,-0.0795036407146687,-0.06767557136763751,18.64,24.43,3,932.0,0.0,0.0,733.0,0.0,0.0,3,0,0,0.0064493186101799715,-0.03202063829715031,-0.0026771689781917764,-0.0043044521768974,-0.055487636770901995,-0.0051440451705725915,-0.019026348211884925,-0.08134355154674236,-0.007980860623247965
92,least_connections,5079,measured,163,107,7,light,0,74.67,48.35,4,319.0,801.0,0.0,212.0,755.0,0.0,2,2,0,-0.02892488650847852,0.04285068827377795,-0.015833805054195887,-0.38933646201643557,0.22580796924316454,-0.10030992280143089,-0.27827039775937956,0.16789376911118753,-0.07173677946793713,41.63,43.84,4,1054.0,403.0,0.0,978.0,425.0,0.0,3,1,0,0.04947014817552241,-0.03185730348708296,-0.02183208087878555,0.07730795520845973,-0.07373908815674475,-0.054525023063973034,0.07772182175355183,-0.07193186540850979,-0.06123027885643394,3.42,3.43,1,171.0,0.0,0.0,103.0,0.0,0.0,1,0,0,-0.08033270266335191,-0.028971053697421707,-0.002422200504078274,-0.14159926625528813,-0.050203099935578,-0.004654136106708535,-0.2072143150488483,-0.0735965466375288,-0.007220778659129111
92,least_connections,5080,measured,198,101,4,light,2,64.27,43.1,3,163.0,801.0,0.0,107.0,755.0,0.0,1,2,0,-0.06925403563919032,0.03876967034294195,-0.014325823620462945,-0.44635203706248927,0.20430244836286315,-0.09075659682034223,-0.2992684551156291,0.15190388633869348,-0.0649047052328955,27.71,30.91,3,567.0,403.0,0.0,564.0,425.0,0.0,2,1,0,0.0016748052653819678,-0.028823274583551245,-0.019752835080805976,-0.05594586365493101,-0.0667163178561024,-0.04933216372454703,-0.046733827937262634,-0.06508121156008029,-0.05539882372724975,3.96,3.37,1,198.0,0.0,0.0,101.0,0.0,0.0,1,0,0,-0.07268196907636601,-0.026211905726238688,-0.002191514741785105,-0.12322790756430832,-0.04542185232266581,-0.00421088504892677,-0.18808279298070402,-0.06658735171966892,-0.006533085453497767
92,least_connections,5081,measured,196,113,7,light,2,64.27,43.1,3,163.0,801.0,0.0,107.0,755.0,0.0,1,2,0,-0.06265841319736266,0.03507732078647129,-0.01296145946613314,-0.4038423192470141,0.18484507232830472,-0.08211311140888107,-0.2707666974855692,0.1374368495445322,-0.0587233047345245,27.71,30.91,3,970.0,0.0,0.0,989.0,0.0,0.0,3,0,0,0.04459920022876962,-0.0691621010404466,-0.017871612692157788,0.05355918458431411,-0.1645392535704872,-0.044633862417447316,0.07788070329485766,-0.1790466914115012,-0.05012274527703549,7.88,7.13,2,394.0,0.0,0.0,214.0,0.0,0.0,2,0,0,-0.022675976556621402,-0.023715533752311193,-0.0019827990520912856,-0.07602524970104087,-0.041095961625269066,-0.003809848377600411,-0.13609078095079571,-0.06024569917493855,-0.005910886838878932
92,least_connections,5082,measured,438,434,19,heavy,2,64.27,43.1,3,518.0,446.0,0.0,425.0,437.0,0.0,2,1,0,-0.013607045047046934,-0.011347276658045247,-0.011727034755072842,-0.15125416185840962,-0.04688620440137509,-0.07429281508422574,-0.10112225010599116,-0.01950951707875659,-0.053130609045522165,27.71,30.91,3,970.0,0.0,0.0,989.0,0.0,0.0,3,0,0,0.04035165734983917,-0.06257523427468978,-0.016169554340523713,0.04845830986199848,-0.14886884846853604,-0.04038301837769043,0.07046349345725217,-0.1619946255627868,-0.045349150488746395,16.64,21.6,3,394.0,0.0,438.0,214.0,0.0,434.0,2,0,1,-0.02051635974170507,-0.021456911490186317,0.04128993917962716,-0.06878474972951316,-0.037182060518100586,0.07581013718217106,-0.12312975419357708,-0.05450801353923012,0.1255409436537127
92,least_connections,5083,measured,357,318,10,medium,0,88.07,59.0,4,518.0,803.0,0.0,425.0,755.0,0.0,2,2,0,-0.012311135994947237,0.03281731658376405,-0.010610174302208761,-0.13684900358618018,0.17291248173208923,-0.06721730888572805,-0.09149155961970626,0.12620567502398217,-0.048070551041186724,27.71,30.91,3,970.0,0.0,0.0,989.0,0.0,0.0,3,0,0,0.0365086423641402,-0.05661568815329075,-0.014629596784283359,0.043843232732284354,-0.13469086290010404,-0.03653701662743419,0.0637526845565615,-0.14656656598537854,-0.041030183775532456,16.64,21.6,3,394.0,0.0,438.0,214.0,0.0,434.0,2,0,1,-0.01856242071868555,-0.01941339611016857,0.03735756401966267,-0.06223382118384525,-0.0336409118973291,0.06859012411720239,-0.11140311093704594,-0.04931677415454154,0.11358466330574007
92,least_connections,5084,measured,188,103,8,light,1,88.07,59.0,4,964.0,357.0,0.0,862.0,318.0,0.0,3,1,0,0.03194525337418605,-0.013392042365256554,-0.009599681511522212,0.14520010786647197,-0.11257124668683993,-0.060815660420420616,0.11491239843931339,-0.08350438926401615,-0.04349240332297846,21.6,20.09,3,568.0,188.0,0.0,540.0,103.0,0.0,2,1,0,-0.010052271421106707,-0.008139817626219986,-0.013236301852446848,-0.06425068058915767,-0.0732645222157404,-0.033057300758154745,-0.06926840444882532,-0.10348582160581868,-0.03712254722548174,12.68,18.23,2,196.0,0.0,438.0,113.0,0.0,434.0,1,0,1,-0.05987847135318715,-0.01756450124253347,0.0337997007796948,-0.09213536202347904,-0.030437015526154902,0.06205773134413549,-0.13125360830812094,-0.04461993852077568,0.10276707632424101
92,least_connections,5085,measured,427,446,15,heavy,2,88.07,59.0,4,964.0,357.0,0.0,862.0,318.0,0.0,3,1,0,0.028902848290930233,-0.01211660975904165,-0.008685426129472477,0.13137152616490322,-0.10185017557380754,-0.05502369276133294,0.10396836049271213,-0.0755515902864908,-0.03935026967317099,16.89,16.5,2,591.0,0.0,0.0,528.0,0.0,0.0,2,0,0,-0.009094912238144154,-0.05044849712667069,-0.011975701676023338,-0.052185989920802534,-0.11488558812716648,-0.029908986400235246,-0.06606427069179432,-0.122752052881455,-0.03358706653734062,21.22,33.1,3,196.0,0.0,865.0,113.0,0.0,880.0,1,0,2,-0.054175759795740755,-0.015891691600387423,0.07366458188457647,-0.08336056564029057,-0.027538252142711578,0.13341413788278925,-0.11875326465972845,-0.04037042056641609,0.22748767222986888
92,least_connections,5086,measured,414,408,16,heavy,1,77.2,53.65,3,1158.0,0.0,0.0,1073.0,0.0,0.0,3,0,0,0.026150196072746393,-0.054046547151604576,-0.007858242688570338,0.23587582526030926,-0.3074834921858259,-0.04978334106977742,0.18951899282673956,-0.2122133435925393,-0.0356026249423928,28.71,29.25,3,591.0,0.0,414.0,528.0,0.0,408.0,2,0,1,-0.008228730120225652,-0.045643878352702054,0.03224874156749816,-0.04721589564263087,-0.10394410354362682,0.07995989665829056,-0.059772435387813905,-0.11106138117845929,0.08496884456145373,21.22,33.1,3,196.0,427.0,438.0,113.0,446.0,434.0,1,1,1,-0.04901616362471782,0.02870570306450208,0.02356500719262134,-0.0754214641507391,0.052351105204213336,0.04344136284633314,-0.1074434299302305,0.09798231790022671,0.07131424312861151
92,least_connections,5087,measured,193,111,7,light,0,90.07,59.2,4,1351.0,0.0,0.0,1184.0,0.0,0.0,4,0,0,0.06674360143543268,-0.048899256946689854,-0.00710983862299221,0.329824159362502,-0.2781993500728901,-0.04504207049170338,0.22168385065276436,-0.19200254896467842,-0.03221189875740301,28.71,29.25,3,591.0,0.0,414.0,528.0,0.0,408.0,2,0,1,-0.007445041537347014,-0.04129684231911138,0.02917743284678405,-0.042719143676666044,-0.09404466511090045,0.07234466840512002,-0.054079822493736385,-0.10048410678051078,0.07687657365083908,21.22,33.1,3,196.0,865.0,0.0,113.0,880.0,0.0,1,2,0,-0.04434795756522088,0.06905572680892591,-0.021763179433433297,-0.06823846756495443,0.12662242851809777,-0.039953052662841444,-0.09721072231782758,0.21953955746528447,-0.06636647843919276
92,least_connections,5088,measured,494,404,16,heavy,1,90.07,59.2,4,1351.0,0.0,0.0,1184.0,0.0,0.0,4,0,0,0.06038706796539145,-0.044242184856528914,-0.0064327111350881904,0.29841233466131134,-0.251704173875472,-0.04075234949249354,0.20057110297154873,-0.17371659192042332,-0.02914409887574558,31.31,28.59,3,188.0,414.0,494.0,103.0,408.0,404.0,1,1,1,-0.04981989018911895,0.005720090509466119,0.0263986297185189,-0.14282752455099718,0.021932377824831553,0.08613497209442833,-0.16909305368480912,0.02444295100810928,0.06842404282694965,17.3,29.33,2,0.0,865.0,0.0,0.0,880.0,0.0,0,2,0,-0.08320824278576673,0.062478990922361546,-0.019690495677868222,-0.09720623255876829,0.11456314961161226,-0.03614800002828512,-0.12203192336692337,0.19863102818287642,-0.060045861444983924
92,least_connections,5089,measured,452,409,16,heavy,2,66.4,43.3,3,996.0,0.0,0.0,866.0,0.0,0.0,3,0,0,0.011552018408596793,-0.0400286434416214,-0.005820071979365506,0.05586512818563105,-0.22773234779209373,-0.0368711733503513,0.037611950307591735,-0.1571721545946687,-0.02636847041138886,31.31,28.59,3,188.0,414.0,494.0,103.0,408.0,404.0,1,1,1,-0.045075138742536186,0.005175319984755067,0.023884474507231388,-0.12922490316518792,0.019843579936752356,0.07793164141876849,-0.15298895333387494,0.022115050912098866,0.061907467319621115,26.34,42.97,3,0.0,865.0,452.0,0.0,880.0,409.0,0,2,1,-0.07528364823474133,0.05652861083451759,0.025268689851543263,-0.08794849612459987,0.10365237345812538,0.049085142831551555,-0.11040983542721639,0.17971378740355487,0.06902199837517328
92,least_connections,5090,measured,151,115,5,light,0,76.47,49.05,4,1147.0,0.0,0.0,981.0,0.0,0.0,4,0,0,0.05353572640596399,-0.03621639168527651,-0.005265779409902124,0.14162400486636462,-0.20604355276427527,-0.03335963303127022,0.08605366932591635,-0.14220337796660504,-0.02385718751506611,31.31,28.59,3,188.0,908.0,0.0,103.0,812.0,0.0,1,2,0,-0.04078226838610416,0.047766332593916716,-0.02147413757735754,-0.11691776953040811,0.14565439545298003,-0.05719109994084213,-0.13841857682588687,0.13423504606332753,-0.0582146724251047,26.34,42.97,3,0.0,865.0,452.0,0.0,880.0,409.0,0,2,1,-0.06811377697428977,0.05114493361218258,0.022862147960920096,-0.07957244887463798,0.09378071884306581,0.04441036732378474,-0.09989461300557673,0.16259818860321631,0.06244847472039487
92,least_connections,5091,measured,470,426,16,heavy,1,46.73,27.2,3,701.0,0.0,0.0,544.0,0.0,0.0,3,0,0,0.005353185569114821,-0.032767211524773986,-0.004764276608959065,-0.1408798686129717,-0.18642035726291573,-0.0301825251235302,-0.11983239441940902,-0.12866019911264265,-0.021585074418393146,44.74,41.91,4,188.0,908.0,470.0,103.0,812.0,426.0,1,2,1,-0.0368982428255228,0.04321715806116275,0.023654918609148163,-0.10578274386084541,0.13178254826698194,0.069752270121551,-0.12523585522342148,0.12145075596205826,0.0677760106630005,26.34,42.97,3,0.0,1317.0,0.0,0.0,1289.0,0.0,0,3,0,-0.061626750595785984,0.08935788778063684,-0.022399099690686805,-0.07199412041038675,0.16663969800086909,-0.04160966765943285,-0.09038084033837894,0.2704618531806878,-0.06684820541170623
92,least_connections,5092,measured,368,337,10,medium,0,71.27,44.05,4,701.0,368.0,0.0,544.0,337.0,0.0,3,1,0,0.004843358372056267,0.013437375513866617,-0.004310535979534392,-0.12746273826887916,0.05330221644466354,-0.02730799892128923,-0.10841978542708436,0.036045534136180474,-0.019529353045212847,39.37,38.69,3,0.0,908.0,470.0,0.0,812.0,426.0,0,2,1,-0.07646802468794467,0.039101238245813914,0.021402069217800718,-0.14430683628226149,0.11923182938441224,0.06310919677664138,-0.1424306547259528,0.1098840172990051,0.0613211525046195,26.34,42.97,3,0.0,1317.0,0.0,0.0,1289.0,0.0,0,3,0,-0.05575753625333018,0.08084761275390953,-0.020265852101097586,-0.06513753751415943,0.15076925057221488,-0.037646842168058296,-0.08177314125853333,0.2447035814491937,-0.060481709658210404
92,least_connections,5093,measured,378,313,11,medium,1,47.47,28.15,3,344.0,368.0,0.0,226.0,337.0,0.0,2,1,0,-0.03870181408061121,0.012157625464926936,-0.0039000087433882593,-0.33065676319565257,0.04822581487850511,-0.024707237119261684,-0.24195123443402872,0.03261262612321089,-0.01766941465995448,50.17,48.47,4,0.0,1756.0,0.0,0.0,1551.0,0.0,0,4,0,-0.06918535567004518,0.12154511124734638,-0.02372012331541386,-0.13056332806490326,0.3270873014158287,-0.06439780155582786,-0.12886583046633823,0.3083623251752904,-0.06496538582915377,26.34,42.97,3,427.0,890.0,0.0,446.0,843.0,0.0,1,2,0,-0.007363394478636598,0.030063939883922683,-0.018335770948612103,0.018332704153855753,0.05914360766057533,-0.03406142862824322,0.060522713464501596,0.08689054194609594,-0.05472154683361894
92,least_connections,5094,measured,403,449,15,heavy,0,61.47,45.05,3,151.0,368.0,403.0,115.0,337.0,449.0,1,1,1,-0.07809982725207229,0.010999756373029135,0.03955532088750133,-0.41557834130400306,0.04363288012817129,0.22072519816193784,-0.26912254544031167,0.02950666173052416,0.1871324343552793,50.17,48.47,4,0.0,1756.0,0.0,0.0,1551.0,0.0,0,4,0,-0.06259627417765992,0.10996938636664672,-0.02146106395204111,-0.11812872539205532,0.29593612985241646,-0.05826467759812997,-0.11659289423144888,0.27899448468240556,-0.05877820622637722,26.34,42.97,3,865.0,452.0,0.0,880.0,409.0,0.0,2,1,0,0.036421781412752825,-0.015883192712732086,-0.016589507048744283,0.09584387518682186,-0.025746259735669935,-0.030817483044601007,0.18564753440439033,-0.05227363665194498,-0.04950997094470285
92,least_connections,5095,measured,380,311,14,medium,0,76.73,54.85,3,368.0,783.0,0.0,337.0,760.0,0.0,1,2,0,-0.07066174846616063,0.05303606075473611,-0.007295752757113312,-0.24511056276711393,0.2897948280524725,-0.043375614361421316,-0.1430632553983772,0.2180536463276171,-0.03380874986903303,50.17,48.47,4,414.0,1342.0,0.0,408.0,1143.0,0.0,1,3,0,-0.013550824029220657,0.05641221124782775,-0.01941715309946577,0.00014203757045334886,0.16073132836987347,-0.05271566068402236,0.009868333790593875,0.13706643852217648,-0.053180281823865104,26.34,42.97,3,865.0,452.0,0.0,880.0,409.0,0.0,2,1,0,0.03295304032582399,-0.01437050769247189,-0.015009553996482922,0.0867158870737912,-0.023294234998939456,-0.02788248465940091,0.16796681684206743,-0.04729519506604546,-0.04479473561663591
92,least_connections,5096,measured,485,434,14,heavy,0,100.0,76.55,4,368.0,1268.0,0.0,337.0,1194.0,0.0,1,3,0,-0.06393205813605009,0.09106890757628051,-0.0066009191611977585,-0.22176669964643644,0.5547350031585863,-0.039244603469857385,-0.12943818345567457,0.39361996572498686,-0.030588868929125126,50.17,48.47,4,414.0,1342.0,0.0,408.0,1143.0,0.0,1,3,0,-0.012260269359771064,0.05103961970041558,-0.01756790042332617,0.00012851018279111392,0.1454235828108379,-0.047695121571258325,0.008928492477203981,0.12401249199625491,-0.0481154930787351,26.34,42.97,3,865.0,452.0,0.0,880.0,409.0,0.0,2,1,0,0.029814655532888368,-0.01300188791223647,-0.013580072663484549,0.07845723116200155,-0.021075736427611888,-0.02522700992993416,0.15196997714282293,-0.042790890774041135,-0.040528570319813446
92,least_connections,5097,measured,400,311,15,medium,2,100.0,76.55,4,368.0,1268.0,0.0,337.0,1194.0,0.0,1,3,0,-0.0578432906945215,0.08239567828330142,-0.0059722601934646385,-0.20064606158487105,0.5019030980958636,-0.03550702218701383,-0.11711073741227698,0.35613234994165477,-0.027675643316827495,50.17,48.47,4,1286.0,470.0,0.0,1125.0,426.0,0.0,3,1,0,0.07507517579467425,-0.03998909691504349,-0.01589476704967606,0.22553123710415796,-0.0938412482051603,-0.043152729040662294,0.2108013741460417,-0.09052143581291222,-0.043533065166474615,34.34,53.33,4,865.0,452.0,400.0,880.0,409.0,311.0,2,1,1,0.02697516452975615,-0.011763612872975851,0.030797167816938014,0.07098511390847759,-0.01906852343450599,0.049556514825297666,0.1374966459863636,-0.03871556784318009,0.057124944313819585
92,least_connections,5098,measured,170,104,5,light,0,100.0,81.75,5,538.0,1268.0,0.0,441.0,1194.0,0.0,2,3,0,-0.009250505639714468,0.0745484708277489,-0.005403473508372768,-0.0789972303228198,0.45410280303911477,-0.03212540102634585,-0.05890971480158394,0.3222149832805448,-0.025039867762843924,50.17,48.47,4,1286.0,470.0,0.0,1125.0,426.0,0.0,3,1,0,0.06792515905232432,-0.036180611494563156,-0.014380979711611673,0.20405207166566672,-0.08490398647133551,-0.03904294532250398,0.19072505279879964,-0.08190034668787297,-0.039387058960143696,34.34,53.33,4,1317.0,400.0,0.0,1289.0,311.0,0.0,3,1,0,0.06749000146796531,-0.010643268789835292,-0.015219796011432498,0.1460151030600512,-0.02666199739312447,-0.027544105634254495,0.24775093367020196,-0.06458392646128992,-0.04210917736686165
92,least_connections,5099,measured,413,428,17,heavy,1,100.0,81.75,5,538.0,1268.0,0.0,441.0,1194.0,0.0,2,3,0,-0.008369505102598818,0.06744861646320138,-0.0048888569837658375,-0.07147368457778935,0.4108549170353895,-0.02906583902383672,-0.053299265772861676,0.29152784201573106,-0.022655118452096883,61.97,61.84,5,1286.0,470.0,413.0,1125.0,426.0,428.0,3,1,1,0.06145609628543629,-0.03273483897127143,0.030072537630537282,0.18461854103084133,-0.07681789252168453,0.07143733518440115,0.17256076205605683,-0.0741003136699803,0.08537599427415571,34.34,53.33,4,1317.0,400.0,0.0,1289.0,311.0,0.0,3,1,0,0.06106238228054005,-0.009629624143184315,-0.013770291629391309,0.13210890276861775,-0.024122759546160236,-0.02492085747861121,0.22415560665399226,-0.05843307632211946,-0.03809877952239864
92,least_connections,5100,measured,478,426,17,heavy,2,100.0,81.75,5,538.0,1268.0,0.0,441.0,1194.0,0.0,2,3,0,-0.007572409378541783,0.061024938704801246,-0.00442325155674052,-0.0646666669989523,0.3717258773177333,-0.026297663878709413,-0.04822314522306534,0.2637632856332805,-0.02049748812332575,61.97,61.84,5,1756.0,0.0,413.0,1551.0,0.0,428.0,4,0,1,0.09868703496119972,-0.07270113548647913,0.02720848642762897,0.2885324214768836,-0.19099850139717037,0.06463377945255344,0.2765728323364324,-0.18748956951093454,0.0772449472004266,35.36,52.67,4,890.0,400.0,478.0,843.0,311.0,426.0,2,1,1,0.012163017074683619,-0.008712517081928661,0.030625064943022376,0.042260435838273186,-0.02182535387509736,0.06394779561458985,0.06829951713138988,-0.05286802143429854,0.09400586614640122
92,least_connections,5101,measured,154,108,7,light,2,100.0,81.75,5,538.0,1268.0,0.0,441.0,1194.0,0.0,2,3,0,-0.006851227532966381,0.05521303978053446,-0.004001989503717613,-0.05850793680857591,0.33632341281128253,-0.02379312446168947,-0.04363046472563056,0.23864297271582524,-0.018545346397294726,61.97,61.84,5,1756.0,0.0,413.0,1551.0,0.0,428.0,4,0,1,0.08928826972679975,-0.06577721782110017,0.024617202005950023,0.26105314324098994,-0.1728081679307732,0.05847818140945311,0.2502325625901055,-0.1696334200337027,0.06988828556229074,29.68,41.8,4,606.0,400.0,478.0,517.0,311.0,426.0,2,1,1,0.011004634496142335,-0.00788275355031641,0.02770839209130596,-0.013154843765371876,-0.019746748744135706,0.0578575293655813,-0.03652265910334568,-0.04783297177388916,0.08505292651341063
92,least_connections,5102,measured,427,447,15,heavy,2,95.87,64.9,4,953.0,485.0,0.0,864.0,434.0,0.0,3,1,0,0.03688517055407349,-0.03621314541398356,-0.003620847646220697,0.19738170796684396,-0.16799310269455398,-0.021527112608195235,0.15188196048633423,-0.1278944532571105,-0.016779122930885706,50.14,49.09,4,1342.0,413.0,0.0,1143.0,428.0,0.0,3,1,0,0.03770072476415669,-0.016428820658999935,-0.020811193649945443,0.12917053095953518,-0.049588342413556696,-0.05385307396287575,0.11104374710533355,-0.032465951459064335,-0.05777964639602268,38.22,56.7,5,606.0,400.0,905.0,517.0,311.0,873.0,2,1,2,0.00995657406793829,-0.007132015116952939,0.06815339783317705,-0.011902001502003129,-0.017866106006598978,0.12961395514028784,-0.03304431061731275,-0.04327745065256637,0.2117621716073715
92,least_connections,5103,measured,451,428,15,heavy,0,100.0,81.1,4,1268.0,0.0,451.0,1194.0,0.0,428.0,3,0,1,0.03337229716797126,-0.07584817464893297,0.03980789521351007,0.3685834500652398,-0.44453344212046947,0.2525548346243313,0.2867027261543024,-0.312047362470719,0.1784379363958653,50.14,49.09,4,1342.0,413.0,0.0,1143.0,428.0,0.0,3,1,0,0.03411017954852272,-0.014864171072428517,-0.018829175207093495,0.11686857563005565,-0.044865643136075106,-0.0487242097759352,0.10046815214292082,-0.0293739560820106,-0.052276822929734804,38.22,56.7,5,606.0,1305.0,0.0,517.0,1184.0,0.0,2,3,0,0.009008328918610836,0.0797150248715097,-0.0245052024139736,-0.010768477549431388,0.1475973326606962,-0.046492135825453855,-0.029897233415663915,0.22412992560005898,-0.07169136854571147
92,least_connections,5104,measured,426,425,18,heavy,0,100.0,100.0,5,1268.0,451.0,426.0,1194.0,428.0,425.0,3,1,1,0.030193983151973997,-0.02554063874132484,0.03601666709793768,0.33348026434474076,-0.13016517779153586,0.21342262815217272,0.2593977046157975,-0.08870951842588867,0.16008670435816386,25.23,26.69,2,470.0,413.0,0.0,426.0,428.0,0.0,1,1,0,-0.05530620943342275,-0.013448535732197231,-0.017035920425465544,-0.11967673089253472,-0.04059272474216319,-0.044083808844893754,-0.11182345758497639,-0.026576436455152452,-0.04729807788880768,38.22,56.7,5,606.0,1305.0,0.0,517.0,1184.0,0.0,2,3,0,0.008150392831124093,0.07212311774088973,-0.02217137361264278,-0.009742908259009336,0.13354044383586797,-0.04206431336588682,-0.02704987785226734,0.20278421840005337,-0.06486361916040562
92,least_connections,5105,measured,456,446,19,heavy,1,100.0,100.0,5,1268.0,451.0,426.0,1194.0,428.0,425.0,3,1,1,0.027318365708928857,-0.02310819695643676,0.032586508326705524,0.3017202391690512,-0.11776849419234198,0.19309666356625152,0.23469316131905488,-0.08026099286151836,0.14484035156214825,38.26,40.62,3,470.0,413.0,456.0,426.0,428.0,446.0,1,1,1,-0.050038951392144385,-0.012167722805321302,0.02767044841324092,-0.10827894699800761,-0.03672675095719527,0.07799220016074239,-0.10117360448164531,-0.02404534726894747,0.0833076914339359,29.18,43.07,4,554.0,905.0,0.0,419.0,873.0,0.0,2,2,0,0.00737416494244561,0.02217034915785715,-0.020059814220962518,-0.018224536043865605,0.04844135394673768,-0.03805818828342141,-0.05402925456474983,0.08967778490163555,-0.058686131621319367
92,least_connections,5106,measured,459,434,17,heavy,1,100.0,100.0,5,1268.0,451.0,426.0,1194.0,428.0,425.0,3,1,1,0.024716616593792776,-0.02090741629391897,0.02948303134320976,0.27298497829580826,-0.10655244712640466,0.17470650513137043,0.2123414316696211,-0.07261708877946901,0.13104603236575318,51.37,54.19,4,470.0,413.0,915.0,426.0,428.0,880.0,1,1,2,-0.04527333697384492,-0.011008892061957362,0.06811906783873725,-0.0979666663315307,-0.03322896515174811,0.18921743279849484,-0.091538023102441,-0.021755314195714387,0.19808195891641822,29.18,43.07,4,554.0,905.0,0.0,419.0,873.0,0.0,2,2,0,0.006671863519355559,0.02005888733329933,-0.018149355723727993,-0.01648886594444983,0.04382789166609599,-0.03443359892309556,-0.04888361127286889,0.08113704348243217,-0.05309697622881276
92,least_connections,5107,measured,184,106,3,light,1,100.0,100.0,5,1268.0,451.0,426.0,1194.0,428.0,425.0,3,1,1,0.022362653108669653,-0.01891623378973621,0.0266751235962374,0.24698640893430268,-0.09640459501912801,0.1580677903569542,0.19211843817727625,-0.06570117556237673,0.11856545785472908,43.2,44.19,4,184.0,413.0,915.0,106.0,428.0,880.0,1,1,2,-0.0409615905953835,-0.009960426151294763,0.06163153756838132,-0.16256848042240532,-0.03006430180396258,0.1711967249129239,-0.17329630661649426,-0.019683379510408272,0.1792170104481879,29.18,43.07,4,554.0,905.0,0.0,419.0,873.0,0.0,2,2,0,0.006036447946083601,0.018148517111080342,-0.01642084565480152,-0.01491849775926414,0.03965380674551541,-0.031154208549467412,-0.04422802924688135,0.0734097060079148,-0.04804012134987821
92,least_connections,5108,measured,466,403,16,heavy,1,100.0,100.0,5,1268.0,877.0,0.0,1194.0,853.0,0.0,3,2,0,0.020232876622129678,0.025969212512234136,-0.018949264592066386,0.22346389379770237,0.16972917593507464,-0.11393866586751761,0.1738214440651547,0.1328179840149925,-0.08498839527429274,56.51,56.78,5,184.0,413.0,1381.0,106.0,428.0,1283.0,1,1,3,-0.03706048672915649,-0.009011814136885732,0.09884576755053094,-0.14708576800122386,-0.02720103496548995,0.27535485995523046,-0.15679189646254243,-0.017808771937988438,0.27609217611978903,26.1,39.47,3,400.0,905.0,0.0,311.0,873.0,0.0,1,2,0,-0.03762235208506268,0.016420086910025083,-0.014856955592439469,-0.04136435511552469,0.03587725372213299,-0.028187141068565753,-0.07258726455670216,0.06641830543573243,-0.04346487169750886
92,least_connections,5109,measured,392,303,9,medium,2,90.8,64.35,3,485.0,877.0,0.0,434.0,853.0,0.0,1,2,0,-0.06786186446206408,0.023495954177735645,-0.017144572726155303,-0.27010409608779323,0.1535644925126866,-0.10308736435632546,-0.1865425029886695,0.12016865220404083,-0.07689426239102676,56.51,56.78,5,597.0,459.0,922.0,534.0,434.0,849.0,2,1,2,0.009552983662282438,-0.008153546123848998,0.04634798469991348,-0.026315694858250166,-0.012719303744286814,0.130477526354052,-0.020847430132776484,-0.01441626984865621,0.1270893498226663,33.94,49.57,4,400.0,1297.0,0.0,311.0,1176.0,0.0,1,3,0,-0.03403927093410432,0.057940169335827685,-0.013442007440778567,-0.03742489272356997,0.10339370574859655,-0.02550265144298806,-0.06567419174177815,0.15147370491804366,-0.03932536010726992
92,least_connections,5110,measured,408,446,19,heavy,0,85.67,64.95,3,0.0,877.0,408.0,0.0,853.0,446.0,0,2,1,-0.10448272997814867,0.021258244256046527,0.027572143950712093,-0.5369195790000669,0.1389393027495736,0.15282571796332461,-0.3651098836564153,0.10872401866079884,0.1321909054557377,51.26,53.47,4,413.0,1381.0,0.0,428.0,1283.0,0.0,1,3,0,-0.034440724532311354,0.07879078253193707,-0.044233909534545396,-0.07137406405542362,0.22683219457149562,-0.12028904078170803,-0.048832198691559664,0.22700135108931105,-0.12505904063663528,33.94,49.57,4,1305.0,392.0,0.0,1184.0,303.0,0.0,3,1,0,0.05537036484646797,-0.033745742483003965,-0.012161816255942513,0.12990128753581764,-0.07021521860841268,-0.023073827496036817,0.20386620747172454,-0.1262380765027224,-0.035580087716101355
92,least_connections,5111,measured,168,122,3,light,0,96.87,71.05,4,619.0,426.0,408.0,550.0,425.0,446.0,2,1,1,-0.008364193336238834,-0.023850250661762884,0.024946225479215704,-0.1124193016349812,-0.1463247578297509,0.1382708876811032,-0.08152798997485194,-0.09524969740213438,0.11960129541233411,51.26,53.47,4,413.0,1381.0,0.0,428.0,1283.0,0.0,1,3,0,-0.031160655529234083,0.0712868984812764,-0.040021156245541076,-0.06457653414538328,0.20522912842182936,-0.1088329416596406,-0.04418151310188731,0.20538217479509094,-0.1131486558140986,33.94,49.57,4,1697.0,0.0,0.0,1487.0,0.0,0.0,4,0,0,0.09318089699260934,-0.07361576247328476,-0.011003548041090844,0.18846306967526355,-0.13446138826475432,-0.020876320115461883,0.27583133056965553,-0.20559635493103456,-0.03219150793361551
92,least_connections,5112,measured,370,350,9,medium,0,100.0,88.55,5,619.0,796.0,408.0,550.0,775.0,446.0,2,2,1,-0.0075676034946922655,0.021505102008971905,0.02257039448119516,-0.10171270147926875,0.09078553656673327,0.12510223171147433,-0.07376341950105653,0.07215503568378323,0.10821069584925468,51.26,53.47,4,413.0,1381.0,0.0,428.0,1283.0,0.0,1,3,0,-0.028192974050259403,0.06449767005448817,-0.03620961755548954,-0.058426388036299154,0.1856834971435599,-0.09846789959681768,-0.03997374994932662,0.18582196767174894,-0.10237259335561301,25.94,39.2,3,1297.0,0.0,0.0,1176.0,0.0,0.0,3,0,0,0.0412226256236987,-0.06660473747582907,-0.009955591084796479,0.0981332535157147,-0.12165554176334914,-0.018888099152084562,0.15576802924556138,-0.18601574969950746,-0.02912565003517594
92,least_connections,5113,measured,155,107,8,light,2,100.0,88.55,5,619.0,796.0,408.0,550.0,775.0,446.0,2,2,1,-0.006846879352340629,0.019456997055736475,0.020420833102033718,-0.09202577752886226,0.08213929498894912,0.11318773345323868,-0.06673833192952733,0.06528312752342297,0.09790491529218279,51.26,53.47,4,413.0,1381.0,0.0,428.0,1283.0,0.0,1,3,0,-0.025507928902615648,0.05835503481120358,-0.03276108255020482,-0.05286197012808019,0.16799935455845896,-0.08909000439712075,-0.03616672614462885,0.16812463741729666,-0.09262282255984035,29.04,42.77,4,1297.0,155.0,0.0,1176.0,107.0,0.0,3,1,0,0.03729666127858454,-0.017177528918040363,-0.0090074395529111,0.08878722937136094,-0.08202168064303018,-0.017089232566171748,0.14093297884122225,-0.13603012274399884,-0.026351778603254425
92,least_connections,5114,measured,181,125,4,light,1,100.0,82.45,4,821.0,426.0,408.0,778.0,425.0,446.0,2,1,1,-0.006194795604498676,-0.025479950509662452,0.018475991854220983,0.03857985207706116,-0.14885809818460155,0.10240794931483499,0.04276055682566576,-0.09926764652642686,0.08858063764530824,56.43,57.38,5,594.0,1381.0,0.0,553.0,1283.0,0.0,2,3,0,0.020005297886295598,0.0527974124482318,-0.029640979450185317,-0.001038381136290234,0.15199941602908193,-0.08060524207358545,0.0026199858691453304,0.15211276718707795,-0.08380160136366507,29.04,42.77,4,1452.0,0.0,0.0,1283.0,0.0,0.0,4,0,0,0.07682849852642909,-0.05862547400974627,-0.008149588166919566,0.10837892181218367,-0.10225771105797969,-0.015461686607488725,0.15978063164999468,-0.15534471422869736,-0.02384208540294448
92,least_connections,5115,measured,392,336,12,medium,0,100.0,99.25,5,1247.0,800.0,0.0,1203.0,782.0,0.0,3,2,0,0.03747908515602047,0.020030611670396103,-0.026367526644366954,0.2918579614030553,0.0909061651345669,-0.15344042681038741,0.23095002760417382,0.07168641504751855,-0.1216175183209116,56.43,57.38,5,594.0,1381.0,0.0,553.0,1283.0,0.0,2,3,0,0.01810003142093411,0.04776908745316211,-0.026818029026358145,-0.0009394876947387831,0.13752328116916934,-0.07292855235229159,0.002370463405417217,0.13762583697878478,-0.07582049647188745,29.04,42.77,4,1452.0,0.0,0.0,1283.0,0.0,0.0,4,0,0,0.06951149866676917,-0.05304209553262758,-0.007373436912927227,0.09805711973483286,-0.0925188814334102,-0.013989145025823132,0.14456342863570948,-0.14054997954025,-0.021571410602664053
92,least_connections,5116,measured,192,119,5,light,2,100.0,99.25,5,1247.0,800.0,0.0,1203.0,782.0,0.0,3,2,0,0.03390964847449471,0.018122934368453608,-0.02385633363061772,0.26406196507895474,0.082248435121751,-0.13882705282844576,0.20895478687996683,0.06485913742394533,-0.11003489752844382,44.63,44.0,4,640.0,922.0,0.0,559.0,849.0,0.0,2,2,0,0.016376218904654682,0.00013575032610357862,-0.024263931023847846,0.011041143786392815,0.005772764595234792,-0.06598297593778764,0.003841133557282217,0.001810281076043363,-0.06859949680789816,32.88,46.73,5,1644.0,0.0,0.0,1402.0,0.0,0.0,5,0,0,0.10597525616335804,-0.04799046738666305,-0.006671204825981776,0.12346120356961068,-0.08370755939213304,-0.012656845499554262,0.1666843719402451,-0.12716426720308333,-0.01951699054526748
92,least_connections,5117,measured,451,436,17,heavy,1,100.0,99.25,5,1247.0,800.0,0.0,1203.0,782.0,0.0,3,2,0,0.030680158143590444,0.016396940619077066,-0.021584301856273178,0.2389132065000067,0.07441525082444139,-0.12560542874954617,0.18905433098663665,0.0586820767169029,-0.09955538347811584,57.51,57.63,5,1562.0,0.0,451.0,1408.0,0.0,436.0,4,0,1,0.10098437946248802,-0.0860449787298972,0.021130819776609317,0.2483297423373486,-0.23311715856349502,0.056886151022273776,0.2435199541708744,-0.23840676950262743,0.06120759812618738,14.78,17.63,3,739.0,0.0,0.0,529.0,0.0,0.0,3,0,0,0.009714574170475887,-0.04341994668317133,-0.006035851985412083,-0.0520589110560665,-0.07573541087859656,-0.011451431642453857,-0.11247604443501635,-0.11505338461231349,-0.01765822954095629
92,least_connections,5118,measured,151,112,7,light,2,100.0,77.85,4,796.0,800.0,0.0,775.0,782.0,0.0,2,2,0,-0.015325661906366,0.014835327226784017,-0.019528654060437637,-0.05587217824602575,0.0673280840792565,-0.11364300696387511,-0.02256989101209067,0.053093307505769294,-0.09007391838496195,52.34,53.72,4,1381.0,0.0,451.0,1283.0,0.0,436.0,3,0,1,0.04828291928692227,-0.07785021885085938,0.019118360750265573,0.17789017503991406,-0.21091552441459074,0.051468422353485796,0.18498531567841017,-0.21570136288332958,0.05537830306655049,9.96,11.27,3,498.0,0.0,0.0,338.0,0.0,0.0,3,0,0,0.008789376630430557,-0.039284713665726445,-0.00546100893918236,-0.09071044333644113,-0.0685225146044445,-0.0103608191050773,-0.1593672148062846,-0.10409591941114077,-0.01597649339419855
92,least_connections,5119,measured,382,305,11,medium,2,100.0,77.85,4,796.0,800.0,0.0,775.0,782.0,0.0,2,2,0,-0.013866075058140664,0.013422438919471258,-0.017668782245157864,-0.05055101841307097,0.060915885595517805,-0.10281986344350605,-0.020420377582367755,0.04803680202902938,-0.08149544996734653,52.34,53.72,4,1381.0,0.0,451.0,1283.0,0.0,436.0,3,0,1,0.0436845460215011,-0.07043591229363468,0.01729756448833552,0.16094825360754128,-0.19082833161320115,0.046566667843630005,0.16736766656618063,-0.1951583759420601,0.05010417896497425,17.6,21.43,4,498.0,382.0,0.0,338.0,305.0,0.0,3,1,0,0.00795229314181814,0.007540587862528675,-0.004940912849736421,-0.08207135349487532,0.007127248691216878,-0.00937407442840327,-0.14418938482473367,-0.0021978953402384677,-0.01445492259475107
92,least_connections,5120,measured,172,115,5,light,0,100.0,83.6,5,1360.0,408.0,0.0,1226.0,446.0,0.0,4,1,0,0.07362230397233985,-0.030939788823426226,-0.015986041078952355,0.29445384048341194,-0.18133007176278548,-0.09302749549650548,0.18554822980642915,-0.10853813149754485,-0.07373397854188496,52.34,53.72,4,1381.0,451.0,0.0,1283.0,436.0,0.0,3,1,0,0.03952411306707242,-0.020643829943674002,-0.02743372283254904,0.14561984850206117,-0.05606917077929083,-0.07445328691698783,0.15142788879797295,-0.05329805442376864,-0.07794145712692807,17.6,21.43,4,498.0,382.0,0.0,338.0,305.0,0.0,3,1,0,0.007194931890216416,0.00682243663752595,-0.004470349721190096,-0.074255034114411,0.006448463101577179,-0.008481305435222007,-0.1304570624604733,-0.001988571974501474,-0.013078263300012874
92,least_connections,5121,measured,361,322,7,medium,1,93.2,66.1,4,990.0,408.0,0.0,876.0,446.0,0.0,3,1,0,0.023526755748216777,-0.027993142268814206,-0.014463560976194988,0.043236014405626744,-0.1640605411187107,-0.08416773402064781,0.009543636491531171,-0.09820116659301678,-0.06671169487122924,62.66,63.78,5,1742.0,451.0,0.0,1605.0,436.0,0.0,4,1,0,0.07884381204934669,-0.018677750901419335,-0.024820987324687228,0.22507101939302132,-0.05072924975269169,-0.06736249768679851,0.22804785176959463,-0.04822204924055257,-0.07051846121007778,10.66,13.9,2,151.0,382.0,0.0,112.0,305.0,0.0,1,1,0,-0.07965810017189037,0.006172680767285388,-0.004044602128695801,-0.1299736022939909,0.0058343237585698204,-0.0076735620604389595,-0.18619131048011078,-0.0017991841674060982,-0.011832714414297361
92,least_connections,5122,measured,499,407,14,heavy,2,64.8,44.85,3,972.0,0.0,0.0,897.0,0.0,0.0,3,0,0,0.021286112343624694,-0.06841102894616069,-0.013086078978462132,0.028261155890805134,-0.3945309657740716,-0.07615175935201468,0.018134718730432986,-0.29061057929844375,-0.060358200121588365,62.66,63.78,5,1742.0,451.0,0.0,1605.0,436.0,0.0,4,1,0,0.07133487756845654,-0.016898917482236542,-0.02245708376995511,0.2036356842127336,-0.04589789263338773,-0.06094702171662723,0.20632900874391896,-0.0436294731224047,-0.06380241728530847,20.64,27.47,3,151.0,881.0,0.0,112.0,712.0,0.0,1,2,0,-0.07207161444123414,0.04866870663525367,-0.0036594019259628676,-0.1175951639802775,0.09557391197203936,-0.006942746626111439,-0.16845880472010025,0.12111819845171196,-0.010705789231983327
92,least_connections,5123,measured,152,109,6,light,0,74.93,50.3,4,1124.0,0.0,0.0,1006.0,0.0,0.0,4,0,0,0.06234276377575115,-0.06189569285605015,-0.011839785742418119,0.11725215691707758,-0.3569565880813029,-0.068899210842299,0.06571712647039174,-0.2629333812700205,-0.05460980011000852,49.54,50.22,4,1283.0,451.0,0.0,1171.0,436.0,0.0,3,1,0,0.021457179478036645,-0.015289496769642585,-0.020318313887102243,0.06558874830131678,-0.04152666476354128,-0.055142543457900824,0.06397029362545048,-0.0394742852059852,-0.05772599659146957,20.64,27.47,3,533.0,499.0,0.0,417.0,407.0,0.0,2,1,0,-0.022123750934359226,0.0009496914908530968,-0.003310887456823547,-0.03727181502977486,0.01734782511755943,-0.006281532661719874,-0.060430982048344656,0.017599004948374297,-0.009686190257508725
92,least_connections,5124,measured,415,441,15,heavy,2,74.93,50.3,4,1124.0,0.0,0.0,1006.0,0.0,0.0,4,0,0,0.05640535770187011,-0.05600086496499775,-0.01071218710028306,0.10608528482973678,-0.3229607225497502,-0.06233738123827052,0.05945835252083065,-0.2378921068633519,-0.04940886676619819,23.2,23.69,2,361.0,451.0,0.0,322.0,436.0,0.0,1,1,0,-0.06675416187814824,-0.013833354220152819,-0.018383236374044886,-0.17899793521037327,-0.037571744309870675,-0.04989087265238646,-0.18216675814840194,-0.03571482947208185,-0.05222828263037723,28.94,42.17,4,533.0,499.0,415.0,417.0,407.0,441.0,2,1,1,-0.020016727035848836,0.0008592446822004163,0.040088335384869396,-0.033722118360272474,0.01569565129683949,0.06941194663939632,-0.0546756504246928,0.015922909239005315,0.1242363040527302
92,least_connections,5125,measured,366,319,14,medium,1,63.47,44.55,3,952.0,0.0,0.0,891.0,0.0,0.0,3,0,0,0.007949518646363202,-0.050667449254045586,-0.009691978805018006,-0.007764107376269758,-0.2922025584973931,-0.05640048778700666,0.0017718427569420325,-0.21523571573350886,-0.04470326040751265,33.66,33.66,3,361.0,817.0,0.0,322.0,755.0,0.0,1,2,0,-0.06039662265165793,0.030568008313285766,-0.016632451957469183,-0.16195051280938538,0.060618761950933325,-0.0451393609712068,-0.16481754308664937,0.057880035239544964,-0.04725416047510321,25.92,38.43,3,382.0,914.0,0.0,305.0,848.0,0.0,1,2,0,-0.06119427230681107,0.043861312082081556,-0.006813501545208866,-0.05783429756405603,0.08929606545904524,-0.0122939530405462,-0.0832462234001189,0.1474064416924334,-0.020595724904672673
92,least_connections,5126,measured,417,426,18,heavy,0,91.27,65.85,4,952.0,0.0,417.0,891.0,0.0,426.0,3,0,1,0.00719242163242384,-0.045841977896517436,0.03431496702221727,-0.007024668578529791,-0.26437374340240327,0.20049479676413684,0.0016030958277094554,-0.19473707613984134,0.15226847867891713,33.66,33.66,3,361.0,817.0,0.0,322.0,755.0,0.0,1,2,0,-0.05464456335150003,0.02765676942630617,-0.01504840891390069,-0.14652665444658677,0.05484554652703491,-0.04084037421204425,-0.1491206342212542,0.05236765093101686,-0.04275376423937909,25.92,38.43,3,382.0,914.0,0.0,305.0,848.0,0.0,1,2,0,-0.05536624637282907,0.03968404426474045,-0.006164596636141355,-0.05232626922462211,0.08079167827246951,-0.01112310037001799,-0.07531801164772663,0.13336773295982068,-0.018634227294703848
92,least_connections,5127,measured,174,119,6,light,1,65.13,49.05,3,560.0,0.0,417.0,555.0,0.0,426.0,2,0,1,-0.03657647113075485,-0.04147607523970625,0.031046874924863244,-0.24280009696787624,-0.23919529164979345,0.18140005421517144,-0.1505495799654057,-0.17619068793604692,0.13776671880473454,38.63,37.38,4,986.0,366.0,0.0,877.0,319.0,0.0,3,1,0,0.036727481230728984,-0.01806110884105179,-0.013615227112576815,0.028992890874856847,-0.06696287287009767,-0.036950814763278134,0.02200097379981758,-0.07589355391955617,-0.03868197716896204,25.92,38.43,3,382.0,914.0,0.0,305.0,848.0,0.0,1,2,0,-0.05009327052779772,0.03590461147762231,-0.005577492194604084,-0.047342815012753336,0.07309723272271051,-0.010063757477635325,-0.06814486768127646,0.12066604410650442,-0.016859538980922528
92,least_connections,5128,measured,479,447,16,heavy,0,97.07,71.4,4,560.0,0.0,896.0,555.0,0.0,873.0,2,0,2,-0.03309299768973059,-0.0375259728359247,0.07117392992068125,-0.21967627820903085,-0.21641478768314645,0.45304449349626624,-0.1362115247306051,-0.15941062241832818,0.32686036463285506,28.31,27.31,3,625.0,366.0,0.0,555.0,319.0,0.0,2,1,0,-0.009854274351335901,-0.01634100323714209,-0.012318538816140928,-0.0670880647186669,-0.060585456406278826,-0.033431689547727836,-0.07113602370492694,-0.06866559640340798,-0.03499797934334661,25.92,38.43,3,382.0,914.0,0.0,305.0,848.0,0.0,1,2,0,-0.04532248285848364,0.03248512467022971,-0.005046302461784647,-0.042833975487729214,0.0661355915110238,-0.009105304384527198,-0.06165488028305967,0.10917403990588495,-0.01525386860178705
92,least_connections,5129,measured,493,421,17,heavy,1,59.73,43.65,2,0.0,0.0,896.0,0.0,0.0,873.0,0,0,2,-0.1161090840775567,-0.03395207066107473,0.0643954604044259,-0.5365325056811867,-0.1958038555228468,0.4098973988775742,-0.3743104271372142,-0.1442286583784874,0.2957308060963927,42.4,40.47,4,625.0,366.0,493.0,555.0,319.0,421.0,2,1,1,-0.00891577203216104,-0.014784717214557125,0.031938555583582245,-0.06069872522165101,-0.05481541293901415,0.09719445775613739,-0.06436116430445771,-0.0621260157935596,0.08736789964173403,25.92,38.43,3,881.0,415.0,0.0,712.0,441.0,0.0,2,1,0,0.002077844307176918,-0.01369259695369239,-0.004565702227328966,0.05154068884443547,-0.030458274347168926,-0.008238132538381751,0.06696304482326348,-0.023969519450231097,-0.013801119211140665
92,least_connections,5130,measured,157,101,2,light,0,70.2,48.7,3,157.0,896.0,0.0,101.0,873.0,0.0,1,2,0,-0.06196717584341298,0.05544926033158998,-0.02790524103998654,-0.39073575910837527,0.3632885751618688,-0.16958489307902022,-0.2929713388384319,0.2644359757527971,-0.12736260400802565,42.4,40.47,4,625.0,366.0,493.0,555.0,319.0,421.0,2,1,1,-0.00806665088624095,-0.013376648908408825,0.02889678838514584,-0.05491789424816043,-0.04959489742101278,0.08793784273174335,-0.058231529608795074,-0.056209252384649175,0.0790471472949022,18.28,28.27,2,499.0,415.0,0.0,407.0,441.0,0.0,1,1,0,-0.041203945853597296,-0.012388540100959786,-0.004130873443773826,-0.02249175771217743,-0.02755748631410522,-0.007453548487107299,-0.031398515001174326,-0.021686708074018596,-0.012486726905317744
92,least_connections,5131,measured,160,105,6,light,2,70.2,48.7,3,157.0,896.0,0.0,101.0,873.0,0.0,1,2,0,-0.05606554004880221,0.05016837839524808,-0.0252475990361783,-0.3535228296694824,0.3286896632416908,-0.1534339508810183,-0.26506930656810507,0.23925159710967359,-0.1152328321977375,42.4,40.47,4,625.0,366.0,493.0,555.0,319.0,421.0,2,1,1,-0.007298398420884672,-0.01210268234570322,0.026144713300846237,-0.04968761860547849,-0.0448715738571068,0.07956281009062494,-0.052685669646052674,-0.05085599025277783,0.07151884755253057,21.48,31.77,3,659.0,415.0,0.0,512.0,441.0,0.0,2,1,0,0.005804139692550281,-0.011208679138963618,-0.003737456925319176,0.008602695403268037,-0.02493296380799996,-0.006743686726430414,0.00325848642750895,-0.019621307305064423,-0.011297514819097007
92,least_connections,5132,measured,380,303,8,medium,0,85.07,58.8,3,0.0,1276.0,0.0,0.0,1176.0,0.0,0,3,0,-0.0938098650328165,0.088474337822458,-0.022843065794637508,-0.414552401446992,0.5265922349964504,-0.13882119365425466,-0.2855150868949522,0.35353715928970464,-0.10425827675033393,42.4,40.47,4,991.0,493.0,0.0,874.0,421.0,0.0,3,1,0,0.036480587369766476,-0.010950045931826718,-0.01942915962122982,0.04965678044538341,-0.007768158659831326,-0.05545677726494477,0.04252546555833331,-0.017173276895370432,-0.05432520935723425,21.48,31.77,3,1074.0,0.0,0.0,953.0,0.0,0.0,3,0,0,0.048335264710493334,-0.05322508611439112,-0.00338150864671735,0.08287862917438538,-0.09765363392152378,-0.006101430847722755,0.1359481543867938,-0.15075261137124876,-0.010221561026802054
92,least_connections,5133,measured,410,440,15,heavy,0,100.0,80.8,4,380.0,896.0,410.0,303.0,873.0,440.0,1,2,1,-0.041791691945790896,0.03696431018403797,0.022416364507799623,-0.14586487115045305,0.2472342443618678,0.1217014597096426,-0.12125174528590912,0.18279552507163754,0.10471870198779312,37.43,36.75,3,817.0,493.0,0.0,755.0,421.0,0.0,2,1,0,-0.010077654511254364,-0.009907184414509884,-0.01757876346682698,-5.202857662589544e-05,-0.007028334025561661,-0.05017517943018813,0.00482958788611107,-0.015537726714858952,-0.04915137989464051,21.48,31.77,3,1074.0,0.0,0.0,953.0,0.0,0.0,3,0,0,0.043731906166636816,-0.04815603029397292,-0.0030594602041728405,0.07498542639587247,-0.0883532878337596,-0.005520342195558683,0.12300071111186106,-0.13639521981208222,-0.009248079024249478
92,least_connections,5134,measured,179,111,4,light,1,100.0,80.8,4,380.0,1306.0,0.0,303.0,1313.0,0.0,1,3,0,-0.037811530808096516,0.07652779991707744,-0.022802427576843424,-0.13197297865993368,0.470989713152801,-0.13719074280238683,-0.10970396002058444,0.36443404649338634,-0.10430212677294907,29.66,26.59,3,545.0,493.0,0.0,430.0,421.0,0.0,2,1,0,-0.009117877891134912,-0.008963643041699415,-0.015904595517605362,-0.07035999864415812,-0.006358968880270072,-0.045396590913027356,-0.08752025381732809,-0.01405794321820572,-0.044470296095150935,21.48,31.77,3,1074.0,0.0,0.0,953.0,0.0,0.0,3,0,0,0.03956696272219522,-0.04356974169454693,-0.002768083041870665,0.06784395721531317,-0.07993868899244917,-0.004994595319791189,0.1112863576726362,-0.1234051988775982,-0.008367309593368576
92,least_connections,5135,measured,494,431,15,heavy,1,100.0,80.8,4,380.0,1306.0,0.0,303.0,1313.0,0.0,1,3,0,-0.03421043263589685,0.06923943802021292,-0.02063076780762024,-0.11940412354946378,0.42613354999539144,-0.12412495777358808,-0.0992559638281478,0.32972604206544476,-0.09436859088981107,43.77,40.06,4,545.0,493.0,494.0,430.0,421.0,431.0,2,1,1,-0.008249508568169694,-0.008109962752013755,0.028694028091781086,-0.06365904639233355,-0.005753352796434824,0.08662757420794125,-0.07918499154901112,-0.012719091483138517,0.08162508924724438,21.48,31.77,3,1074.0,0.0,0.0,953.0,0.0,0.0,3,0,0,0.03579868055817663,-0.03942024248554246,-0.0025044560855020303,0.0613826279567119,-0.07232548051697782,-0.004518919575049171,0.10068765694190893,-0.11165232279401742,-0.007570422965428712
92,least_connections,5136,measured,487,437,15,heavy,2,100.0,80.8,4,380.0,1306.0,0.0,303.0,1313.0,0.0,1,3,0,-0.03095229619438286,0.06264520582781168,-0.018665932778323072,-0.10803230225903865,0.3855494023767827,-0.11230353322372255,-0.08980301489213374,0.2983235618687357,-0.0853811060431624,43.77,40.06,4,545.0,987.0,0.0,430.0,852.0,0.0,2,2,0,-0.007463841085486866,0.0357463148796973,-0.017122636715145908,-0.05759628006925416,0.12249526583723921,-0.049323351226828675,-0.07164356378243864,0.11035236961049372,-0.04800884782392174,21.24,32.77,3,575.0,0.0,487.0,546.0,0.0,437.0,2,0,1,-0.010694617816978502,-0.03566593367739556,0.04081796376844601,-0.03475857470583209,-0.06543733951536089,0.08403526324162218,-0.031647675465257014,-0.10101876824220624,0.12494422049159624
92,least_connections,5137,measured,467,446,20,heavy,2,100.0,80.8,4,1276.0,410.0,0.0,1176.0,440.0,0.0,3,1,0,0.05816334199193024,-0.029488804704542265,-0.016888224894673256,0.44270093287674284,-0.1916140327702125,-0.10160795863098707,0.31367822462140277,-0.12501677735685815,-0.07724957213428979,43.77,40.06,4,545.0,987.0,0.0,430.0,852.0,0.0,2,2,0,-0.006752999077345251,0.03234190393877376,-0.015491909408941535,-0.05211092006265852,0.11082905004321641,-0.04462588920522594,-0.06482036723173021,0.09984262012378003,-0.04343657660259586,27.38,44.13,3,415.0,487.0,467.0,441.0,437.0,446.0,1,1,1,-0.05275998301354744,0.010814722137685195,0.03693053864764163,-0.060400615210038575,0.028918597581340147,0.07241285721861054,-0.0603002778018992,0.04039571762213087,0.11575905663525375
92,least_connections,5138,measured,390,303,9,medium,2,100.0,80.8,4,1276.0,410.0,0.0,1176.0,440.0,0.0,3,1,0,0.05262397608793688,-0.02668034711363347,-0.015279822523751993,0.40053893926943396,-0.17336507726828748,-0.09193101018994068,0.283804107990793,-0.11311041760858595,-0.06989247002626219,38.66,36.59,3,366.0,987.0,0.0,319.0,852.0,0.0,1,2,0,-0.04919375653483164,0.029261722611271496,-0.014016489465232818,-0.0934200841383237,0.10027390242005293,-0.04037580451901395,-0.09003092749537496,0.09033379915961051,-0.03929975978330102,35.18,54.23,4,415.0,877.0,467.0,441.0,740.0,446.0,1,2,1,-0.04773522272654292,0.05286864882752016,0.033413344490723376,-0.05464817566622539,0.0967358740021649,0.06551639462636191,-0.05455739420171832,0.12792945880097556,0.1047343845747534
92,least_connections,5139,measured,479,409,16,heavy,1,100.0,80.8,4,1276.0,410.0,0.0,1176.0,440.0,0.0,3,1,0,0.0476121688414667,-0.0241393616742398,-0.013824601331013708,0.362392373624726,-0.15685411752845058,-0.08317567588613681,0.2567751453250032,-0.1023379968839587,-0.06323604430947531,41.89,39.41,3,493.0,494.0,479.0,421.0,431.0,409.0,1,1,1,-0.04450863686484767,-0.016609008340368867,0.03040231452011815,-0.05169300129521803,-0.03671816991927182,0.0872926394487833,-0.05261726773391068,-0.03730215790320954,0.08008295543415622,26.88,39.53,3,0.0,877.0,467.0,0.0,740.0,446.0,0,2,1,-0.08627291126505811,0.04783353941537538,0.03023112120589258,-0.12453882560277535,0.08752293362100634,0.05927673799527983,-0.18236145189679276,0.11574570081993027,0.09475968128191974
92,least_connections,5140,measured,491,434,15,heavy,1,87.07,65.65,3,896.0,410.0,0.0,873.0,440.0,0.0,2,1,0,-6.22365590655094e-06,-0.02184037484812172,-0.012507972632821926,0.09867246502554577,-0.14191563014478858,-0.07525418294459997,0.0952489410083362,-0.09259152099024834,-0.057213563899049094,55.91,52.97,4,493.0,494.0,970.0,421.0,431.0,843.0,1,1,2,-0.040269719068195514,-0.015027198022238494,0.07059075622114998,-0.04676985831472108,-0.033221201355531665,0.20590422480740256,-0.047606099378300126,-0.03374957143623719,0.19516434063090324,26.88,39.53,3,390.0,487.0,467.0,303.0,437.0,446.0,1,1,1,-0.03497254329877139,0.00019406400620131103,0.027351966805331383,-0.04210655649774912,0.008615987561862881,0.053631334376681744,-0.0736127421923363,0.013341348360889294,0.08573494973126071
92,least_connections,5141,measured,476,413,16,heavy,0,100.0,86.3,4,1306.0,0.0,476.0,1313.0,0.0,413.0,3,0,1,0.043078269299984775,-0.06284423937505797,0.03176716308277563,0.33657667470565256,-0.3757014431468722,0.21902399320885402,0.28522523234087555,-0.282820899943558,0.1350686802818127,55.91,52.97,4,493.0,1464.0,0.0,421.0,1274.0,0.0,1,3,0,-0.03643450772836737,0.0725717641476799,-0.0222999733962838,-0.04231558609427144,0.22069102190281825,-0.06445400068445889,-0.04307218515179537,0.20781288774816636,-0.06177095371489706,26.88,39.53,3,390.0,487.0,467.0,303.0,437.0,446.0,1,1,1,-0.031641824889364595,0.00017558171989642823,0.024747017585776014,-0.03809640825986825,0.007795417317875933,0.048523588245569196,-0.06660200484068521,0.012070743755090318,0.07756971642352159
92,least_connections,5142,measured,166,112,7,light,2,100.0,86.3,4,1306.0,0.0,476.0,1313.0,0.0,413.0,3,0,1,0.038975576985700505,-0.05685907372029054,0.028741718979654142,0.3045217533051142,-0.33992035332336057,0.19816456528420126,0.2580609244988874,-0.25588557613940965,0.12220499644544959,55.91,52.97,4,493.0,1464.0,0.0,421.0,1274.0,0.0,1,3,0,-0.032964554611379995,0.06566016756218658,-0.020176166406161534,-0.03828553027576939,0.1996728293406451,-0.05831552442879614,-0.038970072280195805,0.18802118415310287,-0.055888005742049725,30.2,43.27,4,556.0,487.0,467.0,415.0,437.0,446.0,2,1,1,0.014455582469713207,0.00015885965133485835,0.02239015876808306,-0.004430083663690326,0.0070529966209353645,0.04390229412694356,-0.026481178982842163,0.01092114911174838,0.07018212438318619
92,least_connections,5143,measured,362,343,9,medium,0,100.0,100.0,5,1306.0,838.0,0.0,1313.0,756.0,0.0,3,2,0,0.035263617272776646,0.034723876611347106,-0.017079487816594095,0.27551968156177,0.1979133311201341,-0.10781936156826237,0.23348369359423143,0.1104844787310103,-0.07626690797792655,55.91,52.97,4,987.0,970.0,0.0,852.0,843.0,0.0,2,2,0,0.013258827006937368,0.016322918043792406,-0.018254626748431865,0.09306139097498414,0.05295568913133197,-0.05276166495938698,0.08660148222267997,0.04825428566233117,-0.05056533852852118,30.2,43.27,4,556.0,954.0,0.0,415.0,883.0,0.0,2,2,0,0.01307886032974051,0.043227630387488905,-0.022826137531825077,-0.004008170933815058,0.09088604456179866,-0.04478363864705106,-0.023959161936857182,0.14438897618047075,-0.07100982397076805
92,least_connections,5144,measured,473,435,17,heavy,1,83.2,59.8,3,410.0,838.0,0.0,440.0,756.0,0.0,1,2,0,-0.054262622921002535,0.031416840743599767,-0.01545286992929942,-0.2911647325552241,0.17906444244202607,-0.09755085094271357,-0.1836814200814096,0.09996214742329507,-0.06900339293240974,69.43,66.56,5,987.0,970.0,473.0,852.0,843.0,435.0,2,2,1,0.011996081577705237,0.014768354420574087,0.026567809359128537,0.08419840135831899,0.04791229016644322,0.07453536435647301,0.07835372201099616,0.04365863940877582,0.07724147942657607,30.2,43.27,4,1043.0,467.0,0.0,852.0,446.0,0.0,3,1,0,0.054917154810808305,-0.003973187019029309,-0.020652219671651262,0.08449736915511971,-0.005893578729801216,-0.04051853020447477,0.11011631380316095,-0.0011560056779867656,-0.06424698359259966
92,least_connections,5145,measured,444,413,17,heavy,0,100.0,80.45,4,772.0,476.0,444.0,783.0,413.0,413.0,2,1,1,-0.00601085384462588,-0.01465913955397663,0.029102732195486467,-0.04508555167694883,-0.056338520330230346,0.17954923009944962,-0.01102128483556103,-0.0647247237598759,0.12440169210877212,69.43,66.56,5,987.0,970.0,473.0,852.0,843.0,435.0,2,2,1,0.010853597617923788,0.0133618444757575,0.024037541801116297,0.07617950599086004,0.04334921491249624,0.0674367582272851,0.07089146277185368,0.03950067375079719,0.06988514805261645,30.2,43.27,4,1043.0,467.0,0.0,852.0,446.0,0.0,3,1,0,0.04968694959073132,-0.0035947882553122312,-0.018685341607684477,0.07645000066415594,-0.005332285517439195,-0.03665962256595336,0.09962904582190751,-0.0010459098991308646,-0.05812822325044731
92,least_connections,5146,measured,150,114,3,light,0,100.0,86.15,5,922.0,476.0,444.0,897.0,413.0,413.0,3,1,1,0.037645508653048235,-0.013263031025026475,0.026331043414963947,0.0496845008637129,-0.050972946965446464,0.16244930342331157,0.04159978991068286,-0.05856046435417342,0.11255391190793668,55.34,53.41,4,494.0,970.0,473.0,431.0,843.0,435.0,1,2,1,-0.03326397857244537,0.012089287859018694,0.021748252105771887,-0.0585178619266368,0.03922071825416326,0.06101420982468653,-0.0548928432064181,0.03573870482214986,0.06322941966665298,30.2,43.27,4,1043.0,467.0,0.0,852.0,446.0,0.0,3,1,0,0.04495485915351881,-0.0032524274690920174,-0.016905785264095478,0.06916904821995062,-0.0048244488014926035,-0.033168229940624475,0.09014056526744013,-0.0009462994325469543,-0.05259220198849995
92,least_connections,5147,measured,184,120,4,light,1,100.0,86.15,5,922.0,476.0,444.0,897.0,413.0,413.0,3,1,1,0.03406022211466268,-0.01199988521311919,0.02382332499449119,0.04495264363859741,-0.04611838058778489,0.14697794119252,0.03763790515728449,-0.052983277272823565,0.10183449172622842,60.6,57.16,5,678.0,1443.0,0.0,551.0,1278.0,0.0,2,3,0,0.012987919613592497,0.05402182733729809,-0.023406910226297088,-0.005380106368997939,0.1577575205973042,-0.06706877614501151,-0.015736381948664002,0.1553260900771832,-0.06578350125398064,22.4,33.17,3,653.0,467.0,0.0,549.0,446.0,0.0,2,1,0,-0.0024104562307165345,-0.00294267247203564,-0.015295710477038765,-0.007989908753378044,-0.004364977487064742,-0.03000935089866024,-0.009825202853268433,-0.0008561756770662787,-0.04758342084673805
92,least_connections,5148,measured,157,124,4,light,2,95.47,64.15,4,512.0,920.0,0.0,457.0,826.0,0.0,2,2,0,-0.012267508789681608,0.03222686122441143,-0.021529463326979623,-0.20663014781904682,0.22608336994438505,-0.13482948177819618,-0.16499427628626642,0.13889608246744534,-0.09469736462865047,60.6,57.16,5,1648.0,473.0,0.0,1394.0,435.0,0.0,4,1,0,0.09791877534200319,-0.03729090905310217,-0.02117768068093546,0.24588058403349167,-0.10801530449359553,-0.060681273655010415,0.22411053537978018,-0.09781508516826282,-0.059518405896458675,25.54,37.3,4,810.0,467.0,0.0,673.0,446.0,0.0,3,1,0,0.04090301125610907,-0.0026624179508893953,-0.013838976145892216,0.02118055874694369,-0.0039492653454395316,-0.027151317479740218,0.028507356148630147,-0.0007746351363932813,-0.04305166648038204
92,least_connections,5149,measured,464,423,17,heavy,0,100.0,79.6,4,362.0,920.0,464.0,343.0,826.0,423.0,1,2,1,-0.05418307484599311,0.02915763634589605,0.02360486197853771,-0.27742727659818517,0.20455162042587216,0.15788443712131459,-0.20085196425900295,0.12566788413721247,0.10567857485979243,60.6,57.16,5,1648.0,473.0,0.0,1394.0,435.0,0.0,4,1,0,0.08859317769038384,-0.03373939390518768,-0.01916075871132256,0.2224633855541115,-0.09772813263706262,-0.05490210473548562,0.20276667486742014,-0.08849936277128542,-0.05384998628727213,22.22,33.57,3,644.0,467.0,0.0,561.0,446.0,0.0,2,1,0,-0.006076413852182494,-0.0024088543365189813,-0.012520978417712006,-0.010874732562289047,-0.003573144836350059,-0.024565477719764958,-0.007985407929017169,-0.0007008603614986619,-0.0389515077679647
92,least_connections,5150,measured,389,300,14,medium,2,100.0,79.6,4,838.0,444.0,464.0,756.0,413.0,423.0,2,1,1,-0.005938881776760219,-0.01670318162808951,0.02135677988534364,0.03610547990322921,-0.10204059739246485,0.14284782406214178,0.005110127575187806,-0.07313381911395059,0.09561394868266934,46.49,43.69,4,1154.0,473.0,0.0,963.0,435.0,0.0,3,1,0,0.037071831969304206,-0.03052611829516981,-0.01733592454833946,0.07357571618161107,-0.08842069143353284,-0.04967333285591556,0.06159544392766589,-0.08007085203116301,-0.048721416164674784,30.0,43.57,4,1111.0,389.0,0.0,1007.0,300.0,0.0,3,1,0,0.03758619245573511,-0.002179439637802885,-0.011328504282691816,0.07466571815792897,-0.017347131042411965,-0.022225908413120676,0.1272830436197781,-0.04466585778738766,-0.035241840361491875
